20.00 -07.40
20.20 -07.31
20.40 -07.22
20.61 -07.14
20.81 -07.07
21.02 -07.10
21.23 -07.03
21.44 -06.97
21.66 -07.01
21.87 -06.96
22.09 -06.91
22.31 -06.86
22.54 -06.91
22.76 -06.87
22.99 -06.82
23.22 -06.78
23.45 -06.84
23.69 -06.80
23.92 -06.76
24.16 -06.72
24.40 -06.78
24.65 -06.64
24.89 -06.60
25.14 -06.67
25.39 -06.63
25.65 -06.59
25.91 -06.56
26.16 -06.52
26.43 -06.49
26.69 -06.45
26.96 -06.51
27.23 -06.48
27.50 -06.44
27.77 -06.50
28.05 -06.46
28.33 -06.42
28.62 -06.38
28.90 -06.34
29.19 -06.29
29.48 -06.24
29.78 -06.20
30.08 -06.14
30.38 -06.19
30.68 -06.13
30.99 -06.07
31.30 -06.11
31.61 -06.05
31.93 -06.08
32.24 -06.02
32.57 -05.94
32.89 -05.87
33.22 -05.89
33.55 -05.82
33.89 -05.74
34.23 -05.66
34.57 -05.57
34.92 -05.49
35.27 -05.40
35.62 -05.31
35.97 -05.22
36.33 -05.13
36.70 -05.03
37.06 -04.84
37.43 -04.74
37.81 -04.65
38.19 -04.55
38.57 -04.55
38.95 -04.45
39.34 -04.25
39.74 -04.15
40.14 -04.05
40.54 -03.95
40.94 -03.96
41.35 -03.86
41.76 -03.76
42.18 -03.76
42.60 -03.57
43.03 -03.57
43.46 -03.48
43.90 -03.38
44.33 -03.39
44.78 -03.29
45.23 -03.09
45.68 -03.00
46.13 -02.91
46.60 -02.91
47.06 -02.82
47.53 -02.73
48.01 -02.64
48.49 -02.55
48.97 -02.36
49.46 -02.27
49.96 -02.08
50.46 -02.00
50.96 -01.81
51.47 -01.63
51.99 -01.55
52.51 -01.38
53.03 -01.31
53.56 -01.24
54.10 -01.18
54.64 -01.13
55.18 -01.08
55.74 -01.03
56.29 -00.89
56.86 -00.85
57.42 -00.82
58.00 -00.78
58.58 -00.75
59.16 -00.72
59.76 -00.59
60.35 -00.46
60.96 -00.42
61.57 -00.39
62.18 -00.35
62.80 -00.30
63.43 -00.26
64.07 -00.21
64.71 -00.15
65.35 -00.20
66.01 -00.13
66.67 -00.17
67.33 -00.10
68.01 -00.02
68.69 00.15
69.37 00.23
70.07 00.31
70.77 00.39
71.48 00.46
72.19 00.43
72.91 00.50
73.64 00.56
74.38 00.61
75.12 00.65
75.87 00.69
76.63 00.72
77.40 00.74
78.17 00.76
78.95 00.77
79.74 00.87
80.54 00.87
81.35 00.88
82.16 00.88
82.98 00.88
83.81 00.88
84.65 00.87
85.50 00.97
86.35 00.97
87.22 01.07
88.09 01.07
88.97 01.06
89.86 01.16
90.76 01.16
91.66 01.15
92.58 01.15
93.51 01.15
94.44 01.04
95.39 01.14
96.34 01.14
97.30 01.13
98.28 01.13
99.26 01.13
100.25 01.13
101.25 01.12
102.27 01.22
103.29 01.22
104.32 01.22
105.37 01.22
106.42 01.21
107.48 01.21
108.56 01.21
109.64 01.21
110.74 01.21
111.85 01.21
112.97 01.20
114.10 01.30
115.24 01.30
116.39 01.30
117.55 01.30
118.73 01.29
119.92 01.29
121.12 01.19
122.33 01.19
123.55 01.18
124.79 01.18
126.03 01.17
127.29 01.16
128.57 01.15
129.85 01.14
131.15 01.13
132.46 01.12
133.79 01.10
135.12 01.19
136.48 01.18
137.84 01.17
139.22 01.16
140.61 01.15
142.02 01.15
143.44 01.14
144.87 01.14
146.32 01.14
147.78 01.13
149.26 01.13
150.75 01.13
152.26 01.12
153.78 01.12
155.32 01.11
156.88 01.10
158.44 01.00
160.03 00.99
161.63 01.08
163.24 01.08
164.88 01.07
166.53 01.07
168.19 01.07
169.87 01.07
171.57 01.07
173.29 01.08
175.02 01.08
176.77 01.09
178.54 01.10
180.32 01.11
182.13 01.13
183.95 01.15
185.79 01.17
187.65 01.19
189.52 01.21
191.42 01.24
193.33 01.17
195.27 01.19
197.22 01.22
199.19 01.25
201.18 01.28
203.19 01.30
205.23 01.33
207.28 01.36
209.35 01.39
211.44 01.51
213.56 01.44
215.69 01.47
217.85 01.49
220.03 01.52
222.23 01.54
224.45 01.57
226.70 01.59
228.96 01.62
231.25 01.64
233.57 01.66
235.90 01.69
238.26 01.61
240.64 01.63
243.05 01.66
245.48 01.68
247.93 01.70
250.41 01.72
252.92 01.74
255.45 01.76
258.00 01.78
260.58 01.90
263.19 01.92
265.82 01.94
268.48 01.95
271.16 01.97
273.87 01.88
276.61 01.89
279.38 01.91
282.17 01.92
284.99 01.93
287.84 01.94
290.72 01.95
293.63 01.96
296.57 01.97
299.53 01.97
302.53 01.98
305.55 02.09
308.61 02.09
311.69 02.09
314.81 02.10
317.96 02.10
321.14 02.09
324.35 02.09
327.59 02.08
330.87 02.07
334.18 02.05
337.52 02.03
340.90 02.00
344.30 01.96
347.75 01.92
351.23 01.86
354.74 01.79
358.28 01.70
361.87 01.61
365.49 01.50
369.14 01.28
372.83 01.15
376.56 01.01
380.33 00.88
384.13 00.75
387.97 00.63
391.85 00.53
395.77 00.45
399.73 00.40
403.72 00.38
407.76 00.38
411.84 00.42
415.96 00.47
420.12 00.55
424.32 00.63
428.56 00.63
432.85 00.73
437.18 00.83
441.55 00.93
445.96 01.02
450.42 01.01
454.93 01.09
459.48 01.16
464.07 01.22
468.71 01.27
473.40 01.31
478.13 01.35
482.91 01.37
487.74 01.39
492.62 01.40
497.55 01.40
502.52 01.39
507.55 01.37
512.62 01.34
517.75 01.31
522.93 01.38
528.16 01.34
533.44 01.30
538.77 01.26
544.16 01.21
549.60 01.17
555.10 01.12
560.65 01.07
566.25 00.92
571.92 00.88
577.64 00.84
583.41 00.80
589.25 00.75
595.14 00.71
601.09 00.66
607.10 00.60
613.17 00.44
619.30 00.36
625.50 00.29
631.75 00.23
638.07 00.07
644.45 00.02
650.89 -00.02
657.40 -00.05
663.98 -00.06
670.62 -00.05
677.32 -00.12
684.10 -00.07
690.94 00.00
697.85 00.08
704.83 00.07
711.87 00.16
718.99 00.24
726.18 00.31
733.44 00.38
740.78 00.45
748.19 00.51
755.67 00.57
763.23 00.62
770.86 00.67
778.57 00.72
786.35 00.76
794.22 00.79
802.16 00.83
810.18 00.86
818.28 00.88
826.46 00.91
834.73 00.93
843.08 01.05
851.51 01.07
860.02 00.98
868.62 00.99
877.31 01.00
886.08 01.01
894.94 00.91
903.89 00.90
912.93 00.87
922.06 00.82
931.28 00.73
940.59 00.63
950.00 00.50
959.50 00.37
969.09 00.24
978.78 00.11
988.57 -00.03
998.46 -00.17
1008.44 -00.31
1018.53 -00.45
1028.71 -00.56
1039.00 -00.64
1049.39 -00.69
1059.88 -00.74
1070.48 -00.77
1081.19 -00.79
1092.00 -00.80
1102.92 -00.77
1113.95 -00.70
1125.09 -00.60
1136.34 -00.59
1147.70 -00.50
1159.18 -00.45
1170.77 -00.43
1182.48 -00.54
1194.30 -00.58
1206.25 -00.63
1218.31 -00.72
1230.49 -00.84
1242.80 -01.01
1255.22 -01.22
1267.78 -01.45
1280.45 -01.67
1293.26 -01.83
1306.19 -01.94
1319.25 -01.90
1332.45 -01.93
1345.77 -01.92
1359.23 -01.90
1372.82 -01.86
1386.55 -01.80
1400.41 -01.74
1414.42 -01.68
1428.56 -01.64
1442.85 -01.62
1457.28 -01.62
1471.85 -01.64
1486.57 -01.66
1501.43 -01.69
1516.45 -01.73
1531.61 -01.87
1546.93 -01.91
1562.40 -01.94
1578.02 -02.07
1593.80 -02.09
1609.74 -02.07
1625.84 -02.11
1642.10 -02.01
1658.52 -01.89
1675.10 -01.77
1691.85 -01.64
1708.77 -01.62
1725.86 -01.52
1743.12 -01.51
1760.55 -01.51
1778.15 -01.39
1795.94 -01.37
1813.90 -01.26
1832.03 -01.17
1850.36 -01.08
1868.86 -01.00
1887.55 -00.92
1906.42 -00.94
1925.49 -00.83
1944.74 -00.81
1964.19 -00.69
1983.83 -00.66
2003.67 -00.56
2023.71 -00.56
2043.94 -00.56
2064.38 -00.67
2085.03 -00.68
2105.88 -00.71
2126.94 -00.86
2148.20 -00.84
2169.69 -00.86
2191.38 -01.00
2213.30 -00.96
2235.43 -01.12
2257.78 -01.27
2280.36 -01.51
2303.17 -01.65
2326.20 -01.79
2349.46 -02.01
2372.95 -02.01
2396.68 -01.98
2420.65 -01.91
2444.86 -01.85
2469.31 -01.78
2494.00 -01.84
2518.94 -01.81
2544.13 -01.90
2569.57 -01.90
2595.27 -01.91
2621.22 -01.93
2647.43 -01.95
2673.90 -02.08
2700.64 -02.10
2727.65 -02.11
2754.93 -02.08
2782.48 -02.02
2810.30 -02.02
2838.40 -01.98
2866.79 -01.90
2895.46 -01.88
2924.41 -01.94
2953.65 -01.88
2983.19 -01.72
3013.02 -01.66
3043.15 -01.70
3073.58 -01.65
3104.32 -01.70
3135.36 -01.65
3166.72 -01.71
3198.38 -01.69
3230.37 -01.78
3262.67 -01.67
3295.30 -01.75
3328.25 -01.71
3361.53 -01.66
3395.15 -01.50
3429.10 -01.45
3463.39 -01.41
3498.03 -01.28
3533.01 -01.35
3568.34 -01.32
3604.02 -01.38
3640.06 -01.43
3676.46 -01.47
3713.22 -01.51
3750.36 -01.53
3787.86 -01.42
3825.74 -01.39
3864.00 -01.63
3902.64 -01.73
3941.66 -01.76
3981.08 -01.80
4020.89 -01.67
4061.10 -01.59
4101.71 -01.44
4142.73 -01.21
4184.15 -00.77
4226.00 -00.34
4268.26 00.18
4310.94 00.78
4354.05 01.13
4397.59 01.41
4441.56 01.52
4485.98 01.39
4530.84 01.55
4576.15 01.60
4621.91 01.64
4668.13 01.47
4714.81 01.24
4761.96 00.95
4809.58 01.07
4857.67 01.02
4906.25 00.85
4955.31 00.21
5004.87 -00.16
5054.91 -00.72
5105.46 -01.24
5156.52 -01.37
5208.08 -01.46
5260.16 -01.39
5312.77 -01.08
5365.89 -00.98
5419.55 -00.83
5473.75 -00.71
5528.49 -00.44
5583.77 -00.03
5639.61 00.20
5696.00 00.03
5752.96 -00.04
5810.49 00.09
5868.60 00.10
5927.28 00.20
5986.56 00.31
6046.42 00.21
6106.89 00.22
6167.96 00.13
6229.64 00.13
6291.93 00.00
6354.85 -00.06
6418.40 -00.17
6482.58 -00.32
6547.41 -00.53
6612.88 -00.79
6679.01 -01.10
6745.80 -01.86
6813.26 -02.27
6881.39 -03.04
6950.21 -03.77
7019.71 -04.54
7089.91 -05.45
7160.81 -06.38
7232.41 -07.31
7304.74 -08.22
7377.79 -09.03
7451.56 -09.65
7526.08 -09.91
7601.34 -09.73
7677.35 -09.33
7754.13 -08.79
7831.67 -08.25
7909.98 -07.57
7989.08 -06.91
8068.98 -06.29
8149.67 -05.62
8231.16 -05.11
8313.47 -04.64
8396.61 -04.30
8480.57 -04.08
8565.38 -03.97
8651.03 -03.55
8737.54 -03.18
8824.92 -02.65
8913.17 -02.03
9002.30 -01.43
9092.32 -00.86
9183.25 -00.27
9275.08 00.20
9367.83 00.71
9461.51 01.03
9556.12 01.55
9651.68 02.18
9748.20 02.82
9845.68 03.27
9944.14 03.63
10043.58 03.90
10144.02 04.15
10245.46 04.19
10347.91 04.12
10451.39 04.05
10555.91 03.80
10661.46 03.40
10768.08 02.76
10875.76 02.12
10984.52 01.57
11094.36 00.94
11205.31 00.37
11317.36 -00.20
11430.53 -00.52
11544.84 -00.73
11660.29 -00.72
11776.89 -00.40
11894.66 00.32
12013.60 01.24
12133.74 02.08
12255.08 02.96
12377.63 03.76
12501.41 04.48
12626.42 04.93
12752.68 05.41
12880.21 05.73
13009.01 05.98
13139.10 06.25
13270.49 06.15
13403.20 05.90
13537.23 05.63
13672.60 05.38
13809.33 05.22
13947.42 05.14
14086.90 05.22
14227.77 05.21
14370.04 05.27
14513.74 05.09
14658.88 05.08
14805.47 04.92
14953.52 04.53
15103.06 04.48
15254.09 04.50
15406.63 04.27
15560.70 04.11
15716.30 04.13
15873.47 03.95
16032.20 03.80
16192.52 03.69
16354.45 03.59
16517.99 03.51
16683.17 03.53
16850.01 03.44
17018.51 03.33
17188.69 03.77
17360.58 03.95
17534.18 04.04
17709.53 04.13
17886.62 04.04
18065.49 03.88
18246.14 03.45
18428.60 02.86
18612.89 02.26
18799.02 01.53
18987.01 00.53
19176.88 -00.65
19368.65 -01.95
19562.33 -03.47
19757.96 -05.39
19955.54 -07.24
20000.00 -07.74
