20.00 02.13
20.20 02.12
20.40 02.11
20.61 02.10
20.81 02.09
21.02 02.08
21.23 02.07
21.44 02.07
21.66 02.08
21.87 02.09
22.09 02.09
22.31 02.09
22.54 02.08
22.76 02.07
22.99 02.04
23.22 02.03
23.45 02.01
23.69 01.99
23.92 01.98
24.16 01.96
24.40 01.94
24.65 01.93
24.89 01.90
25.14 01.90
25.39 01.90
25.65 01.90
25.91 01.90
26.16 01.90
26.43 01.90
26.69 01.90
26.96 01.90
27.23 01.90
27.50 01.90
27.77 01.90
28.05 01.90
28.33 01.89
28.62 01.87
28.90 01.87
29.19 01.86
29.48 01.85
29.78 01.84
30.08 01.83
30.38 01.81
30.68 01.80
30.99 01.78
31.30 01.76
31.61 01.77
31.93 01.77
32.24 01.78
32.57 01.80
32.89 01.81
33.22 01.82
33.55 01.84
33.89 01.87
34.23 01.91
34.57 01.94
34.92 01.97
35.27 02.02
35.62 02.05
35.97 02.08
36.33 02.13
36.70 02.17
37.06 02.21
37.43 02.25
37.81 02.28
38.19 02.31
38.57 02.33
38.95 02.35
39.34 02.38
39.74 02.41
40.14 02.42
40.54 02.43
40.94 02.44
41.35 02.44
41.76 02.44
42.18 02.43
42.60 02.43
43.03 02.45
43.46 02.47
43.90 02.49
44.33 02.50
44.78 02.51
45.23 02.51
45.68 02.50
46.13 02.48
46.60 02.47
47.06 02.45
47.53 02.43
48.01 02.44
48.49 02.44
48.97 02.44
49.46 02.44
49.96 02.44
50.46 02.44
50.96 02.44
51.47 02.43
51.99 02.42
52.51 02.42
53.03 02.41
53.56 02.41
54.10 02.40
54.64 02.39
55.18 02.38
55.74 02.37
56.29 02.37
56.86 02.37
57.42 02.37
58.00 02.37
58.58 02.38
59.16 02.38
59.76 02.38
60.35 02.38
60.96 02.39
61.57 02.39
62.18 02.40
62.80 02.40
63.43 02.39
64.07 02.36
64.71 02.35
65.35 02.32
66.01 02.30
66.67 02.28
67.33 02.26
68.01 02.26
68.69 02.25
69.37 02.25
70.07 02.24
70.77 02.24
71.48 02.23
72.19 02.23
72.91 02.22
73.64 02.22
74.38 02.21
75.12 02.21
75.87 02.22
76.63 02.23
77.40 02.24
78.17 02.25
78.95 02.26
79.74 02.27
80.54 02.27
81.35 02.27
82.16 02.27
82.98 02.26
83.81 02.27
84.65 02.26
85.50 02.27
86.35 02.28
87.22 02.29
88.09 02.31
88.97 02.33
89.86 02.35
90.76 02.33
91.66 02.31
92.58 02.29
93.51 02.26
94.44 02.25
95.39 02.23
96.34 02.24
97.30 02.23
98.28 02.23
99.26 02.23
100.25 02.23
101.25 02.22
102.27 02.23
103.29 02.22
104.32 02.22
105.37 02.23
106.42 02.22
107.48 02.22
108.56 02.23
109.64 02.23
110.74 02.24
111.85 02.23
112.97 02.23
114.10 02.24
115.24 02.24
116.39 02.24
117.55 02.25
118.73 02.24
119.92 02.23
121.12 02.21
122.33 02.20
123.55 02.19
124.79 02.16
126.03 02.16
127.29 02.17
128.57 02.17
129.85 02.17
131.15 02.17
132.46 02.17
133.79 02.17
135.12 02.18
136.48 02.18
137.84 02.17
139.22 02.18
140.61 02.18
142.02 02.18
143.44 02.19
144.87 02.19
146.32 02.18
147.78 02.19
149.26 02.19
150.75 02.18
152.26 02.17
153.78 02.16
155.32 02.15
156.88 02.12
158.44 02.11
160.03 02.10
161.63 02.11
163.24 02.13
164.88 02.14
166.53 02.16
168.19 02.17
169.87 02.18
171.57 02.17
173.29 02.18
175.02 02.17
176.77 02.16
178.54 02.16
180.32 02.15
182.13 02.13
183.95 02.10
185.79 02.08
187.65 02.05
189.52 02.03
191.42 02.02
193.33 02.01
195.27 02.00
197.22 01.99
199.19 01.98
201.18 01.99
203.19 02.00
205.23 02.01
207.28 02.02
209.35 02.03
211.44 02.04
213.56 02.04
215.69 02.04
217.85 02.04
220.03 02.03
222.23 02.02
224.45 02.01
226.70 01.99
228.96 01.98
231.25 01.96
233.57 01.94
235.90 01.92
238.26 01.89
240.64 01.87
243.05 01.84
245.48 01.81
247.93 01.78
250.41 01.75
252.92 01.74
255.45 01.73
258.00 01.71
260.58 01.70
263.19 01.69
265.82 01.68
268.48 01.65
271.16 01.63
273.87 01.60
276.61 01.58
279.38 01.56
282.17 01.55
284.99 01.53
287.84 01.52
290.72 01.51
293.63 01.49
296.57 01.48
299.53 01.47
302.53 01.46
305.55 01.45
308.61 01.44
311.69 01.44
314.81 01.43
317.96 01.42
321.14 01.42
324.35 01.40
327.59 01.41
330.87 01.41
334.18 01.42
337.52 01.43
340.90 01.43
344.30 01.45
347.75 01.47
351.23 01.50
354.74 01.54
358.28 01.55
361.87 01.57
365.49 01.60
369.14 01.63
372.83 01.67
376.56 01.70
380.33 01.76
384.13 01.82
387.97 01.87
391.85 01.92
395.77 01.98
399.73 02.03
403.72 02.07
407.76 02.09
411.84 02.13
415.96 02.15
420.12 02.17
424.32 02.18
428.56 02.20
432.85 02.19
437.18 02.19
441.55 02.17
445.96 02.17
450.42 02.15
454.93 02.15
459.48 02.15
464.07 02.14
468.71 02.13
473.40 02.11
478.13 02.09
482.91 02.07
487.74 02.04
492.62 02.01
497.55 01.98
502.52 01.95
507.55 01.93
512.62 01.90
517.75 01.87
522.93 01.84
528.16 01.79
533.44 01.75
538.77 01.68
544.16 01.62
549.60 01.55
555.10 01.48
560.65 01.41
566.25 01.34
571.92 01.28
577.64 01.22
583.41 01.16
589.25 01.11
595.14 01.07
601.09 01.04
607.10 01.00
613.17 00.98
619.30 00.96
625.50 00.96
631.75 00.96
638.07 00.99
644.45 01.03
650.89 01.07
657.40 01.11
663.98 01.15
670.62 01.20
677.32 01.22
684.10 01.25
690.94 01.28
697.85 01.30
704.83 01.31
711.87 01.33
718.99 01.36
726.18 01.38
733.44 01.39
740.78 01.40
748.19 01.40
755.67 01.38
763.23 01.34
770.86 01.30
778.57 01.25
786.35 01.19
794.22 01.11
802.16 01.04
810.18 00.97
818.28 00.89
826.46 00.81
834.73 00.71
843.08 00.61
851.51 00.51
860.02 00.38
868.62 00.24
877.31 00.10
886.08 -00.06
894.94 -00.22
903.89 -00.39
912.93 -00.56
922.06 -00.73
931.28 -00.90
940.59 -01.07
950.00 -01.23
959.50 -01.38
969.09 -01.52
978.78 -01.64
988.57 -01.74
998.46 -01.82
1008.44 -01.88
1018.53 -01.92
1028.71 -01.96
1039.00 -01.98
1049.39 -02.00
1059.88 -02.02
1070.48 -02.03
1081.19 -02.03
1092.00 -02.04
1102.92 -02.03
1113.95 -02.02
1125.09 -02.00
1136.34 -01.97
1147.70 -01.93
1159.18 -01.87
1170.77 -01.80
1182.48 -01.72
1194.30 -01.64
1206.25 -01.54
1218.31 -01.45
1230.49 -01.35
1242.80 -01.26
1255.22 -01.18
1267.78 -01.10
1280.45 -01.04
1293.26 -00.98
1306.19 -00.93
1319.25 -00.90
1332.45 -00.87
1345.77 -00.86
1359.23 -00.85
1372.82 -00.84
1386.55 -00.82
1400.41 -00.80
1414.42 -00.78
1428.56 -00.74
1442.85 -00.71
1457.28 -00.67
1471.85 -00.63
1486.57 -00.60
1501.43 -00.57
1516.45 -00.56
1531.61 -00.55
1546.93 -00.55
1562.40 -00.55
1578.02 -00.57
1593.80 -00.59
1609.74 -00.63
1625.84 -00.67
1642.10 -00.71
1658.52 -00.75
1675.10 -00.81
1691.85 -00.89
1708.77 -00.99
1725.86 -01.11
1743.12 -01.23
1760.55 -01.36
1778.15 -01.47
1795.94 -01.59
1813.90 -01.68
1832.03 -01.79
1850.36 -01.89
1868.86 -01.97
1887.55 -02.03
1906.42 -02.08
1925.49 -02.14
1944.74 -02.19
1964.19 -02.25
1983.83 -02.30
2003.67 -02.37
2023.71 -02.50
2043.94 -02.63
2064.38 -02.76
2085.03 -02.91
2105.88 -03.05
2126.94 -03.19
2148.20 -03.29
2169.69 -03.38
2191.38 -03.47
2213.30 -03.55
2235.43 -03.63
2257.78 -03.74
2280.36 -03.85
2303.17 -03.94
2326.20 -04.03
2349.46 -04.10
2372.95 -04.10
2396.68 -04.03
2420.65 -03.97
2444.86 -03.92
2469.31 -03.90
2494.00 -03.91
2518.94 -03.99
2544.13 -04.10
2569.57 -04.25
2595.27 -04.43
2621.22 -04.64
2647.43 -04.87
2673.90 -05.12
2700.64 -05.38
2727.65 -05.64
2754.93 -05.91
2782.48 -06.14
2810.30 -06.38
2838.40 -06.66
2866.79 -06.93
2895.46 -07.18
2924.41 -07.43
2953.65 -07.66
2983.19 -07.86
3013.02 -08.07
3043.15 -08.28
3073.58 -08.42
3104.32 -08.52
3135.36 -08.52
3166.72 -08.50
3198.38 -08.45
3230.37 -08.40
3262.67 -08.36
3295.30 -08.32
3328.25 -08.24
3361.53 -08.13
3395.15 -07.98
3429.10 -07.85
3463.39 -07.76
3498.03 -07.73
3533.01 -07.73
3568.34 -07.77
3604.02 -07.83
3640.06 -07.86
3676.46 -07.87
3713.22 -07.86
3750.36 -07.86
3787.86 -07.76
3825.74 -07.65
3864.00 -07.49
3902.64 -07.30
3941.66 -07.06
3981.08 -06.80
4020.89 -06.59
4061.10 -06.42
4101.71 -06.17
4142.73 -05.86
4184.15 -05.54
4226.00 -05.25
4268.26 -05.00
4310.94 -04.81
4354.05 -04.77
4397.59 -04.85
4441.56 -05.06
4485.98 -05.38
4530.84 -05.64
4576.15 -05.95
4621.91 -06.36
4668.13 -06.91
4714.81 -07.61
4761.96 -08.31
4809.58 -08.72
4857.67 -09.22
4906.25 -09.75
4955.31 -10.23
5004.87 -10.59
5054.91 -10.49
5105.46 -10.26
5156.52 -09.90
5208.08 -09.41
5260.16 -08.81
5312.77 -08.17
5365.89 -07.65
5419.55 -07.10
5473.75 -06.54
5528.49 -06.01
5583.77 -05.53
5639.61 -05.38
5696.00 -05.39
5752.96 -05.45
5810.49 -05.54
5868.60 -05.66
5927.28 -05.80
5986.56 -05.94
6046.42 -06.13
6106.89 -06.33
6167.96 -06.50
6229.64 -06.65
6291.93 -06.75
6354.85 -06.81
6418.40 -06.79
6482.58 -06.71
6547.41 -06.55
6612.88 -06.36
6679.01 -06.15
6745.80 -06.05
6813.26 -05.97
6881.39 -05.85
6950.21 -05.65
7019.71 -05.39
7089.91 -05.08
7160.81 -04.76
7232.41 -04.38
7304.74 -03.96
7377.79 -03.49
7451.56 -02.99
7526.08 -02.44
7601.34 -01.83
7677.35 -01.31
7754.13 -00.89
7831.67 -00.62
7909.98 -00.46
7989.08 -00.43
8068.98 -00.62
8149.67 -00.94
8231.16 -01.39
8313.47 -01.98
8396.61 -02.71
8480.57 -03.57
8565.38 -04.32
8651.03 -04.95
8737.54 -05.31
8824.92 -05.32
8913.17 -04.97
9002.30 -04.38
9092.32 -03.70
9183.25 -03.01
9275.08 -02.38
9367.83 -01.83
9461.51 -01.38
9556.12 -01.02
9651.68 -00.77
9748.20 -00.61
9845.68 -00.54
9944.14 -00.56
10043.58 -00.58
10144.02 -00.58
10245.46 -00.62
10347.91 -00.68
10451.39 -00.78
10555.91 -00.91
10661.46 -01.19
10768.08 -01.53
10875.76 -01.75
10984.52 -01.80
11094.36 -01.66
11205.31 -01.39
11317.36 -01.08
11430.53 -00.77
11544.84 -00.50
11660.29 -00.26
11776.89 -00.03
11894.66 00.21
12013.60 00.48
12133.74 00.77
12255.08 01.08
12377.63 01.40
12501.41 01.68
12626.42 01.88
12752.68 02.06
12880.21 02.25
13009.01 02.47
13139.10 02.71
13270.49 02.90
13403.20 03.03
13537.23 03.12
13672.60 03.12
13809.33 03.05
13947.42 02.93
14086.90 02.83
14227.77 02.77
14370.04 02.74
14513.74 02.74
14658.88 02.69
14805.47 02.59
14953.52 02.46
15103.06 02.27
15254.09 02.14
15406.63 02.13
15560.70 02.23
15716.30 02.38
15873.47 02.51
16032.20 02.58
16192.52 02.62
16354.45 02.58
16517.99 02.50
16683.17 02.38
16850.01 02.20
17018.51 01.98
17188.69 02.01
17360.58 01.90
17534.18 01.62
17709.53 01.25
17886.62 00.85
18065.49 00.45
18246.14 00.10
18428.60 -00.18
18612.89 -00.41
18799.02 -00.60
18987.01 -00.79
19176.88 -01.01
19368.65 -01.29
19562.33 -01.64
19757.96 -02.09
19955.54 -02.67
20000.00 -02.81
