20.00 -02.95
20.20 -02.85
20.40 -02.75
20.61 -02.66
20.81 -02.57
21.02 -02.57
21.23 -02.49
21.44 -02.40
21.66 -02.41
21.87 -02.33
22.09 -02.24
22.31 -02.16
22.54 -02.17
22.76 -02.09
22.99 -02.01
23.22 -01.93
23.45 -01.95
23.69 -01.86
23.92 -01.78
24.16 -01.70
24.40 -01.72
24.65 -01.54
24.89 -01.46
25.14 -01.48
25.39 -01.41
25.65 -01.33
25.91 -01.25
26.16 -01.17
26.43 -01.09
26.69 -01.02
26.96 -01.04
27.23 -00.97
27.50 -00.90
27.77 -00.92
28.05 -00.85
28.33 -00.78
28.62 -00.71
28.90 -00.64
29.19 -00.57
29.48 -00.51
29.78 -00.44
30.08 -00.37
30.38 -00.41
30.68 -00.35
30.99 -00.28
31.30 -00.32
31.61 -00.26
31.93 -00.30
32.24 -00.24
32.57 -00.18
32.89 -00.12
33.22 -00.16
33.55 -00.10
33.89 -00.04
34.23 00.01
34.57 00.07
34.92 00.13
35.27 00.19
35.62 00.24
35.97 00.30
36.33 00.35
36.70 00.41
37.06 00.56
37.43 00.61
37.81 00.66
38.19 00.71
38.57 00.66
38.95 00.71
39.34 00.86
39.74 00.91
40.14 00.95
40.54 01.00
40.94 00.94
41.35 00.98
41.76 01.02
42.18 00.96
42.60 01.10
43.03 01.03
43.46 01.07
43.90 01.10
44.33 01.03
44.78 01.06
45.23 01.19
45.68 01.22
46.13 01.25
46.60 01.18
47.06 01.20
47.53 01.23
48.01 01.26
48.49 01.28
48.97 01.40
49.46 01.43
49.96 01.55
50.46 01.57
50.96 01.69
51.47 01.81
51.99 01.83
52.51 01.95
53.03 01.96
53.56 01.98
54.10 01.99
54.64 02.00
55.18 02.01
55.74 02.03
56.29 02.14
56.86 02.15
57.42 02.16
58.00 02.17
58.58 02.17
59.16 02.18
59.76 02.29
60.35 02.40
60.96 02.41
61.57 02.42
62.18 02.43
62.80 02.44
63.43 02.46
64.07 02.47
64.71 02.48
65.35 02.39
66.01 02.41
66.67 02.32
67.33 02.33
68.01 02.35
68.69 02.46
69.37 02.48
70.07 02.50
70.77 02.51
71.48 02.53
72.19 02.45
72.91 02.47
73.64 02.49
74.38 02.51
75.12 02.53
75.87 02.55
76.63 02.58
77.40 02.60
78.17 02.63
78.95 02.66
79.74 02.79
80.54 02.82
81.35 02.85
82.16 02.88
82.98 02.91
83.81 02.94
84.65 02.96
85.50 03.09
86.35 03.12
87.22 03.25
88.09 03.28
88.97 03.31
89.86 03.43
90.76 03.46
91.66 03.48
92.58 03.51
93.51 03.53
94.44 03.46
95.39 03.58
96.34 03.60
97.30 03.62
98.28 03.64
99.26 03.66
100.25 03.68
101.25 03.70
102.27 03.82
103.29 03.83
104.32 03.85
105.37 03.86
106.42 03.88
107.48 03.89
108.56 03.91
109.64 03.92
110.74 03.93
111.85 03.94
112.97 03.96
114.10 04.07
115.24 04.08
116.39 04.09
117.55 04.10
118.73 04.11
119.92 04.12
121.12 04.03
122.33 04.04
123.55 04.05
124.79 04.06
126.03 04.07
127.29 04.08
128.57 04.09
129.85 04.10
131.15 04.10
132.46 04.11
133.79 04.11
135.12 04.21
136.48 04.21
137.84 04.21
139.22 04.21
140.61 04.21
142.02 04.20
143.44 04.19
144.87 04.19
146.32 04.18
147.78 04.17
149.26 04.16
150.75 04.15
152.26 04.14
153.78 04.13
155.32 04.13
156.88 04.12
158.44 04.02
160.03 04.01
161.63 04.11
163.24 04.11
164.88 04.10
166.53 04.10
168.19 04.10
169.87 04.09
171.57 04.09
173.29 04.08
175.02 04.07
176.77 04.06
178.54 04.05
180.32 04.05
182.13 04.04
183.95 04.03
185.79 04.02
187.65 04.01
189.52 04.01
191.42 04.00
193.33 03.90
195.27 03.90
197.22 03.90
199.19 03.90
201.18 03.90
203.19 03.91
205.23 03.91
207.28 03.91
209.35 03.91
211.44 04.02
213.56 03.92
215.69 03.92
217.85 03.92
220.03 03.92
222.23 03.92
224.45 03.91
226.70 03.91
228.96 03.91
231.25 03.91
233.57 03.90
235.90 03.90
238.26 03.80
240.64 03.80
243.05 03.80
245.48 03.80
247.93 03.79
250.41 03.79
252.92 03.79
255.45 03.79
258.00 03.78
260.58 03.88
263.19 03.87
265.82 03.86
268.48 03.85
271.16 03.84
273.87 03.72
276.61 03.71
279.38 03.69
282.17 03.67
284.99 03.65
287.84 03.62
290.72 03.60
293.63 03.57
296.57 03.55
299.53 03.52
302.53 03.49
305.55 03.56
308.61 03.52
311.69 03.49
314.81 03.45
317.96 03.41
321.14 03.37
324.35 03.32
327.59 03.28
330.87 03.23
334.18 03.18
337.52 03.13
340.90 03.08
344.30 03.03
347.75 02.97
351.23 02.92
354.74 02.86
358.28 02.81
361.87 02.75
365.49 02.70
369.14 02.54
372.83 02.49
376.56 02.44
380.33 02.39
384.13 02.34
387.97 02.30
391.85 02.26
395.77 02.22
399.73 02.19
403.72 02.15
407.76 02.12
411.84 02.09
415.96 02.07
420.12 02.04
424.32 02.01
428.56 01.88
432.85 01.86
437.18 01.83
441.55 01.80
445.96 01.77
450.42 01.64
454.93 01.61
459.48 01.58
464.07 01.55
468.71 01.52
473.40 01.49
478.13 01.46
482.91 01.42
487.74 01.39
492.62 01.35
497.55 01.31
502.52 01.28
507.55 01.24
512.62 01.20
517.75 01.16
522.93 01.22
528.16 01.18
533.44 01.14
538.77 01.10
544.16 01.06
549.60 01.01
555.10 00.97
560.65 00.93
566.25 00.79
571.92 00.76
577.64 00.73
583.41 00.70
589.25 00.67
595.14 00.65
601.09 00.63
607.10 00.62
613.17 00.51
619.30 00.51
625.50 00.51
631.75 00.51
638.07 00.42
644.45 00.43
650.89 00.44
657.40 00.46
663.98 00.48
670.62 00.51
677.32 00.44
684.10 00.48
690.94 00.53
697.85 00.57
704.83 00.53
711.87 00.58
718.99 00.64
726.18 00.71
733.44 00.77
740.78 00.83
748.19 00.89
755.67 00.94
763.23 00.99
770.86 01.03
778.57 01.06
786.35 01.10
794.22 01.13
802.16 01.16
810.18 01.19
818.28 01.22
826.46 01.24
834.73 01.26
843.08 01.38
851.51 01.39
860.02 01.31
868.62 01.31
877.31 01.31
886.08 01.30
894.94 01.18
903.89 01.15
912.93 01.11
922.06 01.06
931.28 01.01
940.59 00.95
950.00 00.89
959.50 00.82
969.09 00.75
978.78 00.68
988.57 00.60
998.46 00.52
1008.44 00.43
1018.53 00.34
1028.71 00.25
1039.00 00.16
1049.39 00.07
1059.88 -00.02
1070.48 -00.11
1081.19 -00.20
1092.00 -00.29
1102.92 -00.38
1113.95 -00.46
1125.09 -00.54
1136.34 -00.72
1147.70 -00.81
1159.18 -00.90
1170.77 -00.99
1182.48 -01.19
1194.30 -01.29
1206.25 -01.39
1218.31 -01.49
1230.49 -01.60
1242.80 -01.71
1255.22 -01.83
1267.78 -01.96
1280.45 -02.09
1293.26 -02.22
1306.19 -02.35
1319.25 -02.37
1332.45 -02.50
1345.77 -02.61
1359.23 -02.72
1372.82 -02.82
1386.55 -02.91
1400.41 -02.99
1414.42 -03.08
1428.56 -03.16
1442.85 -03.24
1457.28 -03.31
1471.85 -03.37
1486.57 -03.43
1501.43 -03.50
1516.45 -03.57
1531.61 -03.74
1546.93 -03.80
1562.40 -03.85
1578.02 -03.99
1593.80 -04.02
1609.74 -04.02
1625.84 -04.12
1642.10 -04.10
1658.52 -04.08
1675.10 -04.04
1691.85 -03.99
1708.77 -04.03
1725.86 -03.96
1743.12 -03.99
1760.55 -04.01
1778.15 -03.93
1795.94 -03.95
1813.90 -03.86
1832.03 -03.78
1850.36 -03.70
1868.86 -03.63
1887.55 -03.55
1906.42 -03.58
1925.49 -03.52
1944.74 -03.55
1964.19 -03.49
1983.83 -03.54
2003.67 -03.49
2023.71 -03.54
2043.94 -03.60
2064.38 -03.76
2085.03 -03.82
2105.88 -03.88
2126.94 -04.05
2148.20 -04.01
2169.69 -03.97
2191.38 -04.03
2213.30 -03.88
2235.43 -03.93
2257.78 -03.96
2280.36 -04.08
2303.17 -04.09
2326.20 -04.09
2349.46 -04.17
2372.95 -04.06
2396.68 -03.95
2420.65 -03.84
2444.86 -03.74
2469.31 -03.65
2494.00 -03.66
2518.94 -03.59
2544.13 -03.62
2569.57 -03.57
2595.27 -03.52
2621.22 -03.49
2647.43 -03.45
2673.90 -03.52
2700.64 -03.49
2727.65 -03.45
2754.93 -03.42
2782.48 -03.38
2810.30 -03.44
2838.40 -03.50
2866.79 -03.56
2895.46 -03.73
2924.41 -04.01
2953.65 -04.20
2983.19 -04.30
3013.02 -04.51
3043.15 -04.82
3073.58 -05.03
3104.32 -05.34
3135.36 -05.55
3166.72 -05.85
3198.38 -06.04
3230.37 -06.34
3262.67 -06.42
3295.30 -06.70
3328.25 -06.87
3361.53 -07.04
3395.15 -07.10
3429.10 -07.26
3463.39 -07.42
3498.03 -07.49
3533.01 -07.76
3568.34 -07.92
3604.02 -08.19
3640.06 -08.44
3676.46 -08.68
3713.22 -08.89
3750.36 -09.07
3787.86 -09.11
3825.74 -09.19
3864.00 -09.51
3902.64 -09.65
3941.66 -09.68
3981.08 -09.68
4020.89 -09.41
4061.10 -09.04
4101.71 -08.42
4142.73 -07.58
4184.15 -06.48
4226.00 -05.43
4268.26 -04.36
4310.94 -03.26
4354.05 -02.48
4397.59 -01.82
4441.56 -01.39
4485.98 -01.25
4530.84 -00.89
4576.15 -00.67
4621.91 -00.49
4668.13 -00.53
4714.81 -00.62
4761.96 -00.76
4809.58 -00.48
4857.67 -00.38
4906.25 -00.49
4955.31 -01.18
5004.87 -01.72
5054.91 -02.55
5105.46 -03.40
5156.52 -03.89
5208.08 -04.33
5260.16 -04.59
5312.77 -04.55
5365.89 -04.62
5419.55 -04.50
5473.75 -04.32
5528.49 -03.93
5583.77 -03.34
5639.61 -02.89
5696.00 -02.78
5752.96 -02.55
5810.49 -02.12
5868.60 -01.80
5927.28 -01.41
5986.56 -01.04
6046.42 -00.89
6106.89 -00.66
6167.96 -00.55
6229.64 -00.34
6291.93 -00.23
6354.85 -00.01
6418.40 00.21
6482.58 00.44
6547.41 00.69
6612.88 00.95
6679.01 01.22
6745.80 01.10
6813.26 01.40
6881.39 01.39
6950.21 01.49
7019.71 01.56
7089.91 01.51
7160.81 01.42
7232.41 01.28
7304.74 01.10
7377.79 00.86
7451.56 00.58
7526.08 00.35
7601.34 00.28
7677.35 00.18
7754.13 00.07
7831.67 -00.12
7909.98 -00.17
7989.08 -00.14
8068.98 -00.01
8149.67 00.34
8231.16 00.69
8313.47 01.13
8396.61 01.55
8480.57 01.91
8565.38 02.18
8651.03 02.71
8737.54 03.09
8824.92 03.51
8913.17 03.85
9002.30 04.01
9092.32 04.00
9183.25 03.91
9275.08 03.65
9367.83 03.41
9461.51 02.98
9556.12 02.78
9651.68 02.71
9748.20 02.69
9845.68 02.52
9944.14 02.32
10043.58 02.12
10144.02 02.03
10245.46 01.86
10347.91 01.71
10451.39 01.70
10555.91 01.62
10661.46 01.47
10768.08 01.15
10875.76 00.86
10984.52 00.70
11094.36 00.47
11205.31 00.29
11317.36 00.04
11430.53 -00.08
11544.84 -00.24
11660.29 -00.36
11776.89 -00.32
11894.66 -00.02
12013.60 00.42
12133.74 00.81
12255.08 01.31
12377.63 01.81
12501.41 02.28
12626.42 02.51
12752.68 02.79
12880.21 02.90
13009.01 02.94
13139.10 03.00
13270.49 02.68
13403.20 02.18
13537.23 01.60
13672.60 00.94
13809.33 00.19
13947.42 -00.61
14086.90 -01.37
14227.77 -02.23
14370.04 -02.95
14513.74 -03.77
14658.88 -04.23
14805.47 -04.63
14953.52 -05.10
15103.06 -05.10
15254.09 -04.96
15406.63 -05.01
15560.70 -04.95
15716.30 -04.68
15873.47 -04.58
16032.20 -04.47
16192.52 -04.37
16354.45 -04.31
16517.99 -04.30
16683.17 -04.25
16850.01 -04.34
17018.51 -04.48
17188.69 -04.06
17360.58 -03.88
17534.18 -03.78
17709.53 -03.69
17886.62 -03.82
18065.49 -04.09
18246.14 -04.66
18428.60 -05.38
18612.89 -06.03
18799.02 -06.66
18987.01 -07.38
19176.88 -08.11
19368.65 -08.76
19562.33 -09.46
19757.96 -10.42
19955.54 -11.22
20000.00 -11.48
