20.00 02.30
20.20 02.30
20.40 02.30
20.61 02.30
20.81 02.29
21.02 02.29
21.23 02.28
21.44 02.28
21.66 02.30
21.87 02.30
22.09 02.30
22.31 02.30
22.54 02.28
22.76 02.26
22.99 02.22
23.22 02.19
23.45 02.15
23.69 02.11
23.92 02.07
24.16 02.03
24.40 01.99
24.65 01.95
24.89 01.89
25.14 01.85
25.39 01.82
25.65 01.79
25.91 01.74
26.16 01.71
26.43 01.66
26.69 01.62
26.96 01.59
27.23 01.54
27.50 01.50
27.77 01.45
28.05 01.42
28.33 01.36
28.62 01.31
28.90 01.27
29.19 01.22
29.48 01.18
29.78 01.14
30.08 01.10
30.38 01.06
30.68 01.03
30.99 00.99
31.30 00.97
31.61 00.97
31.93 00.98
32.24 01.00
32.57 01.04
32.89 01.07
33.22 01.11
33.55 01.17
33.89 01.24
34.23 01.32
34.57 01.40
34.92 01.48
35.27 01.58
35.62 01.66
35.97 01.75
36.33 01.85
36.70 01.95
37.06 02.05
37.43 02.15
37.81 02.24
38.19 02.32
38.57 02.41
38.95 02.49
39.34 02.58
39.74 02.67
40.14 02.74
40.54 02.81
40.94 02.87
41.35 02.93
41.76 02.99
42.18 03.04
42.60 03.11
43.03 03.20
43.46 03.28
43.90 03.37
44.33 03.45
44.78 03.54
45.23 03.62
45.68 03.68
46.13 03.74
46.60 03.80
47.06 03.86
47.53 03.92
48.01 04.00
48.49 04.07
48.97 04.14
49.46 04.21
49.96 04.28
50.46 04.35
50.96 04.41
51.47 04.47
51.99 04.51
52.51 04.56
53.03 04.59
53.56 04.61
54.10 04.63
54.64 04.62
55.18 04.61
55.74 04.59
56.29 04.56
56.86 04.52
57.42 04.47
58.00 04.41
58.58 04.36
59.16 04.30
59.76 04.23
60.35 04.17
60.96 04.12
61.57 04.07
62.18 04.04
62.80 04.02
63.43 04.00
64.07 03.99
64.71 04.00
65.35 04.02
66.01 04.06
66.67 04.13
67.33 04.21
68.01 04.32
68.69 04.43
69.37 04.55
70.07 04.68
70.77 04.80
71.48 04.92
72.19 05.03
72.91 05.13
73.64 05.21
74.38 05.29
75.12 05.35
75.87 05.41
76.63 05.46
77.40 05.50
78.17 05.53
78.95 05.56
79.74 05.57
80.54 05.57
81.35 05.58
82.16 05.57
82.98 05.57
83.81 05.57
84.65 05.57
85.50 05.57
86.35 05.58
87.22 05.59
88.09 05.60
88.97 05.62
89.86 05.63
90.76 05.61
91.66 05.58
92.58 05.56
93.51 05.53
94.44 05.51
95.39 05.50
96.34 05.50
97.30 05.50
98.28 05.50
99.26 05.51
100.25 05.52
101.25 05.52
102.27 05.54
103.29 05.54
104.32 05.55
105.37 05.56
106.42 05.56
107.48 05.56
108.56 05.57
109.64 05.57
110.74 05.57
111.85 05.57
112.97 05.56
114.10 05.56
115.24 05.54
116.39 05.53
117.55 05.52
118.73 05.49
119.92 05.46
121.12 05.42
122.33 05.39
123.55 05.36
124.79 05.32
126.03 05.29
127.29 05.28
128.57 05.26
129.85 05.23
131.15 05.22
132.46 05.20
133.79 05.17
135.12 05.16
136.48 05.14
137.84 05.12
139.22 05.11
140.61 05.09
142.02 05.07
143.44 05.07
144.87 05.05
146.32 05.03
147.78 05.03
149.26 05.01
150.75 04.98
152.26 04.95
153.78 04.93
155.32 04.90
156.88 04.87
158.44 04.85
160.03 04.83
161.63 04.84
163.24 04.85
164.88 04.87
166.53 04.89
168.19 04.91
169.87 04.93
171.57 04.93
173.29 04.94
175.02 04.94
176.77 04.94
178.54 04.95
180.32 04.95
182.13 04.93
183.95 04.91
185.79 04.89
187.65 04.87
189.52 04.84
191.42 04.83
193.33 04.82
195.27 04.80
197.22 04.78
199.19 04.77
201.18 04.76
203.19 04.76
205.23 04.76
207.28 04.76
209.35 04.76
211.44 04.76
213.56 04.74
215.69 04.73
217.85 04.72
220.03 04.71
222.23 04.70
224.45 04.68
226.70 04.67
228.96 04.66
231.25 04.65
233.57 04.63
235.90 04.61
238.26 04.60
240.64 04.58
243.05 04.56
245.48 04.54
247.93 04.52
250.41 04.50
252.92 04.50
255.45 04.49
258.00 04.48
260.58 04.48
263.19 04.47
265.82 04.46
268.48 04.43
271.16 04.41
273.87 04.38
276.61 04.36
279.38 04.33
282.17 04.31
284.99 04.29
287.84 04.27
290.72 04.25
293.63 04.21
296.57 04.19
299.53 04.16
302.53 04.13
305.55 04.11
308.61 04.08
311.69 04.05
314.81 04.02
317.96 03.99
321.14 03.96
324.35 03.92
327.59 03.89
330.87 03.87
334.18 03.84
337.52 03.81
340.90 03.78
344.30 03.75
347.75 03.72
351.23 03.68
354.74 03.65
358.28 03.59
361.87 03.52
365.49 03.46
369.14 03.39
372.83 03.32
376.56 03.24
380.33 03.18
384.13 03.11
387.97 03.04
391.85 02.96
395.77 02.88
399.73 02.80
403.72 02.71
407.76 02.61
411.84 02.52
415.96 02.43
420.12 02.34
424.32 02.25
428.56 02.16
432.85 02.06
437.18 01.97
441.55 01.88
445.96 01.81
450.42 01.72
454.93 01.66
459.48 01.60
464.07 01.54
468.71 01.48
473.40 01.42
478.13 01.37
482.91 01.33
487.74 01.29
492.62 01.25
497.55 01.22
502.52 01.20
507.55 01.20
512.62 01.19
517.75 01.20
522.93 01.21
528.16 01.21
533.44 01.21
538.77 01.21
544.16 01.21
549.60 01.21
555.10 01.22
560.65 01.22
566.25 01.23
571.92 01.23
577.64 01.24
583.41 01.24
589.25 01.23
595.14 01.22
601.09 01.20
607.10 01.15
613.17 01.09
619.30 01.02
625.50 00.94
631.75 00.85
638.07 00.77
644.45 00.69
650.89 00.61
657.40 00.53
663.98 00.47
670.62 00.41
677.32 00.35
684.10 00.31
690.94 00.29
697.85 00.27
704.83 00.27
711.87 00.28
718.99 00.30
726.18 00.33
733.44 00.35
740.78 00.37
748.19 00.38
755.67 00.36
763.23 00.33
770.86 00.30
778.57 00.24
786.35 00.19
794.22 00.11
802.16 00.03
810.18 -00.04
818.28 -00.11
826.46 -00.18
834.73 -00.25
843.08 -00.32
851.51 -00.39
860.02 -00.46
868.62 -00.53
877.31 -00.57
886.08 -00.60
894.94 -00.63
903.89 -00.63
912.93 -00.62
922.06 -00.59
931.28 -00.55
940.59 -00.50
950.00 -00.43
959.50 -00.35
969.09 -00.27
978.78 -00.21
988.57 -00.18
998.46 -00.18
1008.44 -00.21
1018.53 -00.24
1028.71 -00.29
1039.00 -00.35
1049.39 -00.42
1059.88 -00.50
1070.48 -00.59
1081.19 -00.68
1092.00 -00.74
1102.92 -00.79
1113.95 -00.80
1125.09 -00.79
1136.34 -00.77
1147.70 -00.74
1159.18 -00.71
1170.77 -00.69
1182.48 -00.67
1194.30 -00.67
1206.25 -00.68
1218.31 -00.72
1230.49 -00.77
1242.80 -00.84
1255.22 -00.92
1267.78 -01.01
1280.45 -01.10
1293.26 -01.18
1306.19 -01.24
1319.25 -01.28
1332.45 -01.28
1345.77 -01.26
1359.23 -01.20
1372.82 -01.12
1386.55 -01.01
1400.41 -00.89
1414.42 -00.75
1428.56 -00.61
1442.85 -00.49
1457.28 -00.40
1471.85 -00.35
1486.57 -00.31
1501.43 -00.29
1516.45 -00.29
1531.61 -00.29
1546.93 -00.30
1562.40 -00.31
1578.02 -00.34
1593.80 -00.37
1609.74 -00.39
1625.84 -00.39
1642.10 -00.38
1658.52 -00.37
1675.10 -00.36
1691.85 -00.36
1708.77 -00.38
1725.86 -00.42
1743.12 -00.44
1760.55 -00.47
1778.15 -00.50
1795.94 -00.53
1813.90 -00.57
1832.03 -00.61
1850.36 -00.67
1868.86 -00.74
1887.55 -00.82
1906.42 -00.91
1925.49 -01.03
1944.74 -01.15
1964.19 -01.21
1983.83 -01.20
2003.67 -01.12
2023.71 -01.08
2043.94 -01.01
2064.38 -00.95
2085.03 -00.90
2105.88 -00.85
2126.94 -00.80
2148.20 -00.73
2169.69 -00.69
2191.38 -00.72
2213.30 -00.81
2235.43 -00.97
2257.78 -01.22
2280.36 -01.51
2303.17 -01.81
2326.20 -02.12
2349.46 -02.43
2372.95 -02.67
2396.68 -02.83
2420.65 -02.98
2444.86 -03.09
2469.31 -03.19
2494.00 -03.25
2518.94 -03.34
2544.13 -03.43
2569.57 -03.51
2595.27 -03.56
2621.22 -03.60
2647.43 -03.62
2673.90 -03.66
2700.64 -03.73
2727.65 -03.83
2754.93 -03.97
2782.48 -04.10
2810.30 -04.28
2838.40 -04.52
2866.79 -04.75
2895.46 -04.97
2924.41 -05.17
2953.65 -05.31
2983.19 -05.37
3013.02 -05.37
3043.15 -05.28
3073.58 -05.09
3104.32 -04.85
3135.36 -04.58
3166.72 -04.31
3198.38 -04.04
3230.37 -03.81
3262.67 -03.60
3295.30 -03.43
3328.25 -03.29
3361.53 -03.19
3395.15 -03.08
3429.10 -02.98
3463.39 -02.87
3498.03 -02.77
3533.01 -02.69
3568.34 -02.65
3604.02 -02.65
3640.06 -02.67
3676.46 -02.71
3713.22 -02.73
3750.36 -02.77
3787.86 -02.73
3825.74 -02.69
3864.00 -02.67
3902.64 -02.66
3941.66 -02.66
3981.08 -02.66
4020.89 -02.76
4061.10 -02.94
4101.71 -03.10
4142.73 -03.24
4184.15 -03.36
4226.00 -03.46
4268.26 -03.52
4310.94 -03.54
4354.05 -03.57
4397.59 -03.61
4441.56 -03.67
4485.98 -03.77
4530.84 -03.74
4576.15 -03.68
4621.91 -03.65
4668.13 -03.65
4714.81 -03.70
4761.96 -03.65
4809.58 -03.23
4857.67 -02.86
4906.25 -02.53
4955.31 -02.25
5004.87 -01.96
5054.91 -01.35
5105.46 -00.74
5156.52 -00.14
5208.08 00.47
5260.16 01.06
5312.77 01.61
5365.89 02.01
5419.55 02.41
5473.75 02.84
5528.49 03.27
5583.77 03.72
5639.61 03.88
5696.00 03.95
5752.96 03.99
5810.49 04.02
5868.60 04.00
5927.28 03.93
5986.56 03.82
6046.42 03.64
6106.89 03.42
6167.96 03.17
6229.64 02.86
6291.93 02.50
6354.85 02.02
6418.40 01.45
6482.58 00.77
6547.41 00.08
6612.88 -00.55
6679.01 -01.03
6745.80 -01.47
6813.26 -01.83
6881.39 -02.06
6950.21 -02.21
7019.71 -02.33
7089.91 -02.43
7160.81 -02.56
7232.41 -02.69
7304.74 -02.84
7377.79 -03.03
7451.56 -03.22
7526.08 -03.35
7601.34 -03.35
7677.35 -03.35
7754.13 -03.36
7831.67 -03.39
7909.98 -03.45
7989.08 -03.56
8068.98 -03.81
8149.67 -04.10
8231.16 -04.41
8313.47 -04.71
8396.61 -04.99
8480.57 -05.19
8565.38 -05.09
8651.03 -04.82
8737.54 -04.44
8824.92 -03.98
8913.17 -03.45
9002.30 -02.86
9092.32 -02.25
9183.25 -01.61
9275.08 -00.99
9367.83 -00.39
9461.51 00.15
9556.12 00.67
9651.68 01.13
9748.20 01.55
9845.68 01.92
9944.14 02.22
10043.58 02.55
10144.02 02.89
10245.46 03.18
10347.91 03.43
10451.39 03.64
10555.91 03.83
10661.46 03.84
10768.08 03.74
10875.76 03.64
10984.52 03.57
11094.36 03.51
11205.31 03.50
11317.36 03.50
11430.53 03.52
11544.84 03.57
11660.29 03.64
11776.89 03.73
11894.66 03.83
12013.60 03.92
12133.74 04.01
12255.08 04.08
12377.63 04.13
12501.41 04.13
12626.42 04.02
12752.68 03.87
12880.21 03.67
13009.01 03.42
13139.10 03.09
13270.49 02.64
13403.20 02.08
13537.23 01.45
13672.60 00.73
13809.33 -00.06
13947.42 -00.89
14086.90 -01.76
14227.77 -02.63
14370.04 -03.45
14513.74 -04.12
14658.88 -04.51
14805.47 -04.57
14953.52 -04.38
15103.06 -04.10
15254.09 -03.76
15406.63 -03.39
15560.70 -03.02
15716.30 -02.67
15873.47 -02.31
16032.20 -01.96
16192.52 -01.61
16354.45 -01.32
16517.99 -01.12
16683.17 -01.00
16850.01 -00.98
17018.51 -00.99
17188.69 -00.69
17360.58 -00.47
17534.18 -00.33
17709.53 -00.32
17886.62 -00.42
18065.49 -00.68
18246.14 -01.08
18428.60 -01.58
18612.89 -02.13
18799.02 -02.69
18987.01 -03.25
19176.88 -03.81
19368.65 -04.37
19562.33 -04.90
19757.96 -05.43
19955.54 -05.99
20000.00 -06.11
