20.00	-06.60
20.20	-06.52
20.40	-06.45
20.61	-06.37
20.81	-06.30
21.02	-06.22
21.23	-06.13
21.44	-06.04
21.66	-05.96
21.87	-05.88
22.09	-05.82
22.31	-05.76
22.54	-05.71
22.76	-05.65
22.99	-05.61
23.22	-05.55
23.45	-05.50
23.69	-05.45
23.92	-05.40
24.16	-05.35
24.40	-05.31
24.65	-05.25
24.89	-05.18
25.14	-05.11
25.39	-05.05
25.65	-04.98
25.91	-04.92
26.16	-04.85
26.43	-04.78
26.69	-04.72
26.96	-04.66
27.23	-04.60
27.50	-04.53
27.77	-04.49
28.05	-04.44
28.33	-04.39
28.62	-04.34
28.90	-04.29
29.19	-04.25
29.48	-04.20
29.78	-04.17
30.08	-04.13
30.38	-04.10
30.68	-04.07
30.99	-04.02
31.30	-03.98
31.61	-03.92
31.93	-03.87
32.24	-03.82
32.57	-03.77
32.89	-03.72
33.22	-03.65
33.55	-03.58
33.89	-03.52
34.23	-03.45
34.57	-03.38
34.92	-03.32
35.27	-03.25
35.62	-03.18
35.97	-03.12
36.33	-03.04
36.70	-02.98
37.06	-02.93
37.43	-02.88
37.81	-02.83
38.19	-02.79
38.57	-02.74
38.95	-02.69
39.34	-02.65
39.74	-02.63
40.14	-02.61
40.54	-02.58
40.94	-02.56
41.35	-02.55
41.76	-02.53
42.18	-02.48
42.60	-02.44
43.03	-02.39
43.46	-02.35
43.90	-02.31
44.33	-02.29
44.78	-02.27
45.23	-02.27
45.68	-02.26
46.13	-02.26
46.60	-02.26
47.06	-02.25
47.53	-02.24
48.01	-02.24
48.49	-02.24
48.97	-02.25
49.46	-02.26
49.96	-02.27
50.46	-02.29
50.96	-02.31
51.47	-02.33
51.99	-02.35
52.51	-02.37
53.03	-02.39
53.56	-02.41
54.10	-02.42
54.64	-02.43
55.18	-02.42
55.74	-02.40
56.29	-02.39
56.86	-02.36
57.42	-02.31
58.00	-02.27
58.58	-02.22
59.16	-02.16
59.76	-02.08
60.35	-02.01
60.96	-01.93
61.57	-01.85
62.18	-01.78
62.80	-01.72
63.43	-01.66
64.07	-01.61
64.71	-01.55
65.35	-01.49
66.01	-01.43
66.67	-01.36
67.33	-01.30
68.01	-01.24
68.69	-01.18
69.37	-01.12
70.07	-01.07
70.77	-01.01
71.48	-00.96
72.19	-00.92
72.91	-00.87
73.64	-00.82
74.38	-00.76
75.12	-00.71
75.87	-00.64
76.63	-00.59
77.40	-00.53
78.17	-00.48
78.95	-00.44
79.74	-00.39
80.54	-00.35
81.35	-00.32
82.16	-00.28
82.98	-00.24
83.81	-00.20
84.65	-00.15
85.50	-00.10
86.35	-00.05
87.22	00.01
88.09	00.05
88.97	00.07
89.86	00.07
90.76	00.09
91.66	00.09
92.58	00.10
93.51	00.11
94.44	00.14
95.39	00.16
96.34	00.17
97.30	00.20
98.28	00.21
99.26	00.22
100.25	00.25
101.25	00.26
102.27	00.26
103.29	00.28
104.32	00.29
105.37	00.29
106.42	00.30
107.48	00.30
108.56	00.32
109.64	00.32
110.74	00.32
111.85	00.33
112.97	00.33
114.10	00.33
115.24	00.34
116.39	00.33
117.55	00.33
118.73	00.31
119.92	00.30
121.12	00.29
122.33	00.28
123.55	00.28
124.79	00.29
126.03	00.29
127.29	00.30
128.57	00.31
129.85	00.31
131.15	00.31
132.46	00.33
133.79	00.33
135.12	00.33
136.48	00.33
137.84	00.33
139.22	00.33
140.61	00.33
142.02	00.33
143.44	00.32
144.87	00.33
146.32	00.32
147.78	00.31
149.26	00.29
150.75	00.28
152.26	00.26
153.78	00.24
155.32	00.22
156.88	00.21
158.44	00.22
160.03	00.24
161.63	00.26
163.24	00.27
164.88	00.29
166.53	00.30
168.19	00.29
169.87	00.30
171.57	00.29
173.29	00.28
175.02	00.28
176.77	00.27
178.54	00.24
180.32	00.21
182.13	00.19
183.95	00.16
185.79	00.13
187.65	00.11
189.52	00.09
191.42	00.08
193.33	00.06
195.27	00.04
197.22	00.03
199.19	00.03
201.18	00.03
203.19	00.02
205.23	00.02
207.28	00.02
209.35	00.00
211.44	-00.02
213.56	-00.03
215.69	-00.05
217.85	-00.06
220.03	-00.08
222.23	-00.09
224.45	-00.11
226.70	-00.12
228.96	-00.14
231.25	-00.15
233.57	-00.16
235.90	-00.17
238.26	-00.18
240.64	-00.18
243.05	-00.19
245.48	-00.19
247.93	-00.18
250.41	-00.16
252.92	-00.15
255.45	-00.13
258.00	-00.11
260.58	-00.10
263.19	-00.10
265.82	-00.10
268.48	-00.10
271.16	-00.10
273.87	-00.11
276.61	-00.10
279.38	-00.10
282.17	-00.10
284.99	-00.09
287.84	-00.10
290.72	-00.09
293.63	-00.09
296.57	-00.08
299.53	-00.08
302.53	-00.07
305.55	-00.07
308.61	-00.07
311.69	-00.06
314.81	-00.06
317.96	-00.07
321.14	-00.06
324.35	-00.06
327.59	-00.06
330.87	-00.05
334.18	-00.06
337.52	-00.05
340.90	-00.05
344.30	-00.04
347.75	-00.04
351.23	-00.05
354.74	-00.07
358.28	-00.09
361.87	-00.10
365.49	-00.11
369.14	-00.12
372.83	-00.12
376.56	-00.11
380.33	-00.11
384.13	-00.11
387.97	-00.11
391.85	-00.10
395.77	-00.11
399.73	-00.12
403.72	-00.12
407.76	-00.13
411.84	-00.14
415.96	-00.15
420.12	-00.15
424.32	-00.17
428.56	-00.19
432.85	-00.20
437.18	-00.21
441.55	-00.23
445.96	-00.22
450.42	-00.22
454.93	-00.22
459.48	-00.22
464.07	-00.22
468.71	-00.21
473.40	-00.21
478.13	-00.21
482.91	-00.21
487.74	-00.21
492.62	-00.20
497.55	-00.18
502.52	-00.17
507.55	-00.15
512.62	-00.13
517.75	-00.12
522.93	-00.12
528.16	-00.12
533.44	-00.12
538.77	-00.12
544.16	-00.12
549.60	-00.12
555.10	-00.12
560.65	-00.12
566.25	-00.12
571.92	-00.13
577.64	-00.13
583.41	-00.13
589.25	-00.13
595.14	-00.15
601.09	-00.17
607.10	-00.18
613.17	-00.20
619.30	-00.22
625.50	-00.22
631.75	-00.21
638.07	-00.21
644.45	-00.20
650.89	-00.20
657.40	-00.19
663.98	-00.20
670.62	-00.21
677.32	-00.21
684.10	-00.22
690.94	-00.23
697.85	-00.23
704.83	-00.22
711.87	-00.21
718.99	-00.20
726.18	-00.18
733.44	-00.17
740.78	-00.17
748.19	-00.18
755.67	-00.19
763.23	-00.20
770.86	-00.21
778.57	-00.24
786.35	-00.27
794.22	-00.31
802.16	-00.35
810.18	-00.40
818.28	-00.45
826.46	-00.51
834.73	-00.56
843.08	-00.63
851.51	-00.69
860.02	-00.72
868.62	-00.75
877.31	-00.76
886.08	-00.74
894.94	-00.70
903.89	-00.64
912.93	-00.58
922.06	-00.50
931.28	-00.43
940.59	-00.36
950.00	-00.29
959.50	-00.23
969.09	-00.16
978.78	-00.10
988.57	-00.05
998.46	00.00
1008.44	00.05
1018.53	00.10
1028.71	00.14
1039.00	00.19
1049.39	00.23
1059.88	00.27
1070.48	00.30
1081.19	00.34
1092.00	00.37
1102.92	00.40
1113.95	00.44
1125.09	00.47
1136.34	00.50
1147.70	00.53
1159.18	00.56
1170.77	00.59
1182.48	00.61
1194.30	00.64
1206.25	00.65
1218.31	00.67
1230.49	00.69
1242.80	00.70
1255.22	00.71
1267.78	00.71
1280.45	00.72
1293.26	00.71
1306.19	00.70
1319.25	00.69
1332.45	00.68
1345.77	00.68
1359.23	00.66
1372.82	00.65
1386.55	00.63
1400.41	00.61
1414.42	00.59
1428.56	00.57
1442.85	00.55
1457.28	00.52
1471.85	00.50
1486.57	00.46
1501.43	00.42
1516.45	00.37
1531.61	00.34
1546.93	00.29
1562.40	00.26
1578.02	00.22
1593.80	00.19
1609.74	00.16
1625.84	00.13
1642.10	00.11
1658.52	00.08
1675.10	00.05
1691.85	00.01
1708.77	-00.02
1725.86	-00.05
1743.12	-00.07
1760.55	-00.09
1778.15	-00.10
1795.94	-00.12
1813.90	-00.15
1832.03	-00.18
1850.36	-00.21
1868.86	-00.24
1887.55	-00.29
1906.42	-00.35
1925.49	-00.41
1944.74	-00.47
1964.19	-00.54
1983.83	-00.67
2003.67	-00.80
2023.71	-00.93
2043.94	-01.06
2064.38	-01.18
2085.03	-01.28
2105.88	-01.34
2126.94	-01.39
2148.20	-01.46
2169.69	-01.52
2191.38	-01.58
2213.30	-01.70
2235.43	-01.82
2257.78	-01.93
2280.36	-02.05
2303.17	-02.16
2326.20	-02.19
2349.46	-02.15
2372.95	-02.12
2396.68	-02.06
2420.65	-02.01
2444.86	-01.96
2469.31	-01.93
2494.00	-01.90
2518.94	-01.88
2544.13	-01.85
2569.57	-01.83
2595.27	-01.80
2621.22	-01.76
2647.43	-01.70
2673.90	-01.64
2700.64	-01.58
2727.65	-01.50
2754.93	-01.45
2782.48	-01.46
2810.30	-01.46
2838.40	-01.45
2866.79	-01.44
2895.46	-01.42
2924.41	-01.37
2953.65	-01.35
2983.19	-01.35
3013.02	-01.32
3043.15	-01.31
3073.58	-01.29
3104.32	-01.27
3135.36	-01.25
3166.72	-01.23
3198.38	-01.22
3230.37	-01.22
3262.67	-01.21
3295.30	-01.22
3328.25	-01.19
3361.53	-01.19
3395.15	-01.18
3429.10	-01.18
3463.39	-01.19
3498.03	-01.23
3533.01	-01.30
3568.34	-01.37
3604.02	-01.45
3640.06	-01.51
3676.46	-01.56
3713.22	-01.68
3750.36	-01.79
3787.86	-01.90
3825.74	-02.01
3864.00	-02.12
3902.64	-02.24
3941.66	-02.36
3981.08	-02.50
4020.89	-02.61
4061.10	-02.69
4101.71	-02.75
4142.73	-02.77
4184.15	-02.80
4226.00	-02.86
4268.26	-02.93
4310.94	-03.02
4354.05	-03.15
4397.59	-03.34
4441.56	-03.20
4485.98	-02.94
4530.84	-02.75
4576.15	-02.64
4621.91	-02.59
4668.13	-02.43
4714.81	-01.77
4761.96	-01.21
4809.58	-00.71
4857.67	-00.29
4906.25	00.07
4955.31	00.36
5004.87	00.60
5054.91	00.80
5105.46	00.96
5156.52	01.07
5208.08	01.06
5260.16	00.74
5312.77	00.42
5365.89	00.10
5419.55	-00.19
5473.75	-00.45
5528.49	-00.86
5583.77	-01.27
5639.61	-01.67
5696.00	-02.03
5752.96	-02.35
5810.49	-02.64
5868.60	-02.90
5927.28	-03.20
5986.56	-03.50
6046.42	-03.79
6106.89	-04.07
6167.96	-04.33
6229.64	-04.56
6291.93	-04.74
6354.85	-04.88
6418.40	-04.93
6482.58	-04.89
6547.41	-04.75
6612.88	-04.63
6679.01	-04.46
6745.80	-04.19
6813.26	-03.84
6881.39	-03.44
6950.21	-03.02
7019.71	-02.65
7089.91	-02.30
7160.81	-01.98
7232.41	-01.71
7304.74	-01.47
7377.79	-01.21
7451.56	-00.89
7526.08	-00.61
7601.34	-00.36
7677.35	-00.16
7754.13	00.01
7831.67	00.14
7909.98	00.13
7989.08	00.08
8068.98	00.00
8149.67	-00.11
8231.16	-00.24
8313.47	-00.39
8396.61	-00.40
8480.57	-00.37
8565.38	-00.36
8651.03	-00.39
8737.54	-00.42
8824.92	-00.47
8913.17	-00.55
9002.30	-00.62
9092.32	-00.71
9183.25	-00.81
9275.08	-00.90
9367.83	-00.97
9461.51	-01.01
9556.12	-01.01
9651.68	-00.97
9748.20	-00.88
9845.68	-00.66
9944.14	-00.32
10043.58	00.06
10144.02	00.47
10245.46	00.88
10347.91	01.29
10451.39	01.52
10555.91	01.62
10661.46	01.69
10768.08	01.73
10875.76	01.73
10984.52	01.69
11094.36	01.60
11205.31	01.46
11317.36	01.31
11430.53	01.13
11544.84	00.94
11660.29	00.73
11776.89	00.51
11894.66	00.29
12013.60	00.06
12133.74	-00.15
12255.08	-00.36
12377.63	-00.61
12501.41	-00.82
12626.42	-01.00
12752.68	-01.14
12880.21	-01.24
13009.01	-01.31
13139.10	-01.36
13270.49	-01.32
13403.20	-01.23
13537.23	-01.08
13672.60	-00.88
13809.33	-00.66
13947.42	-00.42
14086.90	-00.18
14227.77	00.07
14370.04	00.29
14513.74	00.50
14658.88	00.70
14805.47	00.84
14953.52	00.95
15103.06	01.07
15254.09	01.20
15406.63	01.30
15560.70	01.40
15716.30	01.45
15873.47	01.49
16032.20	01.45
16192.52	01.35
16354.45	01.18
16517.99	00.93
16683.17	00.65
16850.01	00.64
17018.51	00.53
17188.69	00.27
17360.58	-00.12
17534.18	-00.62
17709.53	-01.21
17886.62	-01.83
18065.49	-02.40
18246.14	-02.88
18428.60	-03.27
18612.89	-03.62
18799.02	-03.93
18987.01	-04.22
19176.88	-04.49
19368.65	-04.77
19562.33	-05.07
19757.96	-05.13
19955.54	18.22
20000.00	18.22
