20.00 -05.78
20.20 -05.71
20.40 -05.65
20.61 -05.59
20.81 -05.53
21.02 -05.47
21.23 -05.42
21.44 -05.35
21.66 -05.28
21.87 -05.21
22.09 -05.15
22.31 -05.08
22.54 -05.02
22.76 -04.98
22.99 -04.93
23.22 -04.89
23.45 -04.85
23.69 -04.79
23.92 -04.75
24.16 -04.70
24.40 -04.65
24.65 -04.60
24.89 -04.56
25.14 -04.50
25.39 -04.43
25.65 -04.36
25.91 -04.30
26.16 -04.24
26.43 -04.18
26.69 -04.11
26.96 -04.04
27.23 -03.99
27.50 -03.92
27.77 -03.87
28.05 -03.80
28.33 -03.76
28.62 -03.71
28.90 -03.66
29.19 -03.61
29.48 -03.56
29.78 -03.52
30.08 -03.48
30.38 -03.45
30.68 -03.41
30.99 -03.38
31.30 -03.35
31.61 -03.30
31.93 -03.25
32.24 -03.19
32.57 -03.13
32.89 -03.08
33.22 -03.02
33.55 -02.96
33.89 -02.89
34.23 -02.81
34.57 -02.74
34.92 -02.67
35.27 -02.59
35.62 -02.52
35.97 -02.45
36.33 -02.37
36.70 -02.30
37.06 -02.23
37.43 -02.16
37.81 -02.10
38.19 -02.05
38.57 -01.99
38.95 -01.95
39.34 -01.89
39.74 -01.84
40.14 -01.79
40.54 -01.76
40.94 -01.73
41.35 -01.70
41.76 -01.67
42.18 -01.65
42.60 -01.61
43.03 -01.55
43.46 -01.50
43.90 -01.44
44.33 -01.38
44.78 -01.33
45.23 -01.28
45.68 -01.25
46.13 -01.22
46.60 -01.18
47.06 -01.15
47.53 -01.12
48.01 -01.07
48.49 -01.02
48.97 -00.98
49.46 -00.93
49.96 -00.89
50.46 -00.85
50.96 -00.80
51.47 -00.76
51.99 -00.74
52.51 -00.70
53.03 -00.67
53.56 -00.64
54.10 -00.61
54.64 -00.59
55.18 -00.57
55.74 -00.54
56.29 -00.51
56.86 -00.48
57.42 -00.46
58.00 -00.44
58.58 -00.40
59.16 -00.37
59.76 -00.35
60.35 -00.32
60.96 -00.29
61.57 -00.27
62.18 -00.24
62.80 -00.22
63.43 -00.21
64.07 -00.22
64.71 -00.22
65.35 -00.24
66.01 -00.25
66.67 -00.26
67.33 -00.26
68.01 -00.26
68.69 -00.25
69.37 -00.25
70.07 -00.25
70.77 -00.25
71.48 -00.24
72.19 -00.24
72.91 -00.24
73.64 -00.24
74.38 -00.25
75.12 -00.25
75.87 -00.23
76.63 -00.22
77.40 -00.21
78.17 -00.20
78.95 -00.18
79.74 -00.18
80.54 -00.18
81.35 -00.17
82.16 -00.18
82.98 -00.19
83.81 -00.19
84.65 -00.20
85.50 -00.21
86.35 -00.20
87.22 -00.20
88.09 -00.20
88.97 -00.19
89.86 -00.19
90.76 -00.22
91.66 -00.26
92.58 -00.29
93.51 -00.33
94.44 -00.36
95.39 -00.39
96.34 -00.40
97.30 -00.42
98.28 -00.44
99.26 -00.45
100.25 -00.46
101.25 -00.48
102.27 -00.48
103.29 -00.50
104.32 -00.51
105.37 -00.51
106.42 -00.53
107.48 -00.54
108.56 -00.54
109.64 -00.55
110.74 -00.55
111.85 -00.56
112.97 -00.57
114.10 -00.57
115.24 -00.58
116.39 -00.60
117.55 -00.60
118.73 -00.62
119.92 -00.65
121.12 -00.69
122.33 -00.72
123.55 -00.75
124.79 -00.79
126.03 -00.82
127.29 -00.84
128.57 -00.87
129.85 -00.90
131.15 -00.93
132.46 -00.96
133.79 -01.00
135.12 -01.02
136.48 -01.06
137.84 -01.09
139.22 -01.11
140.61 -01.13
142.02 -01.15
143.44 -01.16
144.87 -01.17
146.32 -01.19
147.78 -01.19
149.26 -01.20
150.75 -01.22
152.26 -01.24
153.78 -01.26
155.32 -01.28
156.88 -01.32
158.44 -01.34
160.03 -01.36
161.63 -01.36
163.24 -01.35
164.88 -01.35
166.53 -01.34
168.19 -01.33
169.87 -01.32
171.57 -01.33
173.29 -01.33
175.02 -01.33
176.77 -01.34
178.54 -01.34
180.32 -01.34
182.13 -01.37
183.95 -01.40
185.79 -01.43
187.65 -01.46
189.52 -01.49
191.42 -01.51
193.33 -01.53
195.27 -01.55
197.22 -01.58
199.19 -01.60
201.18 -01.61
203.19 -01.61
205.23 -01.61
207.28 -01.61
209.35 -01.61
211.44 -01.61
213.56 -01.61
215.69 -01.62
217.85 -01.62
220.03 -01.63
222.23 -01.64
224.45 -01.64
226.70 -01.65
228.96 -01.66
231.25 -01.67
233.57 -01.67
235.90 -01.68
238.26 -01.69
240.64 -01.70
243.05 -01.71
245.48 -01.72
247.93 -01.73
250.41 -01.74
252.92 -01.73
255.45 -01.72
258.00 -01.72
260.58 -01.71
263.19 -01.70
265.82 -01.70
268.48 -01.71
271.16 -01.72
273.87 -01.73
276.61 -01.75
279.38 -01.76
282.17 -01.76
284.99 -01.77
287.84 -01.77
290.72 -01.77
293.63 -01.78
296.57 -01.77
299.53 -01.77
302.53 -01.77
305.55 -01.76
308.61 -01.75
311.69 -01.75
314.81 -01.74
317.96 -01.73
321.14 -01.72
324.35 -01.71
327.59 -01.70
330.87 -01.68
334.18 -01.67
337.52 -01.65
340.90 -01.64
344.30 -01.62
347.75 -01.60
351.23 -01.58
354.74 -01.55
358.28 -01.55
361.87 -01.55
365.49 -01.55
369.14 -01.55
372.83 -01.54
376.56 -01.54
380.33 -01.53
384.13 -01.51
387.97 -01.49
391.85 -01.49
395.77 -01.47
399.73 -01.45
403.72 -01.45
407.76 -01.46
411.84 -01.45
415.96 -01.45
420.12 -01.45
424.32 -01.46
428.56 -01.46
432.85 -01.47
437.18 -01.48
441.55 -01.49
445.96 -01.49
450.42 -01.50
454.93 -01.48
459.48 -01.47
464.07 -01.46
468.71 -01.45
473.40 -01.43
478.13 -01.42
482.91 -01.40
487.74 -01.39
492.62 -01.37
497.55 -01.35
502.52 -01.33
507.55 -01.29
512.62 -01.26
517.75 -01.22
522.93 -01.18
528.16 -01.15
533.44 -01.12
538.77 -01.10
544.16 -01.08
549.60 -01.06
555.10 -01.04
560.65 -01.02
566.25 -01.00
571.92 -00.97
577.64 -00.95
583.41 -00.93
589.25 -00.91
595.14 -00.89
601.09 -00.86
607.10 -00.86
613.17 -00.85
619.30 -00.85
625.50 -00.84
631.75 -00.83
638.07 -00.80
644.45 -00.77
650.89 -00.74
657.40 -00.70
663.98 -00.67
670.62 -00.64
677.32 -00.62
684.10 -00.60
690.94 -00.57
697.85 -00.56
704.83 -00.54
711.87 -00.51
718.99 -00.47
726.18 -00.43
733.44 -00.39
740.78 -00.35
748.19 -00.31
755.67 -00.28
763.23 -00.26
770.86 -00.23
778.57 -00.21
786.35 -00.17
794.22 -00.15
802.16 -00.11
810.18 -00.06
818.28 -00.01
826.46 00.04
834.73 00.09
843.08 00.14
851.51 00.19
860.02 00.23
868.62 00.26
877.31 00.30
886.08 00.33
894.94 00.35
903.89 00.38
912.93 00.41
922.06 00.43
931.28 00.45
940.59 00.45
950.00 00.45
959.50 00.44
969.09 00.43
978.78 00.41
988.57 00.40
998.46 00.40
1008.44 00.40
1018.53 00.41
1028.71 00.43
1039.00 00.46
1049.39 00.50
1059.88 00.55
1070.48 00.60
1081.19 00.66
1092.00 00.73
1102.92 00.79
1113.95 00.85
1125.09 00.90
1136.34 00.95
1147.70 00.99
1159.18 01.02
1170.77 01.05
1182.48 01.06
1194.30 01.07
1206.25 01.07
1218.31 01.05
1230.49 01.03
1242.80 01.01
1255.22 00.98
1267.78 00.96
1280.45 00.93
1293.26 00.91
1306.19 00.89
1319.25 00.88
1332.45 00.86
1345.77 00.84
1359.23 00.82
1372.82 00.79
1386.55 00.76
1400.41 00.72
1414.42 00.67
1428.56 00.61
1442.85 00.54
1457.28 00.47
1471.85 00.39
1486.57 00.32
1501.43 00.24
1516.45 00.15
1531.61 00.08
1546.93 00.00
1562.40 -00.07
1578.02 -00.14
1593.80 -00.20
1609.74 -00.26
1625.84 -00.32
1642.10 -00.37
1658.52 -00.43
1675.10 -00.49
1691.85 -00.54
1708.77 -00.59
1725.86 -00.65
1743.12 -00.69
1760.55 -00.73
1778.15 -00.77
1795.94 -00.80
1813.90 -00.81
1832.03 -00.83
1850.36 -00.83
1868.86 -00.83
1887.55 -00.83
1906.42 -00.82
1925.49 -00.83
1944.74 -00.83
1964.19 -00.82
1983.83 -00.80
2003.67 -00.78
2023.71 -00.83
2043.94 -00.86
2064.38 -00.90
2085.03 -00.94
2105.88 -00.98
2126.94 -01.00
2148.20 -00.97
2169.69 -00.94
2191.38 -00.93
2213.30 -00.90
2235.43 -00.88
2257.78 -00.91
2280.36 -00.95
2303.17 -00.97
2326.20 -01.00
2349.46 -01.03
2372.95 -00.98
2396.68 -00.88
2420.65 -00.78
2444.86 -00.68
2469.31 -00.58
2494.00 -00.49
2518.94 -00.43
2544.13 -00.37
2569.57 -00.32
2595.27 -00.28
2621.22 -00.24
2647.43 -00.21
2673.90 -00.17
2700.64 -00.15
2727.65 -00.13
2754.93 -00.14
2782.48 -00.14
2810.30 -00.20
2838.40 -00.34
2866.79 -00.49
2895.46 -00.64
2924.41 -00.81
2953.65 -01.00
2983.19 -01.19
3013.02 -01.44
3043.15 -01.73
3073.58 -02.03
3104.32 -02.36
3135.36 -02.69
3166.72 -03.04
3198.38 -03.39
3230.37 -03.75
3262.67 -04.10
3295.30 -04.42
3328.25 -04.69
3361.53 -04.90
3395.15 -04.99
3429.10 -05.02
3463.39 -04.98
3498.03 -04.87
3533.01 -04.71
3568.34 -04.51
3604.02 -04.29
3640.06 -04.03
3676.46 -03.75
3713.22 -03.46
3750.36 -03.16
3787.86 -02.80
3825.74 -02.44
3864.00 -02.10
3902.64 -01.78
3941.66 -01.48
3981.08 -01.20
4020.89 -01.04
4061.10 -00.99
4101.71 -00.94
4142.73 -00.88
4184.15 -00.80
4226.00 -00.67
4268.26 -00.45
4310.94 -00.10
4354.05 00.30
4397.59 00.70
4441.56 01.04
4485.98 01.25
4530.84 01.47
4576.15 01.58
4621.91 01.57
4668.13 01.42
4714.81 01.17
4761.96 00.96
4809.58 01.06
4857.67 01.02
4906.25 00.80
4955.31 00.37
5004.87 -00.24
5054.91 -00.69
5105.46 -01.22
5156.52 -01.74
5208.08 -02.17
5260.16 -02.50
5312.77 -02.77
5365.89 -03.11
5419.55 -03.37
5473.75 -03.53
5528.49 -03.64
5583.77 -03.70
5639.61 -03.99
5696.00 -04.36
5752.96 -04.69
5810.49 -04.98
5868.60 -05.24
5927.28 -05.48
5986.56 -05.70
6046.42 -05.95
6106.89 -06.19
6167.96 -06.37
6229.64 -06.47
6291.93 -06.42
6354.85 -06.15
6418.40 -05.62
6482.58 -04.86
6547.41 -03.90
6612.88 -02.82
6679.01 -01.70
6745.80 -00.68
6813.26 00.28
6881.39 01.23
6950.21 02.17
7019.71 03.11
7089.91 04.02
7160.81 04.83
7232.41 05.57
7304.74 06.22
7377.79 06.73
7451.56 07.13
7526.08 07.45
7601.34 07.76
7677.35 07.95
7754.13 08.04
7831.67 08.02
7909.98 07.89
7989.08 07.62
8068.98 07.12
8149.67 06.45
8231.16 05.63
8313.47 04.68
8396.61 03.63
8480.57 02.54
8565.38 01.64
8651.03 00.85
8737.54 00.17
8824.92 -00.43
8913.17 -00.92
9002.30 -01.29
9092.32 -01.56
9183.25 -01.71
9275.08 -01.79
9367.83 -01.81
9461.51 -01.80
9556.12 -01.77
9651.68 -01.75
9748.20 -01.74
9845.68 -01.74
9944.14 -01.78
10043.58 -01.77
10144.02 -01.72
10245.46 -01.68
10347.91 -01.65
10451.39 -01.60
10555.91 -01.52
10661.46 -01.53
10768.08 -01.58
10875.76 -01.59
10984.52 -01.55
11094.36 -01.48
11205.31 -01.39
11317.36 -01.30
11430.53 -01.19
11544.84 -01.05
11660.29 -00.87
11776.89 -00.61
11894.66 -00.33
12013.60 -00.04
12133.74 00.21
12255.08 00.39
12377.63 00.51
12501.41 00.56
12626.42 00.52
12752.68 00.47
12880.21 00.40
13009.01 00.33
13139.10 00.25
13270.49 00.13
13403.20 00.03
13537.23 00.02
13672.60 00.11
13809.33 00.29
13947.42 00.46
14086.90 00.58
14227.77 00.60
14370.04 00.50
14513.74 00.30
14658.88 -00.03
14805.47 -00.46
14953.52 -01.02
15103.06 -01.79
15254.09 -02.73
15406.63 -03.81
15560.70 -04.90
15716.30 -05.79
15873.47 -06.23
16032.20 -06.17
16192.52 -05.71
16354.45 -05.11
16517.99 -04.54
16683.17 -04.04
16850.01 -03.66
17018.51 -03.32
17188.69 -02.71
17360.58 -02.18
17534.18 -01.80
17709.53 -01.58
17886.62 -01.52
18065.49 -01.66
18246.14 -01.97
18428.60 -02.37
18612.89 -02.81
18799.02 -03.26
18987.01 -03.72
19176.88 -04.27
19368.65 -04.96
19562.33 -05.88
19757.96 -07.11
19955.54 -08.69
20000.00 -09.09
