20.00 00.55
20.20 00.58
20.40 00.61
20.61 00.63
20.81 00.66
21.02 00.68
21.23 00.70
21.44 00.73
21.66 00.77
21.87 00.81
22.09 00.84
22.31 00.88
22.54 00.90
22.76 00.92
22.99 00.93
23.22 00.95
23.45 00.95
23.69 00.97
23.92 00.99
24.16 01.00
24.40 01.02
24.65 01.03
24.89 01.04
25.14 01.06
25.39 01.10
25.65 01.13
25.91 01.16
26.16 01.19
26.43 01.22
26.69 01.25
26.96 01.29
27.23 01.31
27.50 01.34
27.77 01.36
28.05 01.40
28.33 01.41
28.62 01.42
28.90 01.44
29.19 01.45
29.48 01.47
29.78 01.47
30.08 01.47
30.38 01.46
30.68 01.45
30.99 01.43
31.30 01.42
31.61 01.42
31.93 01.43
32.24 01.45
32.57 01.47
32.89 01.49
33.22 01.51
33.55 01.54
33.89 01.58
34.23 01.62
34.57 01.66
34.92 01.69
35.27 01.74
35.62 01.77
35.97 01.80
36.33 01.83
36.70 01.86
37.06 01.89
37.43 01.92
37.81 01.93
38.19 01.93
38.57 01.94
38.95 01.94
39.34 01.94
39.74 01.94
40.14 01.93
40.54 01.92
40.94 01.90
41.35 01.87
41.76 01.85
42.18 01.82
42.60 01.80
43.03 01.81
43.46 01.81
43.90 01.81
44.33 01.81
44.78 01.80
45.23 01.79
45.68 01.77
46.13 01.74
46.60 01.72
47.06 01.69
47.53 01.67
48.01 01.66
48.49 01.66
48.97 01.65
49.46 01.65
49.96 01.64
50.46 01.64
50.96 01.64
51.47 01.64
51.99 01.64
52.51 01.65
53.03 01.66
53.56 01.67
54.10 01.69
54.64 01.70
55.18 01.72
55.74 01.74
56.29 01.78
56.86 01.81
57.42 01.83
58.00 01.86
58.58 01.91
59.16 01.94
59.76 01.96
60.35 01.99
60.96 02.02
61.57 02.05
62.18 02.08
62.80 02.10
63.43 02.11
64.07 02.10
64.71 02.09
65.35 02.08
66.01 02.07
66.67 02.06
67.33 02.05
68.01 02.05
68.69 02.05
69.37 02.05
70.07 02.05
70.77 02.05
71.48 02.05
72.19 02.06
72.91 02.06
73.64 02.07
74.38 02.07
75.12 02.07
75.87 02.09
76.63 02.10
77.40 02.12
78.17 02.13
78.95 02.15
79.74 02.15
80.54 02.17
81.35 02.18
82.16 02.18
82.98 02.18
83.81 02.19
84.65 02.19
85.50 02.20
86.35 02.22
87.22 02.23
88.09 02.25
88.97 02.27
89.86 02.28
90.76 02.27
91.66 02.24
92.58 02.22
93.51 02.19
94.44 02.16
95.39 02.14
96.34 02.14
97.30 02.12
98.28 02.11
99.26 02.11
100.25 02.09
101.25 02.08
102.27 02.07
103.29 02.06
104.32 02.05
105.37 02.05
106.42 02.04
107.48 02.03
108.56 02.03
109.64 02.02
110.74 02.02
111.85 02.01
112.97 02.00
114.10 02.00
115.24 01.99
116.39 01.98
117.55 01.98
118.73 01.96
119.92 01.94
121.12 01.91
122.33 01.88
123.55 01.86
124.79 01.83
126.03 01.82
127.29 01.82
128.57 01.81
129.85 01.80
131.15 01.80
132.46 01.78
133.79 01.77
135.12 01.77
136.48 01.76
137.84 01.74
139.22 01.74
140.61 01.73
142.02 01.71
143.44 01.71
144.87 01.70
146.32 01.68
147.78 01.68
149.26 01.66
150.75 01.64
152.26 01.61
153.78 01.58
155.32 01.56
156.88 01.52
158.44 01.49
160.03 01.46
161.63 01.47
163.24 01.47
164.88 01.47
166.53 01.47
168.19 01.47
169.87 01.46
171.57 01.44
173.29 01.42
175.02 01.39
176.77 01.36
178.54 01.35
180.32 01.32
182.13 01.27
183.95 01.23
185.79 01.18
187.65 01.14
189.52 01.11
191.42 01.08
193.33 01.06
195.27 01.05
197.22 01.03
199.19 01.03
201.18 01.03
203.19 01.04
205.23 01.06
207.28 01.07
209.35 01.09
211.44 01.10
213.56 01.10
215.69 01.10
217.85 01.10
220.03 01.10
222.23 01.10
224.45 01.10
226.70 01.09
228.96 01.09
231.25 01.08
233.57 01.07
235.90 01.06
238.26 01.05
240.64 01.04
243.05 01.03
245.48 01.01
247.93 00.99
250.41 00.98
252.92 00.98
255.45 00.98
258.00 00.97
260.58 00.97
263.19 00.98
265.82 00.97
268.48 00.95
271.16 00.93
273.87 00.91
276.61 00.89
279.38 00.87
282.17 00.86
284.99 00.84
287.84 00.83
290.72 00.81
293.63 00.79
296.57 00.78
299.53 00.77
302.53 00.76
305.55 00.77
308.61 00.77
311.69 00.78
314.81 00.79
317.96 00.79
321.14 00.80
324.35 00.80
327.59 00.80
330.87 00.80
334.18 00.80
337.52 00.79
340.90 00.77
344.30 00.76
347.75 00.75
351.23 00.74
354.74 00.74
358.28 00.71
361.87 00.69
365.49 00.67
369.14 00.64
372.83 00.62
376.56 00.58
380.33 00.57
384.13 00.54
387.97 00.51
391.85 00.47
395.77 00.43
399.73 00.38
403.72 00.30
407.76 00.22
411.84 00.14
415.96 00.05
420.12 -00.05
424.32 -00.15
428.56 -00.26
432.85 -00.39
437.18 -00.52
441.55 -00.67
445.96 -00.80
450.42 -00.95
454.93 -01.08
459.48 -01.22
464.07 -01.34
468.71 -01.47
473.40 -01.59
478.13 -01.70
482.91 -01.81
487.74 -01.90
492.62 -01.99
497.55 -02.05
502.52 -02.09
507.55 -02.10
512.62 -02.10
517.75 -02.08
522.93 -02.04
528.16 -02.00
533.44 -01.95
538.77 -01.91
544.16 -01.85
549.60 -01.78
555.10 -01.71
560.65 -01.63
566.25 -01.55
571.92 -01.47
577.64 -01.39
583.41 -01.31
589.25 -01.22
595.14 -01.13
601.09 -01.05
607.10 -00.98
613.17 -00.91
619.30 -00.85
625.50 -00.78
631.75 -00.72
638.07 -00.64
644.45 -00.57
650.89 -00.51
657.40 -00.45
663.98 -00.39
670.62 -00.33
677.32 -00.29
684.10 -00.26
690.94 -00.21
697.85 -00.18
704.83 -00.15
711.87 -00.13
718.99 -00.09
726.18 -00.07
733.44 -00.06
740.78 -00.05
748.19 -00.05
755.67 -00.07
763.23 -00.09
770.86 -00.10
778.57 -00.11
786.35 -00.11
794.22 -00.12
802.16 -00.10
810.18 -00.07
818.28 -00.03
826.46 00.00
834.73 00.05
843.08 00.10
851.51 00.15
860.02 00.19
868.62 00.24
877.31 00.31
886.08 00.37
894.94 00.44
903.89 00.51
912.93 00.59
922.06 00.68
931.28 00.76
940.59 00.85
950.00 00.94
959.50 01.02
969.09 01.10
978.78 01.16
988.57 01.20
998.46 01.22
1008.44 01.22
1018.53 01.20
1028.71 01.14
1039.00 01.07
1049.39 00.97
1059.88 00.87
1070.48 00.76
1081.19 00.67
1092.00 00.61
1102.92 00.57
1113.95 00.55
1125.09 00.55
1136.34 00.53
1147.70 00.50
1159.18 00.46
1170.77 00.41
1182.48 00.36
1194.30 00.33
1206.25 00.32
1218.31 00.33
1230.49 00.35
1242.80 00.38
1255.22 00.43
1267.78 00.49
1280.45 00.54
1293.26 00.61
1306.19 00.67
1319.25 00.74
1332.45 00.81
1345.77 00.88
1359.23 00.94
1372.82 00.99
1386.55 01.03
1400.41 01.07
1414.42 01.10
1428.56 01.12
1442.85 01.13
1457.28 01.12
1471.85 01.11
1486.57 01.09
1501.43 01.05
1516.45 00.98
1531.61 00.91
1546.93 00.80
1562.40 00.69
1578.02 00.55
1593.80 00.43
1609.74 00.32
1625.84 00.23
1642.10 00.16
1658.52 00.12
1675.10 00.11
1691.85 00.10
1708.77 00.08
1725.86 00.01
1743.12 -00.07
1760.55 -00.20
1778.15 -00.37
1795.94 -00.56
1813.90 -00.75
1832.03 -00.93
1850.36 -01.12
1868.86 -01.30
1887.55 -01.45
1906.42 -01.56
1925.49 -01.68
1944.74 -01.83
1964.19 -01.96
1983.83 -02.07
2003.67 -02.18
2023.71 -02.38
2043.94 -02.60
2064.38 -02.81
2085.03 -03.03
2105.88 -03.27
2126.94 -03.53
2148.20 -03.73
2169.69 -03.93
2191.38 -04.13
2213.30 -04.33
2235.43 -04.55
2257.78 -04.83
2280.36 -05.13
2303.17 -05.45
2326.20 -05.81
2349.46 -06.17
2372.95 -06.43
2396.68 -06.61
2420.65 -06.76
2444.86 -06.88
2469.31 -06.95
2494.00 -07.00
2518.94 -07.08
2544.13 -07.16
2569.57 -07.23
2595.27 -07.35
2621.22 -07.48
2647.43 -07.63
2673.90 -07.77
2700.64 -07.92
2727.65 -08.03
2754.93 -08.10
2782.48 -08.13
2810.30 -08.16
2838.40 -08.23
2866.79 -08.28
2895.46 -08.33
2924.41 -08.36
2953.65 -08.36
2983.19 -08.31
3013.02 -08.27
3043.15 -08.23
3073.58 -08.14
3104.32 -08.04
3135.36 -07.86
3166.72 -07.63
3198.38 -07.37
3230.37 -07.11
3262.67 -06.84
3295.30 -06.60
3328.25 -06.38
3361.53 -06.19
3395.15 -05.97
3429.10 -05.75
3463.39 -05.52
3498.03 -05.26
3533.01 -05.00
3568.34 -04.73
3604.02 -04.46
3640.06 -04.16
3676.46 -03.84
3713.22 -03.46
3750.36 -03.05
3787.86 -02.52
3825.74 -01.95
3864.00 -01.38
3902.64 -00.81
3941.66 -00.25
3981.08 00.28
4020.89 00.69
4061.10 00.99
4101.71 01.27
4142.73 01.50
4184.15 01.66
4226.00 01.76
4268.26 01.79
4310.94 01.78
4354.05 01.67
4397.59 01.47
4441.56 01.18
4485.98 00.79
4530.84 00.50
4576.15 00.20
4621.91 -00.18
4668.13 -00.68
4714.81 -01.30
4761.96 -01.89
4809.58 -02.15
4857.67 -02.49
4906.25 -02.84
4955.31 -03.14
5004.87 -03.33
5054.91 -03.10
5105.46 -02.81
5156.52 -02.47
5208.08 -02.12
5260.16 -01.77
5312.77 -01.44
5365.89 -01.23
5419.55 -00.95
5473.75 -00.56
5528.49 -00.11
5583.77 00.40
5639.61 00.68
5696.00 00.87
5752.96 01.04
5810.49 01.18
5868.60 01.30
5927.28 01.37
5986.56 01.41
6046.42 01.37
6106.89 01.27
6167.96 01.15
6229.64 00.98
6291.93 00.73
6354.85 00.42
6418.40 00.07
6482.58 -00.31
6547.41 -00.68
6612.88 -00.96
6679.01 -01.08
6745.80 -01.15
6813.26 -01.10
6881.39 -00.89
6950.21 -00.58
7019.71 -00.23
7089.91 00.12
7160.81 00.39
7232.41 00.63
7304.74 00.84
7377.79 01.01
7451.56 01.19
7526.08 01.43
7601.34 01.81
7677.35 02.22
7754.13 02.64
7831.67 03.03
7909.98 03.41
7989.08 03.70
8068.98 03.81
8149.67 03.81
8231.16 03.75
8313.47 03.62
8396.61 03.45
8480.57 03.28
8565.38 03.28
8651.03 03.37
8737.54 03.53
8824.92 03.78
8913.17 04.16
9002.30 04.67
9092.32 05.26
9183.25 05.92
9275.08 06.59
9367.83 07.22
9461.51 07.79
9556.12 08.31
9651.68 08.73
9748.20 09.03
9845.68 09.23
9944.14 09.29
10043.58 09.32
10144.02 09.29
10245.46 09.11
10347.91 08.85
10451.39 08.51
10555.91 08.12
10661.46 07.55
10768.08 06.93
10875.76 06.40
10984.52 05.94
11094.36 05.56
11205.31 05.25
11317.36 04.97
11430.53 04.71
11544.84 04.48
11660.29 04.30
11776.89 04.20
11894.66 04.16
12013.60 04.15
12133.74 04.14
12255.08 04.10
12377.63 04.01
12501.41 03.86
12626.42 03.66
12752.68 03.54
12880.21 03.57
13009.01 03.84
13139.10 04.30
13270.49 04.81
13403.20 05.32
13537.23 05.85
13672.60 06.40
13809.33 07.08
13947.42 07.88
14086.90 08.77
14227.77 09.66
14370.04 10.34
14513.74 10.73
14658.88 10.84
14805.47 10.68
14953.52 10.23
15103.06 09.41
15254.09 08.41
15406.63 07.37
15560.70 06.35
15716.30 05.38
15873.47 04.55
16032.20 03.86
16192.52 03.38
16354.45 03.14
16517.99 03.16
16683.17 03.53
16850.01 03.97
17018.51 04.41
17188.69 05.05
17360.58 05.46
17534.18 05.49
17709.53 05.20
17886.62 04.60
18065.49 03.68
18246.14 02.51
18428.60 01.24
18612.89 00.01
18799.02 -01.17
18987.01 -02.27
19176.88 -03.19
19368.65 -03.58
19562.33 -03.47
19757.96 -02.98
19955.54 -02.26
20000.00 -02.08
