20.00 -00.43
20.20 -00.35
20.40 -00.28
20.61 -00.20
20.81 -00.14
21.02 -00.17
21.23 -00.11
21.44 -00.05
21.66 00.02
21.87 00.07
22.09 00.03
22.31 00.09
22.54 00.15
22.76 00.20
22.99 00.15
23.22 00.21
23.45 00.26
23.69 00.32
23.92 00.37
24.16 00.32
24.40 00.38
24.65 00.43
24.89 00.48
25.14 00.53
25.39 00.59
25.65 00.54
25.91 00.59
26.16 00.64
26.43 00.69
26.69 00.74
26.96 00.79
27.23 00.83
27.50 00.88
27.77 00.82
28.05 00.87
28.33 00.92
28.62 00.96
28.90 00.90
29.19 00.95
29.48 00.99
29.78 01.03
30.08 00.97
30.38 01.01
30.68 01.04
30.99 00.98
31.30 01.02
31.61 01.05
31.93 01.09
32.24 01.02
32.57 01.06
32.89 01.09
33.22 01.13
33.55 01.16
33.89 01.20
34.23 01.23
34.57 01.26
34.92 01.30
35.27 01.33
35.62 01.36
35.97 01.39
36.33 01.42
36.70 01.45
37.06 01.58
37.43 01.61
37.81 01.64
38.19 01.67
38.57 01.70
38.95 01.73
39.34 01.86
39.74 01.78
40.14 01.81
40.54 01.84
40.94 01.86
41.35 01.79
41.76 01.81
42.18 01.83
42.60 01.95
43.03 01.88
43.46 01.90
43.90 01.92
44.33 01.94
44.78 01.96
45.23 02.08
45.68 02.10
46.13 02.12
46.60 02.14
47.06 02.16
47.53 02.17
48.01 02.09
48.49 02.11
48.97 02.12
49.46 02.14
49.96 02.16
50.46 02.17
50.96 02.18
51.47 02.30
51.99 02.31
52.51 02.33
53.03 02.34
53.56 02.35
54.10 02.36
54.64 02.37
55.18 02.39
55.74 02.40
56.29 02.41
56.86 02.42
57.42 02.43
58.00 02.44
58.58 02.54
59.16 02.55
59.76 02.66
60.35 02.66
60.96 02.67
61.57 02.67
62.18 02.67
62.80 02.77
63.43 02.77
64.07 02.66
64.71 02.66
65.35 02.65
66.01 02.63
66.67 02.62
67.33 02.60
68.01 02.58
68.69 02.66
69.37 02.63
70.07 02.61
70.77 02.59
71.48 02.56
72.19 02.54
72.91 02.52
73.64 02.51
74.38 02.50
75.12 02.50
75.87 02.50
76.63 02.51
77.40 02.52
78.17 02.53
78.95 02.55
79.74 02.68
80.54 02.70
81.35 02.72
82.16 02.75
82.98 02.78
83.81 02.81
84.65 02.84
85.50 02.97
86.35 03.00
87.22 03.03
88.09 03.16
88.97 03.19
89.86 03.23
90.76 03.26
91.66 03.30
92.58 03.33
93.51 03.27
94.44 03.30
95.39 03.34
96.34 03.37
97.30 03.40
98.28 03.44
99.26 03.47
100.25 03.50
101.25 03.53
102.27 03.66
103.29 03.70
104.32 03.72
105.37 03.75
106.42 03.78
107.48 03.81
108.56 03.84
109.64 03.86
110.74 03.88
111.85 03.91
112.97 03.93
114.10 03.95
115.24 03.97
116.39 03.99
117.55 04.01
118.73 04.02
119.92 04.04
121.12 04.05
122.33 04.06
123.55 03.98
124.79 03.99
126.03 03.99
127.29 04.00
128.57 04.01
129.85 04.02
131.15 04.02
132.46 04.03
133.79 04.03
135.12 04.14
136.48 04.14
137.84 04.15
139.22 04.15
140.61 04.15
142.02 04.16
143.44 04.16
144.87 04.16
146.32 04.17
147.78 04.17
149.26 04.17
150.75 04.18
152.26 04.18
153.78 04.18
155.32 04.08
156.88 04.08
158.44 04.08
160.03 04.08
161.63 04.08
163.24 04.07
164.88 04.17
166.53 04.17
168.19 04.17
169.87 04.16
171.57 04.16
173.29 04.16
175.02 04.16
176.77 04.16
178.54 04.26
180.32 04.26
182.13 04.16
183.95 04.16
185.79 04.16
187.65 04.16
189.52 04.06
191.42 04.05
193.33 04.05
195.27 04.05
197.22 04.04
199.19 04.04
201.18 04.04
203.19 04.04
205.23 04.04
207.28 04.04
209.35 04.04
211.44 04.04
213.56 04.04
215.69 04.04
217.85 04.03
220.03 04.03
222.23 04.02
224.45 04.01
226.70 04.00
228.96 03.99
231.25 03.99
233.57 03.97
235.90 03.96
238.26 03.95
240.64 03.94
243.05 03.93
245.48 03.92
247.93 03.91
250.41 03.90
252.92 03.99
255.45 03.98
258.00 03.96
260.58 03.95
263.19 03.94
265.82 04.02
268.48 04.00
271.16 03.99
273.87 03.97
276.61 03.95
279.38 03.93
282.17 03.91
284.99 03.90
287.84 03.88
290.72 03.86
293.63 03.85
296.57 03.83
299.53 03.82
302.53 03.81
305.55 03.79
308.61 03.78
311.69 03.76
314.81 03.84
317.96 03.82
321.14 03.80
324.35 03.77
327.59 03.74
330.87 03.71
334.18 03.68
337.52 03.65
340.90 03.61
344.30 03.57
347.75 03.53
351.23 03.49
354.74 03.54
358.28 03.39
361.87 03.33
365.49 03.28
369.14 03.21
372.83 03.15
376.56 03.08
380.33 03.00
384.13 02.92
387.97 02.84
391.85 02.76
395.77 02.67
399.73 02.69
403.72 02.51
407.76 02.43
411.84 02.35
415.96 02.28
420.12 02.22
424.32 02.16
428.56 02.11
432.85 02.07
437.18 02.04
441.55 01.91
445.96 01.88
450.42 01.86
454.93 01.83
459.48 01.81
464.07 01.78
468.71 01.76
473.40 01.73
478.13 01.71
482.91 01.68
487.74 01.65
492.62 01.62
497.55 01.60
502.52 01.57
507.55 01.55
512.62 01.53
517.75 01.61
522.93 01.59
528.16 01.56
533.44 01.54
538.77 01.51
544.16 01.47
549.60 01.43
555.10 01.39
560.65 01.34
566.25 01.30
571.92 01.25
577.64 01.21
583.41 01.17
589.25 01.12
595.14 01.08
601.09 01.05
607.10 01.02
613.17 00.99
619.30 00.87
625.50 00.84
631.75 00.83
638.07 00.81
644.45 00.80
650.89 00.78
657.40 00.77
663.98 00.76
670.62 00.75
677.32 00.74
684.10 00.72
690.94 00.70
697.85 00.58
704.83 00.57
711.87 00.55
718.99 00.53
726.18 00.51
733.44 00.50
740.78 00.48
748.19 00.47
755.67 00.46
763.23 00.45
770.86 00.44
778.57 00.33
786.35 00.32
794.22 00.31
802.16 00.30
810.18 00.29
818.28 00.28
826.46 00.27
834.73 00.26
843.08 00.26
851.51 00.26
860.02 00.26
868.62 00.26
877.31 00.17
886.08 00.17
894.94 00.18
903.89 00.18
912.93 00.18
922.06 00.17
931.28 00.16
940.59 00.15
950.00 00.13
959.50 00.11
969.09 00.08
978.78 00.06
988.57 00.03
998.46 00.00
1008.44 -00.04
1018.53 -00.08
1028.71 -00.12
1039.00 -00.16
1049.39 -00.21
1059.88 -00.25
1070.48 -00.31
1081.19 -00.36
1092.00 -00.43
1102.92 -00.49
1113.95 -00.56
1125.09 -00.62
1136.34 -00.69
1147.70 -00.76
1159.18 -00.84
1170.77 -00.91
1182.48 -00.99
1194.30 -01.07
1206.25 -01.15
1218.31 -01.23
1230.49 -01.31
1242.80 -01.39
1255.22 -01.48
1267.78 -01.57
1280.45 -01.65
1293.26 -01.72
1306.19 -01.78
1319.25 -01.82
1332.45 -01.86
1345.77 -01.90
1359.23 -01.94
1372.82 -01.97
1386.55 -02.00
1400.41 -02.03
1414.42 -02.05
1428.56 -02.08
1442.85 -02.10
1457.28 -02.14
1471.85 -02.19
1486.57 -02.24
1501.43 -02.28
1516.45 -02.32
1531.61 -02.36
1546.93 -02.48
1562.40 -02.50
1578.02 -02.51
1593.80 -02.51
1609.74 -02.51
1625.84 -02.49
1642.10 -02.47
1658.52 -02.44
1675.10 -02.40
1691.85 -02.36
1708.77 -02.30
1725.86 -02.25
1743.12 -02.18
1760.55 -02.22
1778.15 -02.16
1795.94 -02.09
1813.90 -02.02
1832.03 -01.96
1850.36 -02.00
1868.86 -01.94
1887.55 -01.88
1906.42 -01.83
1925.49 -01.89
1944.74 -01.96
1964.19 -01.93
1983.83 -02.00
2003.67 -01.98
2023.71 -02.17
2043.94 -02.26
2064.38 -02.45
2085.03 -02.54
2105.88 -02.73
2126.94 -02.82
2148.20 -02.91
2169.69 -02.89
2191.38 -02.97
2213.30 -02.94
2235.43 -03.01
2257.78 -03.07
2280.36 -03.12
2303.17 -03.17
2326.20 -03.21
2349.46 -03.24
2372.95 -03.18
2396.68 -03.12
2420.65 -03.05
2444.86 -02.89
2469.31 -02.84
2494.00 -02.79
2518.94 -02.85
2544.13 -02.81
2569.57 -02.88
2595.27 -02.84
2621.22 -02.81
2647.43 -02.88
2673.90 -02.85
2700.64 -02.82
2727.65 -02.78
2754.93 -02.84
2782.48 -02.80
2810.30 -02.86
2838.40 -02.81
2866.79 -02.97
2895.46 -03.13
2924.41 -03.29
2953.65 -03.46
2983.19 -03.54
3013.02 -03.72
3043.15 -04.01
3073.58 -04.20
3104.32 -04.39
3135.36 -04.59
3166.72 -04.90
3198.38 -05.21
3230.37 -05.44
3262.67 -05.67
3295.30 -06.02
3328.25 -06.28
3361.53 -06.56
3395.15 -06.76
3429.10 -07.17
3463.39 -07.38
3498.03 -07.67
3533.01 -07.93
3568.34 -08.16
3604.02 -08.46
3640.06 -08.62
3676.46 -08.84
3713.22 -08.90
3750.36 -08.99
3787.86 -08.82
3825.74 -08.69
3864.00 -08.83
3902.64 -08.82
3941.66 -08.77
3981.08 -08.75
4020.89 -08.64
4061.10 -08.43
4101.71 -08.03
4142.73 -07.43
4184.15 -06.55
4226.00 -05.44
4268.26 -03.93
4310.94 -02.45
4354.05 -01.01
4397.59 00.15
4441.56 00.96
4485.98 01.35
4530.84 01.66
4576.15 01.85
4621.91 01.87
4668.13 01.77
4714.81 01.55
4761.96 01.41
4809.58 01.82
4857.67 01.92
4906.25 01.85
4955.31 01.20
5004.87 00.54
5054.91 -00.25
5105.46 -00.99
5156.52 -01.35
5208.08 -01.44
5260.16 -01.16
5312.77 -00.78
5365.89 -00.46
5419.55 -00.14
5473.75 00.21
5528.49 00.57
5583.77 01.11
5639.61 01.32
5696.00 01.09
5752.96 00.82
5810.49 00.79
5868.60 00.59
5927.28 00.34
5986.56 00.14
6046.42 -00.19
6106.89 -00.63
6167.96 -00.99
6229.64 -01.34
6291.93 -01.70
6354.85 -02.14
6418.40 -02.48
6482.58 -02.80
6547.41 -03.08
6612.88 -03.28
6679.01 -03.46
6745.80 -03.69
6813.26 -03.45
6881.39 -03.25
6950.21 -02.91
7019.71 -02.48
7089.91 -02.02
7160.81 -01.65
7232.41 -01.21
7304.74 -00.91
7377.79 -00.57
7451.56 -00.39
7526.08 -00.17
7601.34 00.19
7677.35 00.39
7754.13 00.55
7831.67 00.67
7909.98 00.89
7989.08 01.00
8068.98 01.14
8149.67 01.39
8231.16 01.67
8313.47 01.85
8396.61 01.92
8480.57 01.98
8565.38 01.80
8651.03 01.99
8737.54 02.04
8824.92 02.13
8913.17 02.06
9002.30 02.02
9092.32 01.80
9183.25 01.41
9275.08 00.96
9367.83 00.45
9461.51 -00.01
9556.12 -00.29
9651.68 -00.49
9748.20 -00.48
9845.68 -00.47
9944.14 -00.62
10043.58 -00.65
10144.02 -00.73
10245.46 -00.69
10347.91 -00.71
10451.39 -00.60
10555.91 -00.56
10661.46 -00.60
10768.08 -00.71
10875.76 -00.80
10984.52 -00.97
11094.36 -01.02
11205.31 -01.03
11317.36 -01.01
11430.53 -00.94
11544.84 -00.91
11660.29 -00.72
11776.89 -00.47
11894.66 -00.25
12013.60 00.13
12133.74 00.57
12255.08 01.03
12377.63 01.39
12501.41 01.82
12626.42 02.08
12752.68 02.26
12880.21 02.35
13009.01 02.36
13139.10 02.39
13270.49 02.15
13403.20 01.93
13537.23 01.53
13672.60 01.15
13809.33 00.59
13947.42 -00.02
14086.90 -00.52
14227.77 -01.07
14370.04 -01.51
14513.74 -01.92
14658.88 -02.12
14805.47 -02.29
14953.52 -02.62
15103.06 -02.73
15254.09 -02.77
15406.63 -02.95
15560.70 -02.89
15716.30 -02.72
15873.47 -02.67
16032.20 -02.67
16192.52 -02.71
16354.45 -02.80
16517.99 -02.82
16683.17 -02.99
16850.01 -03.22
17018.51 -03.44
17188.69 -03.36
17360.58 -03.61
17534.18 -03.87
17709.53 -04.29
17886.62 -04.64
18065.49 -04.88
18246.14 -05.19
18428.60 -05.47
18612.89 -05.61
18799.02 -05.83
18987.01 -05.94
19176.88 -06.18
19368.65 -06.52
19562.33 -07.00
19757.96 -07.66
19955.54 -08.49
20000.00 -08.69
