20.00 -02.39
20.20 -02.33
20.40 -02.28
20.61 -02.22
20.81 -02.17
21.02 -02.12
21.23 -02.07
21.44 -02.01
21.66 -01.94
21.87 -01.87
22.09 -01.82
22.31 -01.75
22.54 -01.70
22.76 -01.66
22.99 -01.63
23.22 -01.59
23.45 -01.56
23.69 -01.52
23.92 -01.48
24.16 -01.44
24.40 -01.41
24.65 -01.37
24.89 -01.35
25.14 -01.30
25.39 -01.25
25.65 -01.20
25.91 -01.16
26.16 -01.11
26.43 -01.08
26.69 -01.03
26.96 -00.99
27.23 -00.96
27.50 -00.92
27.77 -00.89
28.05 -00.85
28.33 -00.84
28.62 -00.83
28.90 -00.81
29.19 -00.80
29.48 -00.78
29.78 -00.78
30.08 -00.78
30.38 -00.79
30.68 -00.79
30.99 -00.81
31.30 -00.82
31.61 -00.83
31.93 -00.83
32.24 -00.83
32.57 -00.83
32.89 -00.84
33.22 -00.85
33.55 -00.87
33.89 -00.88
34.23 -00.88
34.57 -00.89
34.92 -00.92
35.27 -00.93
35.62 -00.96
35.97 -01.00
36.33 -01.02
36.70 -01.06
37.06 -01.09
37.43 -01.13
37.81 -01.19
38.19 -01.24
38.57 -01.29
38.95 -01.35
39.34 -01.40
39.74 -01.45
40.14 -01.50
40.54 -01.56
40.94 -01.61
41.35 -01.65
41.76 -01.68
42.18 -01.72
42.60 -01.72
43.03 -01.70
43.46 -01.67
43.90 -01.62
44.33 -01.57
44.78 -01.52
45.23 -01.46
45.68 -01.41
46.13 -01.35
46.60 -01.29
47.06 -01.23
47.53 -01.17
48.01 -01.08
48.49 -00.99
48.97 -00.90
49.46 -00.81
49.96 -00.73
50.46 -00.64
50.96 -00.56
51.47 -00.48
51.99 -00.41
52.51 -00.34
53.03 -00.26
53.56 -00.20
54.10 -00.13
54.64 -00.08
55.18 -00.02
55.74 00.04
56.29 00.11
56.86 00.18
57.42 00.23
58.00 00.29
58.58 00.37
59.16 00.43
59.76 00.49
60.35 00.55
60.96 00.62
61.57 00.67
62.18 00.74
62.80 00.79
63.43 00.83
64.07 00.86
64.71 00.89
65.35 00.91
66.01 00.92
66.67 00.95
67.33 00.98
68.01 01.01
68.69 01.05
69.37 01.08
70.07 01.12
70.77 01.15
71.48 01.18
72.19 01.21
72.91 01.24
73.64 01.26
74.38 01.29
75.12 01.32
75.87 01.36
76.63 01.39
77.40 01.44
78.17 01.47
78.95 01.51
79.74 01.54
80.54 01.57
81.35 01.60
82.16 01.62
82.98 01.64
83.81 01.67
84.65 01.70
85.50 01.73
86.35 01.77
87.22 01.81
88.09 01.85
88.97 01.90
89.86 01.94
90.76 01.95
91.66 01.96
92.58 01.97
93.51 01.97
94.44 01.98
95.39 01.99
96.34 02.02
97.30 02.03
98.28 02.05
99.26 02.08
100.25 02.10
101.25 02.11
102.27 02.14
103.29 02.15
104.32 02.16
105.37 02.19
106.42 02.20
107.48 02.21
108.56 02.24
109.64 02.25
110.74 02.27
111.85 02.29
112.97 02.30
114.10 02.32
115.24 02.33
116.39 02.34
117.55 02.37
118.73 02.37
119.92 02.37
121.12 02.36
122.33 02.36
123.55 02.36
124.79 02.35
126.03 02.35
127.29 02.37
128.57 02.38
129.85 02.38
131.15 02.40
132.46 02.41
133.79 02.41
135.12 02.42
136.48 02.43
137.84 02.43
139.22 02.44
140.61 02.44
142.02 02.45
143.44 02.46
144.87 02.46
146.32 02.46
147.78 02.47
149.26 02.46
150.75 02.45
152.26 02.44
153.78 02.43
155.32 02.42
156.88 02.40
158.44 02.38
160.03 02.37
161.63 02.39
163.24 02.41
164.88 02.43
166.53 02.45
168.19 02.47
169.87 02.50
171.57 02.50
173.29 02.51
175.02 02.51
176.77 02.52
178.54 02.53
180.32 02.53
182.13 02.52
183.95 02.50
185.79 02.48
187.65 02.46
189.52 02.44
191.42 02.43
193.33 02.42
195.27 02.41
197.22 02.40
199.19 02.39
201.18 02.39
203.19 02.39
205.23 02.40
207.28 02.40
209.35 02.41
211.44 02.41
213.56 02.41
215.69 02.40
217.85 02.39
220.03 02.39
222.23 02.38
224.45 02.38
226.70 02.37
228.96 02.37
231.25 02.36
233.57 02.36
235.90 02.35
238.26 02.35
240.64 02.34
243.05 02.34
245.48 02.33
247.93 02.33
250.41 02.32
252.92 02.34
255.45 02.35
258.00 02.36
260.58 02.37
263.19 02.39
265.82 02.39
268.48 02.38
271.16 02.37
273.87 02.36
276.61 02.35
279.38 02.34
282.17 02.34
284.99 02.33
287.84 02.33
290.72 02.32
293.63 02.31
296.57 02.31
299.53 02.31
302.53 02.31
305.55 02.30
308.61 02.30
311.69 02.30
314.81 02.30
317.96 02.29
321.14 02.29
324.35 02.28
327.59 02.28
330.87 02.27
334.18 02.27
337.52 02.26
340.90 02.25
344.30 02.24
347.75 02.24
351.23 02.23
354.74 02.23
358.28 02.20
361.87 02.17
365.49 02.14
369.14 02.11
372.83 02.09
376.56 02.07
380.33 02.06
384.13 02.05
387.97 02.04
391.85 02.03
395.77 02.02
399.73 02.01
403.72 01.99
407.76 01.97
411.84 01.95
415.96 01.93
420.12 01.91
424.32 01.89
428.56 01.87
432.85 01.85
437.18 01.82
441.55 01.79
445.96 01.77
450.42 01.74
454.93 01.73
459.48 01.71
464.07 01.70
468.71 01.68
473.40 01.67
478.13 01.65
482.91 01.63
487.74 01.61
492.62 01.60
497.55 01.58
502.52 01.57
507.55 01.57
512.62 01.56
517.75 01.57
522.93 01.57
528.16 01.57
533.44 01.56
538.77 01.55
544.16 01.53
549.60 01.51
555.10 01.49
560.65 01.48
566.25 01.46
571.92 01.45
577.64 01.43
583.41 01.41
589.25 01.40
595.14 01.38
601.09 01.36
607.10 01.33
613.17 01.29
619.30 01.25
625.50 01.22
631.75 01.18
638.07 01.16
644.45 01.14
650.89 01.13
657.40 01.11
663.98 01.09
670.62 01.07
677.32 01.03
684.10 00.99
690.94 00.96
697.85 00.92
704.83 00.88
711.87 00.85
718.99 00.83
726.18 00.81
733.44 00.78
740.78 00.76
748.19 00.74
755.67 00.70
763.23 00.65
770.86 00.62
778.57 00.57
786.35 00.53
794.22 00.48
802.16 00.44
810.18 00.41
818.28 00.38
826.46 00.36
834.73 00.33
843.08 00.30
851.51 00.27
860.02 00.22
868.62 00.16
877.31 00.12
886.08 00.07
894.94 00.02
903.89 -00.02
912.93 -00.04
922.06 -00.07
931.28 -00.10
940.59 -00.13
950.00 -00.16
959.50 -00.19
969.09 -00.23
978.78 -00.27
988.57 -00.32
998.46 -00.38
1008.44 -00.44
1018.53 -00.51
1028.71 -00.58
1039.00 -00.64
1049.39 -00.71
1059.88 -00.78
1070.48 -00.84
1081.19 -00.90
1092.00 -00.95
1102.92 -00.99
1113.95 -01.03
1125.09 -01.06
1136.34 -01.09
1147.70 -01.11
1159.18 -01.14
1170.77 -01.16
1182.48 -01.19
1194.30 -01.22
1206.25 -01.25
1218.31 -01.28
1230.49 -01.31
1242.80 -01.35
1255.22 -01.38
1267.78 -01.42
1280.45 -01.46
1293.26 -01.51
1306.19 -01.56
1319.25 -01.61
1332.45 -01.67
1345.77 -01.74
1359.23 -01.81
1372.82 -01.88
1386.55 -01.95
1400.41 -02.03
1414.42 -02.13
1428.56 -02.22
1442.85 -02.32
1457.28 -02.42
1471.85 -02.52
1486.57 -02.62
1501.43 -02.73
1516.45 -02.85
1531.61 -02.97
1546.93 -03.09
1562.40 -03.21
1578.02 -03.33
1593.80 -03.44
1609.74 -03.53
1625.84 -03.60
1642.10 -03.66
1658.52 -03.72
1675.10 -03.75
1691.85 -03.78
1708.77 -03.80
1725.86 -03.83
1743.12 -03.84
1760.55 -03.85
1778.15 -03.85
1795.94 -03.83
1813.90 -03.79
1832.03 -03.75
1850.36 -03.70
1868.86 -03.65
1887.55 -03.59
1906.42 -03.53
1925.49 -03.49
1944.74 -03.45
1964.19 -03.39
1983.83 -03.33
2003.67 -03.27
2023.71 -03.28
2043.94 -03.28
2064.38 -03.29
2085.03 -03.30
2105.88 -03.31
2126.94 -03.30
2148.20 -03.25
2169.69 -03.21
2191.38 -03.18
2213.30 -03.16
2235.43 -03.17
2257.78 -03.23
2280.36 -03.32
2303.17 -03.42
2326.20 -03.53
2349.46 -03.65
2372.95 -03.71
2396.68 -03.71
2420.65 -03.73
2444.86 -03.74
2469.31 -03.75
2494.00 -03.75
2518.94 -03.79
2544.13 -03.83
2569.57 -03.87
2595.27 -03.91
2621.22 -03.94
2647.43 -03.97
2673.90 -04.00
2700.64 -04.02
2727.65 -04.05
2754.93 -04.09
2782.48 -04.11
2810.30 -04.17
2838.40 -04.29
2866.79 -04.39
2895.46 -04.49
2924.41 -04.58
2953.65 -04.67
2983.19 -04.74
3013.02 -04.85
3043.15 -05.00
3073.58 -05.16
3104.32 -05.35
3135.36 -05.54
3166.72 -05.76
3198.38 -05.98
3230.37 -06.22
3262.67 -06.47
3295.30 -06.73
3328.25 -07.00
3361.53 -07.27
3395.15 -07.50
3429.10 -07.71
3463.39 -07.88
3498.03 -07.99
3533.01 -08.04
3568.34 -08.06
3604.02 -08.06
3640.06 -08.02
3676.46 -07.93
3713.22 -07.78
3750.36 -07.58
3787.86 -07.23
3825.74 -06.81
3864.00 -06.34
3902.64 -05.83
3941.66 -05.31
3981.08 -04.79
4020.89 -04.34
4061.10 -03.98
4101.71 -03.58
4142.73 -03.19
4184.15 -02.81
4226.00 -02.45
4268.26 -02.09
4310.94 -01.73
4354.05 -01.44
4397.59 -01.19
4441.56 -01.00
4485.98 -00.87
4530.84 -00.65
4576.15 -00.43
4621.91 -00.27
4668.13 -00.19
4714.81 -00.20
4761.96 -00.15
4809.58 00.24
4857.67 00.55
4906.25 00.78
4955.31 00.93
5004.87 01.04
5054.91 01.40
5105.46 01.70
5156.52 01.92
5208.08 02.07
5260.16 02.16
5312.77 02.17
5365.89 02.02
5419.55 01.89
5473.75 01.82
5528.49 01.80
5583.77 01.84
5639.61 01.67
5696.00 01.45
5752.96 01.29
5810.49 01.19
5868.60 01.13
5927.28 01.12
5986.56 01.14
6046.42 01.15
6106.89 01.16
6167.96 01.22
6229.64 01.30
6291.93 01.42
6354.85 01.58
6418.40 01.78
6482.58 02.02
6547.41 02.31
6612.88 02.64
6679.01 03.00
6745.80 03.26
6813.26 03.46
6881.39 03.63
6950.21 03.77
7019.71 03.86
7089.91 03.90
7160.81 03.84
7232.41 03.74
7304.74 03.61
7377.79 03.44
7451.56 03.25
7526.08 03.08
7601.34 02.99
7677.35 02.87
7754.13 02.74
7831.67 02.59
7909.98 02.45
7989.08 02.29
8068.98 02.02
8149.67 01.70
8231.16 01.33
8313.47 00.92
8396.61 00.46
8480.57 -00.02
8565.38 -00.33
8651.03 -00.56
8737.54 -00.75
8824.92 -00.90
8913.17 -01.00
9002.30 -01.04
9092.32 -01.06
9183.25 -01.03
9275.08 -00.99
9367.83 -00.93
9461.51 -00.86
9556.12 -00.76
9651.68 -00.64
9748.20 -00.48
9845.68 -00.27
9944.14 00.00
10043.58 00.41
10144.02 00.93
10245.46 01.46
10347.91 01.97
10451.39 02.45
10555.91 02.87
10661.46 03.09
10768.08 03.15
10875.76 03.16
10984.52 03.11
11094.36 03.00
11205.31 02.81
11317.36 02.52
11430.53 02.17
11544.84 01.79
11660.29 01.42
11776.89 01.09
11894.66 00.81
12013.60 00.57
12133.74 00.36
12255.08 00.17
12377.63 00.00
12501.41 -00.17
12626.42 -00.38
12752.68 -00.58
12880.21 -00.75
13009.01 -00.92
13139.10 -01.09
13270.49 -01.31
13403.20 -01.56
13537.23 -01.81
13672.60 -02.04
13809.33 -02.23
13947.42 -02.36
14086.90 -02.41
14227.77 -02.40
14370.04 -02.34
14513.74 -02.24
14658.88 -02.15
14805.47 -02.05
14953.52 -01.95
15103.06 -01.91
15254.09 -01.88
15406.63 -01.83
15560.70 -01.78
15716.30 -01.73
15873.47 -01.67
16032.20 -01.60
16192.52 -01.49
16354.45 -01.37
16517.99 -01.25
16683.17 -01.15
16850.01 -01.10
17018.51 -01.07
17188.69 -00.77
17360.58 -00.54
17534.18 -00.42
17709.53 -00.40
17886.62 -00.47
18065.49 -00.69
18246.14 -01.08
18428.60 -01.65
18612.89 -02.41
18799.02 -03.35
18987.01 -04.43
19176.88 -05.58
19368.65 -06.68
19562.33 -07.70
19757.96 -08.67
19955.54 -09.61
20000.00 -09.82
