20.00 -01.70
20.20 -01.65
20.40 -01.60
20.61 -01.56
20.81 -01.52
21.02 -01.59
21.23 -01.57
21.44 -01.55
21.66 -01.53
21.87 -01.52
22.09 -01.61
22.31 -01.60
22.54 -01.60
22.76 -01.59
22.99 -01.69
23.22 -01.68
23.45 -01.68
23.69 -01.67
23.92 -01.67
24.16 -01.76
24.40 -01.76
24.65 -01.76
24.89 -01.75
25.14 -01.75
25.39 -01.75
25.65 -01.85
25.91 -01.84
26.16 -01.84
26.43 -01.84
26.69 -01.84
26.96 -01.84
27.23 -01.84
27.50 -01.84
27.77 -01.94
28.05 -01.94
28.33 -01.94
28.62 -01.94
28.90 -02.04
29.19 -02.04
29.48 -02.04
29.78 -02.04
30.08 -02.15
30.38 -02.15
30.68 -02.15
30.99 -02.25
31.30 -02.26
31.61 -02.26
31.93 -02.26
32.24 -02.37
32.57 -02.37
32.89 -02.38
33.22 -02.38
33.55 -02.38
33.89 -02.39
34.23 -02.39
34.57 -02.40
34.92 -02.41
35.27 -02.41
35.62 -02.42
35.97 -02.43
36.33 -02.44
36.70 -02.45
37.06 -02.36
37.43 -02.37
37.81 -02.38
38.19 -02.39
38.57 -02.39
38.95 -02.40
39.34 -02.31
39.74 -02.42
40.14 -02.43
40.54 -02.44
40.94 -02.44
41.35 -02.55
41.76 -02.55
42.18 -02.55
42.60 -02.45
43.03 -02.54
43.46 -02.53
43.90 -02.52
44.33 -02.51
44.78 -02.49
45.23 -02.36
45.68 -02.34
46.13 -02.31
46.60 -02.28
47.06 -02.25
47.53 -02.21
48.01 -02.28
48.49 -02.24
48.97 -02.21
49.46 -02.17
49.96 -02.14
50.46 -02.11
50.96 -02.08
51.47 -01.95
51.99 -01.92
52.51 -01.90
53.03 -01.89
53.56 -01.87
54.10 -01.86
54.64 -01.86
55.18 -01.85
55.74 -01.85
56.29 -01.86
56.86 -01.86
57.42 -01.87
58.00 -01.87
58.58 -01.78
59.16 -01.79
59.76 -01.70
60.35 -01.71
60.96 -01.72
61.57 -01.73
62.18 -01.74
62.80 -01.65
63.43 -01.66
64.07 -01.77
64.71 -01.78
65.35 -01.79
66.01 -01.80
66.67 -01.82
67.33 -01.83
68.01 -01.84
68.69 -01.76
69.37 -01.77
70.07 -01.79
70.77 -01.80
71.48 -01.82
72.19 -01.83
72.91 -01.84
73.64 -01.86
74.38 -01.87
75.12 -01.88
75.87 -01.90
76.63 -01.91
77.40 -01.92
78.17 -01.93
78.95 -01.94
79.74 -01.85
80.54 -01.86
81.35 -01.87
82.16 -01.88
82.98 -01.89
83.81 -01.89
84.65 -01.90
85.50 -01.81
86.35 -01.82
87.22 -01.82
88.09 -01.73
88.97 -01.74
89.86 -01.74
90.76 -01.75
91.66 -01.75
92.58 -01.76
93.51 -01.87
94.44 -01.87
95.39 -01.88
96.34 -01.89
97.30 -01.89
98.28 -01.90
99.26 -01.90
100.25 -01.91
101.25 -01.92
102.27 -01.82
103.29 -01.83
104.32 -01.84
105.37 -01.84
106.42 -01.85
107.48 -01.85
108.56 -01.86
109.64 -01.86
110.74 -01.87
111.85 -01.87
112.97 -01.88
114.10 -01.88
115.24 -01.89
116.39 -01.89
117.55 -01.89
118.73 -01.90
119.92 -01.90
121.12 -01.91
122.33 -01.91
123.55 -02.02
124.79 -02.03
126.03 -02.03
127.29 -02.04
128.57 -02.04
129.85 -02.05
131.15 -02.05
132.46 -02.06
133.79 -02.06
135.12 -01.97
136.48 -01.97
137.84 -01.97
139.22 -01.98
140.61 -01.98
142.02 -01.98
143.44 -01.98
144.87 -01.98
146.32 -01.98
147.78 -01.98
149.26 -01.97
150.75 -01.97
152.26 -01.96
153.78 -01.95
155.32 -02.04
156.88 -02.03
158.44 -02.02
160.03 -02.01
161.63 -02.00
163.24 -01.99
164.88 -01.88
166.53 -01.87
168.19 -01.86
169.87 -01.85
171.57 -01.84
173.29 -01.82
175.02 -01.81
176.77 -01.80
178.54 -01.68
180.32 -01.67
182.13 -01.76
183.95 -01.74
185.79 -01.73
187.65 -01.71
189.52 -01.80
191.42 -01.78
193.33 -01.77
195.27 -01.75
197.22 -01.73
199.19 -01.71
201.18 -01.70
203.19 -01.68
205.23 -01.66
207.28 -01.64
209.35 -01.62
211.44 -01.59
213.56 -01.57
215.69 -01.55
217.85 -01.53
220.03 -01.50
222.23 -01.48
224.45 -01.46
226.70 -01.44
228.96 -01.42
231.25 -01.41
233.57 -01.40
235.90 -01.39
238.26 -01.38
240.64 -01.38
243.05 -01.37
245.48 -01.37
247.93 -01.37
250.41 -01.36
252.92 -01.26
255.45 -01.25
258.00 -01.24
260.58 -01.23
263.19 -01.22
265.82 -01.10
268.48 -01.08
271.16 -01.06
273.87 -01.03
276.61 -01.00
279.38 -00.97
282.17 -00.93
284.99 -00.90
287.84 -00.86
290.72 -00.84
293.63 -00.82
296.57 -00.82
299.53 -00.84
302.53 -00.89
305.55 -00.95
308.61 -01.03
311.69 -01.13
314.81 -01.15
317.96 -01.27
321.14 -01.40
324.35 -01.52
327.59 -01.63
330.87 -01.72
334.18 -01.79
337.52 -01.82
340.90 -01.84
344.30 -01.82
347.75 -01.79
351.23 -01.74
354.74 -01.59
358.28 -01.63
361.87 -01.56
365.49 -01.50
369.14 -01.44
372.83 -01.37
376.56 -01.31
380.33 -01.25
384.13 -01.19
387.97 -01.14
391.85 -01.08
395.77 -01.03
399.73 -00.88
403.72 -00.93
407.76 -00.88
411.84 -00.83
415.96 -00.77
420.12 -00.72
424.32 -00.66
428.56 -00.60
432.85 -00.54
437.18 -00.48
441.55 -00.53
445.96 -00.47
450.42 -00.41
454.93 -00.35
459.48 -00.29
464.07 -00.23
468.71 -00.18
473.40 -00.12
478.13 -00.06
482.91 00.01
487.74 00.07
492.62 00.14
497.55 00.21
502.52 00.28
507.55 00.35
512.62 00.41
517.75 00.57
522.93 00.62
528.16 00.66
533.44 00.70
538.77 00.74
544.16 00.76
549.60 00.77
555.10 00.77
560.65 00.74
566.25 00.67
571.92 00.58
577.64 00.46
583.41 00.32
589.25 00.15
595.14 -00.04
601.09 -00.27
607.10 -00.52
613.17 -00.78
619.30 -01.14
625.50 -01.38
631.75 -01.56
638.07 -01.69
644.45 -01.76
650.89 -01.78
657.40 -01.76
663.98 -01.71
670.62 -01.61
677.32 -01.49
684.10 -01.34
690.94 -01.19
697.85 -01.14
704.83 -00.99
711.87 -00.85
718.99 -00.69
726.18 -00.54
733.44 -00.38
740.78 -00.21
748.19 -00.04
755.67 00.13
763.23 00.30
770.86 00.47
778.57 00.53
786.35 00.69
794.22 00.84
802.16 00.98
810.18 01.12
818.28 01.26
826.46 01.39
834.73 01.51
843.08 01.63
851.51 01.73
860.02 01.80
868.62 01.83
877.31 01.69
886.08 01.59
894.94 01.44
903.89 01.25
912.93 01.05
922.06 00.84
931.28 00.62
940.59 00.38
950.00 00.14
959.50 -00.09
969.09 -00.27
978.78 -00.38
988.57 -00.40
998.46 -00.35
1008.44 -00.27
1018.53 -00.19
1028.71 -00.13
1039.00 -00.07
1049.39 -00.04
1059.88 -00.01
1070.48 00.02
1081.19 00.05
1092.00 00.08
1102.92 00.12
1113.95 00.16
1125.09 00.18
1136.34 00.18
1147.70 00.18
1159.18 00.18
1170.77 00.19
1182.48 00.23
1194.30 00.27
1206.25 00.32
1218.31 00.37
1230.49 00.41
1242.80 00.41
1255.22 00.38
1267.78 00.33
1280.45 00.25
1293.26 00.14
1306.19 00.01
1319.25 -00.15
1332.45 -00.33
1345.77 -00.52
1359.23 -00.70
1372.82 -00.88
1386.55 -01.01
1400.41 -01.10
1414.42 -01.14
1428.56 -01.17
1442.85 -01.18
1457.28 -01.18
1471.85 -01.16
1486.57 -01.13
1501.43 -01.09
1516.45 -01.07
1531.61 -01.06
1546.93 -01.16
1562.40 -01.17
1578.02 -01.18
1593.80 -01.16
1609.74 -01.13
1625.84 -01.09
1642.10 -01.06
1658.52 -01.03
1675.10 -01.03
1691.85 -01.04
1708.77 -01.07
1725.86 -01.09
1743.12 -01.13
1760.55 -01.29
1778.15 -01.36
1795.94 -01.46
1813.90 -01.56
1832.03 -01.65
1850.36 -01.81
1868.86 -01.84
1887.55 -01.85
1906.42 -01.83
1925.49 -01.89
1944.74 -01.94
1964.19 -01.85
1983.83 -01.84
2003.67 -01.71
2023.71 -01.77
2043.94 -01.73
2064.38 -01.81
2085.03 -01.80
2105.88 -01.90
2126.94 -01.91
2148.20 -01.91
2169.69 -01.82
2191.38 -01.82
2213.30 -01.72
2235.43 -01.73
2257.78 -01.75
2280.36 -01.80
2303.17 -01.86
2326.20 -01.92
2349.46 -01.97
2372.95 -01.90
2396.68 -01.82
2420.65 -01.72
2444.86 -01.51
2469.31 -01.41
2494.00 -01.32
2518.94 -01.34
2544.13 -01.25
2569.57 -01.26
2595.27 -01.16
2621.22 -01.07
2647.43 -01.08
2673.90 -01.00
2700.64 -00.93
2727.65 -00.85
2754.93 -00.88
2782.48 -00.81
2810.30 -00.84
2838.40 -00.76
2866.79 -00.87
2895.46 -00.98
2924.41 -01.09
2953.65 -01.21
2983.19 -01.22
3013.02 -01.34
3043.15 -01.54
3073.58 -01.62
3104.32 -01.68
3135.36 -01.73
3166.72 -01.87
3198.38 -02.01
3230.37 -02.06
3262.67 -02.10
3295.30 -02.23
3328.25 -02.25
3361.53 -02.26
3395.15 -02.18
3429.10 -02.29
3463.39 -02.22
3498.03 -02.24
3533.01 -02.25
3568.34 -02.24
3604.02 -02.31
3640.06 -02.26
3676.46 -02.28
3713.22 -02.18
3750.36 -02.15
3787.86 -01.91
3825.74 -01.73
3864.00 -01.81
3902.64 -01.76
3941.66 -01.69
3981.08 -01.70
4020.89 -01.69
4061.10 -01.66
4101.71 -01.58
4142.73 -01.44
4184.15 -01.23
4226.00 -01.04
4268.26 -00.59
4310.94 -00.19
4354.05 00.33
4397.59 00.82
4441.56 01.27
4485.98 01.52
4530.84 01.82
4576.15 02.08
4621.91 02.18
4668.13 02.16
4714.81 02.02
4761.96 01.98
4809.58 02.53
4857.67 02.87
4906.25 03.16
4955.31 03.00
5004.87 02.89
5054.91 02.62
5105.46 02.27
5156.52 02.10
5208.08 01.95
5260.16 01.96
5312.77 01.92
5365.89 01.73
5419.55 01.48
5473.75 01.25
5528.49 01.04
5583.77 01.04
5639.61 00.76
5696.00 00.09
5752.96 -00.55
5810.49 -00.86
5868.60 -01.22
5927.28 -01.55
5986.56 -01.73
6046.42 -01.95
6106.89 -02.22
6167.96 -02.34
6229.64 -02.42
6291.93 -02.45
6354.85 -02.54
6418.40 -02.49
6482.58 -02.42
6547.41 -02.31
6612.88 -02.18
6679.01 -02.13
6745.80 -02.27
6813.26 -02.10
6881.39 -02.12
6950.21 -02.12
7019.71 -02.06
7089.91 -01.93
7160.81 -01.81
7232.41 -01.52
7304.74 -01.28
7377.79 -00.93
7451.56 -00.70
7526.08 -00.41
7601.34 00.04
7677.35 00.35
7754.13 00.58
7831.67 00.74
7909.98 00.92
7989.08 00.90
8068.98 00.79
8149.67 00.68
8231.16 00.49
8313.47 00.13
8396.61 -00.38
8480.57 -00.93
8565.38 -01.71
8651.03 -02.10
8737.54 -02.56
8824.92 -02.86
8913.17 -03.19
9002.30 -03.35
9092.32 -03.54
9183.25 -03.76
9275.08 -03.91
9367.83 -04.02
9461.51 -04.01
9556.12 -03.80
9651.68 -03.47
9748.20 -02.92
9845.68 -02.32
9944.14 -01.90
10043.58 -01.37
10144.02 -00.99
10245.46 -00.56
10347.91 -00.27
10451.39 00.10
10555.91 00.40
10661.46 00.66
10768.08 00.88
10875.76 01.12
10984.52 01.25
11094.36 01.47
11205.31 01.67
11317.36 01.86
11430.53 02.03
11544.84 02.05
11660.29 02.12
11776.89 02.12
11894.66 01.94
12013.60 01.77
12133.74 01.53
12255.08 01.22
12377.63 00.75
12501.41 00.33
12626.42 -00.18
12752.68 -00.64
12880.21 -00.98
13009.01 -01.14
13139.10 -01.05
13270.49 -01.07
13403.20 -00.96
13537.23 -00.98
13672.60 -00.94
13809.33 -01.06
13947.42 -01.22
14086.90 -01.30
14227.77 -01.44
14370.04 -01.49
14513.74 -01.49
14658.88 -01.24
14805.47 -00.94
14953.52 -00.89
15103.06 -00.73
15254.09 -00.67
15406.63 -00.90
15560.70 -01.00
15716.30 -01.03
15873.47 -01.20
16032.20 -01.42
16192.52 -01.75
16354.45 -02.29
16517.99 -03.00
16683.17 -04.10
16850.01 -05.37
17018.51 -06.50
17188.69 -06.91
17360.58 -07.13
17534.18 -06.97
17709.53 -06.87
17886.62 -06.76
18065.49 -06.71
18246.14 -06.89
18428.60 -07.06
18612.89 -06.99
18799.02 -06.88
18987.01 -06.70
19176.88 -06.85
19368.65 -07.34
19562.33 -08.14
19757.96 -09.11
19955.54 -10.08
20000.00 -10.27
