20.00 01.81
20.20 01.82
20.40 01.83
20.61 01.83
20.81 01.83
21.02 01.83
21.23 01.83
21.44 01.82
21.66 01.82
21.87 01.80
22.09 01.80
22.31 01.78
22.54 01.76
22.76 01.72
22.99 01.69
23.22 01.65
23.45 01.62
23.69 01.58
23.92 01.56
24.16 01.53
24.40 01.50
24.65 01.48
24.89 01.45
25.14 01.42
25.39 01.40
25.65 01.38
25.91 01.36
26.16 01.33
26.43 01.30
26.69 01.27
26.96 01.24
27.23 01.21
27.50 01.18
27.77 01.14
28.05 01.11
28.33 01.09
28.62 01.08
28.90 01.07
29.19 01.06
29.48 01.05
29.78 01.04
30.08 01.03
30.38 00.98
30.68 00.95
30.99 00.90
31.30 00.86
31.61 00.83
31.93 00.81
32.24 00.79
32.57 00.78
32.89 00.76
33.22 00.76
33.55 00.74
33.89 00.76
34.23 00.78
34.57 00.80
34.92 00.82
35.27 00.84
35.62 00.87
35.97 00.89
36.33 00.91
36.70 00.93
37.06 00.96
37.43 00.99
37.81 01.02
38.19 01.05
38.57 01.08
38.95 01.11
39.34 01.15
39.74 01.18
40.14 01.20
40.54 01.21
40.94 01.21
41.35 01.21
41.76 01.22
42.18 01.23
42.60 01.24
43.03 01.29
43.46 01.33
43.90 01.39
44.33 01.44
44.78 01.51
45.23 01.59
45.68 01.68
46.13 01.77
46.60 01.88
47.06 01.99
47.53 02.09
48.01 02.27
48.49 02.43
48.97 02.60
49.46 02.76
49.96 02.93
50.46 03.10
50.96 03.26
51.47 03.41
51.99 03.56
52.51 03.68
53.03 03.79
53.56 03.84
54.10 03.88
54.64 03.90
55.18 03.90
55.74 03.89
56.29 03.86
56.86 03.82
57.42 03.78
58.00 03.71
58.58 03.65
59.16 03.59
59.76 03.51
60.35 03.45
60.96 03.39
61.57 03.34
62.18 03.30
62.80 03.29
63.43 03.25
64.07 03.21
64.71 03.19
65.35 03.19
66.01 03.22
66.67 03.25
67.33 03.32
68.01 03.41
68.69 03.51
69.37 03.62
70.07 03.73
70.77 03.84
71.48 03.94
72.19 04.04
72.91 04.12
73.64 04.20
74.38 04.26
75.12 04.31
75.87 04.38
76.63 04.45
77.40 04.49
78.17 04.53
78.95 04.56
79.74 04.59
80.54 04.60
81.35 04.62
82.16 04.62
82.98 04.64
83.81 04.63
84.65 04.64
85.50 04.65
86.35 04.67
87.22 04.69
88.09 04.71
88.97 04.73
89.86 04.74
90.76 04.74
91.66 04.71
92.58 04.68
93.51 04.66
94.44 04.64
95.39 04.63
96.34 04.63
97.30 04.63
98.28 04.63
99.26 04.63
100.25 04.63
101.25 04.64
102.27 04.63
103.29 04.63
104.32 04.63
105.37 04.63
106.42 04.62
107.48 04.62
108.56 04.60
109.64 04.59
110.74 04.57
111.85 04.57
112.97 04.55
114.10 04.54
115.24 04.53
116.39 04.52
117.55 04.51
118.73 04.49
119.92 04.47
121.12 04.44
122.33 04.42
123.55 04.41
124.79 04.38
126.03 04.39
127.29 04.38
128.57 04.39
129.85 04.40
131.15 04.40
132.46 04.40
133.79 04.40
135.12 04.40
136.48 04.40
137.84 04.40
139.22 04.40
140.61 04.39
142.02 04.39
143.44 04.38
144.87 04.37
146.32 04.36
147.78 04.35
149.26 04.35
150.75 04.32
152.26 04.30
153.78 04.28
155.32 04.26
156.88 04.24
158.44 04.22
160.03 04.20
161.63 04.22
163.24 04.22
164.88 04.24
166.53 04.25
168.19 04.26
169.87 04.28
171.57 04.28
173.29 04.27
175.02 04.27
176.77 04.27
178.54 04.26
180.32 04.27
182.13 04.26
183.95 04.25
185.79 04.25
187.65 04.23
189.52 04.23
191.42 04.23
193.33 04.23
195.27 04.22
197.22 04.22
199.19 04.21
201.18 04.21
203.19 04.22
205.23 04.22
207.28 04.23
209.35 04.22
211.44 04.23
213.56 04.22
215.69 04.20
217.85 04.20
220.03 04.18
222.23 04.17
224.45 04.15
226.70 04.14
228.96 04.12
231.25 04.11
233.57 04.09
235.90 04.07
238.26 04.05
240.64 04.04
243.05 04.02
245.48 03.99
247.93 03.97
250.41 03.95
252.92 03.94
255.45 03.93
258.00 03.92
260.58 03.91
263.19 03.89
265.82 03.88
268.48 03.85
271.16 03.82
273.87 03.79
276.61 03.77
279.38 03.73
282.17 03.71
284.99 03.68
287.84 03.66
290.72 03.64
293.63 03.61
296.57 03.59
299.53 03.56
302.53 03.53
305.55 03.51
308.61 03.49
311.69 03.47
314.81 03.44
317.96 03.42
321.14 03.39
324.35 03.36
327.59 03.34
330.87 03.31
334.18 03.28
337.52 03.25
340.90 03.23
344.30 03.19
347.75 03.17
351.23 03.14
354.74 03.11
358.28 03.07
361.87 03.01
365.49 02.96
369.14 02.92
372.83 02.87
376.56 02.83
380.33 02.80
384.13 02.78
387.97 02.76
391.85 02.73
395.77 02.72
399.73 02.70
403.72 02.66
407.76 02.63
411.84 02.61
415.96 02.58
420.12 02.54
424.32 02.51
428.56 02.48
432.85 02.44
437.18 02.40
441.55 02.36
445.96 02.33
450.42 02.29
454.93 02.26
459.48 02.24
464.07 02.20
468.71 02.18
473.40 02.14
478.13 02.11
482.91 02.07
487.74 02.04
492.62 02.01
497.55 01.97
502.52 01.94
507.55 01.91
512.62 01.90
517.75 01.87
522.93 01.85
528.16 01.82
533.44 01.79
538.77 01.74
544.16 01.70
549.60 01.64
555.10 01.59
560.65 01.55
566.25 01.50
571.92 01.46
577.64 01.41
583.41 01.36
589.25 01.31
595.14 01.25
601.09 01.19
607.10 01.11
613.17 01.01
619.30 00.91
625.50 00.81
631.75 00.70
638.07 00.58
644.45 00.46
650.89 00.33
657.40 00.20
663.98 00.06
670.62 -00.06
677.32 -00.20
684.10 -00.30
690.94 -00.40
697.85 -00.46
704.83 -00.51
711.87 -00.53
718.99 -00.51
726.18 -00.48
733.44 -00.44
740.78 -00.39
748.19 -00.33
755.67 -00.27
763.23 -00.21
770.86 -00.16
778.57 -00.11
786.35 -00.08
794.22 -00.04
802.16 00.00
810.18 00.05
818.28 00.10
826.46 00.12
834.73 00.13
843.08 00.13
851.51 00.11
860.02 00.05
868.62 00.00
877.31 -00.05
886.08 -00.10
894.94 -00.18
903.89 -00.24
912.93 -00.30
922.06 -00.34
931.28 -00.37
940.59 -00.37
950.00 -00.38
959.50 -00.38
969.09 -00.38
978.78 -00.40
988.57 -00.41
998.46 -00.44
1008.44 -00.48
1018.53 -00.51
1028.71 -00.56
1039.00 -00.61
1049.39 -00.67
1059.88 -00.72
1070.48 -00.78
1081.19 -00.82
1092.00 -00.86
1102.92 -00.88
1113.95 -00.89
1125.09 -00.88
1136.34 -00.86
1147.70 -00.84
1159.18 -00.79
1170.77 -00.74
1182.48 -00.69
1194.30 -00.65
1206.25 -00.60
1218.31 -00.57
1230.49 -00.53
1242.80 -00.52
1255.22 -00.49
1267.78 -00.46
1280.45 -00.44
1293.26 -00.44
1306.19 -00.44
1319.25 -00.46
1332.45 -00.52
1345.77 -00.59
1359.23 -00.66
1372.82 -00.73
1386.55 -00.79
1400.41 -00.85
1414.42 -00.90
1428.56 -00.97
1442.85 -01.02
1457.28 -01.07
1471.85 -01.08
1486.57 -01.07
1501.43 -01.02
1516.45 -01.01
1531.61 -01.01
1546.93 -01.00
1562.40 -01.01
1578.02 -01.01
1593.80 -01.02
1609.74 -01.01
1625.84 -01.00
1642.10 -00.99
1658.52 -00.99
1675.10 -01.00
1691.85 -01.00
1708.77 -01.02
1725.86 -01.06
1743.12 -01.10
1760.55 -01.14
1778.15 -01.17
1795.94 -01.21
1813.90 -01.20
1832.03 -01.17
1850.36 -01.17
1868.86 -01.18
1887.55 -01.20
1906.42 -01.24
1925.49 -01.31
1944.74 -01.39
1964.19 -01.48
1983.83 -01.59
2003.67 -01.74
2023.71 -01.94
2043.94 -02.14
2064.38 -02.30
2085.03 -02.41
2105.88 -02.50
2126.94 -02.56
2148.20 -02.56
2169.69 -02.55
2191.38 -02.53
2213.30 -02.52
2235.43 -02.50
2257.78 -02.58
2280.36 -02.70
2303.17 -02.86
2326.20 -03.05
2349.46 -03.27
2372.95 -03.46
2396.68 -03.60
2420.65 -03.74
2444.86 -03.90
2469.31 -04.06
2494.00 -04.21
2518.94 -04.36
2544.13 -04.51
2569.57 -04.64
2595.27 -04.77
2621.22 -04.88
2647.43 -04.98
2673.90 -05.03
2700.64 -05.05
2727.65 -05.04
2754.93 -05.02
2782.48 -04.99
2810.30 -05.00
2838.40 -05.10
2866.79 -05.20
2895.46 -05.30
2924.41 -05.38
2953.65 -05.47
2983.19 -05.56
3013.02 -05.64
3043.15 -05.72
3073.58 -05.70
3104.32 -05.59
3135.36 -05.38
3166.72 -05.09
3198.38 -04.73
3230.37 -04.35
3262.67 -03.99
3295.30 -03.61
3328.25 -03.26
3361.53 -02.92
3395.15 -02.58
3429.10 -02.29
3463.39 -02.04
3498.03 -01.83
3533.01 -01.67
3568.34 -01.58
3604.02 -01.56
3640.06 -01.55
3676.46 -01.55
3713.22 -01.55
3750.36 -01.58
3787.86 -01.89
3825.74 -02.20
3864.00 -02.50
3902.64 -02.82
3941.66 -03.13
3981.08 -03.43
4020.89 -03.66
4061.10 -03.83
4101.71 -03.99
4142.73 -04.15
4184.15 -04.32
4226.00 -04.51
4268.26 -04.46
4310.94 -04.11
4354.05 -03.80
4397.59 -03.50
4441.56 -03.25
4485.98 -03.04
4530.84 -02.84
4576.15 -02.66
4621.91 -02.54
4668.13 -02.44
4714.81 -02.37
4761.96 -02.25
4809.58 -01.86
4857.67 -01.51
4906.25 -01.19
4955.31 -00.90
5004.87 -00.60
5054.91 -00.18
5105.46 00.23
5156.52 00.62
5208.08 00.99
5260.16 01.32
5312.77 01.59
5365.89 01.72
5419.55 01.84
5473.75 01.96
5528.49 02.10
5583.77 02.27
5639.61 02.23
5696.00 02.11
5752.96 02.01
5810.49 01.95
5868.60 01.93
5927.28 01.95
5986.56 02.04
6046.42 02.09
6106.89 02.16
6167.96 02.21
6229.64 02.24
6291.93 02.23
6354.85 02.23
6418.40 02.23
6482.58 02.23
6547.41 02.17
6612.88 02.04
6679.01 01.83
6745.80 01.39
6813.26 00.79
6881.39 00.12
6950.21 -00.59
7019.71 -01.34
7089.91 -02.08
7160.81 -02.91
7232.41 -03.74
7304.74 -04.42
7377.79 -04.92
7451.56 -05.29
7526.08 -05.58
7601.34 -05.75
7677.35 -06.00
7754.13 -06.30
7831.67 -06.63
7909.98 -06.98
7989.08 -07.32
8068.98 -07.73
8149.67 -08.13
8231.16 -08.43
8313.47 -08.58
8396.61 -08.56
8480.57 -08.43
8565.38 -08.09
8651.03 -07.67
8737.54 -07.18
8824.92 -06.64
8913.17 -06.05
9002.30 -05.43
9092.32 -04.87
9183.25 -04.32
9275.08 -03.78
9367.83 -03.26
9461.51 -02.78
9556.12 -02.32
9651.68 -01.87
9748.20 -01.43
9845.68 -01.00
9944.14 -00.59
10043.58 -00.12
10144.02 00.46
10245.46 01.00
10347.91 01.50
10451.39 01.99
10555.91 02.48
10661.46 02.76
10768.08 02.87
10875.76 02.96
10984.52 03.02
11094.36 03.07
11205.31 03.13
11317.36 03.11
11430.53 03.12
11544.84 03.13
11660.29 03.16
11776.89 03.18
11894.66 03.46
12013.60 03.80
12133.74 04.09
12255.08 04.37
12377.63 04.62
12501.41 04.85
12626.42 04.92
12752.68 04.97
12880.21 05.01
13009.01 05.03
13139.10 05.04
13270.49 04.82
13403.20 04.42
13537.23 04.01
13672.60 03.61
13809.33 03.19
13947.42 02.75
14086.90 02.36
14227.77 01.97
14370.04 01.56
14513.74 01.17
14658.88 00.81
14805.47 00.52
14953.52 00.29
15103.06 00.23
15254.09 00.29
15406.63 00.40
15560.70 00.54
15716.30 00.72
15873.47 00.91
16032.20 01.10
16192.52 01.24
16354.45 01.34
16517.99 01.36
16683.17 01.31
16850.01 01.18
17018.51 01.02
17188.69 01.24
17360.58 01.38
17534.18 01.46
17709.53 01.44
17886.62 01.32
18065.49 00.91
18246.14 00.11
18428.60 -00.82
18612.89 -01.79
18799.02 -02.74
18987.01 -03.62
19176.88 -04.40
19368.65 -05.10
19562.33 -05.78
19757.96 -06.46
19955.54 -07.16
20000.00 -07.32
