20.00 -01.94
20.20 -01.87
20.40 -01.80
20.61 -01.74
20.81 -01.69
21.02 -01.73
21.23 -01.68
21.44 -01.62
21.66 -01.57
21.87 -01.53
22.09 -01.58
22.31 -01.53
22.54 -01.49
22.76 -01.45
22.99 -01.50
23.22 -01.46
23.45 -01.42
23.69 -01.37
23.92 -01.33
24.16 -01.39
24.40 -01.35
24.65 -01.30
24.89 -01.26
25.14 -01.22
25.39 -01.18
25.65 -01.24
25.91 -01.20
26.16 -01.16
26.43 -01.12
26.69 -01.09
26.96 -01.05
27.23 -01.01
27.50 -00.97
27.77 -01.04
28.05 -01.00
28.33 -00.97
28.62 -00.93
28.90 -01.00
29.19 -00.97
29.48 -00.94
29.78 -00.91
30.08 -00.98
30.38 -00.95
30.68 -00.92
30.99 -00.99
31.30 -00.96
31.61 -00.94
31.93 -00.91
32.24 -00.98
32.57 -00.96
32.89 -00.93
33.22 -00.91
33.55 -00.88
33.89 -00.86
34.23 -00.83
34.57 -00.81
34.92 -00.78
35.27 -00.76
35.62 -00.73
35.97 -00.71
36.33 -00.69
36.70 -00.66
37.06 -00.54
37.43 -00.52
37.81 -00.49
38.19 -00.47
38.57 -00.45
38.95 -00.43
39.34 -00.31
39.74 -00.39
40.14 -00.37
40.54 -00.35
40.94 -00.33
41.35 -00.41
41.76 -00.39
42.18 -00.37
42.60 -00.26
43.03 -00.34
43.46 -00.32
43.90 -00.31
44.33 -00.29
44.78 -00.27
45.23 -00.16
45.68 -00.14
46.13 -00.13
46.60 -00.11
47.06 -00.10
47.53 -00.08
48.01 -00.17
48.49 -00.15
48.97 -00.14
49.46 -00.12
49.96 -00.11
50.46 -00.10
50.96 -00.08
51.47 00.03
51.99 00.04
52.51 00.06
53.03 00.07
53.56 00.08
54.10 00.09
54.64 00.10
55.18 00.11
55.74 00.12
56.29 00.13
56.86 00.15
57.42 00.16
58.00 00.17
58.58 00.28
59.16 00.29
59.76 00.40
60.35 00.41
60.96 00.42
61.57 00.43
62.18 00.44
62.80 00.55
63.43 00.56
64.07 00.47
64.71 00.48
65.35 00.49
66.01 00.49
66.67 00.50
67.33 00.51
68.01 00.52
68.69 00.63
69.37 00.64
70.07 00.65
70.77 00.66
71.48 00.67
72.19 00.67
72.91 00.68
73.64 00.69
74.38 00.70
75.12 00.70
75.87 00.71
76.63 00.71
77.40 00.72
78.17 00.72
78.95 00.73
79.74 00.83
80.54 00.83
81.35 00.83
82.16 00.84
82.98 00.84
83.81 00.84
84.65 00.84
85.50 00.94
86.35 00.94
87.22 00.94
88.09 01.04
88.97 01.05
89.86 01.05
90.76 01.05
91.66 01.05
92.58 01.05
93.51 00.94
94.44 00.94
95.39 00.94
96.34 00.94
97.30 00.94
98.28 00.94
99.26 00.93
100.25 00.93
101.25 00.93
102.27 01.02
103.29 01.02
104.32 01.02
105.37 01.01
106.42 01.01
107.48 01.00
108.56 01.00
109.64 00.99
110.74 00.99
111.85 00.98
112.97 00.98
114.10 00.97
115.24 00.96
116.39 00.96
117.55 00.95
118.73 00.94
119.92 00.94
121.12 00.93
122.33 00.92
123.55 00.81
124.79 00.80
126.03 00.79
127.29 00.78
128.57 00.77
129.85 00.76
131.15 00.75
132.46 00.74
133.79 00.73
135.12 00.82
136.48 00.81
137.84 00.79
139.22 00.78
140.61 00.77
142.02 00.76
143.44 00.74
144.87 00.73
146.32 00.72
147.78 00.71
149.26 00.69
150.75 00.68
152.26 00.66
153.78 00.65
155.32 00.54
156.88 00.52
158.44 00.51
160.03 00.49
161.63 00.48
163.24 00.46
164.88 00.55
166.53 00.53
168.19 00.52
169.87 00.50
171.57 00.48
173.29 00.47
175.02 00.45
176.77 00.43
178.54 00.52
180.32 00.50
182.13 00.38
183.95 00.37
185.79 00.35
187.65 00.33
189.52 00.22
191.42 00.20
193.33 00.18
195.27 00.17
197.22 00.15
199.19 00.13
201.18 00.11
203.19 00.10
205.23 00.08
207.28 00.06
209.35 00.04
211.44 00.02
213.56 00.01
215.69 -00.01
217.85 -00.03
220.03 -00.05
222.23 -00.07
224.45 -00.09
226.70 -00.11
228.96 -00.12
231.25 -00.14
233.57 -00.16
235.90 -00.18
238.26 -00.20
240.64 -00.21
243.05 -00.23
245.48 -00.25
247.93 -00.27
250.41 -00.29
252.92 -00.20
255.45 -00.22
258.00 -00.24
260.58 -00.26
263.19 -00.28
265.82 -00.19
268.48 -00.21
271.16 -00.23
273.87 -00.25
276.61 -00.27
279.38 -00.28
282.17 -00.30
284.99 -00.32
287.84 -00.34
290.72 -00.35
293.63 -00.37
296.57 -00.39
299.53 -00.41
302.53 -00.42
305.55 -00.44
308.61 -00.46
311.69 -00.47
314.81 -00.39
317.96 -00.41
321.14 -00.42
324.35 -00.44
327.59 -00.46
330.87 -00.47
334.18 -00.49
337.52 -00.51
340.90 -00.52
344.30 -00.54
347.75 -00.55
351.23 -00.57
354.74 -00.48
358.28 -00.60
361.87 -00.61
365.49 -00.63
369.14 -00.64
372.83 -00.66
376.56 -00.67
380.33 -00.68
384.13 -00.69
387.97 -00.70
391.85 -00.71
395.77 -00.73
399.73 -00.64
403.72 -00.75
407.76 -00.76
411.84 -00.77
415.96 -00.78
420.12 -00.79
424.32 -00.80
428.56 -00.81
432.85 -00.82
437.18 -00.83
441.55 -00.94
445.96 -00.95
450.42 -00.96
454.93 -00.96
459.48 -00.97
464.07 -00.98
468.71 -00.99
473.40 -00.99
478.13 -01.00
482.91 -01.00
487.74 -01.01
492.62 -01.01
497.55 -01.01
502.52 -01.02
507.55 -01.02
512.62 -01.02
517.75 -00.93
522.93 -00.93
528.16 -00.93
533.44 -00.94
538.77 -00.94
544.16 -00.94
549.60 -00.95
555.10 -00.95
560.65 -00.95
566.25 -00.96
571.92 -00.96
577.64 -00.96
583.41 -00.96
589.25 -00.96
595.14 -00.95
601.09 -00.95
607.10 -00.94
613.17 -00.94
619.30 -01.03
625.50 -01.02
631.75 -01.01
638.07 -01.00
644.45 -00.99
650.89 -00.97
657.40 -00.96
663.98 -00.95
670.62 -00.93
677.32 -00.92
684.10 -00.90
690.94 -00.89
697.85 -00.97
704.83 -00.95
711.87 -00.93
718.99 -00.92
726.18 -00.90
733.44 -00.88
740.78 -00.86
748.19 -00.85
755.67 -00.83
763.23 -00.81
770.86 -00.79
778.57 -00.87
786.35 -00.84
794.22 -00.82
802.16 -00.80
810.18 -00.77
818.28 -00.74
826.46 -00.71
834.73 -00.69
843.08 -00.66
851.51 -00.63
860.02 -00.60
868.62 -00.56
877.31 -00.63
886.08 -00.59
894.94 -00.55
903.89 -00.50
912.93 -00.46
922.06 -00.41
931.28 -00.36
940.59 -00.30
950.00 -00.25
959.50 -00.19
969.09 -00.13
978.78 -00.07
988.57 -00.01
998.46 00.05
1008.44 00.12
1018.53 00.19
1028.71 00.26
1039.00 00.33
1049.39 00.40
1059.88 00.48
1070.48 00.55
1081.19 00.63
1092.00 00.70
1102.92 00.78
1113.95 00.85
1125.09 00.93
1136.34 01.00
1147.70 01.07
1159.18 01.14
1170.77 01.22
1182.48 01.29
1194.30 01.35
1206.25 01.42
1218.31 01.49
1230.49 01.55
1242.80 01.61
1255.22 01.67
1267.78 01.73
1280.45 01.79
1293.26 01.85
1306.19 01.90
1319.25 01.95
1332.45 01.99
1345.77 02.02
1359.23 02.04
1372.82 02.05
1386.55 02.05
1400.41 02.05
1414.42 02.03
1428.56 02.01
1442.85 01.97
1457.28 01.92
1471.85 01.86
1486.57 01.80
1501.43 01.73
1516.45 01.67
1531.61 01.60
1546.93 01.43
1562.40 01.36
1578.02 01.28
1593.80 01.20
1609.74 01.12
1625.84 01.04
1642.10 00.96
1658.52 00.89
1675.10 00.82
1691.85 00.76
1708.77 00.70
1725.86 00.63
1743.12 00.54
1760.55 00.35
1778.15 00.25
1795.94 00.15
1813.90 00.05
1832.03 -00.06
1850.36 -00.27
1868.86 -00.39
1887.55 -00.51
1906.42 -00.64
1925.49 -00.86
1944.74 -01.07
1964.19 -01.15
1983.83 -01.32
2003.67 -01.38
2023.71 -01.64
2043.94 -01.79
2064.38 -02.06
2085.03 -02.22
2105.88 -02.48
2126.94 -02.65
2148.20 -02.82
2169.69 -02.90
2191.38 -03.08
2213.30 -03.16
2235.43 -03.35
2257.78 -03.54
2280.36 -03.71
2303.17 -03.88
2326.20 -04.03
2349.46 -04.16
2372.95 -04.17
2396.68 -04.17
2420.65 -04.13
2444.86 -03.98
2469.31 -03.91
2494.00 -03.83
2518.94 -03.82
2544.13 -03.70
2569.57 -03.67
2595.27 -03.51
2621.22 -03.33
2647.43 -03.23
2673.90 -03.00
2700.64 -02.77
2727.65 -02.53
2754.93 -02.38
2782.48 -02.12
2810.30 -01.96
2838.40 -01.69
2866.79 -01.61
2895.46 -01.53
2924.41 -01.44
2953.65 -01.36
2983.19 -01.19
3013.02 -01.11
3043.15 -01.13
3073.58 -01.05
3104.32 -00.96
3135.36 -00.87
3166.72 -00.87
3198.38 -00.88
3230.37 -00.79
3262.67 -00.70
3295.30 -00.73
3328.25 -00.65
3361.53 -00.57
3395.15 -00.38
3429.10 -00.38
3463.39 -00.18
3498.03 -00.09
3533.01 00.00
3568.34 00.07
3604.02 00.03
3640.06 00.09
3676.46 00.02
3713.22 00.04
3750.36 -00.08
3787.86 -00.03
3825.74 -00.11
3864.00 -00.52
3902.64 -00.85
3941.66 -01.17
3981.08 -01.56
4020.89 -01.88
4061.10 -02.13
4101.71 -02.28
4142.73 -02.33
4184.15 -02.29
4226.00 -02.25
4268.26 -01.93
4310.94 -01.64
4354.05 -01.20
4397.59 -00.78
4441.56 -00.41
4485.98 -00.25
4530.84 -00.02
4576.15 00.17
4621.91 00.20
4668.13 00.11
4714.81 -00.09
4761.96 -00.20
4809.58 00.28
4857.67 00.53
4906.25 00.72
4955.31 00.44
5004.87 00.17
5054.91 -00.27
5105.46 -00.85
5156.52 -01.30
5208.08 -01.76
5260.16 -02.06
5312.77 -02.39
5365.89 -02.81
5419.55 -03.21
5473.75 -03.44
5528.49 -03.51
5583.77 -03.23
5639.61 -03.10
5696.00 -03.25
5752.96 -03.33
5810.49 -03.05
5868.60 -02.86
5927.28 -02.67
5986.56 -02.40
6046.42 -02.27
6106.89 -02.27
6167.96 -02.21
6229.64 -02.17
6291.93 -02.15
6354.85 -02.24
6418.40 -02.22
6482.58 -02.19
6547.41 -02.16
6612.88 -02.11
6679.01 -02.17
6745.80 -02.45
6813.26 -02.46
6881.39 -02.72
6950.21 -03.05
7019.71 -03.45
7089.91 -03.90
7160.81 -04.48
7232.41 -04.93
7304.74 -05.38
7377.79 -05.55
7451.56 -05.59
7526.08 -05.26
7601.34 -04.50
7677.35 -03.68
7754.13 -02.75
7831.67 -01.78
7909.98 -00.71
7989.08 00.25
8068.98 01.18
8149.67 02.13
8231.16 02.99
8313.47 03.63
8396.61 04.02
8480.57 04.28
8565.38 04.22
8651.03 04.46
8737.54 04.50
8824.92 04.56
8913.17 04.42
9002.30 04.26
9092.32 03.88
9183.25 03.27
9275.08 02.56
9367.83 01.77
9461.51 01.08
9556.12 00.62
9651.68 00.34
9748.20 00.32
9845.68 00.37
9944.14 00.28
10043.58 00.34
10144.02 00.36
10245.46 00.53
10347.91 00.64
10451.39 00.90
10555.91 01.09
10661.46 01.20
10768.08 01.21
10875.76 01.23
10984.52 01.13
11094.36 01.12
11205.31 01.08
11317.36 01.02
11430.53 00.94
11544.84 00.74
11660.29 00.61
11776.89 00.45
11894.66 00.16
12013.60 -00.07
12133.74 -00.32
12255.08 -00.53
12377.63 -00.80
12501.41 -00.90
12626.42 -01.04
12752.68 -01.12
12880.21 -01.16
13009.01 -01.17
13139.10 -01.06
13270.49 -01.14
13403.20 -01.11
13537.23 -01.18
13672.60 -01.15
13809.33 -01.20
13947.42 -01.22
14086.90 -01.08
14227.77 -01.00
14370.04 -00.89
14513.74 -00.85
14658.88 -00.69
14805.47 -00.49
14953.52 -00.46
15103.06 -00.21
15254.09 00.02
15406.63 00.01
15560.70 00.13
15716.30 00.28
15873.47 00.27
16032.20 00.26
16192.52 00.24
16354.45 00.21
16517.99 00.23
16683.17 00.08
16850.01 -00.16
17018.51 -00.39
17188.69 -00.29
17360.58 -00.41
17534.18 -00.41
17709.53 -00.46
17886.62 -00.36
18065.49 -00.14
18246.14 00.01
18428.60 00.19
18612.89 00.53
18799.02 00.83
18987.01 01.25
19176.88 01.57
19368.65 01.85
19562.33 02.07
19757.96 02.22
19955.54 02.28
20000.00 02.29
