20.00 00.40
20.20 00.44
20.40 00.47
20.61 00.50
20.81 00.52
21.02 00.55
21.23 00.58
21.44 00.62
21.66 00.67
21.87 00.71
22.09 00.75
22.31 00.79
22.54 00.81
22.76 00.84
22.99 00.85
23.22 00.87
23.45 00.88
23.69 00.90
23.92 00.91
24.16 00.93
24.40 00.95
24.65 00.97
24.89 00.97
25.14 01.00
25.39 01.03
25.65 01.07
25.91 01.09
26.16 01.12
26.43 01.15
26.69 01.17
26.96 01.21
27.23 01.22
27.50 01.25
27.77 01.27
28.05 01.30
28.33 01.31
28.62 01.32
28.90 01.33
29.19 01.34
29.48 01.36
29.78 01.37
30.08 01.37
30.38 01.37
30.68 01.38
30.99 01.38
31.30 01.37
31.61 01.39
31.93 01.40
32.24 01.42
32.57 01.45
32.89 01.46
33.22 01.48
33.55 01.50
33.89 01.53
34.23 01.57
34.57 01.59
34.92 01.61
35.27 01.65
35.62 01.66
35.97 01.68
36.33 01.70
36.70 01.72
37.06 01.74
37.43 01.76
37.81 01.76
38.19 01.78
38.57 01.79
38.95 01.79
39.34 01.81
39.74 01.83
40.14 01.84
40.54 01.83
40.94 01.82
41.35 01.80
41.76 01.78
42.18 01.75
42.60 01.73
43.03 01.73
43.46 01.73
43.90 01.73
44.33 01.74
44.78 01.75
45.23 01.75
45.68 01.74
46.13 01.73
46.60 01.72
47.06 01.72
47.53 01.71
48.01 01.73
48.49 01.75
48.97 01.77
49.46 01.79
49.96 01.80
50.46 01.82
50.96 01.83
51.47 01.84
51.99 01.85
52.51 01.87
53.03 01.89
53.56 01.91
54.10 01.93
54.64 01.95
55.18 01.97
55.74 01.98
56.29 02.00
56.86 02.01
57.42 02.01
58.00 02.01
58.58 02.03
59.16 02.04
59.76 02.04
60.35 02.05
60.96 02.07
61.57 02.08
62.18 02.10
62.80 02.11
63.43 02.11
64.07 02.10
64.71 02.09
65.35 02.06
66.01 02.04
66.67 02.03
67.33 02.03
68.01 02.03
68.69 02.04
69.37 02.05
70.07 02.06
70.77 02.06
71.48 02.07
72.19 02.07
72.91 02.07
73.64 02.06
74.38 02.06
75.12 02.05
75.87 02.07
76.63 02.07
77.40 02.09
78.17 02.10
78.95 02.12
79.74 02.13
80.54 02.13
81.35 02.14
82.16 02.13
82.98 02.11
83.81 02.11
84.65 02.09
85.50 02.10
86.35 02.11
87.22 02.13
88.09 02.15
88.97 02.18
89.86 02.20
90.76 02.18
91.66 02.15
92.58 02.13
93.51 02.10
94.44 02.09
95.39 02.07
96.34 02.07
97.30 02.06
98.28 02.04
99.26 02.04
100.25 02.03
101.25 02.02
102.27 02.02
103.29 02.01
104.32 01.99
105.37 01.99
106.42 01.97
107.48 01.96
108.56 01.95
109.64 01.94
110.74 01.93
111.85 01.92
112.97 01.91
114.10 01.90
115.24 01.88
116.39 01.87
117.55 01.86
118.73 01.84
119.92 01.81
121.12 01.77
122.33 01.75
123.55 01.72
124.79 01.68
126.03 01.66
127.29 01.65
128.57 01.63
129.85 01.61
131.15 01.60
132.46 01.58
133.79 01.56
135.12 01.55
136.48 01.53
137.84 01.51
139.22 01.50
140.61 01.48
142.02 01.46
143.44 01.45
144.87 01.42
146.32 01.40
147.78 01.39
149.26 01.36
150.75 01.33
152.26 01.29
153.78 01.26
155.32 01.23
156.88 01.18
158.44 01.15
160.03 01.12
161.63 01.11
163.24 01.11
164.88 01.11
166.53 01.10
168.19 01.10
169.87 01.10
171.57 01.07
173.29 01.06
175.02 01.04
176.77 01.01
178.54 01.00
180.32 00.97
182.13 00.93
183.95 00.89
185.79 00.84
187.65 00.80
189.52 00.76
191.42 00.73
193.33 00.70
195.27 00.66
197.22 00.63
199.19 00.60
201.18 00.57
203.19 00.56
205.23 00.54
207.28 00.53
209.35 00.52
211.44 00.50
213.56 00.48
215.69 00.46
217.85 00.44
220.03 00.41
222.23 00.39
224.45 00.37
226.70 00.35
228.96 00.33
231.25 00.30
233.57 00.28
235.90 00.26
238.26 00.24
240.64 00.22
243.05 00.20
245.48 00.18
247.93 00.16
250.41 00.13
252.92 00.13
255.45 00.13
258.00 00.12
260.58 00.12
263.19 00.11
265.82 00.10
268.48 00.08
271.16 00.06
273.87 00.04
276.61 00.02
279.38 00.00
282.17 -00.01
284.99 -00.03
287.84 -00.04
290.72 -00.05
293.63 -00.07
296.57 -00.08
299.53 -00.08
302.53 -00.09
305.55 -00.10
308.61 -00.11
311.69 -00.12
314.81 -00.13
317.96 -00.13
321.14 -00.14
324.35 -00.16
327.59 -00.17
330.87 -00.18
334.18 -00.18
337.52 -00.19
340.90 -00.21
344.30 -00.21
347.75 -00.22
351.23 -00.22
354.74 -00.23
358.28 -00.26
361.87 -00.28
365.49 -00.31
369.14 -00.34
372.83 -00.36
376.56 -00.38
380.33 -00.39
384.13 -00.39
387.97 -00.40
391.85 -00.41
395.77 -00.41
399.73 -00.41
403.72 -00.43
407.76 -00.45
411.84 -00.46
415.96 -00.48
420.12 -00.49
424.32 -00.51
428.56 -00.53
432.85 -00.56
437.18 -00.59
441.55 -00.62
445.96 -00.63
450.42 -00.66
454.93 -00.66
459.48 -00.67
464.07 -00.67
468.71 -00.67
473.40 -00.68
478.13 -00.68
482.91 -00.69
487.74 -00.70
492.62 -00.70
497.55 -00.71
502.52 -00.70
507.55 -00.69
512.62 -00.68
517.75 -00.67
522.93 -00.66
528.16 -00.65
533.44 -00.65
538.77 -00.66
544.16 -00.67
549.60 -00.68
555.10 -00.69
560.65 -00.71
566.25 -00.72
571.92 -00.73
577.64 -00.74
583.41 -00.75
589.25 -00.76
595.14 -00.76
601.09 -00.76
607.10 -00.78
613.17 -00.79
619.30 -00.81
625.50 -00.82
631.75 -00.84
638.07 -00.83
644.45 -00.82
650.89 -00.81
657.40 -00.80
663.98 -00.78
670.62 -00.77
677.32 -00.77
684.10 -00.77
690.94 -00.77
697.85 -00.78
704.83 -00.79
711.87 -00.78
718.99 -00.76
726.18 -00.74
733.44 -00.72
740.78 -00.69
748.19 -00.67
755.67 -00.66
763.23 -00.66
770.86 -00.65
778.57 -00.65
786.35 -00.63
794.22 -00.62
802.16 -00.60
810.18 -00.56
818.28 -00.53
826.46 -00.50
834.73 -00.47
843.08 -00.43
851.51 -00.40
860.02 -00.38
868.62 -00.36
877.31 -00.33
886.08 -00.30
894.94 -00.28
903.89 -00.25
912.93 -00.21
922.06 -00.16
931.28 -00.12
940.59 -00.07
950.00 -00.02
959.50 00.02
969.09 00.07
978.78 00.10
988.57 00.13
998.46 00.16
1008.44 00.19
1018.53 00.21
1028.71 00.24
1039.00 00.27
1049.39 00.30
1059.88 00.34
1070.48 00.36
1081.19 00.40
1092.00 00.44
1102.92 00.49
1113.95 00.54
1125.09 00.60
1136.34 00.67
1147.70 00.74
1159.18 00.81
1170.77 00.88
1182.48 00.94
1194.30 01.00
1206.25 01.05
1218.31 01.11
1230.49 01.17
1242.80 01.24
1255.22 01.31
1267.78 01.39
1280.45 01.46
1293.26 01.52
1306.19 01.57
1319.25 01.60
1332.45 01.60
1345.77 01.58
1359.23 01.54
1372.82 01.50
1386.55 01.46
1400.41 01.43
1414.42 01.42
1428.56 01.41
1442.85 01.41
1457.28 01.40
1471.85 01.37
1486.57 01.33
1501.43 01.28
1516.45 01.20
1531.61 01.12
1546.93 01.02
1562.40 00.93
1578.02 00.81
1593.80 00.68
1609.74 00.52
1625.84 00.37
1642.10 00.22
1658.52 00.07
1675.10 -00.07
1691.85 -00.15
1708.77 -00.22
1725.86 -00.28
1743.12 -00.32
1760.55 -00.37
1778.15 -00.42
1795.94 -00.49
1813.90 -00.57
1832.03 -00.67
1850.36 -00.80
1868.86 -00.94
1887.55 -01.10
1906.42 -01.25
1925.49 -01.39
1944.74 -01.49
1964.19 -01.55
1983.83 -01.58
2003.67 -01.60
2023.71 -01.69
2043.94 -01.77
2064.38 -01.88
2085.03 -02.00
2105.88 -02.13
2126.94 -02.25
2148.20 -02.32
2169.69 -02.38
2191.38 -02.44
2213.30 -02.46
2235.43 -02.47
2257.78 -02.52
2280.36 -02.58
2303.17 -02.65
2326.20 -02.74
2349.46 -02.83
2372.95 -02.85
2396.68 -02.80
2420.65 -02.75
2444.86 -02.67
2469.31 -02.59
2494.00 -02.49
2518.94 -02.38
2544.13 -02.28
2569.57 -02.15
2595.27 -02.02
2621.22 -01.87
2647.43 -01.73
2673.90 -01.58
2700.64 -01.45
2727.65 -01.31
2754.93 -01.20
2782.48 -01.07
2810.30 -00.98
2838.40 -00.95
2866.79 -00.93
2895.46 -00.90
2924.41 -00.88
2953.65 -00.86
2983.19 -00.82
3013.02 -00.83
3043.15 -00.85
3073.58 -00.87
3104.32 -00.90
3135.36 -00.92
3166.72 -00.95
3198.38 -00.95
3230.37 -00.95
3262.67 -00.96
3295.30 -00.97
3328.25 -00.96
3361.53 -00.95
3395.15 -00.90
3429.10 -00.85
3463.39 -00.81
3498.03 -00.78
3533.01 -00.77
3568.34 -00.82
3604.02 -00.91
3640.06 -01.02
3676.46 -01.15
3713.22 -01.34
3750.36 -01.61
3787.86 -01.89
3825.74 -02.26
3864.00 -02.72
3902.64 -03.19
3941.66 -03.59
3981.08 -03.91
4020.89 -04.20
4061.10 -04.42
4101.71 -04.45
4142.73 -04.37
4184.15 -04.20
4226.00 -03.96
4268.26 -03.63
4310.94 -03.23
4354.05 -02.83
4397.59 -02.41
4441.56 -01.98
4485.98 -01.57
4530.84 -01.10
4576.15 -00.72
4621.91 -00.53
4668.13 -00.58
4714.81 -00.93
4761.96 -01.43
4809.58 -01.75
4857.67 -02.28
4906.25 -02.98
4955.31 -03.81
5004.87 -04.63
5054.91 -05.12
5105.46 -05.58
5156.52 -06.02
5208.08 -06.43
5260.16 -06.87
5312.77 -07.37
5365.89 -08.07
5419.55 -08.78
5473.75 -09.39
5528.49 -09.76
5583.77 -09.85
5639.61 -09.94
5696.00 -09.87
5752.96 -09.68
5810.49 -09.51
5868.60 -09.40
5927.28 -09.38
5986.56 -09.46
6046.42 -09.71
6106.89 -10.02
6167.96 -10.33
6229.64 -10.62
6291.93 -10.83
6354.85 -10.78
6418.40 -10.49
6482.58 -09.99
6547.41 -09.29
6612.88 -08.46
6679.01 -07.58
6745.80 -06.85
6813.26 -06.24
6881.39 -05.71
6950.21 -05.29
7019.71 -04.99
7089.91 -04.78
7160.81 -04.71
7232.41 -04.69
7304.74 -04.70
7377.79 -04.73
7451.56 -04.71
7526.08 -04.58
7601.34 -04.27
7677.35 -03.90
7754.13 -03.47
7831.67 -03.04
7909.98 -02.60
7989.08 -02.19
8068.98 -01.88
8149.67 -01.56
8231.16 -01.15
8313.47 -00.65
8396.61 -00.05
8480.57 00.58
8565.38 01.27
8651.03 01.83
8737.54 02.18
8824.92 02.27
8913.17 02.04
9002.30 01.54
9092.32 00.80
9183.25 -00.08
9275.08 -01.03
9367.83 -01.91
9461.51 -02.64
9556.12 -03.23
9651.68 -03.69
9748.20 -04.06
9845.68 -04.39
9944.14 -04.77
10043.58 -05.14
10144.02 -05.51
10245.46 -05.94
10347.91 -06.25
10451.39 -06.19
10555.91 -05.65
10661.46 -04.80
10768.08 -03.67
10875.76 -02.43
10984.52 -01.26
11094.36 -00.17
11205.31 00.85
11317.36 01.74
11430.53 02.52
11544.84 03.22
11660.29 03.85
11776.89 04.41
11894.66 04.87
12013.60 05.22
12133.74 05.48
12255.08 05.67
12377.63 05.82
12501.41 05.93
12626.42 05.98
12752.68 06.02
12880.21 06.01
13009.01 05.91
13139.10 05.64
13270.49 05.02
13403.20 04.09
13537.23 02.84
13672.60 01.23
13809.33 -00.73
13947.42 -02.52
14086.90 -03.31
14227.77 -02.90
14370.04 -01.41
14513.74 00.51
14658.88 02.28
14805.47 03.85
14953.52 05.18
15103.06 06.21
15254.09 06.92
15406.63 07.26
15560.70 07.28
15716.30 06.99
15873.47 06.42
16032.20 05.59
16192.52 04.75
16354.45 04.14
16517.99 03.88
16683.17 04.03
16850.01 04.35
17018.51 04.59
17188.69 04.98
17360.58 05.10
17534.18 04.89
17709.53 04.28
17886.62 03.29
18065.49 01.89
18246.14 00.14
18428.60 -01.81
18612.89 -03.64
18799.02 -04.72
18987.01 -05.16
19176.88 -05.27
19368.65 -05.65
19562.33 -05.90
19757.96 -05.75
19955.54 -05.42
20000.00 -05.33
