20.00	00.07
20.20	00.11
20.40	00.15
20.61	00.19
20.81	00.22
21.02	00.26
21.23	00.30
21.44	00.35
21.66	00.39
21.87	00.43
22.09	00.47
22.31	00.50
22.54	00.52
22.76	00.54
22.99	00.56
23.22	00.57
23.45	00.59
23.69	00.61
23.92	00.63
24.16	00.65
24.40	00.67
24.65	00.67
24.89	00.70
25.14	00.74
25.39	00.77
25.65	00.80
25.91	00.83
26.16	00.85
26.43	00.88
26.69	00.91
26.96	00.93
27.23	00.96
27.50	00.97
27.77	01.00
28.05	01.00
28.33	01.01
28.62	01.02
28.90	01.02
29.19	01.02
29.48	01.02
29.78	01.02
30.08	01.00
30.38	00.99
30.68	00.97
30.99	00.95
31.30	00.95
31.61	00.95
31.93	00.95
32.24	00.96
32.57	00.95
32.89	00.96
33.22	00.96
33.55	00.97
33.89	00.99
34.23	01.00
34.57	01.01
34.92	01.03
35.27	01.04
35.62	01.05
35.97	01.06
36.33	01.06
36.70	01.07
37.06	01.07
37.43	01.06
37.81	01.05
38.19	01.03
38.57	01.01
38.95	00.99
39.34	00.97
39.74	00.93
40.14	00.89
40.54	00.85
40.94	00.80
41.35	00.75
41.76	00.69
42.18	00.65
42.60	00.62
43.03	00.59
43.46	00.56
43.90	00.53
44.33	00.49
44.78	00.43
45.23	00.37
45.68	00.30
46.13	00.22
46.60	00.15
47.06	00.07
47.53	00.00
48.01	-00.06
48.49	-00.13
48.97	-00.19
49.46	-00.25
49.96	-00.31
50.46	-00.37
50.96	-00.41
51.47	-00.46
51.99	-00.47
52.51	-00.48
53.03	-00.46
53.56	-00.43
54.10	-00.39
54.64	-00.32
55.18	-00.23
55.74	-00.12
56.29	00.00
56.86	00.13
57.42	00.27
58.00	00.42
58.58	00.57
59.16	00.72
59.76	00.86
60.35	01.02
60.96	01.16
61.57	01.30
62.18	01.44
62.80	01.55
63.43	01.64
64.07	01.74
64.71	01.82
65.35	01.90
66.01	01.98
66.67	02.06
67.33	02.15
68.01	02.23
68.69	02.32
69.37	02.40
70.07	02.48
70.77	02.56
71.48	02.63
72.19	02.71
72.91	02.78
73.64	02.85
74.38	02.92
75.12	03.01
75.87	03.09
76.63	03.17
77.40	03.25
78.17	03.33
78.95	03.40
79.74	03.47
80.54	03.54
81.35	03.59
82.16	03.65
82.98	03.71
83.81	03.76
84.65	03.82
85.50	03.88
86.35	03.95
87.22	04.01
88.09	04.08
88.97	04.13
89.86	04.16
90.76	04.17
91.66	04.19
92.58	04.19
93.51	04.20
94.44	04.21
95.39	04.23
96.34	04.25
97.30	04.25
98.28	04.27
99.26	04.26
100.25	04.26
101.25	04.26
102.27	04.25
103.29	04.23
104.32	04.22
105.37	04.20
106.42	04.18
107.48	04.16
108.56	04.12
109.64	04.10
110.74	04.06
111.85	04.02
112.97	03.99
114.10	03.95
115.24	03.90
116.39	03.87
117.55	03.81
118.73	03.75
119.92	03.69
121.12	03.63
122.33	03.57
123.55	03.50
124.79	03.45
126.03	03.41
127.29	03.36
128.57	03.32
129.85	03.28
131.15	03.24
132.46	03.20
133.79	03.16
135.12	03.12
136.48	03.08
137.84	03.04
139.22	03.00
140.61	02.95
142.02	02.91
143.44	02.85
144.87	02.79
146.32	02.74
147.78	02.68
149.26	02.60
150.75	02.51
152.26	02.43
153.78	02.34
155.32	02.23
156.88	02.14
158.44	02.04
160.03	01.97
161.63	01.91
163.24	01.84
164.88	01.78
166.53	01.72
168.19	01.67
169.87	01.60
171.57	01.55
173.29	01.49
175.02	01.44
176.77	01.40
178.54	01.36
180.32	01.31
182.13	01.26
183.95	01.22
185.79	01.18
187.65	01.14
189.52	01.11
191.42	01.09
193.33	01.06
195.27	01.03
197.22	01.00
199.19	00.98
201.18	00.97
203.19	00.96
205.23	00.94
207.28	00.93
209.35	00.91
211.44	00.89
213.56	00.86
215.69	00.83
217.85	00.81
220.03	00.78
222.23	00.75
224.45	00.73
226.70	00.70
228.96	00.67
231.25	00.65
233.57	00.62
235.90	00.60
238.26	00.57
240.64	00.55
243.05	00.52
245.48	00.50
247.93	00.48
250.41	00.48
252.92	00.48
255.45	00.46
258.00	00.46
260.58	00.47
263.19	00.46
265.82	00.44
268.48	00.42
271.16	00.40
273.87	00.39
276.61	00.37
279.38	00.36
282.17	00.35
284.99	00.35
287.84	00.34
290.72	00.33
293.63	00.33
296.57	00.33
299.53	00.33
302.53	00.33
305.55	00.33
308.61	00.34
311.69	00.34
314.81	00.35
317.96	00.36
321.14	00.36
324.35	00.37
327.59	00.38
330.87	00.40
334.18	00.41
337.52	00.42
340.90	00.43
344.30	00.45
347.75	00.47
351.23	00.48
354.74	00.48
358.28	00.48
361.87	00.47
365.49	00.47
369.14	00.48
372.83	00.47
376.56	00.48
380.33	00.50
384.13	00.51
387.97	00.52
391.85	00.53
395.77	00.55
399.73	00.54
403.72	00.54
407.76	00.55
411.84	00.54
415.96	00.54
420.12	00.54
424.32	00.54
428.56	00.52
432.85	00.51
437.18	00.49
441.55	00.48
445.96	00.46
450.42	00.46
454.93	00.45
459.48	00.44
464.07	00.43
468.71	00.42
473.40	00.41
478.13	00.40
482.91	00.38
487.74	00.37
492.62	00.35
497.55	00.35
502.52	00.35
507.55	00.35
512.62	00.36
517.75	00.37
522.93	00.37
528.16	00.37
533.44	00.36
538.77	00.36
544.16	00.36
549.60	00.36
555.10	00.36
560.65	00.36
566.25	00.37
571.92	00.37
577.64	00.38
583.41	00.38
589.25	00.39
595.14	00.39
601.09	00.38
607.10	00.36
613.17	00.35
619.30	00.33
625.50	00.31
631.75	00.31
638.07	00.31
644.45	00.30
650.89	00.30
657.40	00.29
663.98	00.28
670.62	00.26
677.32	00.23
684.10	00.21
690.94	00.19
697.85	00.16
704.83	00.14
711.87	00.13
718.99	00.12
726.18	00.11
733.44	00.10
740.78	00.09
748.19	00.06
755.67	00.02
763.23	00.00
770.86	-00.04
778.57	-00.07
786.35	-00.10
794.22	-00.13
802.16	-00.14
810.18	-00.16
818.28	-00.17
826.46	-00.19
834.73	-00.21
843.08	-00.24
851.51	-00.28
860.02	-00.33
868.62	-00.37
877.31	-00.42
886.08	-00.47
894.94	-00.52
903.89	-00.55
912.93	-00.58
922.06	-00.60
931.28	-00.63
940.59	-00.65
950.00	-00.66
959.50	-00.68
969.09	-00.68
978.78	-00.68
988.57	-00.67
998.46	-00.65
1008.44	-00.63
1018.53	-00.60
1028.71	-00.56
1039.00	-00.52
1049.39	-00.46
1059.88	-00.40
1070.48	-00.33
1081.19	-00.26
1092.00	-00.18
1102.92	-00.10
1113.95	-00.02
1125.09	00.06
1136.34	00.12
1147.70	00.18
1159.18	00.23
1170.77	00.27
1182.48	00.29
1194.30	00.29
1206.25	00.28
1218.31	00.25
1230.49	00.22
1242.80	00.18
1255.22	00.14
1267.78	00.09
1280.45	00.05
1293.26	00.02
1306.19	-00.01
1319.25	-00.02
1332.45	-00.04
1345.77	-00.04
1359.23	-00.04
1372.82	-00.04
1386.55	-00.04
1400.41	-00.03
1414.42	-00.03
1428.56	-00.02
1442.85	-00.01
1457.28	00.00
1471.85	00.02
1486.57	00.04
1501.43	00.05
1516.45	00.08
1531.61	00.10
1546.93	00.15
1562.40	00.19
1578.02	00.25
1593.80	00.32
1609.74	00.40
1625.84	00.49
1642.10	00.59
1658.52	00.70
1675.10	00.81
1691.85	00.91
1708.77	01.00
1725.86	01.10
1743.12	01.19
1760.55	01.28
1778.15	01.36
1795.94	01.44
1813.90	01.51
1832.03	01.56
1850.36	01.60
1868.86	01.62
1887.55	01.62
1906.42	01.58
1925.49	01.50
1944.74	01.40
1964.19	01.26
1983.83	01.08
2003.67	00.81
2023.71	00.51
2043.94	00.18
2064.38	-00.17
2085.03	-00.52
2105.88	-00.84
2126.94	-01.10
2148.20	-01.33
2169.69	-01.53
2191.38	-01.67
2213.30	-01.77
2235.43	-01.86
2257.78	-01.92
2280.36	-01.93
2303.17	-01.91
2326.20	-01.87
2349.46	-01.72
2372.95	-01.50
2396.68	-01.26
2420.65	-01.01
2444.86	-00.76
2469.31	-00.51
2494.00	-00.28
2518.94	-00.08
2544.13	00.12
2569.57	00.31
2595.27	00.50
2621.22	00.67
2647.43	00.84
2673.90	00.99
2700.64	01.13
2727.65	01.24
2754.93	01.34
2782.48	01.39
2810.30	01.36
2838.40	01.30
2866.79	01.22
2895.46	01.11
2924.41	00.98
2953.65	00.83
2983.19	00.61
3013.02	00.33
3043.15	00.02
3073.58	-00.36
3104.32	-00.79
3135.36	-01.30
3166.72	-01.86
3198.38	-02.45
3230.37	-03.00
3262.67	-03.44
3295.30	-03.74
3328.25	-03.92
3361.53	-03.98
3395.15	-04.00
3429.10	-04.01
3463.39	-04.00
3498.03	-03.99
3533.01	-04.02
3568.34	-04.10
3604.02	-04.26
3640.06	-04.51
3676.46	-04.83
3713.22	-05.21
3750.36	-05.69
3787.86	-06.14
3825.74	-06.52
3864.00	-06.83
3902.64	-07.07
3941.66	-07.30
3981.08	-07.55
4020.89	-07.86
4061.10	-08.19
4101.71	-08.50
4142.73	-08.68
4184.15	-08.57
4226.00	-08.12
4268.26	-07.41
4310.94	-06.61
4354.05	-05.92
4397.59	-05.44
4441.56	-05.19
4485.98	-04.76
4530.84	-04.32
4576.15	-04.01
4621.91	-03.80
4668.13	-03.69
4714.81	-03.50
4761.96	-02.88
4809.58	-02.44
4857.67	-02.17
4906.25	-02.08
4955.31	-02.09
5004.87	-02.18
5054.91	-02.27
5105.46	-02.32
5156.52	-02.35
5208.08	-02.40
5260.16	-02.56
5312.77	-03.00
5365.89	-03.41
5419.55	-03.76
5473.75	-04.03
5528.49	-04.22
5583.77	-04.48
5639.61	-04.69
5696.00	-04.79
5752.96	-04.78
5810.49	-04.67
5868.60	-04.48
5927.28	-04.21
5986.56	-03.91
6046.42	-03.58
6106.89	-03.21
6167.96	-02.84
6229.64	-02.49
6291.93	-02.17
6354.85	-01.88
6418.40	-01.62
6482.58	-01.38
6547.41	-01.18
6612.88	-01.00
6679.01	-00.98
6745.80	-01.05
6813.26	-01.14
6881.39	-01.22
6950.21	-01.27
7019.71	-01.28
7089.91	-01.31
7160.81	-01.32
7232.41	-01.32
7304.74	-01.33
7377.79	-01.32
7451.56	-01.25
7526.08	-01.05
7601.34	-00.83
7677.35	-00.57
7754.13	-00.27
7831.67	00.11
7909.98	00.59
7989.08	01.09
8068.98	01.69
8149.67	02.38
8231.16	03.05
8313.47	03.62
8396.61	04.04
8480.57	04.47
8565.38	04.82
8651.03	05.07
8737.54	05.21
8824.92	05.25
8913.17	05.19
9002.30	04.96
9092.32	04.55
9183.25	03.92
9275.08	03.06
9367.83	02.02
9461.51	00.91
9556.12	-00.17
9651.68	-01.10
9748.20	-01.85
9845.68	-02.43
9944.14	-02.77
10043.58	-02.89
10144.02	-02.85
10245.46	-02.65
10347.91	-02.28
10451.39	-01.76
10555.91	-01.28
10661.46	-00.84
10768.08	-00.41
10875.76	-00.04
10984.52	00.25
11094.36	00.46
11205.31	00.57
11317.36	00.62
11430.53	00.60
11544.84	00.51
11660.29	00.34
11776.89	00.03
11894.66	-00.42
12013.60	-00.97
12133.74	-01.54
12255.08	-01.97
12377.63	-02.16
12501.41	-02.17
12626.42	-02.02
12752.68	-01.82
12880.21	-01.60
13009.01	-01.40
13139.10	-01.26
13270.49	-01.19
13403.20	-01.17
13537.23	-01.21
13672.60	-01.33
13809.33	-01.53
13947.42	-01.83
14086.90	-02.21
14227.77	-02.68
14370.04	-03.18
14513.74	-03.66
14658.88	-04.02
14805.47	-04.17
14953.52	-04.13
15103.06	-03.92
15254.09	-03.69
15406.63	-03.54
15560.70	-03.54
15716.30	-03.66
15873.47	-03.86
16032.20	-04.02
16192.52	-04.12
16354.45	-04.14
16517.99	-04.07
16683.17	-03.95
16850.01	-03.71
17018.51	-03.08
17188.69	-02.42
17360.58	-01.76
17534.18	-01.13
17709.53	-00.51
17886.62	00.03
18065.49	00.42
18246.14	00.67
18428.60	00.74
18612.89	00.64
18799.02	00.35
18987.01	-00.17
19176.88	-00.88
19368.65	-01.68
19562.33	-02.44
19757.96	-03.12
19955.54	-03.26
20000.00	24.11
