20.00 -05.58
20.20 -05.51
20.40 -05.44
20.61 -05.36
20.81 -05.29
21.02 -05.31
21.23 -05.24
21.44 -05.16
21.66 -05.08
21.87 -05.01
22.09 -05.03
22.31 -04.96
22.54 -04.88
22.76 -04.81
22.99 -04.83
23.22 -04.75
23.45 -04.68
23.69 -04.60
23.92 -04.53
24.16 -04.55
24.40 -04.48
24.65 -04.40
24.89 -04.33
25.14 -04.25
25.39 -04.18
25.65 -04.20
25.91 -04.13
26.16 -04.06
26.43 -03.98
26.69 -03.91
26.96 -03.84
27.23 -03.77
27.50 -03.70
27.77 -03.73
28.05 -03.66
28.33 -03.59
28.62 -03.52
28.90 -03.55
29.19 -03.48
29.48 -03.42
29.78 -03.35
30.08 -03.38
30.38 -03.32
30.68 -03.26
30.99 -03.30
31.30 -03.24
31.61 -03.19
31.93 -03.14
32.24 -03.19
32.57 -03.15
32.89 -03.11
33.22 -03.07
33.55 -03.04
33.89 -03.01
34.23 -02.98
34.57 -02.95
34.92 -02.93
35.27 -02.90
35.62 -02.88
35.97 -02.86
36.33 -02.83
36.70 -02.81
37.06 -02.69
37.43 -02.67
37.81 -02.65
38.19 -02.64
38.57 -02.62
38.95 -02.60
39.34 -02.49
39.74 -02.58
40.14 -02.56
40.54 -02.55
40.94 -02.54
41.35 -02.63
41.76 -02.63
42.18 -02.62
42.60 -02.52
43.03 -02.61
43.46 -02.61
43.90 -02.61
44.33 -02.61
44.78 -02.61
45.23 -02.51
45.68 -02.51
46.13 -02.52
46.60 -02.52
47.06 -02.52
47.53 -02.53
48.01 -02.63
48.49 -02.63
48.97 -02.64
49.46 -02.64
49.96 -02.64
50.46 -02.65
50.96 -02.65
51.47 -02.55
51.99 -02.55
52.51 -02.56
53.03 -02.56
53.56 -02.56
54.10 -02.56
54.64 -02.56
55.18 -02.56
55.74 -02.56
56.29 -02.56
56.86 -02.55
57.42 -02.55
58.00 -02.55
58.58 -02.45
59.16 -02.44
59.76 -02.34
60.35 -02.34
60.96 -02.34
61.57 -02.34
62.18 -02.34
62.80 -02.24
63.43 -02.24
64.07 -02.34
64.71 -02.34
65.35 -02.35
66.01 -02.35
66.67 -02.36
67.33 -02.36
68.01 -02.37
68.69 -02.28
69.37 -02.29
70.07 -02.30
70.77 -02.30
71.48 -02.31
72.19 -02.32
72.91 -02.33
73.64 -02.34
74.38 -02.35
75.12 -02.35
75.87 -02.36
76.63 -02.37
77.40 -02.38
78.17 -02.39
78.95 -02.40
79.74 -02.30
80.54 -02.31
81.35 -02.32
82.16 -02.33
82.98 -02.34
83.81 -02.34
84.65 -02.35
85.50 -02.26
86.35 -02.27
87.22 -02.27
88.09 -02.18
88.97 -02.19
89.86 -02.20
90.76 -02.20
91.66 -02.21
92.58 -02.22
93.51 -02.32
94.44 -02.33
95.39 -02.33
96.34 -02.34
97.30 -02.34
98.28 -02.35
99.26 -02.35
100.25 -02.36
101.25 -02.36
102.27 -02.26
103.29 -02.27
104.32 -02.27
105.37 -02.28
106.42 -02.28
107.48 -02.28
108.56 -02.29
109.64 -02.29
110.74 -02.30
111.85 -02.30
112.97 -02.31
114.10 -02.31
115.24 -02.32
116.39 -02.32
117.55 -02.33
118.73 -02.33
119.92 -02.34
121.12 -02.35
122.33 -02.35
123.55 -02.46
124.79 -02.47
126.03 -02.48
127.29 -02.48
128.57 -02.49
129.85 -02.50
131.15 -02.50
132.46 -02.51
133.79 -02.51
135.12 -02.42
136.48 -02.43
137.84 -02.43
139.22 -02.44
140.61 -02.44
142.02 -02.44
143.44 -02.45
144.87 -02.45
146.32 -02.46
147.78 -02.46
149.26 -02.46
150.75 -02.46
152.26 -02.47
153.78 -02.47
155.32 -02.57
156.88 -02.57
158.44 -02.57
160.03 -02.57
161.63 -02.57
163.24 -02.56
164.88 -02.46
166.53 -02.45
168.19 -02.45
169.87 -02.44
171.57 -02.44
173.29 -02.43
175.02 -02.42
176.77 -02.41
178.54 -02.30
180.32 -02.29
182.13 -02.38
183.95 -02.37
185.79 -02.36
187.65 -02.35
189.52 -02.43
191.42 -02.42
193.33 -02.41
195.27 -02.39
197.22 -02.37
199.19 -02.36
201.18 -02.34
203.19 -02.33
205.23 -02.31
207.28 -02.29
209.35 -02.27
211.44 -02.26
213.56 -02.24
215.69 -02.22
217.85 -02.21
220.03 -02.19
222.23 -02.18
224.45 -02.16
226.70 -02.15
228.96 -02.13
231.25 -02.12
233.57 -02.10
235.90 -02.09
238.26 -02.08
240.64 -02.06
243.05 -02.05
245.48 -02.04
247.93 -02.03
250.41 -02.02
252.92 -01.91
255.45 -01.91
258.00 -01.90
260.58 -01.89
263.19 -01.89
265.82 -01.78
268.48 -01.78
271.16 -01.77
273.87 -01.76
276.61 -01.76
279.38 -01.75
282.17 -01.75
284.99 -01.75
287.84 -01.74
290.72 -01.73
293.63 -01.73
296.57 -01.72
299.53 -01.72
302.53 -01.71
305.55 -01.70
308.61 -01.70
311.69 -01.69
314.81 -01.58
317.96 -01.57
321.14 -01.56
324.35 -01.55
327.59 -01.54
330.87 -01.53
334.18 -01.52
337.52 -01.51
340.90 -01.49
344.30 -01.48
347.75 -01.47
351.23 -01.45
354.74 -01.34
358.28 -01.43
361.87 -01.42
365.49 -01.41
369.14 -01.40
372.83 -01.39
376.56 -01.39
380.33 -01.38
384.13 -01.38
387.97 -01.38
391.85 -01.38
395.77 -01.38
399.73 -01.28
403.72 -01.39
407.76 -01.40
411.84 -01.41
415.96 -01.42
420.12 -01.44
424.32 -01.46
428.56 -01.48
432.85 -01.50
437.18 -01.52
441.55 -01.64
445.96 -01.67
450.42 -01.69
454.93 -01.71
459.48 -01.72
464.07 -01.74
468.71 -01.74
473.40 -01.74
478.13 -01.74
482.91 -01.73
487.74 -01.71
492.62 -01.69
497.55 -01.65
502.52 -01.62
507.55 -01.57
512.62 -01.52
517.75 -01.36
522.93 -01.30
528.16 -01.24
533.44 -01.17
538.77 -01.10
544.16 -01.02
549.60 -00.95
555.10 -00.87
560.65 -00.79
566.25 -00.72
571.92 -00.64
577.64 -00.56
583.41 -00.49
589.25 -00.41
595.14 -00.33
601.09 -00.25
607.10 -00.17
613.17 -00.10
619.30 -00.12
625.50 -00.05
631.75 00.03
638.07 00.11
644.45 00.18
650.89 00.26
657.40 00.33
663.98 00.40
670.62 00.47
677.32 00.54
684.10 00.61
690.94 00.67
697.85 00.64
704.83 00.71
711.87 00.77
718.99 00.84
726.18 00.90
733.44 00.96
740.78 01.01
748.19 01.05
755.67 01.09
763.23 01.13
770.86 01.15
778.57 01.07
786.35 01.07
794.22 01.07
802.16 01.05
810.18 01.01
818.28 00.96
826.46 00.90
834.73 00.82
843.08 00.73
851.51 00.62
860.02 00.51
868.62 00.39
877.31 00.15
886.08 00.01
894.94 -00.13
903.89 -00.29
912.93 -00.44
922.06 -00.59
931.28 -00.74
940.59 -00.87
950.00 -00.98
959.50 -01.08
969.09 -01.16
978.78 -01.21
988.57 -01.24
998.46 -01.24
1008.44 -01.22
1018.53 -01.17
1028.71 -01.10
1039.00 -01.02
1049.39 -00.94
1059.88 -00.85
1070.48 -00.77
1081.19 -00.69
1092.00 -00.62
1102.92 -00.55
1113.95 -00.49
1125.09 -00.43
1136.34 -00.38
1147.70 -00.33
1159.18 -00.27
1170.77 -00.21
1182.48 -00.14
1194.30 -00.06
1206.25 00.03
1218.31 00.12
1230.49 00.22
1242.80 00.31
1255.22 00.41
1267.78 00.50
1280.45 00.59
1293.26 00.68
1306.19 00.76
1319.25 00.84
1332.45 00.91
1345.77 00.96
1359.23 01.00
1372.82 01.02
1386.55 01.02
1400.41 01.01
1414.42 00.98
1428.56 00.93
1442.85 00.85
1457.28 00.76
1471.85 00.66
1486.57 00.56
1501.43 00.46
1516.45 00.37
1531.61 00.29
1546.93 00.14
1562.40 00.10
1578.02 00.08
1593.80 00.08
1609.74 00.11
1625.84 00.15
1642.10 00.20
1658.52 00.24
1675.10 00.27
1691.85 00.30
1708.77 00.33
1725.86 00.35
1743.12 00.37
1760.55 00.29
1778.15 00.30
1795.94 00.30
1813.90 00.30
1832.03 00.29
1850.36 00.18
1868.86 00.17
1887.55 00.15
1906.42 00.14
1925.49 00.01
1944.74 -00.13
1964.19 -00.19
1983.83 -00.36
2003.67 -00.46
2023.71 -00.76
2043.94 -00.97
2064.38 -01.26
2085.03 -01.42
2105.88 -01.67
2126.94 -01.79
2148.20 -01.89
2169.69 -01.88
2191.38 -01.93
2213.30 -01.87
2235.43 -01.89
2257.78 -01.91
2280.36 -01.93
2303.17 -01.95
2326.20 -01.98
2349.46 -02.02
2372.95 -01.97
2396.68 -01.93
2420.65 -01.89
2444.86 -01.75
2469.31 -01.72
2494.00 -01.69
2518.94 -01.78
2544.13 -01.81
2569.57 -01.97
2595.27 -02.07
2621.22 -02.18
2647.43 -02.39
2673.90 -02.50
2700.64 -02.60
2727.65 -02.70
2754.93 -02.90
2782.48 -02.99
2810.30 -03.15
2838.40 -03.17
2866.79 -03.35
2895.46 -03.50
2924.41 -03.66
2953.65 -03.82
2983.19 -03.90
3013.02 -04.09
3043.15 -04.40
3073.58 -04.63
3104.32 -04.89
3135.36 -05.18
3166.72 -05.57
3198.38 -05.97
3230.37 -06.27
3262.67 -06.57
3295.30 -06.96
3328.25 -07.27
3361.53 -07.56
3395.15 -07.75
3429.10 -08.09
3463.39 -08.20
3498.03 -08.35
3533.01 -08.47
3568.34 -08.57
3604.02 -08.77
3640.06 -08.91
3676.46 -09.19
3713.22 -09.39
3750.36 -09.66
3787.86 -09.65
3825.74 -09.64
3864.00 -09.84
3902.64 -09.85
3941.66 -09.80
3981.08 -09.77
4020.89 -09.63
4061.10 -09.34
4101.71 -08.92
4142.73 -08.47
4184.15 -08.09
4226.00 -07.94
4268.26 -07.67
4310.94 -07.52
4354.05 -07.28
4397.59 -07.06
4441.56 -06.92
4485.98 -06.98
4530.84 -06.95
4576.15 -06.94
4621.91 -07.02
4668.13 -07.17
4714.81 -07.38
4761.96 -07.46
4809.58 -06.91
4857.67 -06.55
4906.25 -06.19
4955.31 -06.22
5004.87 -06.09
5054.91 -05.97
5105.46 -05.86
5156.52 -05.55
5208.08 -05.23
5260.16 -04.80
5312.77 -04.43
5365.89 -04.23
5419.55 -04.12
5473.75 -04.00
5528.49 -03.90
5583.77 -03.62
5639.61 -03.62
5696.00 -04.01
5752.96 -04.38
5810.49 -04.45
5868.60 -04.62
5927.28 -04.77
5986.56 -04.78
6046.42 -04.85
6106.89 -04.99
6167.96 -05.02
6229.64 -05.03
6291.93 -05.02
6354.85 -05.09
6418.40 -05.03
6482.58 -04.95
6547.41 -04.85
6612.88 -04.70
6679.01 -04.62
6745.80 -04.70
6813.26 -04.43
6881.39 -04.33
6950.21 -04.23
7019.71 -04.13
7089.91 -04.02
7160.81 -04.04
7232.41 -03.99
7304.74 -04.11
7377.79 -04.20
7451.56 -04.45
7526.08 -04.66
7601.34 -04.72
7677.35 -04.91
7754.13 -05.14
7831.67 -05.39
7909.98 -05.52
7989.08 -05.72
8068.98 -05.88
8149.67 -05.88
8231.16 -05.81
8313.47 -05.82
8396.61 -05.96
8480.57 -06.16
8565.38 -06.60
8651.03 -06.66
8737.54 -06.83
8824.92 -06.88
8913.17 -06.96
9002.30 -06.81
9092.32 -06.54
9183.25 -06.14
9275.08 -05.58
9367.83 -04.95
9461.51 -04.27
9556.12 -03.48
9651.68 -02.71
9748.20 -01.87
9845.68 -01.14
9944.14 -00.74
10043.58 -00.35
10144.02 -00.20
10245.46 -00.10
10347.91 -00.25
10451.39 -00.44
10555.91 -00.87
10661.46 -01.50
10768.08 -02.28
10875.76 -03.07
10984.52 -03.88
11094.36 -04.44
11205.31 -04.79
11317.36 -04.91
11430.53 -04.87
11544.84 -04.85
11660.29 -04.69
11776.89 -04.51
11894.66 -04.38
12013.60 -04.08
12133.74 -03.70
12255.08 -03.24
12377.63 -02.84
12501.41 -02.38
12626.42 -02.08
12752.68 -01.87
12880.21 -01.71
13009.01 -01.57
13139.10 -01.33
13270.49 -01.29
13403.20 -01.17
13537.23 -01.22
13672.60 -01.24
13809.33 -01.42
13947.42 -01.62
14086.90 -01.65
14227.77 -01.67
14370.04 -01.59
14513.74 -01.56
14658.88 -01.44
14805.47 -01.38
14953.52 -01.54
15103.06 -01.54
15254.09 -01.56
15406.63 -01.82
15560.70 -01.92
15716.30 -01.96
15873.47 -02.12
16032.20 -02.24
16192.52 -02.26
16354.45 -02.17
16517.99 -01.88
16683.17 -01.65
16850.01 -01.43
17018.51 -01.15
17188.69 -00.52
17360.58 -00.13
17534.18 00.30
17709.53 00.57
17886.62 00.84
18065.49 01.10
18246.14 01.11
18428.60 00.97
18612.89 00.80
18799.02 00.47
18987.01 00.24
19176.88 -00.05
19368.65 -00.30
19562.33 -00.56
19757.96 -00.89
19955.54 -01.34
20000.00 -01.45
