20.00 00.03
20.20 00.08
20.40 00.12
20.61 00.17
20.81 00.22
21.02 00.26
21.23 00.31
21.44 00.36
21.66 00.43
21.87 00.48
22.09 00.54
22.31 00.60
22.54 00.64
22.76 00.67
22.99 00.70
23.22 00.74
23.45 00.76
23.69 00.80
23.92 00.83
24.16 00.86
24.40 00.89
24.65 00.92
24.89 00.94
25.14 00.97
25.39 01.02
25.65 01.07
25.91 01.10
26.16 01.14
26.43 01.18
26.69 01.22
26.96 01.26
27.23 01.29
27.50 01.33
27.77 01.36
28.05 01.40
28.33 01.42
28.62 01.44
28.90 01.47
29.19 01.49
29.48 01.53
29.78 01.55
30.08 01.57
30.38 01.58
30.68 01.61
30.99 01.62
31.30 01.63
31.61 01.67
31.93 01.70
32.24 01.74
32.57 01.78
32.89 01.80
33.22 01.84
33.55 01.87
33.89 01.91
34.23 01.96
34.57 01.99
34.92 02.03
35.27 02.07
35.62 02.10
35.97 02.12
36.33 02.16
36.70 02.19
37.06 02.22
37.43 02.24
37.81 02.26
38.19 02.27
38.57 02.28
38.95 02.28
39.34 02.29
39.74 02.30
40.14 02.30
40.54 02.29
40.94 02.29
41.35 02.29
41.76 02.29
42.18 02.28
42.60 02.28
43.03 02.30
43.46 02.32
43.90 02.33
44.33 02.34
44.78 02.35
45.23 02.35
45.68 02.34
46.13 02.33
46.60 02.32
47.06 02.31
47.53 02.30
48.01 02.31
48.49 02.33
48.97 02.34
49.46 02.36
49.96 02.38
50.46 02.39
50.96 02.41
51.47 02.43
51.99 02.44
52.51 02.45
53.03 02.47
53.56 02.49
54.10 02.50
54.64 02.51
55.18 02.53
55.74 02.54
56.29 02.57
56.86 02.60
57.42 02.61
58.00 02.64
58.58 02.67
59.16 02.70
59.76 02.72
60.35 02.75
60.96 02.78
61.57 02.81
62.18 02.84
62.80 02.86
63.43 02.87
64.07 02.86
64.71 02.86
65.35 02.85
66.01 02.84
66.67 02.83
67.33 02.83
68.01 02.83
68.69 02.84
69.37 02.84
70.07 02.85
70.77 02.85
71.48 02.85
72.19 02.86
72.91 02.86
73.64 02.86
74.38 02.86
75.12 02.86
75.87 02.88
76.63 02.89
77.40 02.91
78.17 02.92
78.95 02.94
79.74 02.95
80.54 02.96
81.35 02.97
82.16 02.97
82.98 02.97
83.81 02.99
84.65 02.99
85.50 03.00
86.35 03.02
87.22 03.04
88.09 03.06
88.97 03.09
89.86 03.11
90.76 03.10
91.66 03.07
92.58 03.06
93.51 03.04
94.44 03.02
95.39 03.01
96.34 03.01
97.30 03.01
98.28 03.00
99.26 03.01
100.25 03.01
101.25 03.00
102.27 03.01
103.29 03.00
104.32 03.00
105.37 03.00
106.42 03.00
107.48 02.99
108.56 03.00
109.64 02.99
110.74 03.00
111.85 02.99
112.97 02.99
114.10 02.99
115.24 02.99
116.39 02.98
117.55 02.98
118.73 02.97
119.92 02.95
121.12 02.92
122.33 02.90
123.55 02.88
124.79 02.85
126.03 02.84
127.29 02.84
128.57 02.82
129.85 02.81
131.15 02.80
132.46 02.79
133.79 02.77
135.12 02.77
136.48 02.75
137.84 02.73
139.22 02.73
140.61 02.71
142.02 02.69
143.44 02.68
144.87 02.66
146.32 02.64
147.78 02.63
149.26 02.60
150.75 02.57
152.26 02.54
153.78 02.51
155.32 02.48
156.88 02.44
158.44 02.42
160.03 02.39
161.63 02.39
163.24 02.40
164.88 02.41
166.53 02.41
168.19 02.42
169.87 02.43
171.57 02.41
173.29 02.41
175.02 02.40
176.77 02.38
178.54 02.37
180.32 02.36
182.13 02.32
183.95 02.28
185.79 02.24
187.65 02.21
189.52 02.17
191.42 02.14
193.33 02.11
195.27 02.08
197.22 02.05
199.19 02.02
201.18 02.00
203.19 01.99
205.23 01.98
207.28 01.97
209.35 01.96
211.44 01.95
213.56 01.93
215.69 01.91
217.85 01.89
220.03 01.86
222.23 01.84
224.45 01.81
226.70 01.79
228.96 01.77
231.25 01.75
233.57 01.73
235.90 01.71
238.26 01.69
240.64 01.67
243.05 01.66
245.48 01.64
247.93 01.62
250.41 01.60
252.92 01.60
255.45 01.59
258.00 01.58
260.58 01.57
263.19 01.56
265.82 01.54
268.48 01.51
271.16 01.48
273.87 01.46
276.61 01.43
279.38 01.41
282.17 01.41
284.99 01.39
287.84 01.39
290.72 01.40
293.63 01.39
296.57 01.39
299.53 01.39
302.53 01.39
305.55 01.39
308.61 01.38
311.69 01.37
314.81 01.36
317.96 01.36
321.14 01.35
324.35 01.34
327.59 01.33
330.87 01.32
334.18 01.31
337.52 01.29
340.90 01.26
344.30 01.23
347.75 01.21
351.23 01.19
354.74 01.16
358.28 01.11
361.87 01.06
365.49 01.01
369.14 00.94
372.83 00.89
376.56 00.82
380.33 00.77
384.13 00.71
387.97 00.66
391.85 00.58
395.77 00.52
399.73 00.45
403.72 00.35
407.76 00.25
411.84 00.16
415.96 00.05
420.12 -00.05
424.32 -00.16
428.56 -00.26
432.85 -00.38
437.18 -00.49
441.55 -00.60
445.96 -00.70
450.42 -00.81
454.93 -00.90
459.48 -00.99
464.07 -01.08
468.71 -01.17
473.40 -01.26
478.13 -01.35
482.91 -01.44
487.74 -01.52
492.62 -01.60
497.55 -01.67
502.52 -01.71
507.55 -01.74
512.62 -01.76
517.75 -01.77
522.93 -01.75
528.16 -01.74
533.44 -01.72
538.77 -01.70
544.16 -01.66
549.60 -01.61
555.10 -01.55
560.65 -01.48
566.25 -01.41
571.92 -01.33
577.64 -01.25
583.41 -01.17
589.25 -01.09
595.14 -01.00
601.09 -00.92
607.10 -00.85
613.17 -00.79
619.30 -00.73
625.50 -00.67
631.75 -00.62
638.07 -00.55
644.45 -00.48
650.89 -00.41
657.40 -00.35
663.98 -00.28
670.62 -00.21
677.32 -00.17
684.10 -00.14
690.94 -00.10
697.85 -00.09
704.83 -00.08
711.87 -00.08
718.99 -00.08
726.18 -00.09
733.44 -00.10
740.78 -00.10
748.19 -00.11
755.67 -00.12
763.23 -00.13
770.86 -00.13
778.57 -00.14
786.35 -00.14
794.22 -00.15
802.16 -00.14
810.18 -00.12
818.28 -00.09
826.46 -00.06
834.73 -00.02
843.08 00.03
851.51 00.08
860.02 00.12
868.62 00.15
877.31 00.19
886.08 00.22
894.94 00.25
903.89 00.30
912.93 00.36
922.06 00.43
931.28 00.51
940.59 00.59
950.00 00.66
959.50 00.74
969.09 00.81
978.78 00.88
988.57 00.95
998.46 01.01
1008.44 01.07
1018.53 01.13
1028.71 01.16
1039.00 01.18
1049.39 01.20
1059.88 01.20
1070.48 01.18
1081.19 01.15
1092.00 01.11
1102.92 01.06
1113.95 00.99
1125.09 00.90
1136.34 00.80
1147.70 00.68
1159.18 00.55
1170.77 00.42
1182.48 00.30
1194.30 00.20
1206.25 00.15
1218.31 00.12
1230.49 00.12
1242.80 00.15
1255.22 00.20
1267.78 00.27
1280.45 00.34
1293.26 00.41
1306.19 00.48
1319.25 00.55
1332.45 00.59
1345.77 00.63
1359.23 00.65
1372.82 00.67
1386.55 00.69
1400.41 00.72
1414.42 00.74
1428.56 00.77
1442.85 00.80
1457.28 00.83
1471.85 00.84
1486.57 00.85
1501.43 00.84
1516.45 00.78
1531.61 00.71
1546.93 00.61
1562.40 00.52
1578.02 00.42
1593.80 00.32
1609.74 00.20
1625.84 00.08
1642.10 -00.04
1658.52 -00.16
1675.10 -00.26
1691.85 -00.33
1708.77 -00.39
1725.86 -00.45
1743.12 -00.48
1760.55 -00.55
1778.15 -00.66
1795.94 -00.80
1813.90 -00.96
1832.03 -01.17
1850.36 -01.41
1868.86 -01.65
1887.55 -01.87
1906.42 -02.06
1925.49 -02.24
1944.74 -02.38
1964.19 -02.52
1983.83 -02.65
2003.67 -02.79
2023.71 -02.98
2043.94 -03.19
2064.38 -03.42
2085.03 -03.66
2105.88 -03.89
2126.94 -04.12
2148.20 -04.31
2169.69 -04.50
2191.38 -04.70
2213.30 -04.90
2235.43 -05.13
2257.78 -05.42
2280.36 -05.73
2303.17 -06.03
2326.20 -06.35
2349.46 -06.67
2372.95 -06.93
2396.68 -07.12
2420.65 -07.31
2444.86 -07.46
2469.31 -07.59
2494.00 -07.68
2518.94 -07.80
2544.13 -07.95
2569.57 -08.13
2595.27 -08.34
2621.22 -08.56
2647.43 -08.78
2673.90 -08.97
2700.64 -09.11
2727.65 -09.20
2754.93 -09.26
2782.48 -09.28
2810.30 -09.31
2838.40 -09.39
2866.79 -09.43
2895.46 -09.42
2924.41 -09.38
2953.65 -09.29
2983.19 -09.16
3013.02 -09.02
3043.15 -08.89
3073.58 -08.74
3104.32 -08.60
3135.36 -08.45
3166.72 -08.30
3198.38 -08.15
3230.37 -08.00
3262.67 -07.86
3295.30 -07.74
3328.25 -07.62
3361.53 -07.51
3395.15 -07.37
3429.10 -07.24
3463.39 -07.10
3498.03 -06.93
3533.01 -06.75
3568.34 -06.57
3604.02 -06.39
3640.06 -06.20
3676.46 -06.01
3713.22 -05.80
3750.36 -05.57
3787.86 -05.23
3825.74 -04.83
3864.00 -04.36
3902.64 -03.87
3941.66 -03.35
3981.08 -02.84
4020.89 -02.42
4061.10 -02.10
4101.71 -01.77
4142.73 -01.46
4184.15 -01.18
4226.00 -00.93
4268.26 -00.70
4310.94 -00.48
4354.05 -00.31
4397.59 -00.21
4441.56 -00.17
4485.98 -00.21
4530.84 -00.14
4576.15 -00.06
4621.91 -00.02
4668.13 -00.05
4714.81 -00.14
4761.96 -00.15
4809.58 00.21
4857.67 00.51
4906.25 00.71
4955.31 00.80
5004.87 00.82
5054.91 01.09
5105.46 01.27
5156.52 01.39
5208.08 01.49
5260.16 01.63
5312.77 01.80
5365.89 01.88
5419.55 02.07
5473.75 02.34
5528.49 02.65
5583.77 02.97
5639.61 03.02
5696.00 02.95
5752.96 02.86
5810.49 02.78
5868.60 02.67
5927.28 02.55
5986.56 02.40
6046.42 02.15
6106.89 01.84
6167.96 01.51
6229.64 01.12
6291.93 00.75
6354.85 00.43
6418.40 00.20
6482.58 00.06
6547.41 00.06
6612.88 00.18
6679.01 00.35
6745.80 00.46
6813.26 00.53
6881.39 00.64
6950.21 00.76
7019.71 00.89
7089.91 01.01
7160.81 01.07
7232.41 01.12
7304.74 01.17
7377.79 01.23
7451.56 01.36
7526.08 01.61
7601.34 02.08
7677.35 02.61
7754.13 03.16
7831.67 03.67
7909.98 04.13
7989.08 04.45
8068.98 04.53
8149.67 04.48
8231.16 04.33
8313.47 04.11
8396.61 03.84
8480.57 03.60
8565.38 03.58
8651.03 03.69
8737.54 03.90
8824.92 04.24
8913.17 04.69
9002.30 05.20
9092.32 05.71
9183.25 06.21
9275.08 06.59
9367.83 06.84
9461.51 06.97
9556.12 06.98
9651.68 06.90
9748.20 06.73
9845.68 06.56
9944.14 06.39
10043.58 06.31
10144.02 06.31
10245.46 06.30
10347.91 06.24
10451.39 06.12
10555.91 05.95
10661.46 05.58
10768.08 05.08
10875.76 04.62
10984.52 04.23
11094.36 03.93
11205.31 03.74
11317.36 03.65
11430.53 03.62
11544.84 03.61
11660.29 03.62
11776.89 03.61
11894.66 03.57
12013.60 03.49
12133.74 03.42
12255.08 03.35
12377.63 03.35
12501.41 03.42
12626.42 03.51
12752.68 03.65
12880.21 03.83
13009.01 04.02
13139.10 04.21
13270.49 04.36
13403.20 04.51
13537.23 04.72
13672.60 05.04
13809.33 05.51
13947.42 06.06
14086.90 06.64
14227.77 07.16
14370.04 07.48
14513.74 07.58
14658.88 07.48
14805.47 07.23
14953.52 06.85
15103.06 06.35
15254.09 05.88
15406.63 05.44
15560.70 05.02
15716.30 04.57
15873.47 04.06
16032.20 03.54
16192.52 03.06
16354.45 02.59
16517.99 02.13
16683.17 01.68
16850.01 01.27
17018.51 01.03
17188.69 01.35
17360.58 01.90
17534.18 02.59
17709.53 03.16
17886.62 03.54
18065.49 03.64
18246.14 03.39
18428.60 02.65
18612.89 01.62
18799.02 00.43
18987.01 -00.76
19176.88 -01.72
19368.65 -02.18
19562.33 -02.43
19757.96 -02.55
19955.54 -02.58
20000.00 -02.57
