20.00 -05.31
20.20 -05.23
20.40 -05.16
20.61 -05.09
20.81 -05.02
21.02 -05.05
21.23 -04.98
21.44 -04.92
21.66 -04.95
21.87 -04.89
22.09 -04.83
22.31 -04.76
22.54 -04.80
22.76 -04.74
22.99 -04.67
23.22 -04.61
23.45 -04.65
23.69 -04.58
23.92 -04.52
24.16 -04.46
24.40 -04.50
24.65 -04.34
24.89 -04.28
25.14 -04.32
25.39 -04.26
25.65 -04.20
25.91 -04.14
26.16 -04.08
26.43 -04.02
26.69 -03.96
26.96 -04.00
27.23 -03.94
27.50 -03.89
27.77 -03.93
28.05 -03.87
28.33 -03.82
28.62 -03.76
28.90 -03.71
29.19 -03.65
29.48 -03.60
29.78 -03.55
30.08 -03.50
30.38 -03.55
30.68 -03.50
30.99 -03.45
31.30 -03.50
31.61 -03.45
31.93 -03.50
32.24 -03.45
32.57 -03.40
32.89 -03.35
33.22 -03.39
33.55 -03.34
33.89 -03.29
34.23 -03.24
34.57 -03.19
34.92 -03.14
35.27 -03.09
35.62 -03.04
35.97 -03.00
36.33 -02.95
36.70 -02.91
37.06 -02.76
37.43 -02.72
37.81 -02.68
38.19 -02.64
38.57 -02.70
38.95 -02.66
39.34 -02.52
39.74 -02.49
40.14 -02.45
40.54 -02.42
40.94 -02.49
41.35 -02.46
41.76 -02.44
42.18 -02.52
42.60 -02.40
43.03 -02.49
43.46 -02.48
43.90 -02.48
44.33 -02.58
44.78 -02.58
45.23 -02.49
45.68 -02.50
46.13 -02.51
46.60 -02.62
47.06 -02.63
47.53 -02.65
48.01 -02.66
48.49 -02.68
48.97 -02.59
49.46 -02.61
49.96 -02.52
50.46 -02.54
50.96 -02.45
51.47 -02.36
51.99 -02.37
52.51 -02.28
53.03 -02.29
53.56 -02.30
54.10 -02.30
54.64 -02.31
55.18 -02.31
55.74 -02.31
56.29 -02.22
56.86 -02.22
57.42 -02.22
58.00 -02.22
58.58 -02.21
59.16 -02.21
59.76 -02.11
60.35 -02.01
60.96 -02.01
61.57 -02.01
62.18 -02.01
62.80 -02.02
63.43 -02.02
64.07 -02.03
64.71 -02.04
65.35 -02.14
66.01 -02.15
66.67 -02.26
67.33 -02.28
68.01 -02.29
68.69 -02.20
69.37 -02.22
70.07 -02.23
70.77 -02.24
71.48 -02.26
72.19 -02.37
72.91 -02.39
73.64 -02.40
74.38 -02.42
75.12 -02.43
75.87 -02.44
76.63 -02.46
77.40 -02.47
78.17 -02.49
78.95 -02.50
79.74 -02.42
80.54 -02.43
81.35 -02.45
82.16 -02.46
82.98 -02.48
83.81 -02.49
84.65 -02.50
85.50 -02.42
86.35 -02.43
87.22 -02.35
88.09 -02.36
88.97 -02.37
89.86 -02.28
90.76 -02.30
91.66 -02.31
92.58 -02.32
93.51 -02.33
94.44 -02.44
95.39 -02.35
96.34 -02.36
97.30 -02.37
98.28 -02.38
99.26 -02.39
100.25 -02.40
101.25 -02.40
102.27 -02.31
103.29 -02.32
104.32 -02.33
105.37 -02.33
106.42 -02.34
107.48 -02.35
108.56 -02.36
109.64 -02.36
110.74 -02.37
111.85 -02.38
112.97 -02.39
114.10 -02.30
115.24 -02.30
116.39 -02.31
117.55 -02.32
118.73 -02.33
119.92 -02.34
121.12 -02.44
122.33 -02.45
123.55 -02.46
124.79 -02.47
126.03 -02.48
127.29 -02.49
128.57 -02.49
129.85 -02.50
131.15 -02.51
132.46 -02.52
133.79 -02.52
135.12 -02.43
136.48 -02.44
137.84 -02.44
139.22 -02.45
140.61 -02.46
142.02 -02.46
143.44 -02.47
144.87 -02.47
146.32 -02.48
147.78 -02.48
149.26 -02.48
150.75 -02.49
152.26 -02.49
153.78 -02.49
155.32 -02.50
156.88 -02.50
158.44 -02.60
160.03 -02.60
161.63 -02.50
163.24 -02.50
164.88 -02.50
166.53 -02.50
168.19 -02.49
169.87 -02.49
171.57 -02.48
173.29 -02.48
175.02 -02.47
176.77 -02.46
178.54 -02.45
180.32 -02.44
182.13 -02.43
183.95 -02.41
185.79 -02.40
187.65 -02.39
189.52 -02.37
191.42 -02.35
193.33 -02.43
195.27 -02.42
197.22 -02.40
199.19 -02.37
201.18 -02.35
203.19 -02.33
205.23 -02.31
207.28 -02.29
209.35 -02.26
211.44 -02.14
213.56 -02.22
215.69 -02.20
217.85 -02.17
220.03 -02.15
222.23 -02.13
224.45 -02.10
226.70 -02.08
228.96 -02.06
231.25 -02.03
233.57 -02.01
235.90 -01.99
238.26 -02.06
240.64 -02.04
243.05 -02.02
245.48 -02.00
247.93 -01.97
250.41 -01.95
252.92 -01.93
255.45 -01.91
258.00 -01.88
260.58 -01.76
263.19 -01.74
265.82 -01.72
268.48 -01.70
271.16 -01.68
273.87 -01.76
276.61 -01.74
279.38 -01.72
282.17 -01.70
284.99 -01.68
287.84 -01.67
290.72 -01.65
293.63 -01.63
296.57 -01.61
299.53 -01.59
302.53 -01.58
305.55 -01.46
308.61 -01.44
311.69 -01.42
314.81 -01.41
317.96 -01.39
321.14 -01.37
324.35 -01.35
327.59 -01.34
330.87 -01.32
334.18 -01.30
337.52 -01.29
340.90 -01.27
344.30 -01.25
347.75 -01.24
351.23 -01.22
354.74 -01.20
358.28 -01.19
361.87 -01.17
365.49 -01.16
369.14 -01.24
372.83 -01.23
376.56 -01.22
380.33 -01.21
384.13 -01.19
387.97 -01.18
391.85 -01.18
395.77 -01.17
399.73 -01.17
403.72 -01.17
407.76 -01.17
411.84 -01.18
415.96 -01.19
420.12 -01.20
424.32 -01.21
428.56 -01.33
432.85 -01.34
437.18 -01.36
441.55 -01.38
445.96 -01.40
450.42 -01.51
454.93 -01.53
459.48 -01.54
464.07 -01.55
468.71 -01.55
473.40 -01.55
478.13 -01.54
482.91 -01.53
487.74 -01.51
492.62 -01.48
497.55 -01.45
502.52 -01.41
507.55 -01.36
512.62 -01.31
517.75 -01.26
522.93 -01.10
528.16 -01.03
533.44 -00.97
538.77 -00.89
544.16 -00.82
549.60 -00.75
555.10 -00.67
560.65 -00.60
566.25 -00.62
571.92 -00.55
577.64 -00.47
583.41 -00.39
589.25 -00.32
595.14 -00.24
601.09 -00.17
607.10 -00.09
613.17 -00.11
619.30 -00.04
625.50 00.04
631.75 00.11
638.07 00.09
644.45 00.16
650.89 00.23
657.40 00.31
663.98 00.38
670.62 00.45
677.32 00.41
684.10 00.48
690.94 00.55
697.85 00.62
704.83 00.60
711.87 00.67
718.99 00.75
726.18 00.83
733.44 00.90
740.78 00.98
748.19 01.05
755.67 01.13
763.23 01.19
770.86 01.26
778.57 01.31
786.35 01.35
794.22 01.38
802.16 01.39
810.18 01.37
818.28 01.34
826.46 01.29
834.73 01.23
843.08 01.24
851.51 01.14
860.02 00.93
868.62 00.79
877.31 00.64
886.08 00.48
894.94 00.20
903.89 00.02
912.93 -00.16
922.06 -00.35
931.28 -00.53
940.59 -00.70
950.00 -00.86
959.50 -01.00
969.09 -01.11
978.78 -01.19
988.57 -01.23
998.46 -01.24
1008.44 -01.22
1018.53 -01.17
1028.71 -01.11
1039.00 -01.04
1049.39 -00.96
1059.88 -00.89
1070.48 -00.81
1081.19 -00.75
1092.00 -00.68
1102.92 -00.63
1113.95 -00.57
1125.09 -00.53
1136.34 -00.58
1147.70 -00.53
1159.18 -00.47
1170.77 -00.39
1182.48 -00.41
1194.30 -00.32
1206.25 -00.22
1218.31 -00.12
1230.49 -00.02
1242.80 00.08
1255.22 00.17
1267.78 00.25
1280.45 00.33
1293.26 00.39
1306.19 00.44
1319.25 00.58
1332.45 00.61
1345.77 00.63
1359.23 00.64
1372.82 00.63
1386.55 00.61
1400.41 00.57
1414.42 00.52
1428.56 00.45
1442.85 00.37
1457.28 00.28
1471.85 00.20
1486.57 00.13
1501.43 00.07
1516.45 00.04
1531.61 -00.07
1546.93 -00.06
1562.40 -00.02
1578.02 -00.05
1593.80 00.05
1609.74 00.15
1625.84 00.17
1642.10 00.28
1658.52 00.38
1675.10 00.48
1691.85 00.57
1708.77 00.55
1725.86 00.62
1743.12 00.59
1760.55 00.56
1778.15 00.62
1795.94 00.57
1813.90 00.62
1832.03 00.66
1850.36 00.69
1868.86 00.72
1887.55 00.73
1906.42 00.62
1925.49 00.58
1944.74 00.42
1964.19 00.31
1983.83 00.08
2003.67 -00.08
2023.71 -00.34
2043.94 -00.59
2064.38 -00.93
2085.03 -01.15
2105.88 -01.36
2126.94 -01.64
2148.20 -01.70
2169.69 -01.72
2191.38 -01.80
2213.30 -01.65
2235.43 -01.69
2257.78 -01.72
2280.36 -01.87
2303.17 -01.93
2326.20 -02.00
2349.46 -02.17
2372.95 -02.16
2396.68 -02.14
2420.65 -02.13
2444.86 -02.11
2469.31 -02.10
2494.00 -02.20
2518.94 -02.25
2544.13 -02.43
2569.57 -02.55
2595.27 -02.68
2621.22 -02.81
2647.43 -02.93
2673.90 -03.14
2700.64 -03.24
2727.65 -03.34
2754.93 -03.43
2782.48 -03.50
2810.30 -03.63
2838.40 -03.71
2866.79 -03.76
2895.46 -03.90
2924.41 -04.16
2953.65 -04.32
2983.19 -04.40
3013.02 -04.59
3043.15 -04.90
3073.58 -05.14
3104.32 -05.52
3135.36 -05.82
3166.72 -06.21
3198.38 -06.49
3230.37 -06.84
3262.67 -06.98
3295.30 -07.30
3328.25 -07.50
3361.53 -07.69
3395.15 -07.75
3429.10 -07.86
3463.39 -07.91
3498.03 -07.81
3533.01 -07.89
3568.34 -07.86
3604.02 -07.96
3640.06 -08.10
3676.46 -08.29
3713.22 -08.51
3750.36 -08.71
3787.86 -08.78
3825.74 -08.91
3864.00 -09.30
3902.64 -09.56
3941.66 -09.77
3981.08 -09.99
4020.89 -09.98
4061.10 -09.89
4101.71 -09.63
4142.73 -09.30
4184.15 -08.91
4226.00 -08.64
4268.26 -08.26
4310.94 -07.72
4354.05 -07.36
4397.59 -07.04
4441.56 -06.87
4485.98 -06.95
4530.84 -06.76
4576.15 -06.67
4621.91 -06.58
4668.13 -06.67
4714.81 -06.74
4761.96 -06.81
4809.58 -06.39
4857.67 -06.09
4906.25 -05.88
4955.31 -06.05
5004.87 -05.85
5054.91 -05.77
5105.46 -05.64
5156.52 -05.17
5208.08 -04.79
5260.16 -04.39
5312.77 -03.88
5365.89 -03.69
5419.55 -03.52
5473.75 -03.50
5528.49 -03.43
5583.77 -03.28
5639.61 -03.33
5696.00 -03.77
5752.96 -04.09
5810.49 -04.20
5868.60 -04.39
5927.28 -04.43
5986.56 -04.43
6046.42 -04.57
6106.89 -04.56
6167.96 -04.58
6229.64 -04.44
6291.93 -04.33
6354.85 -04.07
6418.40 -03.75
6482.58 -03.39
6547.41 -03.00
6612.88 -02.58
6679.01 -02.14
6745.80 -02.09
6813.26 -01.66
6881.39 -01.56
6950.21 -01.39
7019.71 -01.27
7089.91 -01.28
7160.81 -01.31
7232.41 -01.40
7304.74 -01.57
7377.79 -01.82
7451.56 -02.17
7526.08 -02.50
7601.34 -02.72
7677.35 -03.01
7754.13 -03.37
7831.67 -03.90
7909.98 -04.39
7989.08 -04.94
8068.98 -05.51
8149.67 -05.93
8231.16 -06.32
8313.47 -06.51
8396.61 -06.66
8480.57 -06.85
8565.38 -07.13
8651.03 -07.10
8737.54 -07.15
8824.92 -07.12
8913.17 -07.09
9002.30 -07.12
9092.32 -07.13
9183.25 -06.94
9275.08 -06.60
9367.83 -05.94
9461.51 -05.27
9556.12 -04.29
9651.68 -03.18
9748.20 -02.09
9845.68 -01.23
9944.14 -00.49
10043.58 00.15
10144.02 00.78
10245.46 01.21
10347.91 01.53
10451.39 01.83
10555.91 01.92
10661.46 01.81
10768.08 01.42
10875.76 00.96
10984.52 00.57
11094.36 00.06
11205.31 -00.43
11317.36 -01.01
11430.53 -01.47
11544.84 -01.99
11660.29 -02.47
11776.89 -02.81
11894.66 -02.93
12013.60 -02.91
12133.74 -02.96
12255.08 -02.89
12377.63 -02.80
12501.41 -02.67
12626.42 -02.70
12752.68 -02.57
12880.21 -02.45
13009.01 -02.23
13139.10 -01.81
13270.49 -01.59
13403.20 -01.36
13537.23 -01.05
13672.60 -00.68
13809.33 -00.30
13947.42 00.04
14086.90 00.39
14227.77 00.52
14370.04 00.62
14513.74 00.40
14658.88 00.32
14805.47 00.14
14953.52 -00.19
15103.06 -00.10
15254.09 00.04
15406.63 -00.11
15560.70 -00.25
15716.30 -00.23
15873.47 -00.38
16032.20 -00.43
16192.52 -00.36
16354.45 -00.21
16517.99 -00.08
16683.17 00.07
16850.01 00.02
17018.51 -00.09
17188.69 00.42
17360.58 00.82
17534.18 01.29
17709.53 01.85
17886.62 02.26
18065.49 02.58
18246.14 02.62
18428.60 02.45
18612.89 02.26
18799.02 01.97
18987.01 01.48
19176.88 00.90
19368.65 00.36
19562.33 -00.22
19757.96 -00.99
19955.54 -01.57
20000.00 -01.77
