20.00 -01.37
20.20 -01.30
20.40 -01.22
20.61 -01.15
20.81 -01.09
21.02 -01.12
21.23 -01.06
21.44 -01.00
21.66 -01.05
21.87 -00.99
22.09 -00.94
22.31 -00.89
22.54 -00.94
22.76 -00.89
22.99 -00.84
23.22 -00.79
23.45 -00.84
23.69 -00.79
23.92 -00.74
24.16 -00.70
24.40 -00.75
24.65 -00.60
24.89 -00.56
25.14 -00.61
25.39 -00.56
25.65 -00.52
25.91 -00.47
26.16 -00.43
26.43 -00.39
26.69 -00.35
26.96 -00.40
27.23 -00.36
27.50 -00.32
27.77 -00.38
28.05 -00.34
28.33 -00.31
28.62 -00.27
28.90 -00.23
29.19 -00.20
29.48 -00.16
29.78 -00.13
30.08 -00.10
30.38 -00.16
30.68 -00.13
30.99 -00.10
31.30 -00.18
31.61 -00.15
31.93 -00.22
32.24 -00.19
32.57 -00.17
32.89 -00.14
33.22 -00.21
33.55 -00.19
33.89 -00.16
34.23 -00.14
34.57 -00.11
34.92 -00.09
35.27 -00.06
35.62 -00.04
35.97 -00.01
36.33 00.01
36.70 00.03
37.06 00.16
37.43 00.18
37.81 00.20
38.19 00.22
38.57 00.14
38.95 00.16
39.34 00.28
39.74 00.30
40.14 00.32
40.54 00.34
40.94 00.26
41.35 00.28
41.76 00.29
42.18 00.21
42.60 00.32
43.03 00.24
43.46 00.25
43.90 00.27
44.33 00.18
44.78 00.20
45.23 00.31
45.68 00.32
46.13 00.33
46.60 00.25
47.06 00.26
47.53 00.27
48.01 00.28
48.49 00.29
48.97 00.41
49.46 00.42
49.96 00.53
50.46 00.54
50.96 00.65
51.47 00.76
51.99 00.77
52.51 00.88
53.03 00.89
53.56 00.90
54.10 00.91
54.64 00.92
55.18 00.92
55.74 00.93
56.29 01.04
56.86 01.05
57.42 01.06
58.00 01.07
58.58 01.07
59.16 01.08
59.76 01.19
60.35 01.30
60.96 01.30
61.57 01.31
62.18 01.32
62.80 01.32
63.43 01.33
64.07 01.34
64.71 01.34
65.35 01.25
66.01 01.26
66.67 01.16
67.33 01.17
68.01 01.17
68.69 01.28
69.37 01.28
70.07 01.29
70.77 01.29
71.48 01.30
72.19 01.20
72.91 01.20
73.64 01.20
74.38 01.21
75.12 01.21
75.87 01.21
76.63 01.21
77.40 01.21
78.17 01.21
78.95 01.21
79.74 01.30
80.54 01.30
81.35 01.30
82.16 01.30
82.98 01.29
83.81 01.29
84.65 01.29
85.50 01.38
86.35 01.38
87.22 01.47
88.09 01.47
88.97 01.46
89.86 01.56
90.76 01.55
91.66 01.55
92.58 01.54
93.51 01.53
94.44 01.43
95.39 01.52
96.34 01.51
97.30 01.50
98.28 01.49
99.26 01.48
100.25 01.47
101.25 01.46
102.27 01.55
103.29 01.54
104.32 01.53
105.37 01.52
106.42 01.51
107.48 01.50
108.56 01.49
109.64 01.48
110.74 01.46
111.85 01.45
112.97 01.44
114.10 01.53
115.24 01.52
116.39 01.51
117.55 01.50
118.73 01.49
119.92 01.48
121.12 01.36
122.33 01.35
123.55 01.34
124.79 01.33
126.03 01.32
127.29 01.31
128.57 01.29
129.85 01.28
131.15 01.27
132.46 01.25
133.79 01.24
135.12 01.33
136.48 01.31
137.84 01.30
139.22 01.28
140.61 01.27
142.02 01.25
143.44 01.24
144.87 01.22
146.32 01.20
147.78 01.19
149.26 01.17
150.75 01.15
152.26 01.14
153.78 01.12
155.32 01.10
156.88 01.09
158.44 00.97
160.03 00.95
161.63 01.03
163.24 01.01
164.88 01.00
166.53 00.98
168.19 00.96
169.87 00.94
171.57 00.92
173.29 00.91
175.02 00.89
176.77 00.87
178.54 00.85
180.32 00.83
182.13 00.81
183.95 00.79
185.79 00.77
187.65 00.76
189.52 00.74
191.42 00.72
193.33 00.60
195.27 00.58
197.22 00.56
199.19 00.54
201.18 00.52
203.19 00.50
205.23 00.48
207.28 00.46
209.35 00.45
211.44 00.53
213.56 00.41
215.69 00.39
217.85 00.37
220.03 00.35
222.23 00.33
224.45 00.32
226.70 00.30
228.96 00.28
231.25 00.26
233.57 00.24
235.90 00.23
238.26 00.11
240.64 00.09
243.05 00.07
245.48 00.05
247.93 00.03
250.41 00.02
252.92 00.00
255.45 -00.02
258.00 -00.04
260.58 00.05
263.19 00.03
265.82 00.01
268.48 -00.01
271.16 -00.02
273.87 -00.14
276.61 -00.16
279.38 -00.17
282.17 -00.19
284.99 -00.20
287.84 -00.22
290.72 -00.24
293.63 -00.25
296.57 -00.27
299.53 -00.28
302.53 -00.30
305.55 -00.21
308.61 -00.23
311.69 -00.24
314.81 -00.26
317.96 -00.27
321.14 -00.29
324.35 -00.30
327.59 -00.32
330.87 -00.33
334.18 -00.34
337.52 -00.36
340.90 -00.37
344.30 -00.38
347.75 -00.40
351.23 -00.41
354.74 -00.42
358.28 -00.43
361.87 -00.45
365.49 -00.46
369.14 -00.57
372.83 -00.58
376.56 -00.59
380.33 -00.60
384.13 -00.61
387.97 -00.62
391.85 -00.62
395.77 -00.63
399.73 -00.64
403.72 -00.65
407.76 -00.66
411.84 -00.66
415.96 -00.67
420.12 -00.68
424.32 -00.68
428.56 -00.79
432.85 -00.79
437.18 -00.79
441.55 -00.80
445.96 -00.80
450.42 -00.91
454.93 -00.91
459.48 -00.91
464.07 -00.92
468.71 -00.92
473.40 -00.92
478.13 -00.93
482.91 -00.93
487.74 -00.93
492.62 -00.94
497.55 -00.94
502.52 -00.94
507.55 -00.94
512.62 -00.94
517.75 -00.94
522.93 -00.84
528.16 -00.84
533.44 -00.84
538.77 -00.84
544.16 -00.84
549.60 -00.83
555.10 -00.83
560.65 -00.83
566.25 -00.93
571.92 -00.92
577.64 -00.92
583.41 -00.92
589.25 -00.91
595.14 -00.90
601.09 -00.90
607.10 -00.89
613.17 -00.98
619.30 -00.96
625.50 -00.95
631.75 -00.94
638.07 -01.02
644.45 -01.01
650.89 -01.00
657.40 -00.98
663.98 -00.96
670.62 -00.95
677.32 -01.03
684.10 -01.01
690.94 -00.99
697.85 -00.97
704.83 -01.05
711.87 -01.02
718.99 -01.00
726.18 -00.98
733.44 -00.96
740.78 -00.94
748.19 -00.92
755.67 -00.90
763.23 -00.88
770.86 -00.86
778.57 -00.84
786.35 -00.82
794.22 -00.79
802.16 -00.77
810.18 -00.75
818.28 -00.72
826.46 -00.69
834.73 -00.65
843.08 -00.52
851.51 -00.48
860.02 -00.54
868.62 -00.50
877.31 -00.45
886.08 -00.41
894.94 -00.46
903.89 -00.42
912.93 -00.37
922.06 -00.32
931.28 -00.27
940.59 -00.22
950.00 -00.16
959.50 -00.11
969.09 -00.06
978.78 00.00
988.57 00.06
998.46 00.12
1008.44 00.18
1018.53 00.24
1028.71 00.31
1039.00 00.37
1049.39 00.44
1059.88 00.50
1070.48 00.57
1081.19 00.64
1092.00 00.71
1102.92 00.78
1113.95 00.85
1125.09 00.92
1136.34 00.88
1147.70 00.94
1159.18 01.01
1170.77 01.08
1182.48 01.05
1194.30 01.12
1206.25 01.20
1218.31 01.27
1230.49 01.34
1242.80 01.41
1255.22 01.47
1267.78 01.54
1280.45 01.62
1293.26 01.68
1306.19 01.74
1319.25 01.89
1332.45 01.94
1345.77 01.98
1359.23 02.02
1372.82 02.05
1386.55 02.07
1400.41 02.08
1414.42 02.08
1428.56 02.08
1442.85 02.08
1457.28 02.06
1471.85 02.04
1486.57 02.02
1501.43 02.00
1516.45 01.96
1531.61 01.82
1546.93 01.77
1562.40 01.72
1578.02 01.55
1593.80 01.48
1609.74 01.41
1625.84 01.22
1642.10 01.13
1658.52 01.04
1675.10 00.95
1691.85 00.84
1708.77 00.63
1725.86 00.53
1743.12 00.34
1760.55 00.14
1778.15 00.03
1795.94 -00.19
1813.90 -00.31
1832.03 -00.42
1850.36 -00.54
1868.86 -00.66
1887.55 -00.78
1906.42 -01.00
1925.49 -01.12
1944.74 -01.34
1964.19 -01.44
1983.83 -01.64
2003.67 -01.72
2023.71 -01.90
2043.94 -02.07
2064.38 -02.35
2085.03 -02.52
2105.88 -02.68
2126.94 -02.93
2148.20 -02.98
2169.69 -03.01
2191.38 -03.15
2213.30 -03.08
2235.43 -03.21
2257.78 -03.34
2280.36 -03.55
2303.17 -03.65
2326.20 -03.75
2349.46 -03.94
2372.95 -03.90
2396.68 -03.85
2420.65 -03.79
2444.86 -03.70
2469.31 -03.61
2494.00 -03.60
2518.94 -03.48
2544.13 -03.45
2569.57 -03.32
2595.27 -03.17
2621.22 -03.01
2647.43 -02.85
2673.90 -02.77
2700.64 -02.59
2727.65 -02.40
2754.93 -02.19
2782.48 -01.97
2810.30 -01.84
2838.40 -01.68
2866.79 -01.52
2895.46 -01.46
2924.41 -01.49
2953.65 -01.41
2983.19 -01.22
3013.02 -01.13
3043.15 -01.13
3073.58 -01.02
3104.32 -01.02
3135.36 -00.91
3166.72 -00.90
3198.38 -00.79
3230.37 -00.77
3262.67 -00.54
3295.30 -00.51
3328.25 -00.38
3361.53 -00.24
3395.15 00.01
3429.10 00.17
3463.39 00.33
3498.03 00.59
3533.01 00.66
3568.34 00.83
3604.02 00.89
3640.06 00.94
3676.46 00.98
3713.22 00.99
3750.36 00.99
3787.86 01.07
3825.74 01.03
3864.00 00.67
3902.64 00.40
3941.66 00.14
3981.08 -00.18
4020.89 -00.35
4061.10 -00.54
4101.71 -00.62
4142.73 -00.60
4184.15 -00.39
4226.00 -00.21
4268.26 00.11
4310.94 00.60
4354.05 00.93
4397.59 01.25
4441.56 01.43
4485.98 01.38
4530.84 01.59
4576.15 01.68
4621.91 01.76
4668.13 01.63
4714.81 01.49
4761.96 01.32
4809.58 01.60
4857.67 01.73
4906.25 01.69
4955.31 01.12
5004.87 00.77
5054.91 00.20
5105.46 -00.35
5156.52 -00.55
5208.08 -00.79
5260.16 -00.98
5312.77 -01.02
5365.89 -01.31
5419.55 -01.54
5473.75 -01.81
5528.49 -01.92
5583.77 -01.86
5639.61 -01.91
5696.00 -02.27
5752.96 -02.45
5810.49 -02.34
5868.60 -02.26
5927.28 -02.04
5986.56 -01.78
6046.42 -01.72
6106.89 -01.56
6167.96 -01.51
6229.64 -01.40
6291.93 -01.41
6354.85 -01.35
6418.40 -01.33
6482.58 -01.34
6547.41 -01.37
6612.88 -01.44
6679.01 -01.54
6745.80 -02.07
6813.26 -02.22
6881.39 -02.67
6950.21 -03.00
7019.71 -03.26
7089.91 -03.50
7160.81 -03.58
7232.41 -03.46
7304.74 -03.15
7377.79 -02.69
7451.56 -02.13
7526.08 -01.42
7601.34 -00.54
7677.35 00.26
7754.13 00.94
7831.67 01.40
7909.98 01.82
7989.08 02.12
8068.98 02.30
8149.67 02.47
8231.16 02.43
8313.47 02.26
8396.61 01.87
8480.57 01.22
8565.38 00.35
8651.03 -00.30
8737.54 -01.05
8824.92 -01.59
8913.17 -01.94
9002.30 -02.19
9092.32 -02.35
9183.25 -02.38
9275.08 -02.44
9367.83 -02.35
9461.51 -02.35
9556.12 -02.07
9651.68 -01.62
9748.20 -01.11
9845.68 -00.76
9944.14 -00.46
10043.58 -00.19
10144.02 00.17
10245.46 00.43
10347.91 00.70
10451.39 01.07
10555.91 01.34
10661.46 01.52
10768.08 01.51
10875.76 01.54
10984.52 01.74
11094.36 01.90
11205.31 02.09
11317.36 02.17
11430.53 02.32
11544.84 02.33
11660.29 02.29
11776.89 02.30
11894.66 02.46
12013.60 02.67
12133.74 02.71
12255.08 02.77
12377.63 02.74
12501.41 02.62
12626.42 02.24
12752.68 01.96
12880.21 01.61
13009.01 01.31
13139.10 01.18
13270.49 00.83
13403.20 00.44
13537.23 00.08
13672.60 -00.25
13809.33 -00.58
13947.42 -00.92
14086.90 -01.16
14227.77 -01.52
14370.04 -01.81
14513.74 -02.33
14658.88 -02.64
14805.47 -02.97
14953.52 -03.38
15103.06 -03.22
15254.09 -02.84
15406.63 -02.58
15560.70 -02.20
15716.30 -01.64
15873.47 -01.33
16032.20 -01.05
16192.52 -00.82
16354.45 -00.62
16517.99 -00.47
16683.17 -00.27
16850.01 -00.25
17018.51 -00.30
17188.69 00.15
17360.58 00.33
17534.18 00.46
17709.53 00.67
17886.62 00.79
18065.49 00.90
18246.14 00.78
18428.60 00.50
18612.89 00.22
18799.02 -00.19
18987.01 -00.84
19176.88 -01.59
19368.65 -02.29
19562.33 -02.96
19757.96 -03.79
19955.54 -04.43
20000.00 -04.65
