20.00 -08.94
20.20 -08.83
20.40 -08.72
20.61 -08.61
20.81 -08.51
21.02 -08.50
21.23 -08.40
21.44 -08.30
21.66 -08.19
21.87 -08.10
22.09 -08.10
22.31 -08.00
22.54 -07.90
22.76 -07.80
22.99 -07.81
23.22 -07.71
23.45 -07.61
23.69 -07.52
23.92 -07.42
24.16 -07.43
24.40 -07.33
24.65 -07.23
24.89 -07.14
25.14 -07.05
25.39 -06.95
25.65 -06.96
25.91 -06.86
26.16 -06.77
26.43 -06.68
26.69 -06.59
26.96 -06.49
27.23 -06.40
27.50 -06.31
27.77 -06.33
28.05 -06.24
28.33 -06.15
28.62 -06.06
28.90 -06.08
29.19 -05.99
29.48 -05.91
29.78 -05.82
30.08 -05.84
30.38 -05.76
30.68 -05.68
30.99 -05.70
31.30 -05.62
31.61 -05.54
31.93 -05.46
32.24 -05.48
32.57 -05.40
32.89 -05.32
33.22 -05.24
33.55 -05.17
33.89 -05.09
34.23 -05.01
34.57 -04.93
34.92 -04.85
35.27 -04.77
35.62 -04.70
35.97 -04.62
36.33 -04.55
36.70 -04.47
37.06 -04.30
37.43 -04.23
37.81 -04.16
38.19 -04.09
38.57 -04.02
38.95 -03.95
39.34 -03.79
39.74 -03.82
40.14 -03.76
40.54 -03.70
40.94 -03.64
41.35 -03.68
41.76 -03.62
42.18 -03.57
42.60 -03.42
43.03 -03.47
43.46 -03.43
43.90 -03.39
44.33 -03.35
44.78 -03.32
45.23 -03.18
45.68 -03.15
46.13 -03.13
46.60 -03.10
47.06 -03.07
47.53 -03.05
48.01 -03.12
48.49 -03.10
48.97 -03.07
49.46 -03.04
49.96 -03.02
50.46 -02.99
50.96 -02.96
51.47 -02.82
51.99 -02.79
52.51 -02.75
53.03 -02.71
53.56 -02.66
54.10 -02.61
54.64 -02.56
55.18 -02.51
55.74 -02.46
56.29 -02.40
56.86 -02.34
57.42 -02.28
58.00 -02.21
58.58 -02.05
59.16 -01.98
59.76 -01.82
60.35 -01.75
60.96 -01.69
61.57 -01.62
62.18 -01.56
62.80 -01.39
63.43 -01.33
64.07 -01.37
64.71 -01.31
65.35 -01.26
66.01 -01.20
66.67 -01.14
67.33 -01.09
68.01 -01.04
68.69 -00.89
69.37 -00.84
70.07 -00.78
70.77 -00.74
71.48 -00.69
72.19 -00.64
72.91 -00.59
73.64 -00.54
74.38 -00.50
75.12 -00.45
75.87 -00.41
76.63 -00.37
77.40 -00.32
78.17 -00.28
78.95 -00.24
79.74 -00.10
80.54 -00.06
81.35 -00.02
82.16 00.01
82.98 00.05
83.81 00.09
84.65 00.12
85.50 00.26
86.35 00.29
87.22 00.32
88.09 00.46
88.97 00.49
89.86 00.52
90.76 00.55
91.66 00.58
92.58 00.60
93.51 00.53
94.44 00.56
95.39 00.59
96.34 00.61
97.30 00.63
98.28 00.66
99.26 00.68
100.25 00.70
101.25 00.73
102.27 00.85
103.29 00.87
104.32 00.88
105.37 00.90
106.42 00.92
107.48 00.93
108.56 00.95
109.64 00.96
110.74 00.97
111.85 00.99
112.97 01.00
114.10 01.01
115.24 01.01
116.39 01.02
117.55 01.03
118.73 01.03
119.92 01.03
121.12 01.04
122.33 01.04
123.55 00.94
124.79 00.94
126.03 00.94
127.29 00.94
128.57 00.94
129.85 00.94
131.15 00.93
132.46 00.93
133.79 00.93
135.12 01.03
136.48 01.03
137.84 01.02
139.22 01.02
140.61 01.02
142.02 01.03
143.44 01.03
144.87 01.03
146.32 01.03
147.78 01.03
149.26 01.04
150.75 01.04
152.26 01.04
153.78 01.04
155.32 00.94
156.88 00.94
158.44 00.93
160.03 00.93
161.63 00.93
163.24 00.92
164.88 01.02
166.53 01.01
168.19 01.00
169.87 01.00
171.57 00.99
173.29 00.99
175.02 00.98
176.77 00.97
178.54 01.07
180.32 01.06
182.13 00.95
183.95 00.94
185.79 00.93
187.65 00.92
189.52 00.81
191.42 00.80
193.33 00.79
195.27 00.77
197.22 00.76
199.19 00.75
201.18 00.73
203.19 00.72
205.23 00.70
207.28 00.68
209.35 00.66
211.44 00.64
213.56 00.62
215.69 00.60
217.85 00.57
220.03 00.54
222.23 00.51
224.45 00.48
226.70 00.45
228.96 00.42
231.25 00.38
233.57 00.35
235.90 00.32
238.26 00.29
240.64 00.26
243.05 00.23
245.48 00.21
247.93 00.19
250.41 00.17
252.92 00.26
255.45 00.24
258.00 00.23
260.58 00.23
263.19 00.22
265.82 00.31
268.48 00.30
271.16 00.29
273.87 00.28
276.61 00.27
279.38 00.26
282.17 00.25
284.99 00.23
287.84 00.22
290.72 00.21
293.63 00.19
296.57 00.18
299.53 00.16
302.53 00.15
305.55 00.13
308.61 00.12
311.69 00.10
314.81 00.19
317.96 00.17
321.14 00.15
324.35 00.14
327.59 00.12
330.87 00.10
334.18 00.09
337.52 00.07
340.90 00.06
344.30 00.04
347.75 00.02
351.23 00.01
354.74 00.09
358.28 -00.03
361.87 -00.04
365.49 -00.06
369.14 -00.08
372.83 -00.09
376.56 -00.11
380.33 -00.12
384.13 -00.14
387.97 -00.15
391.85 -00.17
395.77 -00.18
399.73 -00.09
403.72 -00.21
407.76 -00.22
411.84 -00.23
415.96 -00.24
420.12 -00.25
424.32 -00.26
428.56 -00.27
432.85 -00.28
437.18 -00.29
441.55 -00.40
445.96 -00.41
450.42 -00.42
454.93 -00.43
459.48 -00.44
464.07 -00.45
468.71 -00.46
473.40 -00.47
478.13 -00.48
482.91 -00.49
487.74 -00.50
492.62 -00.51
497.55 -00.52
502.52 -00.53
507.55 -00.55
512.62 -00.56
517.75 -00.47
522.93 -00.49
528.16 -00.50
533.44 -00.52
538.77 -00.54
544.16 -00.56
549.60 -00.57
555.10 -00.59
560.65 -00.61
566.25 -00.63
571.92 -00.64
577.64 -00.65
583.41 -00.66
589.25 -00.67
595.14 -00.68
601.09 -00.68
607.10 -00.68
613.17 -00.67
619.30 -00.76
625.50 -00.75
631.75 -00.73
638.07 -00.71
644.45 -00.70
650.89 -00.68
657.40 -00.65
663.98 -00.63
670.62 -00.61
677.32 -00.59
684.10 -00.57
690.94 -00.54
697.85 -00.62
704.83 -00.60
711.87 -00.58
718.99 -00.56
726.18 -00.54
733.44 -00.51
740.78 -00.49
748.19 -00.47
755.67 -00.44
763.23 -00.42
770.86 -00.39
778.57 -00.46
786.35 -00.44
794.22 -00.42
802.16 -00.40
810.18 -00.38
818.28 -00.37
826.46 -00.38
834.73 -00.40
843.08 -00.42
851.51 -00.46
860.02 -00.50
868.62 -00.54
877.31 -00.67
886.08 -00.70
894.94 -00.71
903.89 -00.72
912.93 -00.71
922.06 -00.68
931.28 -00.63
940.59 -00.57
950.00 -00.49
959.50 -00.40
969.09 -00.32
978.78 -00.24
988.57 -00.15
998.46 -00.07
1008.44 00.00
1018.53 00.07
1028.71 00.14
1039.00 00.21
1049.39 00.27
1059.88 00.33
1070.48 00.39
1081.19 00.45
1092.00 00.50
1102.92 00.55
1113.95 00.60
1125.09 00.65
1136.34 00.69
1147.70 00.73
1159.18 00.77
1170.77 00.81
1182.48 00.85
1194.30 00.89
1206.25 00.93
1218.31 00.97
1230.49 01.01
1242.80 01.05
1255.22 01.10
1267.78 01.14
1280.45 01.18
1293.26 01.23
1306.19 01.27
1319.25 01.30
1332.45 01.34
1345.77 01.37
1359.23 01.39
1372.82 01.42
1386.55 01.44
1400.41 01.47
1414.42 01.49
1428.56 01.51
1442.85 01.53
1457.28 01.55
1471.85 01.57
1486.57 01.58
1501.43 01.60
1516.45 01.61
1531.61 01.63
1546.93 01.55
1562.40 01.57
1578.02 01.59
1593.80 01.61
1609.74 01.64
1625.84 01.67
1642.10 01.70
1658.52 01.73
1675.10 01.75
1691.85 01.77
1708.77 01.77
1725.86 01.77
1743.12 01.76
1760.55 01.65
1778.15 01.63
1795.94 01.61
1813.90 01.59
1832.03 01.58
1850.36 01.48
1868.86 01.48
1887.55 01.48
1906.42 01.49
1925.49 01.40
1944.74 01.32
1964.19 01.34
1983.83 01.26
2003.67 01.28
2023.71 01.10
2043.94 01.02
2064.38 00.83
2085.03 00.74
2105.88 00.55
2126.94 00.47
2148.20 00.39
2169.69 00.41
2191.38 00.34
2213.30 00.36
2235.43 00.29
2257.78 00.23
2280.36 00.17
2303.17 00.11
2326.20 00.05
2349.46 00.00
2372.95 00.06
2396.68 00.12
2420.65 00.19
2444.86 00.36
2469.31 00.45
2494.00 00.54
2518.94 00.53
2544.13 00.64
2569.57 00.65
2595.27 00.76
2621.22 00.89
2647.43 00.92
2673.90 01.05
2700.64 01.19
2727.65 01.33
2754.93 01.39
2782.48 01.55
2810.30 01.63
2838.40 01.82
2866.79 01.83
2895.46 01.84
2924.41 01.86
2953.65 01.89
2983.19 02.02
3013.02 02.07
3043.15 02.01
3073.58 02.06
3104.32 02.11
3135.36 02.16
3166.72 02.10
3198.38 02.05
3230.37 02.09
3262.67 02.14
3295.30 02.09
3328.25 02.13
3361.53 02.17
3395.15 02.31
3429.10 02.25
3463.39 02.39
3498.03 02.43
3533.01 02.47
3568.34 02.50
3604.02 02.44
3640.06 02.46
3676.46 02.38
3713.22 02.39
3750.36 02.30
3787.86 02.41
3825.74 02.43
3864.00 02.14
3902.64 01.96
3941.66 01.77
3981.08 01.48
4020.89 01.19
4061.10 00.91
4101.71 00.67
4142.73 00.45
4184.15 00.29
4226.00 00.10
4268.26 00.19
4310.94 00.29
4354.05 00.59
4397.59 00.97
4441.56 01.37
4485.98 01.64
4530.84 02.02
4576.15 02.37
4621.91 02.59
4668.13 02.68
4714.81 02.66
4761.96 02.73
4809.58 03.39
4857.67 03.85
4906.25 04.27
4955.31 04.24
5004.87 04.27
5054.91 04.14
5105.46 03.88
5156.52 03.71
5208.08 03.48
5260.16 03.32
5312.77 03.04
5365.89 02.55
5419.55 01.98
5473.75 01.42
5528.49 00.89
5583.77 00.60
5639.61 00.04
5696.00 -00.87
5752.96 -01.71
5810.49 -02.15
5868.60 -02.58
5927.28 -02.89
5986.56 -02.98
6046.42 -03.07
6106.89 -03.18
6167.96 -03.13
6229.64 -03.03
6291.93 -02.88
6354.85 -02.81
6418.40 -02.60
6482.58 -02.35
6547.41 -02.06
6612.88 -01.72
6679.01 -01.43
6745.80 -01.27
6813.26 -00.76
6881.39 -00.39
6950.21 00.01
7019.71 00.44
7089.91 00.86
7160.81 01.18
7232.41 01.58
7304.74 01.86
7377.79 02.20
7451.56 02.41
7526.08 02.70
7601.34 03.14
7677.35 03.45
7754.13 03.73
7831.67 03.98
7909.98 04.29
7989.08 04.48
8068.98 04.64
8149.67 04.88
8231.16 05.09
8313.47 05.17
8396.61 05.11
8480.57 05.00
8565.38 04.64
8651.03 04.63
8737.54 04.47
8824.92 04.36
8913.17 04.09
9002.30 03.86
9092.32 03.48
9183.25 02.93
9275.08 02.32
9367.83 01.67
9461.51 01.07
9556.12 00.65
9651.68 00.33
9748.20 00.21
9845.68 00.14
9944.14 -00.09
10043.58 -00.14
10144.02 -00.19
10245.46 -00.05
10347.91 00.09
10451.39 00.42
10555.91 00.72
10661.46 00.96
10768.08 01.11
10875.76 01.25
10984.52 01.27
11094.36 01.33
11205.31 01.35
11317.36 01.31
11430.53 01.22
11544.84 00.98
11660.29 00.78
11776.89 00.54
11894.66 00.18
12013.60 -00.08
12133.74 -00.30
12255.08 -00.45
12377.63 -00.62
12501.41 -00.58
12626.42 -00.54
12752.68 -00.40
12880.21 -00.16
13009.01 00.15
13139.10 00.62
13270.49 00.93
13403.20 01.36
13537.23 01.69
13672.60 02.10
13809.33 02.37
13947.42 02.58
14086.90 02.84
14227.77 02.93
14370.04 02.96
14513.74 02.87
14658.88 02.87
14805.47 02.88
14953.52 02.73
15103.06 02.82
15254.09 02.95
15406.63 02.94
15560.70 03.19
15716.30 03.58
15873.47 03.90
16032.20 04.20
16192.52 04.44
16354.45 04.61
16517.99 04.78
16683.17 04.75
16850.01 04.64
17018.51 04.55
17188.69 04.77
17360.58 04.69
17534.18 04.60
17709.53 04.28
17886.62 03.93
18065.49 03.58
18246.14 03.04
18428.60 02.47
18612.89 01.97
18799.02 01.38
18987.01 00.87
19176.88 00.25
19368.65 -00.34
19562.33 -00.88
19757.96 -01.36
19955.54 -01.78
20000.00 -01.86
