20.00 -00.93
20.20 -00.87
20.40 -00.81
20.61 -00.75
20.81 -00.70
21.02 -00.64
21.23 -00.59
21.44 -00.53
21.66 -00.46
21.87 -00.39
22.09 -00.34
22.31 -00.27
22.54 -00.22
22.76 -00.18
22.99 -00.15
23.22 -00.10
23.45 -00.07
23.69 -00.02
23.92 00.02
24.16 00.06
24.40 00.10
24.65 00.14
24.89 00.17
25.14 00.23
25.39 00.29
25.65 00.35
25.91 00.40
26.16 00.46
26.43 00.51
26.69 00.56
26.96 00.62
27.23 00.67
27.50 00.72
27.77 00.77
28.05 00.82
28.33 00.86
28.62 00.89
28.90 00.93
29.19 00.96
29.48 01.00
29.78 01.03
30.08 01.06
30.38 01.08
30.68 01.11
30.99 01.12
31.30 01.14
31.61 01.17
31.93 01.21
32.24 01.25
32.57 01.29
32.89 01.32
33.22 01.37
33.55 01.41
33.89 01.46
34.23 01.53
34.57 01.58
34.92 01.63
35.27 01.69
35.62 01.74
35.97 01.79
36.33 01.85
36.70 01.90
37.06 01.96
37.43 02.01
37.81 02.04
38.19 02.08
38.57 02.11
38.95 02.14
39.34 02.17
39.74 02.20
40.14 02.23
40.54 02.24
40.94 02.25
41.35 02.25
41.76 02.26
42.18 02.25
42.60 02.27
43.03 02.30
43.46 02.33
43.90 02.36
44.33 02.39
44.78 02.42
45.23 02.43
45.68 02.44
46.13 02.44
46.60 02.45
47.06 02.45
47.53 02.46
48.01 02.48
48.49 02.51
48.97 02.53
49.46 02.55
49.96 02.57
50.46 02.60
50.96 02.62
51.47 02.64
51.99 02.65
52.51 02.67
53.03 02.69
53.56 02.70
54.10 02.72
54.64 02.73
55.18 02.75
55.74 02.76
56.29 02.79
56.86 02.82
57.42 02.84
58.00 02.86
58.58 02.90
59.16 02.93
59.76 02.96
60.35 02.98
60.96 03.02
61.57 03.05
62.18 03.09
62.80 03.12
63.43 03.14
64.07 03.13
64.71 03.14
65.35 03.14
66.01 03.14
66.67 03.15
67.33 03.16
68.01 03.18
68.69 03.20
69.37 03.22
70.07 03.24
70.77 03.26
71.48 03.28
72.19 03.30
72.91 03.33
73.64 03.35
74.38 03.37
75.12 03.40
75.87 03.44
76.63 03.48
77.40 03.52
78.17 03.56
78.95 03.61
79.74 03.65
80.54 03.69
81.35 03.73
82.16 03.76
82.98 03.79
83.81 03.82
84.65 03.85
85.50 03.89
86.35 03.94
87.22 03.99
88.09 04.03
88.97 04.09
89.86 04.13
90.76 04.15
91.66 04.15
92.58 04.16
93.51 04.16
94.44 04.17
95.39 04.18
96.34 04.20
97.30 04.21
98.28 04.22
99.26 04.24
100.25 04.25
101.25 04.26
102.27 04.28
103.29 04.29
104.32 04.29
105.37 04.31
106.42 04.32
107.48 04.33
108.56 04.34
109.64 04.35
110.74 04.37
111.85 04.38
112.97 04.40
114.10 04.42
115.24 04.43
116.39 04.44
117.55 04.46
118.73 04.46
119.92 04.46
121.12 04.45
122.33 04.45
123.55 04.44
124.79 04.43
126.03 04.44
127.29 04.45
128.57 04.46
129.85 04.46
131.15 04.47
132.46 04.48
133.79 04.48
135.12 04.49
136.48 04.49
137.84 04.49
139.22 04.50
140.61 04.50
142.02 04.49
143.44 04.50
144.87 04.50
146.32 04.49
147.78 04.50
149.26 04.49
150.75 04.48
152.26 04.46
153.78 04.45
155.32 04.43
156.88 04.40
158.44 04.38
160.03 04.36
161.63 04.37
163.24 04.38
164.88 04.39
166.53 04.40
168.19 04.40
169.87 04.41
171.57 04.40
173.29 04.39
175.02 04.37
176.77 04.36
178.54 04.35
180.32 04.33
182.13 04.30
183.95 04.26
185.79 04.23
187.65 04.19
189.52 04.16
191.42 04.13
193.33 04.11
195.27 04.09
197.22 04.07
199.19 04.05
201.18 04.04
203.19 04.04
205.23 04.04
207.28 04.04
209.35 04.04
211.44 04.04
213.56 04.03
215.69 04.02
217.85 04.01
220.03 04.00
222.23 03.98
224.45 03.97
226.70 03.95
228.96 03.93
231.25 03.91
233.57 03.89
235.90 03.87
238.26 03.84
240.64 03.82
243.05 03.79
245.48 03.76
247.93 03.74
250.41 03.71
252.92 03.70
255.45 03.70
258.00 03.68
260.58 03.67
263.19 03.67
265.82 03.65
268.48 03.62
271.16 03.59
273.87 03.57
276.61 03.54
279.38 03.51
282.17 03.49
284.99 03.46
287.84 03.44
290.72 03.42
293.63 03.39
296.57 03.37
299.53 03.35
302.53 03.33
305.55 03.31
308.61 03.29
311.69 03.27
314.81 03.25
317.96 03.23
321.14 03.21
324.35 03.18
327.59 03.16
330.87 03.14
334.18 03.12
337.52 03.09
340.90 03.06
344.30 03.04
347.75 03.02
351.23 03.00
354.74 02.98
358.28 02.93
361.87 02.89
365.49 02.85
369.14 02.81
372.83 02.77
376.56 02.73
380.33 02.71
384.13 02.69
387.97 02.67
391.85 02.64
395.77 02.62
399.73 02.60
403.72 02.56
407.76 02.52
411.84 02.50
415.96 02.46
420.12 02.42
424.32 02.38
428.56 02.35
432.85 02.30
437.18 02.25
441.55 02.21
445.96 02.17
450.42 02.12
454.93 02.09
459.48 02.07
464.07 02.04
468.71 02.01
473.40 01.99
478.13 01.96
482.91 01.93
487.74 01.91
492.62 01.88
497.55 01.86
502.52 01.85
507.55 01.84
512.62 01.83
517.75 01.82
522.93 01.82
528.16 01.80
533.44 01.79
538.77 01.77
544.16 01.74
549.60 01.71
555.10 01.69
560.65 01.66
566.25 01.64
571.92 01.61
577.64 01.59
583.41 01.56
589.25 01.54
595.14 01.51
601.09 01.48
607.10 01.43
613.17 01.39
619.30 01.34
625.50 01.30
631.75 01.25
638.07 01.22
644.45 01.20
650.89 01.17
657.40 01.15
663.98 01.13
670.62 01.10
677.32 01.06
684.10 01.01
690.94 00.98
697.85 00.94
704.83 00.89
711.87 00.86
718.99 00.84
726.18 00.82
733.44 00.80
740.78 00.78
748.19 00.76
755.67 00.73
763.23 00.69
770.86 00.66
778.57 00.63
786.35 00.60
794.22 00.56
802.16 00.54
810.18 00.52
818.28 00.50
826.46 00.48
834.73 00.46
843.08 00.44
851.51 00.42
860.02 00.37
868.62 00.33
877.31 00.30
886.08 00.25
894.94 00.20
903.89 00.17
912.93 00.14
922.06 00.11
931.28 00.09
940.59 00.06
950.00 00.03
959.50 00.00
969.09 -00.03
978.78 -00.07
988.57 -00.12
998.46 -00.16
1008.44 -00.20
1018.53 -00.25
1028.71 -00.29
1039.00 -00.34
1049.39 -00.40
1059.88 -00.45
1070.48 -00.51
1081.19 -00.58
1092.00 -00.64
1102.92 -00.71
1113.95 -00.78
1125.09 -00.85
1136.34 -00.93
1147.70 -01.00
1159.18 -01.08
1170.77 -01.16
1182.48 -01.25
1194.30 -01.34
1206.25 -01.43
1218.31 -01.52
1230.49 -01.62
1242.80 -01.72
1255.22 -01.82
1267.78 -01.93
1280.45 -02.02
1293.26 -02.12
1306.19 -02.21
1319.25 -02.29
1332.45 -02.37
1345.77 -02.44
1359.23 -02.50
1372.82 -02.57
1386.55 -02.63
1400.41 -02.69
1414.42 -02.75
1428.56 -02.82
1442.85 -02.88
1457.28 -02.94
1471.85 -03.00
1486.57 -03.05
1501.43 -03.10
1516.45 -03.16
1531.61 -03.21
1546.93 -03.27
1562.40 -03.31
1578.02 -03.35
1593.80 -03.38
1609.74 -03.40
1625.84 -03.41
1642.10 -03.43
1658.52 -03.45
1675.10 -03.48
1691.85 -03.50
1708.77 -03.52
1725.86 -03.55
1743.12 -03.58
1760.55 -03.61
1778.15 -03.65
1795.94 -03.68
1813.90 -03.70
1832.03 -03.72
1850.36 -03.73
1868.86 -03.75
1887.55 -03.76
1906.42 -03.77
1925.49 -03.80
1944.74 -03.81
1964.19 -03.83
1983.83 -03.85
2003.67 -03.89
2023.71 -03.99
2043.94 -04.09
2064.38 -04.19
2085.03 -04.29
2105.88 -04.38
2126.94 -04.46
2148.20 -04.51
2169.69 -04.56
2191.38 -04.62
2213.30 -04.67
2235.43 -04.74
2257.78 -04.87
2280.36 -05.02
2303.17 -05.18
2326.20 -05.37
2349.46 -05.57
2372.95 -05.72
2396.68 -05.82
2420.65 -05.94
2444.86 -06.07
2469.31 -06.21
2494.00 -06.36
2518.94 -06.54
2544.13 -06.72
2569.57 -06.89
2595.27 -07.07
2621.22 -07.24
2647.43 -07.40
2673.90 -07.55
2700.64 -07.69
2727.65 -07.82
2754.93 -07.93
2782.48 -08.03
2810.30 -08.13
2838.40 -08.29
2866.79 -08.41
2895.46 -08.50
2924.41 -08.58
2953.65 -08.64
2983.19 -08.66
3013.02 -08.69
3043.15 -08.72
3073.58 -08.71
3104.32 -08.69
3135.36 -08.63
3166.72 -08.57
3198.38 -08.50
3230.37 -08.44
3262.67 -08.39
3295.30 -08.36
3328.25 -08.32
3361.53 -08.30
3395.15 -08.24
3429.10 -08.19
3463.39 -08.14
3498.03 -08.09
3533.01 -08.04
3568.34 -08.01
3604.02 -08.01
3640.06 -08.00
3676.46 -07.96
3713.22 -07.85
3750.36 -07.69
3787.86 -07.36
3825.74 -06.96
3864.00 -06.49
3902.64 -06.00
3941.66 -05.49
3981.08 -04.99
4020.89 -04.61
4061.10 -04.33
4101.71 -04.07
4142.73 -03.83
4184.15 -03.61
4226.00 -03.40
4268.26 -03.17
4310.94 -02.90
4354.05 -02.64
4397.59 -02.37
4441.56 -02.11
4485.98 -01.88
4530.84 -01.54
4576.15 -01.19
4621.91 -00.89
4668.13 -00.65
4714.81 -00.46
4761.96 -00.17
4809.58 00.51
4857.67 01.15
4906.25 01.75
4955.31 02.30
5004.87 02.85
5054.91 03.67
5105.46 04.45
5156.52 05.19
5208.08 05.88
5260.16 06.51
5312.77 07.06
5365.89 07.39
5419.55 07.66
5473.75 07.88
5528.49 08.04
5583.77 08.12
5639.61 07.87
5696.00 07.47
5752.96 07.04
5810.49 06.60
5868.60 06.17
5927.28 05.74
5986.56 05.30
6046.42 04.81
6106.89 04.28
6167.96 03.76
6229.64 03.22
6291.93 02.71
6354.85 02.21
6418.40 01.77
6482.58 01.39
6547.41 01.10
6612.88 00.89
6679.01 00.78
6745.80 00.63
6813.26 00.50
6881.39 00.46
6950.21 00.48
7019.71 00.56
7089.91 00.72
7160.81 00.89
7232.41 01.13
7304.74 01.45
7377.79 01.84
7451.56 02.33
7526.08 02.96
7601.34 03.78
7677.35 04.61
7754.13 05.39
7831.67 06.03
7909.98 06.54
7989.08 06.88
8068.98 06.99
8149.67 06.98
8231.16 06.86
8313.47 06.65
8396.61 06.32
8480.57 05.83
8565.38 05.32
8651.03 04.65
8737.54 03.80
8824.92 02.81
8913.17 01.82
9002.30 00.93
9092.32 00.16
9183.25 -00.46
9275.08 -00.97
9367.83 -01.40
9461.51 -01.78
9556.12 -02.10
9651.68 -02.40
9748.20 -02.69
9845.68 -02.94
9944.14 -03.18
10043.58 -03.28
10144.02 -03.21
10245.46 -03.00
10347.91 -02.65
10451.39 -02.17
10555.91 -01.62
10661.46 -01.17
10768.08 -00.80
10875.76 -00.41
10984.52 00.01
11094.36 00.43
11205.31 00.85
11317.36 01.21
11430.53 01.51
11544.84 01.74
11660.29 01.90
11776.89 02.03
11894.66 02.11
12013.60 02.19
12133.74 02.27
12255.08 02.36
12377.63 02.46
12501.41 02.54
12626.42 02.54
12752.68 02.53
12880.21 02.52
13009.01 02.51
13139.10 02.50
13270.49 02.46
13403.20 02.36
13537.23 02.24
13672.60 02.05
13809.33 01.82
13947.42 01.54
14086.90 01.22
14227.77 00.87
14370.04 00.47
14513.74 00.04
14658.88 -00.44
14805.47 -00.93
14953.52 -01.44
15103.06 -02.01
15254.09 -02.60
15406.63 -03.21
15560.70 -03.85
15716.30 -04.51
15873.47 -05.13
16032.20 -05.65
16192.52 -05.99
16354.45 -06.18
16517.99 -06.22
16683.17 -06.16
16850.01 -06.05
17018.51 -05.86
17188.69 -05.28
17360.58 -04.66
17534.18 -04.03
17709.53 -03.42
17886.62 -02.84
18065.49 -02.33
18246.14 -01.92
18428.60 -01.58
18612.89 -01.33
18799.02 -01.16
18987.01 -01.07
19176.88 -01.05
19368.65 -01.12
19562.33 -01.25
19757.96 -01.48
19955.54 -01.83
20000.00 -01.93
