20.00 -08.30
20.20 -08.23
20.40 -08.16
20.61 -08.10
20.81 -08.04
21.02 -08.08
21.23 -08.03
21.44 -07.98
21.66 -07.93
21.87 -07.89
22.09 -07.94
22.31 -07.90
22.54 -07.86
22.76 -07.82
22.99 -07.88
23.22 -07.84
23.45 -07.80
23.69 -07.76
23.92 -07.73
24.16 -07.79
24.40 -07.75
24.65 -07.72
24.89 -07.68
25.14 -07.65
25.39 -07.62
25.65 -07.69
25.91 -07.65
26.16 -07.63
26.43 -07.60
26.69 -07.57
26.96 -07.54
27.23 -07.52
27.50 -07.49
27.77 -07.57
28.05 -07.55
28.33 -07.53
28.62 -07.51
28.90 -07.59
29.19 -07.57
29.48 -07.55
29.78 -07.54
30.08 -07.63
30.38 -07.62
30.68 -07.61
30.99 -07.70
31.30 -07.69
31.61 -07.68
31.93 -07.68
32.24 -07.77
32.57 -07.77
32.89 -07.76
33.22 -07.76
33.55 -07.76
33.89 -07.76
34.23 -07.77
34.57 -07.77
34.92 -07.78
35.27 -07.79
35.62 -07.81
35.97 -07.82
36.33 -07.84
36.70 -07.86
37.06 -07.77
37.43 -07.79
37.81 -07.81
38.19 -07.83
38.57 -07.85
38.95 -07.87
39.34 -07.79
39.74 -07.90
40.14 -07.92
40.54 -07.93
40.94 -07.93
41.35 -08.04
41.76 -08.04
42.18 -08.03
42.60 -07.92
43.03 -08.01
43.46 -07.99
43.90 -07.97
44.33 -07.95
44.78 -07.92
45.23 -07.78
45.68 -07.74
46.13 -07.70
46.60 -07.66
47.06 -07.61
47.53 -07.55
48.01 -07.60
48.49 -07.53
48.97 -07.47
49.46 -07.40
49.96 -07.32
50.46 -07.24
50.96 -07.15
51.47 -06.96
51.99 -06.86
52.51 -06.75
53.03 -06.64
53.56 -06.51
54.10 -06.37
54.64 -06.23
55.18 -06.07
55.74 -05.90
56.29 -05.72
56.86 -05.53
57.42 -05.34
58.00 -05.13
58.58 -04.82
59.16 -04.61
59.76 -04.30
60.35 -04.09
60.96 -03.88
61.57 -03.68
62.18 -03.49
62.80 -03.21
63.43 -03.03
64.07 -02.97
64.71 -02.81
65.35 -02.67
66.01 -02.53
66.67 -02.41
67.33 -02.29
68.01 -02.18
68.69 -01.98
69.37 -01.89
70.07 -01.80
70.77 -01.73
71.48 -01.66
72.19 -01.60
72.91 -01.55
73.64 -01.51
74.38 -01.48
75.12 -01.47
75.87 -01.46
76.63 -01.46
77.40 -01.47
78.17 -01.49
78.95 -01.51
79.74 -01.44
80.54 -01.47
81.35 -01.50
82.16 -01.54
82.98 -01.57
83.81 -01.60
84.65 -01.64
85.50 -01.57
86.35 -01.60
87.22 -01.63
88.09 -01.56
88.97 -01.59
89.86 -01.62
90.76 -01.65
91.66 -01.68
92.58 -01.71
93.51 -01.83
94.44 -01.86
95.39 -01.88
96.34 -01.90
97.30 -01.91
98.28 -01.93
99.26 -01.94
100.25 -01.95
101.25 -01.96
102.27 -01.87
103.29 -01.87
104.32 -01.88
105.37 -01.89
106.42 -01.89
107.48 -01.90
108.56 -01.91
109.64 -01.92
110.74 -01.93
111.85 -01.95
112.97 -01.96
114.10 -01.97
115.24 -01.98
116.39 -01.99
117.55 -02.00
118.73 -02.01
119.92 -02.02
121.12 -02.03
122.33 -02.04
123.55 -02.15
124.79 -02.16
126.03 -02.16
127.29 -02.17
128.57 -02.18
129.85 -02.19
131.15 -02.19
132.46 -02.20
133.79 -02.21
135.12 -02.11
136.48 -02.12
137.84 -02.13
139.22 -02.13
140.61 -02.14
142.02 -02.15
143.44 -02.15
144.87 -02.16
146.32 -02.16
147.78 -02.17
149.26 -02.18
150.75 -02.19
152.26 -02.19
153.78 -02.20
155.32 -02.31
156.88 -02.31
158.44 -02.32
160.03 -02.32
161.63 -02.32
163.24 -02.33
164.88 -02.23
166.53 -02.22
168.19 -02.22
169.87 -02.22
171.57 -02.21
173.29 -02.21
175.02 -02.20
176.77 -02.20
178.54 -02.09
180.32 -02.09
182.13 -02.18
183.95 -02.18
185.79 -02.17
187.65 -02.16
189.52 -02.26
191.42 -02.25
193.33 -02.25
195.27 -02.24
197.22 -02.23
199.19 -02.23
201.18 -02.22
203.19 -02.21
205.23 -02.21
207.28 -02.20
209.35 -02.19
211.44 -02.18
213.56 -02.17
215.69 -02.16
217.85 -02.15
220.03 -02.14
222.23 -02.13
224.45 -02.11
226.70 -02.10
228.96 -02.09
231.25 -02.08
233.57 -02.07
235.90 -02.05
238.26 -02.04
240.64 -02.03
243.05 -02.02
245.48 -02.01
247.93 -02.00
250.41 -01.99
252.92 -01.88
255.45 -01.88
258.00 -01.87
260.58 -01.86
263.19 -01.85
265.82 -01.75
268.48 -01.74
271.16 -01.73
273.87 -01.72
276.61 -01.72
279.38 -01.71
282.17 -01.70
284.99 -01.69
287.84 -01.69
290.72 -01.68
293.63 -01.67
296.57 -01.67
299.53 -01.66
302.53 -01.65
305.55 -01.65
308.61 -01.65
311.69 -01.64
314.81 -01.54
317.96 -01.54
321.14 -01.55
324.35 -01.55
327.59 -01.56
330.87 -01.57
334.18 -01.58
337.52 -01.60
340.90 -01.61
344.30 -01.62
347.75 -01.64
351.23 -01.65
354.74 -01.57
358.28 -01.68
361.87 -01.69
365.49 -01.70
369.14 -01.71
372.83 -01.71
376.56 -01.71
380.33 -01.71
384.13 -01.71
387.97 -01.71
391.85 -01.70
395.77 -01.69
399.73 -01.58
403.72 -01.67
407.76 -01.66
411.84 -01.64
415.96 -01.63
420.12 -01.61
424.32 -01.59
428.56 -01.58
432.85 -01.56
437.18 -01.54
441.55 -01.62
445.96 -01.59
450.42 -01.57
454.93 -01.54
459.48 -01.52
464.07 -01.49
468.71 -01.47
473.40 -01.44
478.13 -01.42
482.91 -01.39
487.74 -01.36
492.62 -01.34
497.55 -01.32
502.52 -01.30
507.55 -01.28
512.62 -01.27
517.75 -01.16
522.93 -01.15
528.16 -01.14
533.44 -01.14
538.77 -01.14
544.16 -01.14
549.60 -01.14
555.10 -01.14
560.65 -01.14
566.25 -01.14
571.92 -01.13
577.64 -01.12
583.41 -01.10
589.25 -01.07
595.14 -01.04
601.09 -01.00
607.10 -00.96
613.17 -00.92
619.30 -00.98
625.50 -00.94
631.75 -00.90
638.07 -00.85
644.45 -00.81
650.89 -00.77
657.40 -00.72
663.98 -00.68
670.62 -00.64
677.32 -00.59
684.10 -00.55
690.94 -00.51
697.85 -00.57
704.83 -00.54
711.87 -00.50
718.99 -00.48
726.18 -00.46
733.44 -00.44
740.78 -00.43
748.19 -00.43
755.67 -00.44
763.23 -00.45
770.86 -00.47
778.57 -00.60
786.35 -00.63
794.22 -00.67
802.16 -00.71
810.18 -00.75
818.28 -00.80
826.46 -00.83
834.73 -00.85
843.08 -00.86
851.51 -00.84
860.02 -00.80
868.62 -00.73
877.31 -00.73
886.08 -00.61
894.94 -00.47
903.89 -00.32
912.93 -00.17
922.06 -00.01
931.28 00.15
940.59 00.29
950.00 00.43
959.50 00.55
969.09 00.66
978.78 00.75
988.57 00.83
998.46 00.90
1008.44 00.96
1018.53 01.02
1028.71 01.07
1039.00 01.12
1049.39 01.16
1059.88 01.20
1070.48 01.24
1081.19 01.26
1092.00 01.29
1102.92 01.30
1113.95 01.31
1125.09 01.31
1136.34 01.30
1147.70 01.28
1159.18 01.24
1170.77 01.20
1182.48 01.14
1194.30 01.08
1206.25 01.02
1218.31 00.97
1230.49 00.91
1242.80 00.87
1255.22 00.84
1267.78 00.83
1280.45 00.83
1293.26 00.84
1306.19 00.88
1319.25 00.93
1332.45 00.99
1345.77 01.05
1359.23 01.11
1372.82 01.17
1386.55 01.21
1400.41 01.24
1414.42 01.26
1428.56 01.26
1442.85 01.25
1457.28 01.23
1471.85 01.21
1486.57 01.17
1501.43 01.13
1516.45 01.09
1531.61 01.05
1546.93 00.90
1562.40 00.84
1578.02 00.78
1593.80 00.71
1609.74 00.65
1625.84 00.58
1642.10 00.52
1658.52 00.46
1675.10 00.40
1691.85 00.36
1708.77 00.35
1725.86 00.38
1743.12 00.45
1760.55 00.45
1778.15 00.58
1795.94 00.73
1813.90 00.88
1832.03 01.04
1850.36 01.08
1868.86 01.22
1887.55 01.34
1906.42 01.45
1925.49 01.42
1944.74 01.38
1964.19 01.40
1983.83 01.31
2003.67 01.30
2023.71 01.06
2043.94 00.92
2064.38 00.67
2085.03 00.52
2105.88 00.26
2126.94 00.10
2148.20 -00.07
2169.69 -00.13
2191.38 -00.30
2213.30 -00.36
2235.43 -00.52
2257.78 -00.67
2280.36 -00.83
2303.17 -00.99
2326.20 -01.16
2349.46 -01.33
2372.95 -01.40
2396.68 -01.46
2420.65 -01.52
2444.86 -01.49
2469.31 -01.57
2494.00 -01.65
2518.94 -01.85
2544.13 -01.95
2569.57 -02.15
2595.27 -02.25
2621.22 -02.35
2647.43 -02.57
2673.90 -02.70
2700.64 -02.83
2727.65 -02.95
2754.93 -03.15
2782.48 -03.20
2810.30 -03.29
2838.40 -03.21
2866.79 -03.26
2895.46 -03.22
2924.41 -03.10
2953.65 -02.91
2983.19 -02.55
3013.02 -02.27
3043.15 -02.09
3073.58 -01.82
3104.32 -01.56
3135.36 -01.33
3166.72 -01.20
3198.38 -01.09
3230.37 -00.89
3262.67 -00.72
3295.30 -00.67
3328.25 -00.54
3361.53 -00.42
3395.15 -00.21
3429.10 -00.21
3463.39 -00.01
3498.03 00.10
3533.01 00.22
3568.34 00.35
3604.02 00.38
3640.06 00.54
3676.46 00.60
3713.22 00.77
3750.36 00.85
3787.86 01.12
3825.74 01.29
3864.00 01.16
3902.64 01.12
3941.66 01.09
3981.08 00.94
4020.89 00.78
4061.10 00.62
4101.71 00.44
4142.73 00.26
4184.15 00.08
4226.00 -00.20
4268.26 -00.28
4310.94 -00.47
4354.05 -00.58
4397.59 -00.72
4441.56 -00.88
4485.98 -01.16
4530.84 -01.27
4576.15 -01.29
4621.91 -01.34
4668.13 -01.42
4714.81 -01.53
4761.96 -01.47
4809.58 -00.74
4857.67 -00.15
4906.25 00.50
4955.31 00.81
5004.87 01.28
5054.91 01.71
5105.46 02.08
5156.52 02.60
5208.08 03.06
5260.16 03.56
5312.77 03.89
5365.89 03.98
5419.55 03.91
5473.75 03.79
5528.49 03.64
5583.77 03.67
5639.61 03.37
5696.00 02.68
5752.96 02.01
5810.49 01.69
5868.60 01.36
5927.28 01.13
5986.56 01.09
6046.42 01.02
6106.89 00.91
6167.96 00.95
6229.64 01.03
6291.93 01.13
6354.85 01.12
6418.40 01.20
6482.58 01.25
6547.41 01.26
6612.88 01.23
6679.01 01.05
6745.80 00.61
6813.26 00.43
6881.39 00.01
6950.21 -00.43
7019.71 -00.86
7089.91 -01.26
7160.81 -01.72
7232.41 -02.05
7304.74 -02.44
7377.79 -02.69
7451.56 -03.00
7526.08 -03.17
7601.34 -03.10
7677.35 -03.10
7754.13 -03.08
7831.67 -03.06
7909.98 -02.94
7989.08 -02.95
8068.98 -02.98
8149.67 -02.91
8231.16 -02.84
8313.47 -02.89
8396.61 -03.06
8480.57 -03.27
8565.38 -03.74
8651.03 -03.88
8737.54 -04.18
8824.92 -04.43
8913.17 -04.81
9002.30 -05.12
9092.32 -05.54
9183.25 -06.08
9275.08 -06.64
9367.83 -07.19
9461.51 -07.60
9556.12 -07.72
9651.68 -07.63
9748.20 -07.22
9845.68 -06.69
9944.14 -06.29
10043.58 -05.75
10144.02 -05.34
10245.46 -04.87
10347.91 -04.56
10451.39 -04.17
10555.91 -03.90
10661.46 -03.73
10768.08 -03.64
10875.76 -03.56
10984.52 -03.60
11094.36 -03.60
11205.31 -03.67
11317.36 -03.78
11430.53 -03.91
11544.84 -04.14
11660.29 -04.23
11776.89 -04.31
11894.66 -04.45
12013.60 -04.46
12133.74 -04.41
12255.08 -04.22
12377.63 -03.98
12501.41 -03.48
12626.42 -02.99
12752.68 -02.45
12880.21 -01.92
13009.01 -01.42
13139.10 -00.87
13270.49 -00.57
13403.20 -00.24
13537.23 -00.09
13672.60 00.06
13809.33 00.02
13947.42 -00.12
14086.90 -00.23
14227.77 -00.51
14370.04 -00.83
14513.74 -01.27
14658.88 -01.64
14805.47 -02.05
14953.52 -02.68
15103.06 -03.10
15254.09 -03.42
15406.63 -03.79
15560.70 -03.73
15716.30 -03.36
15873.47 -02.96
16032.20 -02.51
16192.52 -02.05
16354.45 -01.62
16517.99 -01.14
16683.17 -00.86
16850.01 -00.68
17018.51 -00.51
17188.69 -00.05
17360.58 00.09
17534.18 00.20
17709.53 00.07
17886.62 -00.10
18065.49 -00.31
18246.14 -00.77
18428.60 -01.39
18612.89 -02.02
18799.02 -02.82
18987.01 -03.46
19176.88 -04.12
19368.65 -04.75
19562.33 -05.38
19757.96 -06.01
19955.54 -06.63
20000.00 -06.75
