20.00	-01.43
20.20	-01.39
20.40	-01.36
20.61	-01.33
20.81	-01.31
21.02	-01.28
21.23	-01.25
21.44	-01.21
21.66	-01.18
21.87	-01.15
22.09	-01.12
22.31	-01.11
22.54	-01.10
22.76	-01.10
22.99	-01.09
23.22	-01.09
23.45	-01.08
23.69	-01.08
23.92	-01.07
24.16	-01.07
24.40	-01.06
24.65	-01.07
24.89	-01.05
25.14	-01.03
25.39	-01.01
25.65	-01.00
25.91	-00.98
26.16	-00.97
26.43	-00.95
26.69	-00.94
26.96	-00.93
27.23	-00.92
27.50	-00.91
27.77	-00.90
28.05	-00.91
28.33	-00.92
28.62	-00.92
28.90	-00.94
29.19	-00.94
29.48	-00.96
29.78	-00.97
30.08	-01.00
30.38	-01.02
30.68	-01.05
30.99	-01.09
31.30	-01.10
31.61	-01.11
31.93	-01.12
32.24	-01.12
32.57	-01.14
32.89	-01.15
33.22	-01.16
33.55	-01.16
33.89	-01.16
34.23	-01.16
34.57	-01.17
34.92	-01.17
35.27	-01.18
35.62	-01.20
35.97	-01.20
36.33	-01.22
36.70	-01.23
37.06	-01.25
37.43	-01.28
37.81	-01.31
38.19	-01.34
38.57	-01.38
38.95	-01.41
39.34	-01.43
39.74	-01.46
40.14	-01.51
40.54	-01.54
40.94	-01.58
41.35	-01.61
41.76	-01.64
42.18	-01.65
42.60	-01.64
43.03	-01.62
43.46	-01.60
43.90	-01.58
44.33	-01.54
44.78	-01.52
45.23	-01.50
45.68	-01.48
46.13	-01.45
46.60	-01.43
47.06	-01.39
47.53	-01.33
48.01	-01.27
48.49	-01.20
48.97	-01.13
49.46	-01.06
49.96	-00.98
50.46	-00.89
50.96	-00.80
51.47	-00.71
51.99	-00.60
52.51	-00.48
53.03	-00.36
53.56	-00.22
54.10	-00.08
54.64	00.08
55.18	00.25
55.74	00.43
56.29	00.64
56.86	00.83
57.42	01.05
58.00	01.28
58.58	01.49
59.16	01.72
59.76	01.94
60.35	02.17
60.96	02.38
61.57	02.59
62.18	02.78
62.80	02.95
63.43	03.10
64.07	03.24
64.71	03.37
65.35	03.48
66.01	03.60
66.67	03.70
67.33	03.81
68.01	03.91
68.69	04.00
69.37	04.09
70.07	04.17
70.77	04.24
71.48	04.30
72.19	04.35
72.91	04.38
73.64	04.41
74.38	04.43
75.12	04.45
75.87	04.46
76.63	04.47
77.40	04.47
78.17	04.46
78.95	04.44
79.74	04.42
80.54	04.40
81.35	04.36
82.16	04.33
82.98	04.31
83.81	04.27
84.65	04.25
85.50	04.24
86.35	04.23
87.22	04.22
88.09	04.22
88.97	04.21
89.86	04.17
90.76	04.12
91.66	04.08
92.58	04.04
93.51	04.00
94.44	03.97
95.39	03.96
96.34	03.95
97.30	03.93
98.28	03.93
99.26	03.92
100.25	03.91
101.25	03.91
102.27	03.91
103.29	03.90
104.32	03.90
105.37	03.89
106.42	03.89
107.48	03.89
108.56	03.88
109.64	03.88
110.74	03.87
111.85	03.86
112.97	03.85
114.10	03.84
115.24	03.83
116.39	03.83
117.55	03.81
118.73	03.80
119.92	03.77
121.12	03.75
122.33	03.73
123.55	03.71
124.79	03.70
126.03	03.70
127.29	03.70
128.57	03.69
129.85	03.70
131.15	03.69
132.46	03.69
133.79	03.69
135.12	03.68
136.48	03.68
137.84	03.68
139.22	03.68
140.61	03.67
142.02	03.67
143.44	03.67
144.87	03.66
146.32	03.66
147.78	03.66
149.26	03.64
150.75	03.62
152.26	03.60
153.78	03.58
155.32	03.55
156.88	03.53
158.44	03.51
160.03	03.52
161.63	03.53
163.24	03.55
164.88	03.56
166.53	03.58
168.19	03.59
169.87	03.59
171.57	03.59
173.29	03.59
175.02	03.58
176.77	03.58
178.54	03.58
180.32	03.55
182.13	03.52
183.95	03.49
185.79	03.46
187.65	03.43
189.52	03.42
191.42	03.40
193.33	03.38
195.27	03.36
197.22	03.33
199.19	03.32
201.18	03.32
203.19	03.32
205.23	03.32
207.28	03.32
209.35	03.32
211.44	03.31
213.56	03.30
215.69	03.30
217.85	03.29
220.03	03.28
222.23	03.27
224.45	03.27
226.70	03.26
228.96	03.26
231.25	03.25
233.57	03.24
235.90	03.24
238.26	03.23
240.64	03.23
243.05	03.22
245.48	03.21
247.93	03.21
250.41	03.22
252.92	03.23
255.45	03.24
258.00	03.25
260.58	03.26
263.19	03.26
265.82	03.26
268.48	03.25
271.16	03.25
273.87	03.24
276.61	03.23
279.38	03.24
282.17	03.23
284.99	03.24
287.84	03.24
290.72	03.24
293.63	03.24
296.57	03.25
299.53	03.25
302.53	03.25
305.55	03.25
308.61	03.25
311.69	03.25
314.81	03.25
317.96	03.24
321.14	03.22
324.35	03.21
327.59	03.20
330.87	03.19
334.18	03.17
337.52	03.14
340.90	03.12
344.30	03.11
347.75	03.09
351.23	03.07
354.74	03.03
358.28	03.00
361.87	02.96
365.49	02.93
369.14	02.91
372.83	02.89
376.56	02.88
380.33	02.88
384.13	02.88
387.97	02.87
391.85	02.88
395.77	02.88
399.73	02.87
403.72	02.86
407.76	02.86
411.84	02.85
415.96	02.84
420.12	02.83
424.32	02.82
428.56	02.81
432.85	02.79
437.18	02.78
441.55	02.77
445.96	02.76
450.42	02.77
454.93	02.78
459.48	02.79
464.07	02.80
468.71	02.82
473.40	02.83
478.13	02.84
482.91	02.85
487.74	02.86
492.62	02.87
497.55	02.88
502.52	02.90
507.55	02.91
512.62	02.93
517.75	02.94
522.93	02.95
528.16	02.95
533.44	02.93
538.77	02.92
544.16	02.90
549.60	02.88
555.10	02.87
560.65	02.86
566.25	02.86
571.92	02.86
577.64	02.86
583.41	02.87
589.25	02.89
595.14	02.91
601.09	02.92
607.10	02.92
613.17	02.93
619.30	02.94
625.50	02.95
631.75	02.98
638.07	03.01
644.45	03.04
650.89	03.07
657.40	03.10
663.98	03.13
670.62	03.13
677.32	03.14
684.10	03.16
690.94	03.16
697.85	03.17
704.83	03.17
711.87	03.19
718.99	03.19
726.18	03.20
733.44	03.19
740.78	03.18
748.19	03.15
755.67	03.10
763.23	03.06
770.86	02.99
778.57	02.94
786.35	02.86
794.22	02.80
802.16	02.74
810.18	02.68
818.28	02.64
826.46	02.60
834.73	02.58
843.08	02.58
851.51	02.59
860.02	02.62
868.62	02.70
877.31	02.78
886.08	02.89
894.94	03.01
903.89	03.16
912.93	03.30
922.06	03.44
931.28	03.57
940.59	03.69
950.00	03.80
959.50	03.90
969.09	03.97
978.78	04.04
988.57	04.09
998.46	04.14
1008.44	04.18
1018.53	04.22
1028.71	04.25
1039.00	04.28
1049.39	04.31
1059.88	04.33
1070.48	04.34
1081.19	04.35
1092.00	04.35
1102.92	04.34
1113.95	04.33
1125.09	04.30
1136.34	04.27
1147.70	04.22
1159.18	04.16
1170.77	04.09
1182.48	04.02
1194.30	03.95
1206.25	03.87
1218.31	03.81
1230.49	03.75
1242.80	03.71
1255.22	03.68
1267.78	03.66
1280.45	03.67
1293.26	03.69
1306.19	03.72
1319.25	03.77
1332.45	03.82
1345.77	03.87
1359.23	03.90
1372.82	03.93
1386.55	03.95
1400.41	03.95
1414.42	03.94
1428.56	03.92
1442.85	03.88
1457.28	03.84
1471.85	03.79
1486.57	03.74
1501.43	03.66
1516.45	03.59
1531.61	03.51
1546.93	03.43
1562.40	03.33
1578.02	03.24
1593.80	03.15
1609.74	03.07
1625.84	03.00
1642.10	02.92
1658.52	02.85
1675.10	02.79
1691.85	02.76
1708.77	02.76
1725.86	02.80
1743.12	02.87
1760.55	02.96
1778.15	03.07
1795.94	03.20
1813.90	03.32
1832.03	03.43
1850.36	03.54
1868.86	03.62
1887.55	03.69
1906.42	03.72
1925.49	03.71
1944.74	03.69
1964.19	03.64
1983.83	03.56
2003.67	03.39
2023.71	03.22
2043.94	03.04
2064.38	02.85
2085.03	02.66
2105.88	02.49
2126.94	02.35
2148.20	02.20
2169.69	02.05
2191.38	01.92
2213.30	01.78
2235.43	01.59
2257.78	01.39
2280.36	01.18
2303.17	00.95
2326.20	00.73
2349.46	00.58
2372.95	00.49
2396.68	00.40
2420.65	00.30
2444.86	00.19
2469.31	00.07
2494.00	-00.09
2518.94	-00.26
2544.13	-00.44
2569.57	-00.61
2595.27	-00.80
2621.22	-00.99
2647.43	-01.18
2673.90	-01.37
2700.64	-01.56
2727.65	-01.73
2754.93	-01.85
2782.48	-01.94
2810.30	-02.04
2838.40	-02.06
2866.79	-02.00
2895.46	-01.86
2924.41	-01.65
2953.65	-01.37
2983.19	-01.10
3013.02	-00.86
3043.15	-00.63
3073.58	-00.43
3104.32	-00.24
3135.36	-00.08
3166.72	00.07
3198.38	00.20
3230.37	00.30
3262.67	00.36
3295.30	00.42
3328.25	00.46
3361.53	00.54
3395.15	00.59
3429.10	00.65
3463.39	00.72
3498.03	00.78
3533.01	00.83
3568.34	00.85
3604.02	00.88
3640.06	00.91
3676.46	00.96
3713.22	01.00
3750.36	00.97
3787.86	00.94
3825.74	00.90
3864.00	00.85
3902.64	00.80
3941.66	00.73
3981.08	00.63
4020.89	00.49
4061.10	00.34
4101.71	00.18
4142.73	00.01
4184.15	-00.16
4226.00	-00.37
4268.26	-00.64
4310.94	-00.93
4354.05	-01.26
4397.59	-01.61
4441.56	-01.99
4485.98	-02.00
4530.84	-01.84
4576.15	-01.70
4621.91	-01.60
4668.13	-01.53
4714.81	-01.29
4761.96	-00.52
4809.58	00.21
4857.67	00.93
4906.25	01.60
4955.31	02.24
5004.87	02.82
5054.91	03.35
5105.46	03.85
5156.52	04.29
5208.08	04.66
5260.16	04.90
5312.77	04.80
5365.89	04.66
5419.55	04.46
5473.75	04.24
5528.49	03.99
5583.77	03.56
5639.61	03.09
5696.00	02.63
5752.96	02.23
5810.49	01.92
5868.60	01.70
5927.28	01.58
5986.56	01.48
6046.42	01.42
6106.89	01.42
6167.96	01.45
6229.64	01.51
6291.93	01.56
6354.85	01.60
6418.40	01.60
6482.58	01.59
6547.41	01.52
6612.88	01.41
6679.01	01.12
6745.80	00.73
6813.26	00.31
6881.39	-00.13
6950.21	-00.55
7019.71	-00.95
7089.91	-01.36
7160.81	-01.72
7232.41	-02.05
7304.74	-02.34
7377.79	-02.58
7451.56	-02.72
7526.08	-02.70
7601.34	-02.65
7677.35	-02.56
7754.13	-02.49
7831.67	-02.41
7909.98	-02.35
7989.08	-02.42
8068.98	-02.50
8149.67	-02.59
8231.16	-02.68
8313.47	-02.80
8396.61	-02.96
8480.57	-03.00
8565.38	-03.06
8651.03	-03.17
8737.54	-03.35
8824.92	-03.55
8913.17	-03.75
9002.30	-03.99
9092.32	-04.23
9183.25	-04.49
9275.08	-04.75
9367.83	-04.96
9461.51	-05.07
9556.12	-05.08
9651.68	-04.95
9748.20	-04.70
9845.68	-04.39
9944.14	-03.97
10043.58	-03.50
10144.02	-03.08
10245.46	-02.70
10347.91	-02.36
10451.39	-02.04
10555.91	-01.88
10661.46	-01.83
10768.08	-01.79
10875.76	-01.78
10984.52	-01.84
11094.36	-01.95
11205.31	-02.14
11317.36	-02.36
11430.53	-02.57
11544.84	-02.76
11660.29	-02.93
11776.89	-03.08
11894.66	-03.20
12013.60	-03.26
12133.74	-03.19
12255.08	-02.95
12377.63	-02.58
12501.41	-02.18
12626.42	-01.74
12752.68	-01.30
12880.21	-00.89
13009.01	-00.54
13139.10	-00.28
13270.49	-00.12
13403.20	-00.03
13537.23	-00.05
13672.60	-00.16
13809.33	-00.37
13947.42	-00.65
14086.90	-00.99
14227.77	-01.38
14370.04	-01.77
14513.74	-02.21
14658.88	-02.66
14805.47	-03.13
14953.52	-03.63
15103.06	-04.06
15254.09	-04.31
15406.63	-04.33
15560.70	-04.16
15716.30	-03.83
15873.47	-03.44
16032.20	-02.99
16192.52	-02.56
16354.45	-02.18
16517.99	-01.88
16683.17	-01.69
16850.01	-01.55
17018.51	-01.16
17188.69	-00.86
17360.58	-00.69
17534.18	-00.66
17709.53	-00.75
17886.62	-01.00
18065.49	-01.43
18246.14	-02.01
18428.60	-02.72
18612.89	-03.47
18799.02	-04.16
18987.01	-04.78
19176.88	-05.36
19368.65	-05.93
19562.33	-06.48
19757.96	-07.02
19955.54	-07.13
20000.00	36.17
