20.00	01.31
20.20	01.32
20.40	01.32
20.61	01.32
20.81	01.32
21.02	01.32
21.23	01.32
21.44	01.33
21.66	01.33
21.87	01.33
22.09	01.33
22.31	01.31
22.54	01.28
22.76	01.25
22.99	01.22
23.22	01.19
23.45	01.16
23.69	01.13
23.92	01.10
24.16	01.06
24.40	01.03
24.65	00.99
24.89	00.96
25.14	00.94
25.39	00.93
25.65	00.90
25.91	00.88
26.16	00.85
26.43	00.83
26.69	00.81
26.96	00.79
27.23	00.77
27.50	00.74
27.77	00.72
28.05	00.68
28.33	00.64
28.62	00.62
28.90	00.58
29.19	00.56
29.48	00.53
29.78	00.50
30.08	00.46
30.38	00.44
30.68	00.40
30.99	00.37
31.30	00.36
31.61	00.35
31.93	00.35
32.24	00.36
32.57	00.35
32.89	00.36
33.22	00.36
33.55	00.38
33.89	00.41
34.23	00.42
34.57	00.44
34.92	00.47
35.27	00.50
35.62	00.52
35.97	00.55
36.33	00.58
36.70	00.62
37.06	00.65
37.43	00.67
37.81	00.70
38.19	00.72
38.57	00.74
38.95	00.77
39.34	00.80
39.74	00.82
40.14	00.84
40.54	00.86
40.94	00.88
41.35	00.90
41.76	00.92
42.18	00.96
42.60	01.03
43.03	01.10
43.46	01.18
43.90	01.26
44.33	01.36
44.78	01.45
45.23	01.53
45.68	01.62
46.13	01.73
46.60	01.83
47.06	01.93
47.53	02.07
48.01	02.20
48.49	02.33
48.97	02.46
49.46	02.59
49.96	02.72
50.46	02.84
50.96	02.95
51.47	03.04
51.99	03.12
52.51	03.19
53.03	03.24
53.56	03.27
54.10	03.28
54.64	03.28
55.18	03.26
55.74	03.23
56.29	03.19
56.86	03.13
57.42	03.06
58.00	03.00
58.58	02.93
59.16	02.85
59.76	02.78
60.35	02.72
60.96	02.66
61.57	02.62
62.18	02.60
62.80	02.57
63.43	02.55
64.07	02.56
64.71	02.58
65.35	02.62
66.01	02.68
66.67	02.76
67.33	02.87
68.01	02.98
68.69	03.10
69.37	03.22
70.07	03.34
70.77	03.45
71.48	03.56
72.19	03.66
72.91	03.75
73.64	03.83
74.38	03.89
75.12	03.97
75.87	04.03
76.63	04.08
77.40	04.12
78.17	04.16
78.95	04.18
79.74	04.20
80.54	04.22
81.35	04.22
82.16	04.23
82.98	04.23
83.81	04.23
84.65	04.23
85.50	04.24
86.35	04.25
87.22	04.26
88.09	04.28
88.97	04.28
89.86	04.26
90.76	04.22
91.66	04.19
92.58	04.15
93.51	04.13
94.44	04.10
95.39	04.10
96.34	04.08
97.30	04.07
98.28	04.06
99.26	04.05
100.25	04.04
101.25	04.03
102.27	04.02
103.29	04.00
104.32	04.00
105.37	03.98
106.42	03.97
107.48	03.96
108.56	03.94
109.64	03.93
110.74	03.92
111.85	03.90
112.97	03.89
114.10	03.87
115.24	03.86
116.39	03.85
117.55	03.83
118.73	03.81
119.92	03.78
121.12	03.76
122.33	03.75
123.55	03.72
124.79	03.72
126.03	03.72
127.29	03.72
128.57	03.72
129.85	03.72
131.15	03.72
132.46	03.71
133.79	03.71
135.12	03.71
136.48	03.70
137.84	03.70
139.22	03.69
140.61	03.68
142.02	03.68
143.44	03.67
144.87	03.65
146.32	03.65
147.78	03.64
149.26	03.61
150.75	03.59
152.26	03.57
153.78	03.55
155.32	03.52
156.88	03.50
158.44	03.48
160.03	03.50
161.63	03.51
163.24	03.53
164.88	03.54
166.53	03.56
168.19	03.58
169.87	03.58
171.57	03.59
173.29	03.59
175.02	03.59
176.77	03.60
178.54	03.61
180.32	03.59
182.13	03.57
183.95	03.56
185.79	03.54
187.65	03.53
189.52	03.52
191.42	03.52
193.33	03.51
195.27	03.50
197.22	03.49
199.19	03.49
201.18	03.50
203.19	03.51
205.23	03.52
207.28	03.52
209.35	03.53
211.44	03.53
213.56	03.52
215.69	03.52
217.85	03.51
220.03	03.51
222.23	03.50
224.45	03.50
226.70	03.49
228.96	03.48
231.25	03.47
233.57	03.46
235.90	03.45
238.26	03.44
240.64	03.43
243.05	03.41
245.48	03.39
247.93	03.38
250.41	03.38
252.92	03.38
255.45	03.37
258.00	03.37
260.58	03.37
263.19	03.36
265.82	03.34
268.48	03.31
271.16	03.29
273.87	03.27
276.61	03.24
279.38	03.23
282.17	03.20
284.99	03.19
287.84	03.17
290.72	03.14
293.63	03.13
296.57	03.11
299.53	03.09
302.53	03.07
305.55	03.06
308.61	03.04
311.69	03.02
314.81	03.01
317.96	02.99
321.14	02.96
324.35	02.94
327.59	02.92
330.87	02.90
334.18	02.88
337.52	02.85
340.90	02.82
344.30	02.80
347.75	02.78
351.23	02.75
354.74	02.71
358.28	02.66
361.87	02.62
365.49	02.58
369.14	02.55
372.83	02.51
376.56	02.49
380.33	02.47
384.13	02.46
387.97	02.43
391.85	02.42
395.77	02.41
399.73	02.37
403.72	02.34
407.76	02.33
411.84	02.30
415.96	02.27
420.12	02.24
424.32	02.22
428.56	02.18
432.85	02.14
437.18	02.10
441.55	02.08
445.96	02.04
450.42	02.02
454.93	02.00
459.48	01.97
464.07	01.95
468.71	01.92
473.40	01.89
478.13	01.86
482.91	01.83
487.74	01.80
492.62	01.77
497.55	01.74
502.52	01.72
507.55	01.70
512.62	01.68
517.75	01.66
522.93	01.63
528.16	01.60
533.44	01.56
538.77	01.52
544.16	01.47
549.60	01.43
555.10	01.39
560.65	01.35
566.25	01.31
571.92	01.27
577.64	01.22
583.41	01.18
589.25	01.13
595.14	01.08
601.09	01.01
607.10	00.92
613.17	00.83
619.30	00.74
625.50	00.63
631.75	00.53
638.07	00.42
644.45	00.31
650.89	00.19
657.40	00.07
663.98	-00.04
670.62	-00.17
677.32	-00.27
684.10	-00.35
690.94	-00.41
697.85	-00.45
704.83	-00.46
711.87	-00.43
718.99	-00.39
726.18	-00.34
733.44	-00.28
740.78	-00.21
748.19	-00.16
755.67	-00.13
763.23	-00.09
770.86	-00.07
778.57	-00.05
786.35	-00.04
794.22	-00.01
802.16	00.03
810.18	00.07
818.28	00.08
826.46	00.08
834.73	00.07
843.08	00.04
851.51	-00.01
860.02	-00.06
868.62	-00.10
877.31	-00.15
886.08	-00.22
894.94	-00.28
903.89	-00.33
912.93	-00.37
922.06	-00.39
931.28	-00.39
940.59	-00.39
950.00	-00.38
959.50	-00.38
969.09	-00.39
978.78	-00.40
988.57	-00.42
998.46	-00.46
1008.44	-00.50
1018.53	-00.55
1028.71	-00.61
1039.00	-00.67
1049.39	-00.73
1059.88	-00.78
1070.48	-00.82
1081.19	-00.85
1092.00	-00.86
1102.92	-00.86
1113.95	-00.84
1125.09	-00.80
1136.34	-00.75
1147.70	-00.68
1159.18	-00.61
1170.77	-00.54
1182.48	-00.49
1194.30	-00.44
1206.25	-00.40
1218.31	-00.36
1230.49	-00.34
1242.80	-00.31
1255.22	-00.29
1267.78	-00.28
1280.45	-00.28
1293.26	-00.29
1306.19	-00.32
1319.25	-00.38
1332.45	-00.45
1345.77	-00.52
1359.23	-00.59
1372.82	-00.65
1386.55	-00.71
1400.41	-00.77
1414.42	-00.84
1428.56	-00.90
1442.85	-00.95
1457.28	-00.97
1471.85	-00.96
1486.57	-00.92
1501.43	-00.90
1516.45	-00.87
1531.61	-00.85
1546.93	-00.84
1562.40	-00.83
1578.02	-00.81
1593.80	-00.79
1609.74	-00.75
1625.84	-00.72
1642.10	-00.70
1658.52	-00.68
1675.10	-00.66
1691.85	-00.65
1708.77	-00.65
1725.86	-00.64
1743.12	-00.64
1760.55	-00.63
1778.15	-00.62
1795.94	-00.60
1813.90	-00.59
1832.03	-00.60
1850.36	-00.62
1868.86	-00.65
1887.55	-00.70
1906.42	-00.79
1925.49	-00.88
1944.74	-00.99
1964.19	-01.11
1983.83	-01.27
2003.67	-01.50
2023.71	-01.71
2043.94	-01.89
2064.38	-02.02
2085.03	-02.13
2105.88	-02.21
2126.94	-02.23
2148.20	-02.24
2169.69	-02.26
2191.38	-02.27
2213.30	-02.28
2235.43	-02.34
2257.78	-02.42
2280.36	-02.54
2303.17	-02.70
2326.20	-02.89
2349.46	-03.05
2372.95	-03.15
2396.68	-03.27
2420.65	-03.40
2444.86	-03.53
2469.31	-03.66
2494.00	-03.81
2518.94	-03.97
2544.13	-04.12
2569.57	-04.26
2595.27	-04.38
2621.22	-04.48
2647.43	-04.54
2673.90	-04.57
2700.64	-04.57
2727.65	-04.57
2754.93	-04.55
2782.48	-04.56
2810.30	-04.65
2838.40	-04.74
2866.79	-04.82
2895.46	-04.90
2924.41	-04.98
2953.65	-05.05
2983.19	-05.13
3013.02	-05.19
3043.15	-05.15
3073.58	-05.04
3104.32	-04.81
3135.36	-04.52
3166.72	-04.18
3198.38	-03.82
3230.37	-03.47
3262.67	-03.12
3295.30	-02.78
3328.25	-02.46
3361.53	-02.12
3395.15	-01.83
3429.10	-01.58
3463.39	-01.37
3498.03	-01.21
3533.01	-01.10
3568.34	-01.03
3604.02	-00.97
3640.06	-00.93
3676.46	-00.88
3713.22	-00.86
3750.36	-00.93
3787.86	-00.99
3825.74	-01.04
3864.00	-01.10
3902.64	-01.15
3941.66	-01.20
3981.08	-01.27
4020.89	-01.38
4061.10	-01.48
4101.71	-01.58
4142.73	-01.70
4184.15	-01.83
4226.00	-02.00
4268.26	-02.25
4310.94	-02.55
4354.05	-02.88
4397.59	-03.25
4441.56	-03.67
4485.98	-03.73
4530.84	-03.65
4576.15	-03.62
4621.91	-03.62
4668.13	-03.65
4714.81	-03.53
4761.96	-02.86
4809.58	-02.23
4857.67	-01.62
4906.25	-01.04
4955.31	-00.47
5004.87	00.06
5054.91	00.57
5105.46	01.07
5156.52	01.55
5208.08	01.98
5260.16	02.30
5312.77	02.31
5365.89	02.29
5419.55	02.28
5473.75	02.28
5528.49	02.31
5583.77	02.21
5639.61	02.07
5696.00	01.94
5752.96	01.86
5810.49	01.81
5868.60	01.80
5927.28	01.86
5986.56	01.93
6046.42	02.02
6106.89	02.11
6167.96	02.16
6229.64	02.18
6291.93	02.17
6354.85	02.16
6418.40	02.14
6482.58	02.06
6547.41	01.92
6612.88	01.69
6679.01	01.27
6745.80	00.71
6813.26	00.08
6881.39	-00.60
6950.21	-01.31
7019.71	-02.02
7089.91	-02.80
7160.81	-03.57
7232.41	-04.20
7304.74	-04.65
7377.79	-04.96
7451.56	-05.24
7526.08	-05.48
7601.34	-05.79
7677.35	-06.15
7754.13	-06.55
7831.67	-06.96
7909.98	-07.37
7989.08	-07.85
8068.98	-08.31
8149.67	-08.67
8231.16	-08.89
8313.47	-08.94
8396.61	-08.87
8480.57	-08.56
8565.38	-08.15
8651.03	-07.67
8737.54	-07.15
8824.92	-06.57
8913.17	-05.95
9002.30	-05.33
9092.32	-04.70
9183.25	-04.09
9275.08	-03.50
9367.83	-02.95
9461.51	-02.40
9556.12	-01.86
9651.68	-01.33
9748.20	-00.79
9845.68	-00.29
9944.14	00.24
10043.58	00.82
10144.02	01.36
10245.46	01.87
10347.91	02.36
10451.39	02.85
10555.91	03.16
10661.46	03.34
10768.08	03.49
10875.76	03.61
10984.52	03.72
11094.36	03.85
11205.31	03.96
11317.36	04.10
11430.53	04.25
11544.84	04.41
11660.29	04.57
11776.89	04.72
11894.66	04.85
12013.60	04.94
12133.74	05.01
12255.08	05.06
12377.63	05.08
12501.41	05.02
12626.42	04.94
12752.68	04.85
12880.21	04.74
13009.01	04.61
13139.10	04.41
13270.49	04.15
13403.20	03.90
13537.23	03.64
13672.60	03.37
13809.33	03.08
13947.42	02.78
14086.90	02.45
14227.77	02.09
14370.04	01.76
14513.74	01.45
14658.88	01.21
14805.47	01.04
14953.52	00.89
15103.06	00.80
15254.09	00.76
15406.63	00.75
15560.70	00.76
15716.30	00.80
15873.47	00.85
16032.20	00.91
16192.52	00.93
16354.45	00.87
16517.99	00.75
16683.17	00.54
16850.01	00.29
17018.51	00.34
17188.69	00.31
17360.58	00.21
17534.18	00.01
17709.53	-00.29
17886.62	-00.75
18065.49	-01.37
18246.14	-02.11
18428.60	-02.89
18612.89	-03.65
18799.02	-04.34
18987.01	-04.95
19176.88	-05.49
19368.65	-05.99
19562.33	-06.50
19757.96	-07.03
19955.54	-07.15
20000.00	20.47
