20.00 01.62
20.20 01.62
20.40 01.61
20.61 01.61
20.81 01.60
21.02 01.59
21.23 01.59
21.44 01.59
21.66 01.60
21.87 01.60
22.09 01.60
22.31 01.61
22.54 01.60
22.76 01.58
22.99 01.56
23.22 01.55
23.45 01.52
23.69 01.51
23.92 01.49
24.16 01.48
24.40 01.46
24.65 01.45
24.89 01.42
25.14 01.42
25.39 01.42
25.65 01.43
25.91 01.42
26.16 01.43
26.43 01.42
26.69 01.42
26.96 01.43
27.23 01.42
27.50 01.42
27.77 01.41
28.05 01.41
28.33 01.40
28.62 01.38
28.90 01.37
29.19 01.35
29.48 01.34
29.78 01.32
30.08 01.30
30.38 01.26
30.68 01.24
30.99 01.21
31.30 01.18
31.61 01.16
31.93 01.15
32.24 01.15
32.57 01.14
32.89 01.13
33.22 01.12
33.55 01.12
33.89 01.12
34.23 01.14
34.57 01.14
34.92 01.15
35.27 01.16
35.62 01.17
35.97 01.17
36.33 01.18
36.70 01.19
37.06 01.20
37.43 01.21
37.81 01.20
38.19 01.19
38.57 01.19
38.95 01.17
39.34 01.16
39.74 01.16
40.14 01.14
40.54 01.11
40.94 01.08
41.35 01.06
41.76 01.03
42.18 00.99
42.60 00.98
43.03 00.98
43.46 00.98
43.90 00.98
44.33 00.99
44.78 00.99
45.23 00.98
45.68 00.96
46.13 00.95
46.60 00.93
47.06 00.91
47.53 00.89
48.01 00.89
48.49 00.90
48.97 00.90
49.46 00.90
49.96 00.90
50.46 00.90
50.96 00.90
51.47 00.90
51.99 00.89
52.51 00.89
53.03 00.88
53.56 00.88
54.10 00.87
54.64 00.86
55.18 00.85
55.74 00.84
56.29 00.84
56.86 00.84
57.42 00.83
58.00 00.82
58.58 00.83
59.16 00.83
59.76 00.82
60.35 00.82
60.96 00.82
61.57 00.82
62.18 00.83
62.80 00.82
63.43 00.81
64.07 00.78
64.71 00.77
65.35 00.74
66.01 00.71
66.67 00.70
67.33 00.68
68.01 00.68
68.69 00.68
69.37 00.68
70.07 00.68
70.77 00.68
71.48 00.69
72.19 00.69
72.91 00.70
73.64 00.71
74.38 00.73
75.12 00.74
75.87 00.78
76.63 00.82
77.40 00.86
78.17 00.90
78.95 00.95
79.74 01.00
80.54 01.04
81.35 01.09
82.16 01.12
82.98 01.16
83.81 01.20
84.65 01.23
85.50 01.27
86.35 01.32
87.22 01.37
88.09 01.42
88.97 01.48
89.86 01.52
90.76 01.53
91.66 01.54
92.58 01.55
93.51 01.54
94.44 01.55
95.39 01.56
96.34 01.58
97.30 01.59
98.28 01.60
99.26 01.61
100.25 01.62
101.25 01.62
102.27 01.63
103.29 01.64
104.32 01.63
105.37 01.64
106.42 01.64
107.48 01.64
108.56 01.64
109.64 01.64
110.74 01.64
111.85 01.64
112.97 01.63
114.10 01.64
115.24 01.63
116.39 01.63
117.55 01.64
118.73 01.63
119.92 01.62
121.12 01.60
122.33 01.59
123.55 01.58
124.79 01.56
126.03 01.56
127.29 01.57
128.57 01.57
129.85 01.57
131.15 01.57
132.46 01.57
133.79 01.56
135.12 01.56
136.48 01.55
137.84 01.55
139.22 01.55
140.61 01.54
142.02 01.54
143.44 01.54
144.87 01.54
146.32 01.54
147.78 01.54
149.26 01.54
150.75 01.53
152.26 01.51
153.78 01.50
155.32 01.48
156.88 01.45
158.44 01.43
160.03 01.42
161.63 01.43
163.24 01.43
164.88 01.44
166.53 01.46
168.19 01.47
169.87 01.48
171.57 01.47
173.29 01.48
175.02 01.48
176.77 01.47
178.54 01.48
180.32 01.48
182.13 01.46
183.95 01.44
185.79 01.42
187.65 01.39
189.52 01.37
191.42 01.36
193.33 01.34
195.27 01.32
197.22 01.31
199.19 01.29
201.18 01.29
203.19 01.30
205.23 01.31
207.28 01.32
209.35 01.33
211.44 01.34
213.56 01.35
215.69 01.35
217.85 01.36
220.03 01.36
222.23 01.37
224.45 01.37
226.70 01.36
228.96 01.36
231.25 01.35
233.57 01.34
235.90 01.32
238.26 01.31
240.64 01.29
243.05 01.27
245.48 01.25
247.93 01.23
250.41 01.21
252.92 01.21
255.45 01.21
258.00 01.20
260.58 01.20
263.19 01.19
265.82 01.18
268.48 01.15
271.16 01.12
273.87 01.08
276.61 01.04
279.38 01.00
282.17 00.97
284.99 00.93
287.84 00.89
290.72 00.86
293.63 00.81
296.57 00.78
299.53 00.74
302.53 00.71
305.55 00.68
308.61 00.65
311.69 00.62
314.81 00.59
317.96 00.57
321.14 00.54
324.35 00.51
327.59 00.49
330.87 00.48
334.18 00.46
337.52 00.45
340.90 00.43
344.30 00.42
347.75 00.42
351.23 00.41
354.74 00.41
358.28 00.40
361.87 00.38
365.49 00.36
369.14 00.35
372.83 00.35
376.56 00.34
380.33 00.35
384.13 00.36
387.97 00.38
391.85 00.38
395.77 00.40
399.73 00.42
403.72 00.42
407.76 00.42
411.84 00.43
415.96 00.43
420.12 00.43
424.32 00.43
428.56 00.44
432.85 00.43
437.18 00.42
441.55 00.41
445.96 00.41
450.42 00.40
454.93 00.41
459.48 00.42
464.07 00.43
468.71 00.44
473.40 00.45
478.13 00.46
482.91 00.46
487.74 00.47
492.62 00.47
497.55 00.47
502.52 00.48
507.55 00.49
512.62 00.50
517.75 00.51
522.93 00.51
528.16 00.51
533.44 00.50
538.77 00.48
544.16 00.46
549.60 00.44
555.10 00.41
560.65 00.39
566.25 00.37
571.92 00.35
577.64 00.33
583.41 00.31
589.25 00.29
595.14 00.27
601.09 00.25
607.10 00.22
613.17 00.18
619.30 00.15
625.50 00.11
631.75 00.08
638.07 00.07
644.45 00.06
650.89 00.06
657.40 00.05
663.98 00.04
670.62 00.04
677.32 00.02
684.10 00.00
690.94 00.00
697.85 -00.02
704.83 -00.03
711.87 -00.04
718.99 -00.03
726.18 -00.02
733.44 -00.02
740.78 -00.02
748.19 -00.02
755.67 -00.03
763.23 -00.05
770.86 -00.06
778.57 -00.08
786.35 -00.09
794.22 -00.11
802.16 -00.13
810.18 -00.13
818.28 -00.14
826.46 -00.14
834.73 -00.14
843.08 -00.14
851.51 -00.14
860.02 -00.17
868.62 -00.18
877.31 -00.19
886.08 -00.20
894.94 -00.20
903.89 -00.19
912.93 -00.18
922.06 -00.16
931.28 -00.14
940.59 -00.12
950.00 -00.10
959.50 -00.09
969.09 -00.07
978.78 -00.06
988.57 -00.06
998.46 -00.06
1008.44 -00.06
1018.53 -00.07
1028.71 -00.07
1039.00 -00.07
1049.39 -00.07
1059.88 -00.07
1070.48 -00.06
1081.19 -00.05
1092.00 -00.05
1102.92 -00.04
1113.95 -00.03
1125.09 -00.02
1136.34 -00.01
1147.70 -00.01
1159.18 -00.01
1170.77 -00.01
1182.48 -00.02
1194.30 -00.03
1206.25 -00.04
1218.31 -00.06
1230.49 -00.08
1242.80 -00.09
1255.22 -00.11
1267.78 -00.13
1280.45 -00.15
1293.26 -00.17
1306.19 -00.18
1319.25 -00.19
1332.45 -00.20
1345.77 -00.21
1359.23 -00.22
1372.82 -00.23
1386.55 -00.23
1400.41 -00.23
1414.42 -00.24
1428.56 -00.24
1442.85 -00.25
1457.28 -00.25
1471.85 -00.26
1486.57 -00.26
1501.43 -00.27
1516.45 -00.30
1531.61 -00.33
1546.93 -00.36
1562.40 -00.39
1578.02 -00.43
1593.80 -00.46
1609.74 -00.50
1625.84 -00.52
1642.10 -00.54
1658.52 -00.57
1675.10 -00.59
1691.85 -00.61
1708.77 -00.65
1725.86 -00.69
1743.12 -00.73
1760.55 -00.78
1778.15 -00.83
1795.94 -00.88
1813.90 -00.92
1832.03 -00.98
1850.36 -01.04
1868.86 -01.10
1887.55 -01.16
1906.42 -01.22
1925.49 -01.30
1944.74 -01.38
1964.19 -01.45
1983.83 -01.51
2003.67 -01.58
2023.71 -01.72
2043.94 -01.84
2064.38 -01.97
2085.03 -02.10
2105.88 -02.22
2126.94 -02.32
2148.20 -02.39
2169.69 -02.46
2191.38 -02.55
2213.30 -02.63
2235.43 -02.73
2257.78 -02.89
2280.36 -03.06
2303.17 -03.24
2326.20 -03.43
2349.46 -03.63
2372.95 -03.76
2396.68 -03.82
2420.65 -03.88
2444.86 -03.93
2469.31 -03.98
2494.00 -04.02
2518.94 -04.08
2544.13 -04.13
2569.57 -04.17
2595.27 -04.20
2621.22 -04.22
2647.43 -04.23
2673.90 -04.22
2700.64 -04.21
2727.65 -04.19
2754.93 -04.18
2782.48 -04.16
2810.30 -04.18
2838.40 -04.28
2866.79 -04.38
2895.46 -04.50
2924.41 -04.64
2953.65 -04.79
2983.19 -04.94
3013.02 -05.14
3043.15 -05.37
3073.58 -05.61
3104.32 -05.88
3135.36 -06.14
3166.72 -06.42
3198.38 -06.70
3230.37 -06.98
3262.67 -07.26
3295.30 -07.55
3328.25 -07.82
3361.53 -08.08
3395.15 -08.30
3429.10 -08.52
3463.39 -08.74
3498.03 -08.96
3533.01 -09.18
3568.34 -09.42
3604.02 -09.69
3640.06 -09.94
3676.46 -10.18
3713.22 -10.38
3750.36 -10.54
3787.86 -10.56
3825.74 -10.50
3864.00 -10.35
3902.64 -10.07
3941.66 -09.66
3981.08 -09.09
4020.89 -08.49
4061.10 -07.90
4101.71 -07.29
4142.73 -06.76
4184.15 -06.31
4226.00 -05.96
4268.26 -05.68
4310.94 -05.48
4354.05 -05.42
4397.59 -05.47
4441.56 -05.64
4485.98 -05.93
4530.84 -06.16
4576.15 -06.43
4621.91 -06.79
4668.13 -07.26
4714.81 -07.82
4761.96 -08.35
4809.58 -08.52
4857.67 -08.74
4906.25 -08.96
4955.31 -09.17
5004.87 -09.31
5054.91 -09.07
5105.46 -08.77
5156.52 -08.38
5208.08 -07.92
5260.16 -07.38
5312.77 -06.82
5365.89 -06.37
5419.55 -05.90
5473.75 -05.41
5528.49 -04.93
5583.77 -04.49
5639.61 -04.37
5696.00 -04.41
5752.96 -04.51
5810.49 -04.66
5868.60 -04.85
5927.28 -05.05
5986.56 -05.23
6046.42 -05.40
6106.89 -05.54
6167.96 -05.61
6229.64 -05.65
6291.93 -05.65
6354.85 -05.64
6418.40 -05.61
6482.58 -05.57
6547.41 -05.51
6612.88 -05.46
6679.01 -05.43
6745.80 -05.54
6813.26 -05.71
6881.39 -05.83
6950.21 -05.85
7019.71 -05.68
7089.91 -05.34
7160.81 -04.93
7232.41 -04.50
7304.74 -04.11
7377.79 -03.78
7451.56 -03.47
7526.08 -03.10
7601.34 -02.59
7677.35 -02.07
7754.13 -01.57
7831.67 -01.16
7909.98 -00.84
7989.08 -00.65
8068.98 -00.67
8149.67 -00.78
8231.16 -00.93
8313.47 -01.12
8396.61 -01.38
8480.57 -01.78
8565.38 -02.18
8651.03 -02.71
8737.54 -03.43
8824.92 -04.31
8913.17 -05.28
9002.30 -06.26
9092.32 -07.27
9183.25 -08.36
9275.08 -09.66
9367.83 -11.26
9461.51 -13.06
9556.12 -14.59
9651.68 -15.32
9748.20 -15.16
9845.68 -14.55
9944.14 -13.93
10043.58 -13.36
10144.02 -12.85
10245.46 -12.38
10347.91 -11.87
10451.39 -11.27
10555.91 -10.63
10661.46 -10.17
10768.08 -09.93
10875.76 -09.84
10984.52 -09.89
11094.36 -10.03
11205.31 -10.20
11317.36 -10.38
11430.53 -10.49
11544.84 -10.44
11660.29 -10.17
11776.89 -09.68
11894.66 -08.98
12013.60 -08.15
12133.74 -07.22
12255.08 -06.36
12377.63 -05.64
12501.41 -05.11
12626.42 -04.82
12752.68 -04.68
12880.21 -04.66
13009.01 -04.74
13139.10 -04.92
13270.49 -05.19
13403.20 -05.51
13537.23 -05.76
13672.60 -05.90
13809.33 -05.79
13947.42 -05.38
14086.90 -04.70
14227.77 -03.88
14370.04 -03.08
14513.74 -02.37
14658.88 -01.80
14805.47 -01.36
14953.52 -01.05
15103.06 -00.89
15254.09 -00.82
15406.63 -00.79
15560.70 -00.80
15716.30 -00.84
15873.47 -00.86
16032.20 -00.84
16192.52 -00.73
16354.45 -00.58
16517.99 -00.41
16683.17 -00.24
16850.01 -00.10
17018.51 00.05
17188.69 00.54
17360.58 01.02
17534.18 01.50
17709.53 01.94
17886.62 02.34
18065.49 02.61
18246.14 02.74
18428.60 02.78
18612.89 02.77
18799.02 02.74
18987.01 02.68
19176.88 02.56
19368.65 02.34
19562.33 01.96
19757.96 01.36
19955.54 00.51
20000.00 00.28
