20.00 -05.62
20.20 -05.55
20.40 -05.50
20.61 -05.44
20.81 -05.38
21.02 -05.33
21.23 -05.28
21.44 -05.22
21.66 -05.16
21.87 -05.12
22.09 -05.06
22.31 -05.01
22.54 -04.96
22.76 -04.93
22.99 -04.89
23.22 -04.86
23.45 -04.82
23.69 -04.79
23.92 -04.73
24.16 -04.69
24.40 -04.64
24.65 -04.58
24.89 -04.54
25.14 -04.49
25.39 -04.43
25.65 -04.37
25.91 -04.31
26.16 -04.27
26.43 -04.21
26.69 -04.17
26.96 -04.12
27.23 -04.08
27.50 -04.04
27.77 -04.00
28.05 -03.96
28.33 -03.90
28.62 -03.84
28.90 -03.79
29.19 -03.73
29.48 -03.68
29.78 -03.63
30.08 -03.58
30.38 -03.58
30.68 -03.56
30.99 -03.56
31.30 -03.56
31.61 -03.54
31.93 -03.52
32.24 -03.51
32.57 -03.49
32.89 -03.47
33.22 -03.44
33.55 -03.43
33.89 -03.38
34.23 -03.33
34.57 -03.28
34.92 -03.23
35.27 -03.19
35.62 -03.14
35.97 -03.10
36.33 -03.06
36.70 -03.02
37.06 -02.98
37.43 -02.94
37.81 -02.90
38.19 -02.87
38.57 -02.83
38.95 -02.80
39.34 -02.76
39.74 -02.73
40.14 -02.72
40.54 -02.72
40.94 -02.73
41.35 -02.75
41.76 -02.75
42.18 -02.77
42.60 -02.79
43.03 -02.77
43.46 -02.77
43.90 -02.76
44.33 -02.76
44.78 -02.75
45.23 -02.74
45.68 -02.72
46.13 -02.71
46.60 -02.70
47.06 -02.68
47.53 -02.67
48.01 -02.60
48.49 -02.54
48.97 -02.47
49.46 -02.41
49.96 -02.35
50.46 -02.28
50.96 -02.21
51.47 -02.15
51.99 -02.07
52.51 -02.01
53.03 -01.94
53.56 -01.92
54.10 -01.89
54.64 -01.87
55.18 -01.84
55.74 -01.81
56.29 -01.78
56.86 -01.75
57.42 -01.71
58.00 -01.68
58.58 -01.64
59.16 -01.60
59.76 -01.57
60.35 -01.53
60.96 -01.49
61.57 -01.46
62.18 -01.42
62.80 -01.38
63.43 -01.38
64.07 -01.40
64.71 -01.43
65.35 -01.45
66.01 -01.47
66.67 -01.50
67.33 -01.51
68.01 -01.51
68.69 -01.51
69.37 -01.51
70.07 -01.51
70.77 -01.51
71.48 -01.51
72.19 -01.51
72.91 -01.52
73.64 -01.53
74.38 -01.54
75.12 -01.54
75.87 -01.53
76.63 -01.50
77.40 -01.49
78.17 -01.47
78.95 -01.46
79.74 -01.44
80.54 -01.43
81.35 -01.42
82.16 -01.42
82.98 -01.41
83.81 -01.41
84.65 -01.40
85.50 -01.37
86.35 -01.34
87.22 -01.31
88.09 -01.28
88.97 -01.25
89.86 -01.22
90.76 -01.21
91.66 -01.22
92.58 -01.23
93.51 -01.23
94.44 -01.24
95.39 -01.23
96.34 -01.22
97.30 -01.21
98.28 -01.20
99.26 -01.18
100.25 -01.17
101.25 -01.15
102.27 -01.14
103.29 -01.14
104.32 -01.12
105.37 -01.11
106.42 -01.10
107.48 -01.09
108.56 -01.09
109.64 -01.08
110.74 -01.07
111.85 -01.06
112.97 -01.06
114.10 -01.04
115.24 -01.02
116.39 -01.02
117.55 -01.00
118.73 -00.99
119.92 -00.99
121.12 -01.00
122.33 -00.99
123.55 -00.99
124.79 -00.99
126.03 -00.97
127.29 -00.95
128.57 -00.92
129.85 -00.90
131.15 -00.87
132.46 -00.85
133.79 -00.83
135.12 -00.81
136.48 -00.80
137.84 -00.78
139.22 -00.77
140.61 -00.77
142.02 -00.77
143.44 -00.78
144.87 -00.79
146.32 -00.80
147.78 -00.83
149.26 -00.85
150.75 -00.90
152.26 -00.95
153.78 -01.00
155.32 -01.05
156.88 -01.10
158.44 -01.15
160.03 -01.20
161.63 -01.21
163.24 -01.23
164.88 -01.23
166.53 -01.23
168.19 -01.23
169.87 -01.23
171.57 -01.24
173.29 -01.26
175.02 -01.27
176.77 -01.28
178.54 -01.30
180.32 -01.32
182.13 -01.34
183.95 -01.36
185.79 -01.38
187.65 -01.41
189.52 -01.43
191.42 -01.44
193.33 -01.46
195.27 -01.47
197.22 -01.48
199.19 -01.50
201.18 -01.51
203.19 -01.51
205.23 -01.51
207.28 -01.51
209.35 -01.52
211.44 -01.52
213.56 -01.53
215.69 -01.55
217.85 -01.56
220.03 -01.57
222.23 -01.59
224.45 -01.61
226.70 -01.62
228.96 -01.64
231.25 -01.65
233.57 -01.66
235.90 -01.68
238.26 -01.69
240.64 -01.70
243.05 -01.71
245.48 -01.73
247.93 -01.73
250.41 -01.75
252.92 -01.74
255.45 -01.74
258.00 -01.73
260.58 -01.73
263.19 -01.74
265.82 -01.74
268.48 -01.77
271.16 -01.78
273.87 -01.81
276.61 -01.82
279.38 -01.85
282.17 -01.86
284.99 -01.87
287.84 -01.87
290.72 -01.86
293.63 -01.86
296.57 -01.85
299.53 -01.84
302.53 -01.83
305.55 -01.80
308.61 -01.79
311.69 -01.76
314.81 -01.75
317.96 -01.74
321.14 -01.73
324.35 -01.73
327.59 -01.71
330.87 -01.71
334.18 -01.71
337.52 -01.72
340.90 -01.71
344.30 -01.72
347.75 -01.72
351.23 -01.73
354.74 -01.72
358.28 -01.74
361.87 -01.75
365.49 -01.77
369.14 -01.77
372.83 -01.78
376.56 -01.77
380.33 -01.75
384.13 -01.71
387.97 -01.69
391.85 -01.66
395.77 -01.63
399.73 -01.60
403.72 -01.59
407.76 -01.58
411.84 -01.56
415.96 -01.55
420.12 -01.55
424.32 -01.54
428.56 -01.54
432.85 -01.54
437.18 -01.55
441.55 -01.55
445.96 -01.55
450.42 -01.55
454.93 -01.54
459.48 -01.52
464.07 -01.52
468.71 -01.50
473.40 -01.49
478.13 -01.47
482.91 -01.46
487.74 -01.44
492.62 -01.41
497.55 -01.40
502.52 -01.37
507.55 -01.34
512.62 -01.30
517.75 -01.26
522.93 -01.22
528.16 -01.19
533.44 -01.16
538.77 -01.15
544.16 -01.12
549.60 -01.11
555.10 -01.10
560.65 -01.07
566.25 -01.06
571.92 -01.03
577.64 -01.02
583.41 -00.99
589.25 -00.98
595.14 -00.96
601.09 -00.94
607.10 -00.94
613.17 -00.94
619.30 -00.94
625.50 -00.93
631.75 -00.92
638.07 -00.90
644.45 -00.88
650.89 -00.86
657.40 -00.83
663.98 -00.81
670.62 -00.78
677.32 -00.77
684.10 -00.75
690.94 -00.74
697.85 -00.72
704.83 -00.71
711.87 -00.69
718.99 -00.66
726.18 -00.63
733.44 -00.60
740.78 -00.57
748.19 -00.54
755.67 -00.49
763.23 -00.44
770.86 -00.40
778.57 -00.35
786.35 -00.31
794.22 -00.25
802.16 -00.21
810.18 -00.15
818.28 -00.09
826.46 -00.03
834.73 00.04
843.08 00.10
851.51 00.16
860.02 00.18
868.62 00.22
877.31 00.25
886.08 00.27
894.94 00.28
903.89 00.31
912.93 00.32
922.06 00.33
931.28 00.33
940.59 00.33
950.00 00.33
959.50 00.33
969.09 00.34
978.78 00.35
988.57 00.37
998.46 00.40
1008.44 00.44
1018.53 00.50
1028.71 00.56
1039.00 00.64
1049.39 00.70
1059.88 00.78
1070.48 00.83
1081.19 00.89
1092.00 00.93
1102.92 00.97
1113.95 01.01
1125.09 01.04
1136.34 01.06
1147.70 01.07
1159.18 01.09
1170.77 01.10
1182.48 01.11
1194.30 01.12
1206.25 01.14
1218.31 01.14
1230.49 01.15
1242.80 01.14
1255.22 01.14
1267.78 01.14
1280.45 01.14
1293.26 01.12
1306.19 01.11
1319.25 01.10
1332.45 01.08
1345.77 01.05
1359.23 01.02
1372.82 00.98
1386.55 00.94
1400.41 00.90
1414.42 00.86
1428.56 00.81
1442.85 00.77
1457.28 00.72
1471.85 00.67
1486.57 00.61
1501.43 00.56
1516.45 00.47
1531.61 00.38
1546.93 00.30
1562.40 00.21
1578.02 00.12
1593.80 00.00
1609.74 -00.09
1625.84 -00.19
1642.10 -00.27
1658.52 -00.36
1675.10 -00.45
1691.85 -00.53
1708.77 -00.62
1725.86 -00.72
1743.12 -00.82
1760.55 -00.91
1778.15 -00.99
1795.94 -01.09
1813.90 -01.13
1832.03 -01.14
1850.36 -01.16
1868.86 -01.18
1887.55 -01.18
1906.42 -01.19
1925.49 -01.20
1944.74 -01.21
1964.19 -01.20
1983.83 -01.19
2003.67 -01.18
2023.71 -01.22
2043.94 -01.26
2064.38 -01.30
2085.03 -01.33
2105.88 -01.36
2126.94 -01.37
2148.20 -01.34
2169.69 -01.30
2191.38 -01.24
2213.30 -01.19
2235.43 -01.13
2257.78 -01.16
2280.36 -01.22
2303.17 -01.27
2326.20 -01.31
2349.46 -01.35
2372.95 -01.31
2396.68 -01.22
2420.65 -01.12
2444.86 -01.02
2469.31 -00.93
2494.00 -00.84
2518.94 -00.76
2544.13 -00.69
2569.57 -00.61
2595.27 -00.56
2621.22 -00.51
2647.43 -00.48
2673.90 -00.44
2700.64 -00.40
2727.65 -00.38
2754.93 -00.37
2782.48 -00.37
2810.30 -00.42
2838.40 -00.58
2866.79 -00.75
2895.46 -00.94
2924.41 -01.14
2953.65 -01.37
2983.19 -01.62
3013.02 -01.90
3043.15 -02.25
3073.58 -02.61
3104.32 -02.96
3135.36 -03.33
3166.72 -03.69
3198.38 -04.01
3230.37 -04.32
3262.67 -04.61
3295.30 -04.84
3328.25 -05.01
3361.53 -05.08
3395.15 -05.05
3429.10 -04.94
3463.39 -04.77
3498.03 -04.53
3533.01 -04.24
3568.34 -03.96
3604.02 -03.73
3640.06 -03.49
3676.46 -03.25
3713.22 -03.03
3750.36 -02.83
3787.86 -02.62
3825.74 -02.43
3864.00 -02.26
3902.64 -02.12
3941.66 -01.97
3981.08 -01.84
4020.89 -01.78
4061.10 -01.78
4101.71 -01.73
4142.73 -01.64
4184.15 -01.47
4226.00 -01.23
4268.26 -00.84
4310.94 -00.31
4354.05 00.15
4397.59 00.49
4441.56 00.65
4485.98 00.66
4530.84 00.79
4576.15 00.95
4621.91 00.99
4668.13 00.93
4714.81 00.76
4761.96 00.54
4809.58 00.43
4857.67 00.12
4906.25 -00.40
4955.31 -01.08
5004.87 -01.81
5054.91 -02.38
5105.46 -02.85
5156.52 -03.23
5208.08 -03.50
5260.16 -03.68
5312.77 -03.83
5365.89 -04.02
5419.55 -04.15
5473.75 -04.24
5528.49 -04.26
5583.77 -04.25
5639.61 -04.45
5696.00 -04.71
5752.96 -04.94
5810.49 -05.15
5868.60 -05.33
5927.28 -05.49
5986.56 -05.64
6046.42 -05.90
6106.89 -06.17
6167.96 -06.45
6229.64 -06.70
6291.93 -06.93
6354.85 -07.06
6418.40 -07.09
6482.58 -06.96
6547.41 -06.62
6612.88 -06.07
6679.01 -05.26
6745.80 -04.40
6813.26 -03.47
6881.39 -02.45
6950.21 -01.39
7019.71 -00.36
7089.91 00.62
7160.81 01.46
7232.41 02.17
7304.74 02.76
7377.79 03.21
7451.56 03.50
7526.08 03.75
7601.34 04.07
7677.35 04.25
7754.13 04.33
7831.67 04.29
7909.98 04.13
7989.08 03.83
8068.98 03.29
8149.67 02.57
8231.16 01.70
8313.47 00.74
8396.61 -00.26
8480.57 -01.23
8565.38 -01.93
8651.03 -02.45
8737.54 -02.79
8824.92 -02.98
8913.17 -03.02
9002.30 -02.93
9092.32 -02.80
9183.25 -02.61
9275.08 -02.37
9367.83 -02.13
9461.51 -01.93
9556.12 -01.77
9651.68 -01.67
9748.20 -01.60
9845.68 -01.59
9944.14 -01.62
10043.58 -01.59
10144.02 -01.49
10245.46 -01.44
10347.91 -01.44
10451.39 -01.46
10555.91 -01.47
10661.46 -01.67
10768.08 -01.98
10875.76 -02.27
10984.52 -02.54
11094.36 -02.80
11205.31 -03.05
11317.36 -03.39
11430.53 -03.76
11544.84 -04.19
11660.29 -04.66
11776.89 -05.16
11894.66 -05.42
12013.60 -05.56
12133.74 -05.68
12255.08 -05.75
12377.63 -05.81
12501.41 -05.84
12626.42 -05.97
12752.68 -06.05
12880.21 -06.08
13009.01 -06.05
13139.10 -05.94
13270.49 -05.95
13403.20 -06.00
13537.23 -05.93
13672.60 -05.71
13809.33 -05.39
13947.42 -04.99
14086.90 -04.48
14227.77 -03.93
14370.04 -03.37
14513.74 -02.83
14658.88 -02.34
14805.47 -01.87
14953.52 -01.46
15103.06 -00.96
15254.09 -00.39
15406.63 00.16
15560.70 00.66
15716.30 01.07
15873.47 01.37
16032.20 01.56
16192.52 01.62
16354.45 01.61
16517.99 01.54
16683.17 01.40
16850.01 01.17
17018.51 00.88
17188.69 00.89
17360.58 00.75
17534.18 00.48
17709.53 00.16
17886.62 -00.14
18065.49 -00.56
18246.14 -01.26
18428.60 -02.02
18612.89 -02.83
18799.02 -03.68
18987.01 -04.54
19176.88 -05.44
19368.65 -06.44
19562.33 -07.67
19757.96 -09.21
19955.54 -11.07
20000.00 -11.54
