20.00 -10.11
20.20 -10.03
20.40 -09.95
20.61 -09.87
20.81 -09.79
21.02 -09.71
21.23 -09.64
21.44 -09.56
21.66 -09.46
21.87 -09.37
22.09 -09.29
22.31 -09.20
22.54 -09.13
22.76 -09.07
22.99 -09.02
23.22 -08.95
23.45 -08.90
23.69 -08.84
23.92 -08.78
24.16 -08.72
24.40 -08.66
24.65 -08.60
24.89 -08.55
25.14 -08.49
25.39 -08.41
25.65 -08.33
25.91 -08.26
26.16 -08.18
26.43 -08.11
26.69 -08.03
26.96 -07.96
27.23 -07.89
27.50 -07.81
27.77 -07.75
28.05 -07.67
28.33 -07.61
28.62 -07.56
28.90 -07.49
29.19 -07.44
29.48 -07.37
29.78 -07.32
30.08 -07.26
30.38 -07.22
30.68 -07.17
30.99 -07.12
31.30 -07.08
31.61 -07.02
31.93 -06.96
32.24 -06.90
32.57 -06.83
32.89 -06.77
33.22 -06.70
33.55 -06.64
33.89 -06.56
34.23 -06.47
34.57 -06.40
34.92 -06.32
35.27 -06.23
35.62 -06.16
35.97 -06.08
36.33 -06.00
36.70 -05.92
37.06 -05.83
37.43 -05.76
37.81 -05.69
38.19 -05.63
38.57 -05.56
38.95 -05.51
39.34 -05.44
39.74 -05.38
40.14 -05.33
40.54 -05.29
40.94 -05.25
41.35 -05.21
41.76 -05.17
42.18 -05.14
42.60 -05.10
43.03 -05.03
43.46 -04.97
43.90 -04.90
44.33 -04.84
44.78 -04.78
45.23 -04.73
45.68 -04.70
46.13 -04.66
46.60 -04.63
47.06 -04.60
47.53 -04.58
48.01 -04.53
48.49 -04.49
48.97 -04.45
49.46 -04.42
49.96 -04.38
50.46 -04.35
50.96 -04.32
51.47 -04.28
51.99 -04.26
52.51 -04.23
53.03 -04.20
53.56 -04.17
54.10 -04.14
54.64 -04.11
55.18 -04.08
55.74 -04.04
56.29 -03.98
56.86 -03.93
57.42 -03.88
58.00 -03.82
58.58 -03.75
59.16 -03.68
59.76 -03.61
60.35 -03.54
60.96 -03.45
61.57 -03.37
62.18 -03.28
62.80 -03.20
63.43 -03.13
64.07 -03.07
64.71 -03.01
65.35 -02.95
66.01 -02.90
66.67 -02.83
67.33 -02.77
68.01 -02.69
68.69 -02.62
69.37 -02.54
70.07 -02.47
70.77 -02.40
71.48 -02.32
72.19 -02.25
72.91 -02.18
73.64 -02.11
74.38 -02.04
75.12 -01.97
75.87 -01.88
76.63 -01.80
77.40 -01.71
78.17 -01.63
78.95 -01.54
79.74 -01.47
80.54 -01.39
81.35 -01.32
82.16 -01.26
82.98 -01.20
83.81 -01.13
84.65 -01.08
85.50 -01.01
86.35 -00.94
87.22 -00.87
88.09 -00.80
88.97 -00.72
89.86 -00.65
90.76 -00.61
91.66 -00.59
92.58 -00.55
93.51 -00.53
94.44 -00.50
95.39 -00.47
96.34 -00.42
97.30 -00.38
98.28 -00.34
99.26 -00.30
100.25 -00.26
101.25 -00.23
102.27 -00.19
103.29 -00.15
104.32 -00.12
105.37 -00.09
106.42 -00.06
107.48 -00.03
108.56 00.00
109.64 00.02
110.74 00.06
111.85 00.08
112.97 00.10
114.10 00.13
115.24 00.15
116.39 00.16
117.55 00.19
118.73 00.20
119.92 00.20
121.12 00.20
122.33 00.20
123.55 00.20
124.79 00.19
126.03 00.21
127.29 00.23
128.57 00.24
129.85 00.25
131.15 00.27
132.46 00.28
133.79 00.29
135.12 00.32
136.48 00.33
137.84 00.33
139.22 00.35
140.61 00.36
142.02 00.37
143.44 00.39
144.87 00.40
146.32 00.40
147.78 00.42
149.26 00.42
150.75 00.42
152.26 00.41
153.78 00.41
155.32 00.40
156.88 00.38
158.44 00.37
160.03 00.36
161.63 00.38
163.24 00.40
164.88 00.42
166.53 00.44
168.19 00.45
169.87 00.47
171.57 00.46
173.29 00.47
175.02 00.46
176.77 00.46
178.54 00.46
180.32 00.46
182.13 00.43
183.95 00.41
185.79 00.38
187.65 00.36
189.52 00.33
191.42 00.32
193.33 00.30
195.27 00.29
197.22 00.27
199.19 00.26
201.18 00.25
203.19 00.25
205.23 00.25
207.28 00.25
209.35 00.25
211.44 00.25
213.56 00.24
215.69 00.23
217.85 00.22
220.03 00.20
222.23 00.19
224.45 00.17
226.70 00.16
228.96 00.14
231.25 00.12
233.57 00.10
235.90 00.08
238.26 00.06
240.64 00.04
243.05 00.02
245.48 00.00
247.93 -00.02
250.41 -00.05
252.92 -00.05
255.45 -00.05
258.00 -00.07
260.58 -00.08
263.19 -00.09
265.82 -00.11
268.48 -00.14
271.16 -00.17
273.87 -00.21
276.61 -00.24
279.38 -00.28
282.17 -00.31
284.99 -00.34
287.84 -00.36
290.72 -00.38
293.63 -00.41
296.57 -00.43
299.53 -00.43
302.53 -00.44
305.55 -00.44
308.61 -00.43
311.69 -00.42
314.81 -00.41
317.96 -00.39
321.14 -00.37
324.35 -00.36
327.59 -00.34
330.87 -00.32
334.18 -00.30
337.52 -00.28
340.90 -00.27
344.30 -00.25
347.75 -00.23
351.23 -00.22
354.74 -00.21
358.28 -00.22
361.87 -00.23
365.49 -00.24
369.14 -00.25
372.83 -00.25
376.56 -00.27
380.33 -00.26
384.13 -00.26
387.97 -00.25
391.85 -00.25
395.77 -00.25
399.73 -00.24
403.72 -00.26
407.76 -00.27
411.84 -00.27
415.96 -00.28
420.12 -00.30
424.32 -00.31
428.56 -00.32
432.85 -00.34
437.18 -00.36
441.55 -00.38
445.96 -00.40
450.42 -00.42
454.93 -00.42
459.48 -00.42
464.07 -00.42
468.71 -00.43
473.40 -00.43
478.13 -00.43
482.91 -00.43
487.74 -00.44
492.62 -00.44
497.55 -00.44
502.52 -00.43
507.55 -00.42
512.62 -00.41
517.75 -00.39
522.93 -00.37
528.16 -00.37
533.44 -00.36
538.77 -00.36
544.16 -00.36
549.60 -00.37
555.10 -00.37
560.65 -00.37
566.25 -00.38
571.92 -00.38
577.64 -00.38
583.41 -00.39
589.25 -00.39
595.14 -00.39
601.09 -00.39
607.10 -00.41
613.17 -00.43
619.30 -00.45
625.50 -00.47
631.75 -00.49
638.07 -00.48
644.45 -00.48
650.89 -00.47
657.40 -00.47
663.98 -00.46
670.62 -00.45
677.32 -00.46
684.10 -00.47
690.94 -00.46
697.85 -00.47
704.83 -00.48
711.87 -00.48
718.99 -00.46
726.18 -00.45
733.44 -00.43
740.78 -00.41
748.19 -00.39
755.67 -00.39
763.23 -00.39
770.86 -00.38
778.57 -00.38
786.35 -00.37
794.22 -00.37
802.16 -00.35
810.18 -00.33
818.28 -00.30
826.46 -00.28
834.73 -00.25
843.08 -00.24
851.51 -00.23
860.02 -00.26
868.62 -00.30
877.31 -00.35
886.08 -00.41
894.94 -00.49
903.89 -00.55
912.93 -00.60
922.06 -00.64
931.28 -00.67
940.59 -00.69
950.00 -00.69
959.50 -00.67
969.09 -00.63
978.78 -00.57
988.57 -00.50
998.46 -00.42
1008.44 -00.34
1018.53 -00.26
1028.71 -00.19
1039.00 -00.13
1049.39 -00.07
1059.88 -00.01
1070.48 00.05
1081.19 00.11
1092.00 00.17
1102.92 00.22
1113.95 00.28
1125.09 00.33
1136.34 00.39
1147.70 00.45
1159.18 00.50
1170.77 00.56
1182.48 00.62
1194.30 00.68
1206.25 00.74
1218.31 00.80
1230.49 00.85
1242.80 00.91
1255.22 00.96
1267.78 01.01
1280.45 01.06
1293.26 01.10
1306.19 01.15
1319.25 01.19
1332.45 01.22
1345.77 01.26
1359.23 01.29
1372.82 01.33
1386.55 01.37
1400.41 01.40
1414.42 01.43
1428.56 01.45
1442.85 01.47
1457.28 01.49
1471.85 01.51
1486.57 01.52
1501.43 01.53
1516.45 01.51
1531.61 01.50
1546.93 01.48
1562.40 01.46
1578.02 01.44
1593.80 01.43
1609.74 01.42
1625.84 01.41
1642.10 01.40
1658.52 01.39
1675.10 01.39
1691.85 01.38
1708.77 01.37
1725.86 01.35
1743.12 01.35
1760.55 01.35
1778.15 01.35
1795.94 01.34
1813.90 01.35
1832.03 01.35
1850.36 01.34
1868.86 01.34
1887.55 01.33
1906.42 01.32
1925.49 01.30
1944.74 01.27
1964.19 01.24
1983.83 01.20
2003.67 01.16
2023.71 01.06
2043.94 00.96
2064.38 00.86
2085.03 00.77
2105.88 00.69
2126.94 00.64
2148.20 00.62
2169.69 00.62
2191.38 00.61
2213.30 00.62
2235.43 00.62
2257.78 00.59
2280.36 00.56
2303.17 00.53
2326.20 00.49
2349.46 00.46
2372.95 00.50
2396.68 00.59
2420.65 00.68
2444.86 00.78
2469.31 00.86
2494.00 00.95
2518.94 01.00
2544.13 01.05
2569.57 01.09
2595.27 01.15
2621.22 01.21
2647.43 01.27
2673.90 01.36
2700.64 01.45
2727.65 01.54
2754.93 01.64
2782.48 01.76
2810.30 01.84
2838.40 01.85
2866.79 01.88
2895.46 01.91
2924.41 01.93
2953.65 01.96
2983.19 02.00
3013.02 02.00
3043.15 01.98
3073.58 01.97
3104.32 01.95
3135.36 01.93
3166.72 01.89
3198.38 01.84
3230.37 01.79
3262.67 01.73
3295.30 01.67
3328.25 01.61
3361.53 01.56
3395.15 01.55
3429.10 01.53
3463.39 01.51
3498.03 01.50
3533.01 01.49
3568.34 01.46
3604.02 01.42
3640.06 01.37
3676.46 01.33
3713.22 01.31
3750.36 01.28
3787.86 01.34
3825.74 01.40
3864.00 01.45
3902.64 01.50
3941.66 01.55
3981.08 01.57
4020.89 01.50
4061.10 01.33
4101.71 01.19
4142.73 01.06
4184.15 00.96
4226.00 00.89
4268.26 00.91
4310.94 01.02
4354.05 01.12
4397.59 01.22
4441.56 01.27
4485.98 01.24
4530.84 01.29
4576.15 01.30
4621.91 01.24
4668.13 01.08
4714.81 00.83
4761.96 00.63
4809.58 00.76
4857.67 00.77
4906.25 00.67
4955.31 00.47
5004.87 00.20
5054.91 00.20
5105.46 00.16
5156.52 00.08
5208.08 00.01
5260.16 -00.07
5312.77 -00.15
5365.89 -00.36
5419.55 -00.53
5473.75 -00.62
5528.49 -00.67
5583.77 -00.67
5639.61 -00.92
5696.00 -01.24
5752.96 -01.54
5810.49 -01.83
5868.60 -02.10
5927.28 -02.37
5986.56 -02.64
6046.42 -02.96
6106.89 -03.30
6167.96 -03.62
6229.64 -03.92
6291.93 -04.14
6354.85 -04.30
6418.40 -04.32
6482.58 -04.22
6547.41 -03.95
6612.88 -03.54
6679.01 -03.00
6745.80 -02.51
6813.26 -02.03
6881.39 -01.53
6950.21 -01.05
7019.71 -00.61
7089.91 -00.22
7160.81 00.08
7232.41 00.34
7304.74 00.54
7377.79 00.70
7451.56 00.82
7526.08 00.96
7601.34 01.20
7677.35 01.43
7754.13 01.66
7831.67 01.89
7909.98 02.15
7989.08 02.42
8068.98 02.61
8149.67 02.80
8231.16 02.99
8313.47 03.17
8396.61 03.31
8480.57 03.39
8565.38 03.58
8651.03 03.75
8737.54 03.86
8824.92 03.88
8913.17 03.83
9002.30 03.70
9092.32 03.46
9183.25 03.13
9275.08 02.70
9367.83 02.17
9461.51 01.56
9556.12 00.91
9651.68 00.24
9748.20 -00.41
9845.68 -01.02
9944.14 -01.58
10043.58 -01.98
10144.02 -02.18
10245.46 -02.24
10347.91 -02.14
10451.39 -01.87
10555.91 -01.46
10661.46 -01.08
10768.08 -00.73
10875.76 -00.33
10984.52 00.08
11094.36 00.46
11205.31 00.80
11317.36 01.07
11430.53 01.26
11544.84 01.39
11660.29 01.44
11776.89 01.42
11894.66 01.32
12013.60 01.15
12133.74 00.92
12255.08 00.64
12377.63 00.36
12501.41 00.07
12626.42 -00.23
12752.68 -00.47
12880.21 -00.65
13009.01 -00.75
13139.10 -00.78
13270.49 -00.79
13403.20 -00.78
13537.23 -00.71
13672.60 -00.60
13809.33 -00.44
13947.42 -00.24
14086.90 00.02
14227.77 00.34
14370.04 00.71
14513.74 01.16
14658.88 01.67
14805.47 02.22
14953.52 02.77
15103.06 03.25
15254.09 03.71
15406.63 04.15
15560.70 04.58
15716.30 04.97
15873.47 05.30
16032.20 05.54
16192.52 05.70
16354.45 05.74
16517.99 05.67
16683.17 05.50
16850.01 05.24
17018.51 04.93
17188.69 04.89
17360.58 04.71
17534.18 04.37
17709.53 03.83
17886.62 03.13
18065.49 02.30
18246.14 01.41
18428.60 00.58
18612.89 -00.15
18799.02 -00.75
18987.01 -01.23
19176.88 -01.63
19368.65 -02.00
19562.33 -02.36
19757.96 -02.76
19955.54 -03.22
20000.00 -03.32
