20.00 -03.48
20.20 -03.40
20.40 -03.32
20.61 -03.23
20.81 -03.15
21.02 -03.08
21.23 -03.00
21.44 -02.92
21.66 -02.83
21.87 -02.75
22.09 -02.67
22.31 -02.59
22.54 -02.53
22.76 -02.48
22.99 -02.44
23.22 -02.39
23.45 -02.36
23.69 -02.31
23.92 -02.27
24.16 -02.23
24.40 -02.20
24.65 -02.16
24.89 -02.13
25.14 -02.08
25.39 -02.03
25.65 -01.97
25.91 -01.92
26.16 -01.87
26.43 -01.82
26.69 -01.77
26.96 -01.71
27.23 -01.67
27.50 -01.62
27.77 -01.57
28.05 -01.52
28.33 -01.49
28.62 -01.46
28.90 -01.42
29.19 -01.39
29.48 -01.35
29.78 -01.33
30.08 -01.30
30.38 -01.28
30.68 -01.26
30.99 -01.24
31.30 -01.23
31.61 -01.20
31.93 -01.17
32.24 -01.13
32.57 -01.09
32.89 -01.07
33.22 -01.03
33.55 -01.00
33.89 -00.95
34.23 -00.90
34.57 -00.86
34.92 -00.81
35.27 -00.76
35.62 -00.72
35.97 -00.68
36.33 -00.63
36.70 -00.59
37.06 -00.54
37.43 -00.50
37.81 -00.47
38.19 -00.44
38.57 -00.42
38.95 -00.40
39.34 -00.37
39.74 -00.35
40.14 -00.33
40.54 -00.32
40.94 -00.32
41.35 -00.32
41.76 -00.31
42.18 -00.32
42.60 -00.31
43.03 -00.28
43.46 -00.25
43.90 -00.22
44.33 -00.19
44.78 -00.16
45.23 -00.14
45.68 -00.14
46.13 -00.13
46.60 -00.13
47.06 -00.12
47.53 -00.12
48.01 -00.10
48.49 -00.08
48.97 -00.06
49.46 -00.04
49.96 -00.02
50.46 00.00
50.96 00.02
51.47 00.04
51.99 00.05
52.51 00.07
53.03 00.09
53.56 00.10
54.10 00.12
54.64 00.13
55.18 00.15
55.74 00.17
56.29 00.19
56.86 00.22
57.42 00.24
58.00 00.27
58.58 00.30
59.16 00.33
59.76 00.36
60.35 00.39
60.96 00.42
61.57 00.45
62.18 00.49
62.80 00.51
63.43 00.53
64.07 00.53
64.71 00.53
65.35 00.53
66.01 00.53
66.67 00.53
67.33 00.54
68.01 00.55
68.69 00.57
69.37 00.58
70.07 00.59
70.77 00.61
71.48 00.62
72.19 00.63
72.91 00.64
73.64 00.65
74.38 00.66
75.12 00.67
75.87 00.70
76.63 00.72
77.40 00.75
78.17 00.77
78.95 00.80
79.74 00.82
80.54 00.84
81.35 00.85
82.16 00.86
82.98 00.87
83.81 00.89
84.65 00.89
85.50 00.91
86.35 00.94
87.22 00.96
88.09 00.99
88.97 01.02
89.86 01.05
90.76 01.04
91.66 01.03
92.58 01.02
93.51 01.00
94.44 00.99
95.39 00.99
96.34 01.00
97.30 01.00
98.28 01.00
99.26 01.01
100.25 01.01
101.25 01.01
102.27 01.01
103.29 01.01
104.32 01.01
105.37 01.02
106.42 01.01
107.48 01.01
108.56 01.01
109.64 01.01
110.74 01.02
111.85 01.01
112.97 01.00
114.10 01.01
115.24 01.00
116.39 01.00
117.55 01.00
118.73 00.98
119.92 00.97
121.12 00.94
122.33 00.92
123.55 00.91
124.79 00.88
126.03 00.87
127.29 00.87
128.57 00.86
129.85 00.85
131.15 00.85
132.46 00.84
133.79 00.83
135.12 00.83
136.48 00.82
137.84 00.81
139.22 00.81
140.61 00.80
142.02 00.78
143.44 00.78
144.87 00.77
146.32 00.75
147.78 00.75
149.26 00.73
150.75 00.71
152.26 00.69
153.78 00.66
155.32 00.64
156.88 00.60
158.44 00.57
160.03 00.55
161.63 00.55
163.24 00.56
164.88 00.56
166.53 00.56
168.19 00.57
169.87 00.57
171.57 00.55
173.29 00.54
175.02 00.53
176.77 00.51
178.54 00.50
180.32 00.48
182.13 00.45
183.95 00.41
185.79 00.37
187.65 00.33
189.52 00.29
191.42 00.26
193.33 00.24
195.27 00.21
197.22 00.18
199.19 00.15
201.18 00.13
203.19 00.12
205.23 00.11
207.28 00.10
209.35 00.10
211.44 00.09
213.56 00.07
215.69 00.05
217.85 00.03
220.03 00.01
222.23 00.00
224.45 -00.02
226.70 -00.04
228.96 -00.06
231.25 -00.08
233.57 -00.10
235.90 -00.12
238.26 -00.13
240.64 -00.15
243.05 -00.17
245.48 -00.19
247.93 -00.21
250.41 -00.22
252.92 -00.22
255.45 -00.22
258.00 -00.23
260.58 -00.22
263.19 -00.22
265.82 -00.23
268.48 -00.25
271.16 -00.27
273.87 -00.28
276.61 -00.30
279.38 -00.32
282.17 -00.33
284.99 -00.35
287.84 -00.36
290.72 -00.36
293.63 -00.38
296.57 -00.39
299.53 -00.40
302.53 -00.41
305.55 -00.42
308.61 -00.43
311.69 -00.43
314.81 -00.44
317.96 -00.45
321.14 -00.46
324.35 -00.48
327.59 -00.49
330.87 -00.49
334.18 -00.50
337.52 -00.51
340.90 -00.52
344.30 -00.53
347.75 -00.53
351.23 -00.54
354.74 -00.54
358.28 -00.56
361.87 -00.59
365.49 -00.61
369.14 -00.63
372.83 -00.65
376.56 -00.67
380.33 -00.67
384.13 -00.68
387.97 -00.68
391.85 -00.69
395.77 -00.69
399.73 -00.69
403.72 -00.71
407.76 -00.74
411.84 -00.75
415.96 -00.76
420.12 -00.78
424.32 -00.80
428.56 -00.82
432.85 -00.85
437.18 -00.88
441.55 -00.90
445.96 -00.92
450.42 -00.95
454.93 -00.95
459.48 -00.96
464.07 -00.97
468.71 -00.97
473.40 -00.98
478.13 -00.98
482.91 -00.99
487.74 -01.00
492.62 -01.00
497.55 -01.00
502.52 -01.00
507.55 -00.98
512.62 -00.97
517.75 -00.96
522.93 -00.94
528.16 -00.93
533.44 -00.92
538.77 -00.92
544.16 -00.92
549.60 -00.92
555.10 -00.92
560.65 -00.92
566.25 -00.91
571.92 -00.91
577.64 -00.90
583.41 -00.90
589.25 -00.89
595.14 -00.88
601.09 -00.87
607.10 -00.88
613.17 -00.89
619.30 -00.90
625.50 -00.91
631.75 -00.91
638.07 -00.90
644.45 -00.89
650.89 -00.88
657.40 -00.86
663.98 -00.85
670.62 -00.83
677.32 -00.84
684.10 -00.85
690.94 -00.84
697.85 -00.85
704.83 -00.85
711.87 -00.85
718.99 -00.83
726.18 -00.81
733.44 -00.80
740.78 -00.78
748.19 -00.76
755.67 -00.74
763.23 -00.74
770.86 -00.73
778.57 -00.72
786.35 -00.71
794.22 -00.71
802.16 -00.70
810.18 -00.67
818.28 -00.65
826.46 -00.62
834.73 -00.59
843.08 -00.56
851.51 -00.53
860.02 -00.52
868.62 -00.50
877.31 -00.48
886.08 -00.46
894.94 -00.44
903.89 -00.41
912.93 -00.37
922.06 -00.32
931.28 -00.28
940.59 -00.23
950.00 -00.18
959.50 -00.13
969.09 -00.08
978.78 -00.02
988.57 00.03
998.46 00.09
1008.44 00.16
1018.53 00.23
1028.71 00.30
1039.00 00.37
1049.39 00.44
1059.88 00.51
1070.48 00.59
1081.19 00.66
1092.00 00.74
1102.92 00.82
1113.95 00.89
1125.09 00.96
1136.34 01.03
1147.70 01.09
1159.18 01.15
1170.77 01.20
1182.48 01.26
1194.30 01.31
1206.25 01.36
1218.31 01.40
1230.49 01.45
1242.80 01.50
1255.22 01.55
1267.78 01.61
1280.45 01.66
1293.26 01.71
1306.19 01.76
1319.25 01.80
1332.45 01.84
1345.77 01.86
1359.23 01.88
1372.82 01.89
1386.55 01.88
1400.41 01.86
1414.42 01.82
1428.56 01.78
1442.85 01.74
1457.28 01.69
1471.85 01.63
1486.57 01.57
1501.43 01.51
1516.45 01.44
1531.61 01.37
1546.93 01.30
1562.40 01.24
1578.02 01.17
1593.80 01.11
1609.74 01.04
1625.84 00.98
1642.10 00.92
1658.52 00.86
1675.10 00.80
1691.85 00.71
1708.77 00.60
1725.86 00.47
1743.12 00.34
1760.55 00.19
1778.15 00.03
1795.94 -00.14
1813.90 -00.31
1832.03 -00.50
1850.36 -00.70
1868.86 -00.90
1887.55 -01.10
1906.42 -01.29
1925.49 -01.48
1944.74 -01.66
1964.19 -01.82
1983.83 -01.98
2003.67 -02.14
2023.71 -02.35
2043.94 -02.54
2064.38 -02.74
2085.03 -02.95
2105.88 -03.15
2126.94 -03.34
2148.20 -03.48
2169.69 -03.63
2191.38 -03.79
2213.30 -03.93
2235.43 -04.06
2257.78 -04.22
2280.36 -04.37
2303.17 -04.50
2326.20 -04.62
2349.46 -04.71
2372.95 -04.71
2396.68 -04.62
2420.65 -04.53
2444.86 -04.40
2469.31 -04.27
2494.00 -04.12
2518.94 -03.97
2544.13 -03.83
2569.57 -03.68
2595.27 -03.51
2621.22 -03.34
2647.43 -03.16
2673.90 -02.97
2700.64 -02.76
2727.65 -02.54
2754.93 -02.33
2782.48 -02.09
2810.30 -01.88
2838.40 -01.75
2866.79 -01.62
2895.46 -01.49
2924.41 -01.38
2953.65 -01.28
2983.19 -01.16
3013.02 -01.08
3043.15 -01.02
3073.58 -00.97
3104.32 -00.94
3135.36 -00.92
3166.72 -00.92
3198.38 -00.93
3230.37 -00.94
3262.67 -00.95
3295.30 -00.97
3328.25 -00.97
3361.53 -00.98
3395.15 -00.94
3429.10 -00.90
3463.39 -00.86
3498.03 -00.81
3533.01 -00.77
3568.34 -00.76
3604.02 -00.79
3640.06 -00.83
3676.46 -00.90
3713.22 -00.98
3750.36 -01.08
3787.86 -01.12
3825.74 -01.18
3864.00 -01.27
3902.64 -01.38
3941.66 -01.48
3981.08 -01.55
4020.89 -01.66
4061.10 -01.79
4101.71 -01.83
4142.73 -01.78
4184.15 -01.64
4226.00 -01.43
4268.26 -01.11
4310.94 -00.71
4354.05 -00.34
4397.59 -00.03
4441.56 00.16
4485.98 00.21
4530.84 00.28
4576.15 00.29
4621.91 00.19
4668.13 -00.02
4714.81 -00.33
4761.96 -00.60
4809.58 -00.57
4857.67 -00.69
4906.25 -00.95
4955.31 -01.34
5004.87 -01.81
5054.91 -01.99
5105.46 -02.18
5156.52 -02.34
5208.08 -02.46
5260.16 -02.55
5312.77 -02.64
5365.89 -02.81
5419.55 -02.89
5473.75 -02.85
5528.49 -02.66
5583.77 -02.35
5639.61 -02.18
5696.00 -02.01
5752.96 -01.77
5810.49 -01.48
5868.60 -01.16
5927.28 -00.85
5986.56 -00.57
6046.42 -00.36
6106.89 -00.21
6167.96 -00.07
6229.64 00.03
6291.93 00.12
6354.85 00.17
6418.40 00.19
6482.58 00.18
6547.41 00.13
6612.88 00.02
6679.01 -00.14
6745.80 -00.50
6813.26 -01.00
6881.39 -01.57
6950.21 -02.23
7019.71 -02.95
7089.91 -03.68
7160.81 -04.41
7232.41 -04.96
7304.74 -05.20
7377.79 -05.07
7451.56 -04.54
7526.08 -03.68
7601.34 -02.51
7677.35 -01.27
7754.13 -00.03
7831.67 01.10
7909.98 02.09
7989.08 02.87
8068.98 03.37
8149.67 03.67
8231.16 03.84
8313.47 03.90
8396.61 03.84
8480.57 03.69
8565.38 03.58
8651.03 03.38
8737.54 03.04
8824.92 02.54
8913.17 01.94
9002.30 01.32
9092.32 00.76
9183.25 00.34
9275.08 00.07
9367.83 -00.07
9461.51 -00.09
9556.12 00.00
9651.68 00.15
9748.20 00.35
9845.68 00.55
9944.14 00.73
10043.58 00.96
10144.02 01.24
10245.46 01.48
10347.91 01.69
10451.39 01.83
10555.91 01.89
10661.46 01.70
10768.08 01.30
10875.76 00.82
10984.52 00.34
11094.36 -00.09
11205.31 -00.37
11317.36 -00.49
11430.53 -00.43
11544.84 -00.21
11660.29 00.11
11776.89 00.48
11894.66 00.84
12013.60 01.17
12133.74 01.45
12255.08 01.69
12377.63 01.85
12501.41 01.90
12626.42 01.79
12752.68 01.59
12880.21 01.34
13009.01 01.08
13139.10 00.87
13270.49 00.69
13403.20 00.55
13537.23 00.45
13672.60 00.33
13809.33 00.17
13947.42 -00.03
14086.90 -00.27
14227.77 -00.52
14370.04 -00.80
14513.74 -01.10
14658.88 -01.44
14805.47 -01.76
14953.52 -02.01
15103.06 -02.21
15254.09 -02.35
15406.63 -02.49
15560.70 -02.68
15716.30 -02.94
15873.47 -03.23
16032.20 -03.48
16192.52 -03.64
16354.45 -03.74
16517.99 -03.84
16683.17 -03.98
16850.01 -04.22
17018.51 -04.50
17188.69 -04.42
17360.58 -04.22
17534.18 -03.85
17709.53 -03.37
17886.62 -02.87
18065.49 -02.42
18246.14 -02.04
18428.60 -01.75
18612.89 -01.58
18799.02 -01.58
18987.01 -01.80
19176.88 -02.23
19368.65 -02.82
19562.33 -03.45
19757.96 -04.00
19955.54 -04.46
20000.00 -04.56
