20.00 05.83
20.20 05.83
20.40 05.83
20.61 05.83
20.81 05.82
21.02 05.81
21.23 05.80
21.44 05.79
21.66 05.79
21.87 05.78
22.09 05.78
22.31 05.77
22.54 05.75
22.76 05.73
22.99 05.71
23.22 05.68
23.45 05.66
23.69 05.63
23.92 05.63
24.16 05.61
24.40 05.60
24.65 05.60
24.89 05.58
25.14 05.57
25.39 05.57
25.65 05.57
25.91 05.57
26.16 05.56
26.43 05.55
26.69 05.54
26.96 05.53
27.23 05.51
27.50 05.50
27.77 05.48
28.05 05.46
28.33 05.46
28.62 05.47
28.90 05.46
29.19 05.47
29.48 05.46
29.78 05.46
30.08 05.45
30.38 05.40
30.68 05.36
30.99 05.31
31.30 05.27
31.61 05.23
31.93 05.20
32.24 05.17
32.57 05.14
32.89 05.11
33.22 05.08
33.55 05.05
33.89 05.05
34.23 05.05
34.57 05.06
34.92 05.06
35.27 05.05
35.62 05.05
35.97 05.05
36.33 05.04
36.70 05.03
37.06 05.02
37.43 05.02
37.81 05.01
38.19 04.99
38.57 04.98
38.95 04.96
39.34 04.95
39.74 04.93
40.14 04.90
40.54 04.85
40.94 04.79
41.35 04.73
41.76 04.67
42.18 04.61
42.60 04.54
43.03 04.50
43.46 04.45
43.90 04.41
44.33 04.36
44.78 04.31
45.23 04.26
45.68 04.23
46.13 04.18
46.60 04.14
47.06 04.10
47.53 04.05
48.01 04.06
48.49 04.06
48.97 04.07
49.46 04.08
49.96 04.09
50.46 04.10
50.96 04.11
51.47 04.12
51.99 04.14
52.51 04.15
53.03 04.17
53.56 04.14
54.10 04.12
54.64 04.10
55.18 04.07
55.74 04.06
56.29 04.04
56.86 04.03
57.42 04.02
58.00 04.01
58.58 04.01
59.16 04.01
59.76 04.00
60.35 04.00
60.96 04.00
61.57 04.00
62.18 04.01
62.80 04.03
63.43 04.02
64.07 03.99
64.71 03.97
65.35 03.95
66.01 03.96
66.67 03.96
67.33 03.99
68.01 04.03
68.69 04.08
69.37 04.14
70.07 04.20
70.77 04.27
71.48 04.32
72.19 04.38
72.91 04.41
73.64 04.45
74.38 04.48
75.12 04.50
75.87 04.53
76.63 04.57
77.40 04.59
78.17 04.60
78.95 04.61
79.74 04.62
80.54 04.61
81.35 04.60
82.16 04.59
82.98 04.59
83.81 04.59
84.65 04.60
85.50 04.62
86.35 04.66
87.22 04.71
88.09 04.76
88.97 04.82
89.86 04.88
90.76 04.92
91.66 04.95
92.58 04.97
93.51 04.99
94.44 05.00
95.39 05.01
96.34 05.01
97.30 05.01
98.28 04.99
99.26 04.97
100.25 04.92
101.25 04.88
102.27 04.82
103.29 04.76
104.32 04.70
105.37 04.64
106.42 04.59
107.48 04.55
108.56 04.50
109.64 04.48
110.74 04.45
111.85 04.43
112.97 04.41
114.10 04.39
115.24 04.38
116.39 04.35
117.55 04.32
118.73 04.26
119.92 04.20
121.12 04.12
122.33 04.04
123.55 03.95
124.79 03.84
126.03 03.76
127.29 03.67
128.57 03.58
129.85 03.48
131.15 03.39
132.46 03.28
133.79 03.18
135.12 03.07
136.48 02.95
137.84 02.84
139.22 02.73
140.61 02.60
142.02 02.48
143.44 02.35
144.87 02.22
146.32 02.09
147.78 01.95
149.26 01.82
150.75 01.67
152.26 01.51
153.78 01.36
155.32 01.20
156.88 01.05
158.44 00.90
160.03 00.75
161.63 00.63
163.24 00.50
164.88 00.39
166.53 00.28
168.19 00.17
169.87 00.08
171.57 -00.03
173.29 -00.13
175.02 -00.22
176.77 -00.30
178.54 -00.37
180.32 -00.43
182.13 -00.48
183.95 -00.53
185.79 -00.56
187.65 -00.59
189.52 -00.60
191.42 -00.60
193.33 -00.60
195.27 -00.59
197.22 -00.56
199.19 -00.54
201.18 -00.51
203.19 -00.47
205.23 -00.43
207.28 -00.38
209.35 -00.33
211.44 -00.28
213.56 -00.24
215.69 -00.20
217.85 -00.16
220.03 -00.12
222.23 -00.08
224.45 -00.03
226.70 00.00
228.96 00.04
231.25 00.09
233.57 00.13
235.90 00.16
238.26 00.19
240.64 00.23
243.05 00.25
245.48 00.28
247.93 00.31
250.41 00.33
252.92 00.37
255.45 00.41
258.00 00.45
260.58 00.48
263.19 00.51
265.82 00.54
268.48 00.56
271.16 00.58
273.87 00.60
276.61 00.62
279.38 00.63
282.17 00.66
284.99 00.68
287.84 00.70
290.72 00.73
293.63 00.75
296.57 00.77
299.53 00.79
302.53 00.81
305.55 00.83
308.61 00.85
311.69 00.87
314.81 00.88
317.96 00.89
321.14 00.91
324.35 00.92
327.59 00.95
330.87 00.96
334.18 00.98
337.52 01.00
340.90 01.04
344.30 01.06
347.75 01.10
351.23 01.12
354.74 01.15
358.28 01.17
361.87 01.17
365.49 01.17
369.14 01.18
372.83 01.18
376.56 01.18
380.33 01.20
384.13 01.22
387.97 01.23
391.85 01.24
395.77 01.26
399.73 01.26
403.72 01.26
407.76 01.25
411.84 01.24
415.96 01.24
420.12 01.22
424.32 01.21
428.56 01.19
432.85 01.18
437.18 01.16
441.55 01.15
445.96 01.13
450.42 01.12
454.93 01.12
459.48 01.12
464.07 01.12
468.71 01.12
473.40 01.12
478.13 01.12
482.91 01.11
487.74 01.12
492.62 01.11
497.55 01.10
502.52 01.11
507.55 01.11
512.62 01.12
517.75 01.11
522.93 01.12
528.16 01.11
533.44 01.10
538.77 01.06
544.16 01.03
549.60 00.99
555.10 00.95
560.65 00.92
566.25 00.88
571.92 00.84
577.64 00.80
583.41 00.77
589.25 00.73
595.14 00.70
601.09 00.66
607.10 00.61
613.17 00.56
619.30 00.51
625.50 00.46
631.75 00.43
638.07 00.40
644.45 00.38
650.89 00.34
657.40 00.32
663.98 00.29
670.62 00.27
677.32 00.23
684.10 00.20
690.94 00.16
697.85 00.13
704.83 00.10
711.87 00.07
718.99 00.06
726.18 00.05
733.44 00.04
740.78 00.03
748.19 00.03
755.67 00.03
763.23 00.05
770.86 00.05
778.57 00.06
786.35 00.06
794.22 00.07
802.16 00.07
810.18 00.07
818.28 00.08
826.46 00.08
834.73 00.08
843.08 00.08
851.51 00.08
860.02 00.04
868.62 00.01
877.31 -00.03
886.08 -00.07
894.94 -00.12
903.89 -00.15
912.93 -00.19
922.06 -00.23
931.28 -00.28
940.59 -00.34
950.00 -00.41
959.50 -00.51
969.09 -00.61
978.78 -00.73
988.57 -00.82
998.46 -00.89
1008.44 -00.90
1018.53 -00.86
1028.71 -00.81
1039.00 -00.73
1049.39 -00.66
1059.88 -00.56
1070.48 -00.46
1081.19 -00.35
1092.00 -00.25
1102.92 -00.16
1113.95 -00.09
1125.09 -00.07
1136.34 -00.09
1147.70 -00.13
1159.18 -00.17
1170.77 -00.21
1182.48 -00.24
1194.30 -00.27
1206.25 -00.28
1218.31 -00.31
1230.49 -00.32
1242.80 -00.35
1255.22 -00.37
1267.78 -00.38
1280.45 -00.39
1293.26 -00.42
1306.19 -00.45
1319.25 -00.47
1332.45 -00.51
1345.77 -00.55
1359.23 -00.59
1372.82 -00.63
1386.55 -00.66
1400.41 -00.70
1414.42 -00.73
1428.56 -00.76
1442.85 -00.79
1457.28 -00.82
1471.85 -00.85
1486.57 -00.89
1501.43 -00.92
1516.45 -00.99
1531.61 -01.07
1546.93 -01.14
1562.40 -01.21
1578.02 -01.28
1593.80 -01.36
1609.74 -01.41
1625.84 -01.48
1642.10 -01.53
1658.52 -01.59
1675.10 -01.65
1691.85 -01.71
1708.77 -01.80
1725.86 -01.90
1743.12 -02.02
1760.55 -02.13
1778.15 -02.25
1795.94 -02.39
1813.90 -02.48
1832.03 -02.55
1850.36 -02.63
1868.86 -02.72
1887.55 -02.80
1906.42 -02.89
1925.49 -02.99
1944.74 -03.09
1964.19 -03.19
1983.83 -03.29
2003.67 -03.41
2023.71 -03.57
2043.94 -03.75
2064.38 -03.92
2085.03 -04.10
2105.88 -04.28
2126.94 -04.44
2148.20 -04.55
2169.69 -04.67
2191.38 -04.77
2213.30 -04.88
2235.43 -04.98
2257.78 -05.18
2280.36 -05.40
2303.17 -05.61
2326.20 -05.81
2349.46 -06.01
2372.95 -06.13
2396.68 -06.19
2420.65 -06.23
2444.86 -06.27
2469.31 -06.31
2494.00 -06.33
2518.94 -06.36
2544.13 -06.38
2569.57 -06.38
2595.27 -06.37
2621.22 -06.35
2647.43 -06.32
2673.90 -06.25
2700.64 -06.15
2727.65 -06.02
2754.93 -05.87
2782.48 -05.67
2810.30 -05.49
2838.40 -05.35
2866.79 -05.16
2895.46 -04.95
2924.41 -04.70
2953.65 -04.42
2983.19 -04.12
3013.02 -03.83
3043.15 -03.57
3073.58 -03.31
3104.32 -03.06
3135.36 -02.84
3166.72 -02.65
3198.38 -02.47
3230.37 -02.33
3262.67 -02.24
3295.30 -02.17
3328.25 -02.15
3361.53 -02.15
3395.15 -02.17
3429.10 -02.23
3463.39 -02.33
3498.03 -02.45
3533.01 -02.61
3568.34 -02.83
3604.02 -03.12
3640.06 -03.41
3676.46 -03.66
3713.22 -03.83
3750.36 -03.90
3787.86 -03.84
3825.74 -03.65
3864.00 -03.39
3902.64 -03.10
3941.66 -02.79
3981.08 -02.50
4020.89 -02.32
4061.10 -02.28
4101.71 -02.31
4142.73 -02.45
4184.15 -02.70
4226.00 -03.08
4268.26 -03.46
4310.94 -03.80
4354.05 -04.23
4397.59 -04.72
4441.56 -05.29
4485.98 -05.92
4530.84 -06.32
4576.15 -06.60
4621.91 -06.86
4668.13 -07.02
4714.81 -07.04
4761.96 -06.80
4809.58 -06.14
4857.67 -05.40
4906.25 -04.64
4955.31 -03.89
5004.87 -03.16
5054.91 -02.35
5105.46 -01.59
5156.52 -00.90
5208.08 -00.28
5260.16 00.25
5312.77 00.67
5365.89 00.88
5419.55 01.02
5473.75 01.07
5528.49 01.06
5583.77 00.98
5639.61 00.62
5696.00 00.14
5752.96 -00.35
5810.49 -00.83
5868.60 -01.27
5927.28 -01.67
5986.56 -02.02
6046.42 -02.43
6106.89 -02.83
6167.96 -03.21
6229.64 -03.55
6291.93 -03.87
6354.85 -04.12
6418.40 -04.32
6482.58 -04.47
6547.41 -04.56
6612.88 -04.59
6679.01 -04.54
6745.80 -04.58
6813.26 -04.63
6881.39 -04.61
6950.21 -04.52
7019.71 -04.38
7089.91 -04.19
7160.81 -04.05
7232.41 -03.92
7304.74 -03.78
7377.79 -03.64
7451.56 -03.50
7526.08 -03.24
7601.34 -02.74
7677.35 -02.21
7754.13 -01.62
7831.67 -01.00
7909.98 -00.34
7989.08 00.32
8068.98 00.88
8149.67 01.39
8231.16 01.87
8313.47 02.31
8396.61 02.70
8480.57 03.00
8565.38 03.38
8651.03 03.72
8737.54 04.00
8824.92 04.22
8913.17 04.39
9002.30 04.49
9092.32 04.47
9183.25 04.38
9275.08 04.24
9367.83 04.04
9461.51 03.77
9556.12 03.46
9651.68 03.10
9748.20 02.71
9845.68 02.27
9944.14 01.79
10043.58 01.35
10144.02 01.00
10245.46 00.63
10347.91 00.30
10451.39 00.08
10555.91 00.00
10661.46 -00.11
10768.08 -00.22
10875.76 -00.22
10984.52 -00.16
11094.36 -00.06
11205.31 00.07
11317.36 00.12
11430.53 00.18
11544.84 00.24
11660.29 00.33
11776.89 00.44
11894.66 00.84
12013.60 01.36
12133.74 01.88
12255.08 02.42
12377.63 02.96
12501.41 03.48
12626.42 03.84
12752.68 04.17
12880.21 04.49
13009.01 04.78
13139.10 05.06
13270.49 05.12
13403.20 05.03
13537.23 04.92
13672.60 04.81
13809.33 04.68
13947.42 04.55
14086.90 04.48
14227.77 04.45
14370.04 04.45
14513.74 04.47
14658.88 04.49
14805.47 04.51
14953.52 04.50
15103.06 04.61
15254.09 04.79
15406.63 04.98
15560.70 05.18
15716.30 05.35
15873.47 05.45
16032.20 05.47
16192.52 05.40
16354.45 05.27
16517.99 05.06
16683.17 04.78
16850.01 04.41
17018.51 03.96
17188.69 03.81
17360.58 03.48
17534.18 03.01
17709.53 02.46
17886.62 01.92
18065.49 01.28
18246.14 00.45
18428.60 -00.33
18612.89 -01.09
18799.02 -01.84
18987.01 -02.64
19176.88 -03.48
19368.65 -04.34
19562.33 -05.21
19757.96 -06.03
19955.54 -06.78
20000.00 -06.93
