20.00 02.39
20.20 02.38
20.40 02.37
20.61 02.36
20.81 02.35
21.02 02.34
21.23 02.33
21.44 02.33
21.66 02.33
21.87 02.34
22.09 02.33
22.31 02.34
22.54 02.32
22.76 02.31
22.99 02.28
23.22 02.27
23.45 02.24
23.69 02.22
23.92 02.21
24.16 02.19
24.40 02.17
24.65 02.16
24.89 02.13
25.14 02.12
25.39 02.12
25.65 02.13
25.91 02.12
26.16 02.12
26.43 02.11
26.69 02.11
26.96 02.11
27.23 02.10
27.50 02.11
27.77 02.09
28.05 02.09
28.33 02.07
28.62 02.05
28.90 02.04
29.19 02.02
29.48 02.01
29.78 01.99
30.08 01.96
30.38 01.93
30.68 01.91
30.99 01.87
31.30 01.84
31.61 01.82
31.93 01.81
32.24 01.80
32.57 01.79
32.89 01.78
33.22 01.77
33.55 01.76
33.89 01.77
34.23 01.78
34.57 01.78
34.92 01.78
35.27 01.79
35.62 01.79
35.97 01.80
36.33 01.81
36.70 01.81
37.06 01.82
37.43 01.82
37.81 01.81
38.19 01.80
38.57 01.79
38.95 01.78
39.34 01.77
39.74 01.76
40.14 01.74
40.54 01.71
40.94 01.69
41.35 01.66
41.76 01.63
42.18 01.59
42.60 01.58
43.03 01.58
43.46 01.58
43.90 01.59
44.33 01.59
44.78 01.60
45.23 01.59
45.68 01.57
46.13 01.56
46.60 01.54
47.06 01.53
47.53 01.52
48.01 01.52
48.49 01.53
48.97 01.53
49.46 01.54
49.96 01.55
50.46 01.55
50.96 01.56
51.47 01.56
51.99 01.55
52.51 01.56
53.03 01.56
53.56 01.56
54.10 01.56
54.64 01.55
55.18 01.55
55.74 01.54
56.29 01.55
56.86 01.55
57.42 01.55
58.00 01.55
58.58 01.56
59.16 01.57
59.76 01.57
60.35 01.58
60.96 01.59
61.57 01.59
62.18 01.61
62.80 01.61
63.43 01.60
64.07 01.58
64.71 01.56
65.35 01.53
66.01 01.51
66.67 01.49
67.33 01.48
68.01 01.47
68.69 01.47
69.37 01.46
70.07 01.46
70.77 01.45
71.48 01.45
72.19 01.45
72.91 01.45
73.64 01.45
74.38 01.45
75.12 01.46
75.87 01.49
76.63 01.51
77.40 01.54
78.17 01.57
78.95 01.61
79.74 01.64
80.54 01.67
81.35 01.70
82.16 01.72
82.98 01.74
83.81 01.78
84.65 01.80
85.50 01.84
86.35 01.88
87.22 01.93
88.09 01.98
88.97 02.03
89.86 02.08
90.76 02.10
91.66 02.10
92.58 02.12
93.51 02.13
94.44 02.14
95.39 02.16
96.34 02.19
97.30 02.21
98.28 02.22
99.26 02.25
100.25 02.27
101.25 02.28
102.27 02.30
103.29 02.31
104.32 02.31
105.37 02.33
106.42 02.34
107.48 02.34
108.56 02.36
109.64 02.36
110.74 02.37
111.85 02.38
112.97 02.38
114.10 02.39
115.24 02.38
116.39 02.38
117.55 02.38
118.73 02.37
119.92 02.35
121.12 02.31
122.33 02.29
123.55 02.27
124.79 02.23
126.03 02.22
127.29 02.21
128.57 02.20
129.85 02.18
131.15 02.18
132.46 02.17
133.79 02.15
135.12 02.15
136.48 02.14
137.84 02.13
139.22 02.13
140.61 02.12
142.02 02.12
143.44 02.12
144.87 02.12
146.32 02.11
147.78 02.12
149.26 02.11
150.75 02.10
152.26 02.08
153.78 02.07
155.32 02.05
156.88 02.02
158.44 01.99
160.03 01.97
161.63 01.98
163.24 01.99
164.88 01.99
166.53 02.00
168.19 02.00
169.87 02.01
171.57 02.00
173.29 01.99
175.02 01.98
176.77 01.97
178.54 01.97
180.32 01.96
182.13 01.92
183.95 01.89
185.79 01.86
187.65 01.83
189.52 01.80
191.42 01.78
193.33 01.76
195.27 01.74
197.22 01.72
199.19 01.70
201.18 01.69
203.19 01.69
205.23 01.70
207.28 01.70
209.35 01.70
211.44 01.71
213.56 01.70
215.69 01.69
217.85 01.69
220.03 01.68
222.23 01.68
224.45 01.68
226.70 01.67
228.96 01.66
231.25 01.65
233.57 01.64
235.90 01.63
238.26 01.62
240.64 01.61
243.05 01.59
245.48 01.58
247.93 01.56
250.41 01.54
252.92 01.55
255.45 01.55
258.00 01.54
260.58 01.55
263.19 01.55
265.82 01.54
268.48 01.53
271.16 01.51
273.87 01.48
276.61 01.46
279.38 01.44
282.17 01.42
284.99 01.38
287.84 01.36
290.72 01.34
293.63 01.31
296.57 01.29
299.53 01.27
302.53 01.26
305.55 01.24
308.61 01.22
311.69 01.20
314.81 01.19
317.96 01.17
321.14 01.16
324.35 01.14
327.59 01.12
330.87 01.10
334.18 01.08
337.52 01.06
340.90 01.03
344.30 01.02
347.75 01.00
351.23 00.98
354.74 00.97
358.28 00.93
361.87 00.90
365.49 00.87
369.14 00.83
372.83 00.81
376.56 00.78
380.33 00.76
384.13 00.75
387.97 00.74
391.85 00.72
395.77 00.71
399.73 00.70
403.72 00.67
407.76 00.64
411.84 00.62
415.96 00.59
420.12 00.56
424.32 00.53
428.56 00.50
432.85 00.46
437.18 00.42
441.55 00.38
445.96 00.34
450.42 00.30
454.93 00.28
459.48 00.25
464.07 00.22
468.71 00.20
473.40 00.17
478.13 00.15
482.91 00.12
487.74 00.10
492.62 00.07
497.55 00.05
502.52 00.04
507.55 00.04
512.62 00.03
517.75 00.04
522.93 00.05
528.16 00.05
533.44 00.06
538.77 00.05
544.16 00.06
549.60 00.06
555.10 00.06
560.65 00.07
566.25 00.08
571.92 00.08
577.64 00.09
583.41 00.10
589.25 00.10
595.14 00.11
601.09 00.11
607.10 00.10
613.17 00.08
619.30 00.07
625.50 00.05
631.75 00.04
638.07 00.05
644.45 00.06
650.89 00.07
657.40 00.08
663.98 00.10
670.62 00.12
677.32 00.12
684.10 00.11
690.94 00.12
697.85 00.12
704.83 00.11
711.87 00.12
718.99 00.13
726.18 00.13
733.44 00.14
740.78 00.14
748.19 00.14
755.67 00.12
763.23 00.09
770.86 00.07
778.57 00.04
786.35 00.01
794.22 -00.02
802.16 -00.05
810.18 -00.07
818.28 -00.09
826.46 -00.11
834.73 -00.13
843.08 -00.15
851.51 -00.16
860.02 -00.18
868.62 -00.20
877.31 -00.20
886.08 -00.20
894.94 -00.20
903.89 -00.19
912.93 -00.16
922.06 -00.13
931.28 -00.10
940.59 -00.08
950.00 -00.05
959.50 -00.03
969.09 -00.01
978.78 00.00
988.57 00.01
998.46 00.01
1008.44 00.01
1018.53 00.01
1028.71 00.02
1039.00 00.02
1049.39 00.02
1059.88 00.02
1070.48 00.02
1081.19 00.03
1092.00 00.04
1102.92 00.04
1113.95 00.05
1125.09 00.06
1136.34 00.07
1147.70 00.07
1159.18 00.08
1170.77 00.08
1182.48 00.07
1194.30 00.07
1206.25 00.05
1218.31 00.04
1230.49 00.02
1242.80 00.00
1255.22 -00.02
1267.78 -00.04
1280.45 -00.06
1293.26 -00.08
1306.19 -00.10
1319.25 -00.11
1332.45 -00.12
1345.77 -00.13
1359.23 -00.14
1372.82 -00.14
1386.55 -00.15
1400.41 -00.15
1414.42 -00.16
1428.56 -00.16
1442.85 -00.16
1457.28 -00.17
1471.85 -00.17
1486.57 -00.18
1501.43 -00.19
1516.45 -00.21
1531.61 -00.23
1546.93 -00.25
1562.40 -00.26
1578.02 -00.27
1593.80 -00.27
1609.74 -00.28
1625.84 -00.27
1642.10 -00.26
1658.52 -00.26
1675.10 -00.26
1691.85 -00.27
1708.77 -00.29
1725.86 -00.33
1743.12 -00.37
1760.55 -00.42
1778.15 -00.49
1795.94 -00.56
1813.90 -00.62
1832.03 -00.70
1850.36 -00.79
1868.86 -00.87
1887.55 -00.96
1906.42 -01.05
1925.49 -01.16
1944.74 -01.27
1964.19 -01.37
1983.83 -01.46
2003.67 -01.57
2023.71 -01.74
2043.94 -01.91
2064.38 -02.08
2085.03 -02.25
2105.88 -02.42
2126.94 -02.56
2148.20 -02.66
2169.69 -02.76
2191.38 -02.87
2213.30 -02.97
2235.43 -03.08
2257.78 -03.23
2280.36 -03.39
2303.17 -03.53
2326.20 -03.68
2349.46 -03.82
2372.95 -03.88
2396.68 -03.88
2420.65 -03.88
2444.86 -03.87
2469.31 -03.86
2494.00 -03.85
2518.94 -03.87
2544.13 -03.89
2569.57 -03.92
2595.27 -03.94
2621.22 -03.97
2647.43 -03.99
2673.90 -04.01
2700.64 -04.03
2727.65 -04.06
2754.93 -04.10
2782.48 -04.14
2810.30 -04.23
2838.40 -04.39
2866.79 -04.56
2895.46 -04.72
2924.41 -04.90
2953.65 -05.09
2983.19 -05.27
3013.02 -05.49
3043.15 -05.74
3073.58 -05.98
3104.32 -06.23
3135.36 -06.48
3166.72 -06.75
3198.38 -07.02
3230.37 -07.32
3262.67 -07.62
3295.30 -07.94
3328.25 -08.26
3361.53 -08.59
3395.15 -08.88
3429.10 -09.20
3463.39 -09.53
3498.03 -09.86
3533.01 -10.20
3568.34 -10.57
3604.02 -10.95
3640.06 -11.32
3676.46 -11.68
3713.22 -11.99
3750.36 -12.26
3787.86 -12.39
3825.74 -12.44
3864.00 -12.38
3902.64 -12.20
3941.66 -11.89
3981.08 -11.45
4020.89 -11.00
4061.10 -10.56
4101.71 -10.05
4142.73 -09.53
4184.15 -09.01
4226.00 -08.50
4268.26 -07.99
4310.94 -07.48
4354.05 -07.05
4397.59 -06.72
4441.56 -06.50
4485.98 -06.40
4530.84 -06.26
4576.15 -06.18
4621.91 -06.20
4668.13 -06.33
4714.81 -06.55
4761.96 -06.74
4809.58 -06.59
4857.67 -06.54
4906.25 -06.58
4955.31 -06.70
5004.87 -06.84
5054.91 -06.67
5105.46 -06.48
5156.52 -06.23
5208.08 -05.91
5260.16 -05.50
5312.77 -05.06
5365.89 -04.73
5419.55 -04.35
5473.75 -03.94
5528.49 -03.52
5583.77 -03.11
5639.61 -03.00
5696.00 -03.04
5752.96 -03.13
5810.49 -03.26
5868.60 -03.43
5927.28 -03.63
5986.56 -03.84
6046.42 -04.13
6106.89 -04.45
6167.96 -04.77
6229.64 -05.11
6291.93 -05.43
6354.85 -05.74
6418.40 -06.00
6482.58 -06.24
6547.41 -06.45
6612.88 -06.64
6679.01 -06.76
6745.80 -06.89
6813.26 -06.88
6881.39 -06.66
6950.21 -06.20
7019.71 -05.58
7089.91 -04.93
7160.81 -04.42
7232.41 -04.02
7304.74 -03.74
7377.79 -03.56
7451.56 -03.43
7526.08 -03.29
7601.34 -03.09
7677.35 -02.97
7754.13 -02.95
7831.67 -03.05
7909.98 -03.25
7989.08 -03.54
8068.98 -03.92
8149.67 -04.25
8231.16 -04.46
8313.47 -04.61
8396.61 -04.76
8480.57 -05.01
8565.38 -05.20
8651.03 -05.43
8737.54 -05.69
8824.92 -05.93
8913.17 -06.15
9002.30 -06.37
9092.32 -06.72
9183.25 -07.29
9275.08 -08.20
9367.83 -09.50
9461.51 -11.11
9556.12 -12.71
9651.68 -13.89
9748.20 -14.37
9845.68 -14.26
9944.14 -13.87
10043.58 -13.32
10144.02 -12.67
10245.46 -12.00
10347.91 -11.36
10451.39 -10.79
10555.91 -10.34
10661.46 -10.20
10768.08 -10.31
10875.76 -10.51
10984.52 -10.78
11094.36 -11.07
11205.31 -11.33
11317.36 -11.54
11430.53 -11.63
11544.84 -11.55
11660.29 -11.27
11776.89 -10.74
11894.66 -10.00
12013.60 -09.20
12133.74 -08.49
12255.08 -07.94
12377.63 -07.51
12501.41 -07.18
12626.42 -06.96
12752.68 -06.79
12880.21 -06.69
13009.01 -06.67
13139.10 -06.74
13270.49 -06.95
13403.20 -07.29
13537.23 -07.65
13672.60 -07.98
13809.33 -08.15
13947.42 -08.14
14086.90 -08.00
14227.77 -07.81
14370.04 -07.60
14513.74 -07.35
14658.88 -07.03
14805.47 -06.55
14953.52 -05.85
15103.06 -05.02
15254.09 -04.11
15406.63 -03.23
15560.70 -02.43
15716.30 -01.72
15873.47 -01.09
16032.20 -00.50
16192.52 00.06
16354.45 00.56
16517.99 00.99
16683.17 01.33
16850.01 01.56
17018.51 01.74
17188.69 02.19
17360.58 02.57
17534.18 02.90
17709.53 03.20
17886.62 03.47
18065.49 03.68
18246.14 03.78
18428.60 03.82
18612.89 03.78
18799.02 03.68
18987.01 03.51
19176.88 03.28
19368.65 03.00
19562.33 02.64
19757.96 02.16
19955.54 01.49
20000.00 01.30
