20.00 02.63
20.20 02.66
20.40 02.69
20.61 02.72
20.81 02.75
21.02 02.78
21.23 02.80
21.44 02.83
21.66 02.88
21.87 02.92
22.09 02.95
22.31 02.98
22.54 03.00
22.76 03.02
22.99 03.03
23.22 03.04
23.45 03.04
23.69 03.06
23.92 03.07
24.16 03.08
24.40 03.09
24.65 03.11
24.89 03.10
25.14 03.12
25.39 03.15
25.65 03.18
25.91 03.19
26.16 03.22
26.43 03.23
26.69 03.25
26.96 03.28
27.23 03.29
27.50 03.30
27.77 03.31
28.05 03.33
28.33 03.32
28.62 03.32
28.90 03.32
29.19 03.31
29.48 03.31
29.78 03.29
30.08 03.28
30.38 03.25
30.68 03.23
30.99 03.20
31.30 03.17
31.61 03.15
31.93 03.13
32.24 03.12
32.57 03.11
32.89 03.08
33.22 03.06
33.55 03.04
33.89 03.03
34.23 03.03
34.57 03.02
34.92 03.01
35.27 03.00
35.62 02.99
35.97 02.97
36.33 02.97
36.70 02.95
37.06 02.95
37.43 02.93
37.81 02.90
38.19 02.87
38.57 02.85
38.95 02.81
39.34 02.78
39.74 02.75
40.14 02.71
40.54 02.66
40.94 02.61
41.35 02.56
41.76 02.50
42.18 02.44
42.60 02.40
43.03 02.38
43.46 02.35
43.90 02.33
44.33 02.30
44.78 02.28
45.23 02.24
45.68 02.20
46.13 02.15
46.60 02.10
47.06 02.05
47.53 02.00
48.01 01.97
48.49 01.94
48.97 01.91
49.46 01.88
49.96 01.85
50.46 01.82
50.96 01.79
51.47 01.76
51.99 01.73
52.51 01.71
53.03 01.70
53.56 01.69
54.10 01.69
54.64 01.68
55.18 01.70
55.74 01.71
56.29 01.75
56.86 01.79
57.42 01.82
58.00 01.87
58.58 01.92
59.16 01.97
59.76 02.02
60.35 02.07
60.96 02.13
61.57 02.17
62.18 02.22
62.80 02.26
63.43 02.29
64.07 02.29
64.71 02.30
65.35 02.30
66.01 02.29
66.67 02.30
67.33 02.30
68.01 02.31
68.69 02.31
69.37 02.32
70.07 02.33
70.77 02.34
71.48 02.34
72.19 02.35
72.91 02.36
73.64 02.37
74.38 02.38
75.12 02.39
75.87 02.41
76.63 02.43
77.40 02.46
78.17 02.49
78.95 02.52
79.74 02.54
80.54 02.56
81.35 02.58
82.16 02.59
82.98 02.60
83.81 02.62
84.65 02.63
85.50 02.65
86.35 02.68
87.22 02.71
88.09 02.74
88.97 02.78
89.86 02.81
90.76 02.80
91.66 02.79
92.58 02.78
93.51 02.77
94.44 02.76
95.39 02.75
96.34 02.76
97.30 02.75
98.28 02.75
99.26 02.74
100.25 02.73
101.25 02.71
102.27 02.70
103.29 02.68
104.32 02.65
105.37 02.63
106.42 02.59
107.48 02.55
108.56 02.51
109.64 02.47
110.74 02.42
111.85 02.37
112.97 02.31
114.10 02.26
115.24 02.20
116.39 02.13
117.55 02.08
118.73 02.00
119.92 01.93
121.12 01.84
122.33 01.76
123.55 01.68
124.79 01.58
126.03 01.51
127.29 01.45
128.57 01.37
129.85 01.29
131.15 01.22
132.46 01.14
133.79 01.06
135.12 00.98
136.48 00.90
137.84 00.82
139.22 00.74
140.61 00.66
142.02 00.58
143.44 00.52
144.87 00.44
146.32 00.37
147.78 00.31
149.26 00.25
150.75 00.18
152.26 00.11
153.78 00.05
155.32 -00.01
156.88 -00.08
158.44 -00.13
160.03 -00.17
161.63 -00.19
163.24 -00.20
164.88 -00.21
166.53 -00.22
168.19 -00.22
169.87 -00.23
171.57 -00.25
173.29 -00.26
175.02 -00.28
176.77 -00.30
178.54 -00.30
180.32 -00.32
182.13 -00.35
183.95 -00.38
185.79 -00.41
187.65 -00.44
189.52 -00.47
191.42 -00.48
193.33 -00.50
195.27 -00.51
197.22 -00.53
199.19 -00.54
201.18 -00.54
203.19 -00.53
205.23 -00.52
207.28 -00.51
209.35 -00.50
211.44 -00.48
213.56 -00.48
215.69 -00.47
217.85 -00.46
220.03 -00.45
222.23 -00.44
224.45 -00.43
226.70 -00.41
228.96 -00.40
231.25 -00.38
233.57 -00.36
235.90 -00.34
238.26 -00.32
240.64 -00.30
243.05 -00.28
245.48 -00.26
247.93 -00.23
250.41 -00.21
252.92 -00.17
255.45 -00.12
258.00 -00.09
260.58 -00.05
263.19 00.00
265.82 00.03
268.48 00.05
271.16 00.08
273.87 00.10
276.61 00.12
279.38 00.15
282.17 00.18
284.99 00.21
287.84 00.24
290.72 00.28
293.63 00.30
296.57 00.34
299.53 00.38
302.53 00.41
305.55 00.45
308.61 00.49
311.69 00.53
314.81 00.57
317.96 00.60
321.14 00.64
324.35 00.67
327.59 00.71
330.87 00.74
334.18 00.78
337.52 00.81
340.90 00.83
344.30 00.86
347.75 00.89
351.23 00.92
354.74 00.95
358.28 00.96
361.87 00.97
365.49 00.98
369.14 00.99
372.83 01.01
376.56 01.02
380.33 01.06
384.13 01.10
387.97 01.14
391.85 01.17
395.77 01.22
399.73 01.26
403.72 01.29
407.76 01.32
411.84 01.36
415.96 01.39
420.12 01.41
424.32 01.44
428.56 01.46
432.85 01.47
437.18 01.48
441.55 01.48
445.96 01.49
450.42 01.49
454.93 01.50
459.48 01.50
464.07 01.51
468.71 01.51
473.40 01.50
478.13 01.49
482.91 01.48
487.74 01.47
492.62 01.45
497.55 01.44
502.52 01.43
507.55 01.43
512.62 01.42
517.75 01.42
522.93 01.41
528.16 01.40
533.44 01.38
538.77 01.35
544.16 01.32
549.60 01.29
555.10 01.25
560.65 01.22
566.25 01.18
571.92 01.14
577.64 01.10
583.41 01.06
589.25 01.02
595.14 00.99
601.09 00.96
607.10 00.92
613.17 00.88
619.30 00.85
625.50 00.82
631.75 00.81
638.07 00.82
644.45 00.83
650.89 00.86
657.40 00.88
663.98 00.92
670.62 00.96
677.32 00.99
684.10 01.02
690.94 01.06
697.85 01.10
704.83 01.13
711.87 01.18
718.99 01.23
726.18 01.28
733.44 01.33
740.78 01.37
748.19 01.41
755.67 01.43
763.23 01.44
770.86 01.45
778.57 01.45
786.35 01.45
794.22 01.43
802.16 01.41
810.18 01.40
818.28 01.38
826.46 01.34
834.73 01.31
843.08 01.26
851.51 01.20
860.02 01.12
868.62 01.03
877.31 00.94
886.08 00.83
894.94 00.72
903.89 00.62
912.93 00.52
922.06 00.43
931.28 00.33
940.59 00.23
950.00 00.13
959.50 00.02
969.09 -00.07
978.78 -00.17
988.57 -00.26
998.46 -00.34
1008.44 -00.42
1018.53 -00.50
1028.71 -00.56
1039.00 -00.62
1049.39 -00.68
1059.88 -00.73
1070.48 -00.79
1081.19 -00.84
1092.00 -00.90
1102.92 -00.96
1113.95 -01.02
1125.09 -01.09
1136.34 -01.16
1147.70 -01.23
1159.18 -01.30
1170.77 -01.38
1182.48 -01.45
1194.30 -01.53
1206.25 -01.61
1218.31 -01.69
1230.49 -01.76
1242.80 -01.84
1255.22 -01.92
1267.78 -02.01
1280.45 -02.10
1293.26 -02.19
1306.19 -02.29
1319.25 -02.38
1332.45 -02.48
1345.77 -02.57
1359.23 -02.66
1372.82 -02.74
1386.55 -02.83
1400.41 -02.91
1414.42 -02.98
1428.56 -03.06
1442.85 -03.13
1457.28 -03.19
1471.85 -03.25
1486.57 -03.31
1501.43 -03.36
1516.45 -03.43
1531.61 -03.49
1546.93 -03.55
1562.40 -03.60
1578.02 -03.65
1593.80 -03.69
1609.74 -03.72
1625.84 -03.75
1642.10 -03.76
1658.52 -03.78
1675.10 -03.79
1691.85 -03.80
1708.77 -03.81
1725.86 -03.83
1743.12 -03.84
1760.55 -03.85
1778.15 -03.85
1795.94 -03.85
1813.90 -03.83
1832.03 -03.82
1850.36 -03.80
1868.86 -03.77
1887.55 -03.74
1906.42 -03.71
1925.49 -03.69
1944.74 -03.67
1964.19 -03.65
1983.83 -03.63
2003.67 -03.62
2023.71 -03.69
2043.94 -03.74
2064.38 -03.80
2085.03 -03.87
2105.88 -03.93
2126.94 -03.98
2148.20 -03.99
2169.69 -04.00
2191.38 -04.03
2213.30 -04.06
2235.43 -04.10
2257.78 -04.20
2280.36 -04.31
2303.17 -04.43
2326.20 -04.57
2349.46 -04.72
2372.95 -04.82
2396.68 -04.86
2420.65 -04.92
2444.86 -04.99
2469.31 -05.08
2494.00 -05.19
2518.94 -05.35
2544.13 -05.54
2569.57 -05.75
2595.27 -06.00
2621.22 -06.28
2647.43 -06.60
2673.90 -06.96
2700.64 -07.36
2727.65 -07.82
2754.93 -08.34
2782.48 -08.91
2810.30 -09.58
2838.40 -10.38
2866.79 -11.22
2895.46 -12.08
2924.41 -12.93
2953.65 -13.70
2983.19 -14.32
3013.02 -14.76
3043.15 -14.99
3073.58 -14.98
3104.32 -14.80
3135.36 -14.49
3166.72 -14.16
3198.38 -13.83
3230.37 -13.54
3262.67 -13.30
3295.30 -13.11
3328.25 -12.97
3361.53 -12.88
3395.15 -12.79
3429.10 -12.76
3463.39 -12.75
3498.03 -12.77
3533.01 -12.82
3568.34 -12.90
3604.02 -13.00
3640.06 -13.10
3676.46 -13.19
3713.22 -13.23
3750.36 -13.24
3787.86 -13.14
3825.74 -12.99
3864.00 -12.80
3902.64 -12.58
3941.66 -12.33
3981.08 -12.07
4020.89 -11.90
4061.10 -11.84
4101.71 -11.76
4142.73 -11.70
4184.15 -11.64
4226.00 -11.58
4268.26 -11.45
4310.94 -11.26
4354.05 -11.04
4397.59 -10.82
4441.56 -10.64
4485.98 -10.56
4530.84 -10.46
4576.15 -10.43
4621.91 -10.52
4668.13 -10.70
4714.81 -10.96
4761.96 -11.13
4809.58 -10.91
4857.67 -10.76
4906.25 -10.65
4955.31 -10.59
5004.87 -10.47
5054.91 -09.95
5105.46 -09.30
5156.52 -08.53
5208.08 -07.71
5260.16 -06.90
5312.77 -06.15
5365.89 -05.63
5419.55 -05.19
5473.75 -04.82
5528.49 -04.54
5583.77 -04.36
5639.61 -04.56
5696.00 -04.95
5752.96 -05.40
5810.49 -05.86
5868.60 -06.31
5927.28 -06.72
5986.56 -07.08
6046.42 -07.43
6106.89 -07.74
6167.96 -07.96
6229.64 -08.10
6291.93 -08.13
6354.85 -08.05
6418.40 -07.84
6482.58 -07.48
6547.41 -06.91
6612.88 -06.14
6679.01 -05.20
6745.80 -04.31
6813.26 -03.53
6881.39 -02.88
6950.21 -02.37
7019.71 -02.00
7089.91 -01.71
7160.81 -01.55
7232.41 -01.44
7304.74 -01.40
7377.79 -01.45
7451.56 -01.59
7526.08 -01.76
7601.34 -01.87
7677.35 -01.97
7754.13 -01.99
7831.67 -01.91
7909.98 -01.70
7989.08 -01.41
8068.98 -01.14
8149.67 -00.83
8231.16 -00.49
8313.47 -00.17
8396.61 00.09
8480.57 00.26
8565.38 00.49
8651.03 00.66
8737.54 00.74
8824.92 00.70
8913.17 00.56
9002.30 00.30
9092.32 -00.11
9183.25 -00.71
9275.08 -01.51
9367.83 -02.55
9461.51 -03.80
9556.12 -05.19
9651.68 -06.62
9748.20 -07.95
9845.68 -09.02
9944.14 -09.82
10043.58 -10.24
10144.02 -10.31
10245.46 -10.16
10347.91 -09.84
10451.39 -09.41
10555.91 -08.92
10661.46 -08.54
10768.08 -08.25
10875.76 -07.95
10984.52 -07.68
11094.36 -07.46
11205.31 -07.33
11317.36 -07.32
11430.53 -07.41
11544.84 -07.59
11660.29 -07.84
11776.89 -08.13
11894.66 -08.47
12013.60 -08.81
12133.74 -09.11
12255.08 -09.29
12377.63 -09.22
12501.41 -08.83
12626.42 -08.22
12752.68 -07.45
12880.21 -06.69
13009.01 -06.03
13139.10 -05.51
13270.49 -05.17
13403.20 -05.00
13537.23 -04.96
13672.60 -05.07
13809.33 -05.30
13947.42 -05.67
14086.90 -06.17
14227.77 -06.79
14370.04 -07.51
14513.74 -08.22
14658.88 -08.79
14805.47 -09.13
14953.52 -09.23
15103.06 -09.18
15254.09 -09.02
15406.63 -08.84
15560.70 -08.70
15716.30 -08.62
15873.47 -08.57
16032.20 -08.50
16192.52 -08.33
16354.45 -08.10
16517.99 -07.85
16683.17 -07.64
16850.01 -07.52
17018.51 -07.45
17188.69 -07.08
17360.58 -06.71
17534.18 -06.35
17709.53 -06.04
17886.62 -05.85
18065.49 -05.86
18246.14 -06.11
18428.60 -06.56
18612.89 -07.14
18799.02 -07.71
18987.01 -08.14
19176.88 -08.37
19368.65 -08.46
19562.33 -08.54
19757.96 -08.72
19955.54 -09.00
20000.00 -09.08
