20.00 01.54
20.20 01.59
20.40 01.63
20.61 01.67
20.81 01.71
21.02 01.75
21.23 01.79
21.44 01.83
21.66 01.88
21.87 01.93
22.09 01.97
22.31 02.02
22.54 02.05
22.76 02.08
22.99 02.09
23.22 02.12
23.45 02.14
23.69 02.16
23.92 02.19
24.16 02.21
24.40 02.24
24.65 02.27
24.89 02.28
25.14 02.31
25.39 02.36
25.65 02.40
25.91 02.43
26.16 02.47
26.43 02.51
26.69 02.55
26.96 02.59
27.23 02.62
27.50 02.65
27.77 02.68
28.05 02.72
28.33 02.74
28.62 02.75
28.90 02.78
29.19 02.79
29.48 02.81
29.78 02.82
30.08 02.84
30.38 02.84
30.68 02.84
30.99 02.84
31.30 02.84
31.61 02.86
31.93 02.88
32.24 02.90
32.57 02.93
32.89 02.94
33.22 02.97
33.55 02.99
33.89 03.03
34.23 03.07
34.57 03.11
34.92 03.14
35.27 03.19
35.62 03.22
35.97 03.25
36.33 03.29
36.70 03.32
37.06 03.36
37.43 03.40
37.81 03.42
38.19 03.43
38.57 03.45
38.95 03.46
39.34 03.48
39.74 03.49
40.14 03.50
40.54 03.49
40.94 03.48
41.35 03.48
41.76 03.47
42.18 03.45
42.60 03.45
43.03 03.47
43.46 03.48
43.90 03.50
44.33 03.51
44.78 03.53
45.23 03.53
45.68 03.52
46.13 03.51
46.60 03.50
47.06 03.49
47.53 03.48
48.01 03.49
48.49 03.49
48.97 03.50
49.46 03.51
49.96 03.52
50.46 03.53
50.96 03.54
51.47 03.55
51.99 03.56
52.51 03.57
53.03 03.59
53.56 03.61
54.10 03.63
54.64 03.64
55.18 03.66
55.74 03.69
56.29 03.72
56.86 03.76
57.42 03.79
58.00 03.83
58.58 03.88
59.16 03.92
59.76 03.96
60.35 04.00
60.96 04.05
61.57 04.09
62.18 04.14
62.80 04.17
63.43 04.20
64.07 04.20
64.71 04.21
65.35 04.20
66.01 04.20
66.67 04.20
67.33 04.20
68.01 04.21
68.69 04.21
69.37 04.22
70.07 04.23
70.77 04.23
71.48 04.24
72.19 04.24
72.91 04.24
73.64 04.25
74.38 04.25
75.12 04.25
75.87 04.28
76.63 04.29
77.40 04.31
78.17 04.32
78.95 04.34
79.74 04.36
80.54 04.37
81.35 04.38
82.16 04.38
82.98 04.38
83.81 04.39
84.65 04.40
85.50 04.41
86.35 04.43
87.22 04.45
88.09 04.48
88.97 04.51
89.86 04.53
90.76 04.53
91.66 04.51
92.58 04.51
93.51 04.49
94.44 04.48
95.39 04.47
96.34 04.49
97.30 04.49
98.28 04.49
99.26 04.50
100.25 04.49
101.25 04.49
102.27 04.50
103.29 04.50
104.32 04.49
105.37 04.50
106.42 04.49
107.48 04.49
108.56 04.49
109.64 04.49
110.74 04.49
111.85 04.49
112.97 04.48
114.10 04.48
115.24 04.48
116.39 04.47
117.55 04.47
118.73 04.45
119.92 04.43
121.12 04.41
122.33 04.39
123.55 04.37
124.79 04.33
126.03 04.32
127.29 04.32
128.57 04.30
129.85 04.29
131.15 04.28
132.46 04.26
133.79 04.24
135.12 04.23
136.48 04.20
137.84 04.18
139.22 04.16
140.61 04.14
142.02 04.11
143.44 04.09
144.87 04.07
146.32 04.04
147.78 04.02
149.26 03.99
150.75 03.96
152.26 03.92
153.78 03.88
155.32 03.85
156.88 03.80
158.44 03.77
160.03 03.74
161.63 03.73
163.24 03.73
164.88 03.73
166.53 03.72
168.19 03.72
169.87 03.72
171.57 03.69
173.29 03.68
175.02 03.65
176.77 03.62
178.54 03.60
180.32 03.58
182.13 03.53
183.95 03.48
185.79 03.43
187.65 03.39
189.52 03.34
191.42 03.30
193.33 03.27
195.27 03.24
197.22 03.21
199.19 03.18
201.18 03.16
203.19 03.15
205.23 03.14
207.28 03.14
209.35 03.14
211.44 03.13
213.56 03.12
215.69 03.12
217.85 03.11
220.03 03.10
222.23 03.10
224.45 03.10
226.70 03.10
228.96 03.10
231.25 03.10
233.57 03.10
235.90 03.10
238.26 03.10
240.64 03.10
243.05 03.10
245.48 03.10
247.93 03.10
250.41 03.10
252.92 03.12
255.45 03.14
258.00 03.14
260.58 03.16
263.19 03.17
265.82 03.17
268.48 03.15
271.16 03.13
273.87 03.11
276.61 03.08
279.38 03.05
282.17 03.02
284.99 02.98
287.84 02.94
290.72 02.89
293.63 02.83
296.57 02.78
299.53 02.72
302.53 02.65
305.55 02.58
308.61 02.51
311.69 02.43
314.81 02.36
317.96 02.28
321.14 02.21
324.35 02.12
327.59 02.05
330.87 01.98
334.18 01.92
337.52 01.87
340.90 01.81
344.30 01.77
347.75 01.74
351.23 01.72
354.74 01.70
358.28 01.67
361.87 01.65
365.49 01.64
369.14 01.63
372.83 01.64
376.56 01.63
380.33 01.65
384.13 01.67
387.97 01.69
391.85 01.70
395.77 01.72
399.73 01.74
403.72 01.74
407.76 01.74
411.84 01.74
415.96 01.73
420.12 01.72
424.32 01.71
428.56 01.69
432.85 01.66
437.18 01.63
441.55 01.60
445.96 01.58
450.42 01.54
454.93 01.53
459.48 01.51
464.07 01.50
468.71 01.49
473.40 01.48
478.13 01.47
482.91 01.45
487.74 01.44
492.62 01.43
497.55 01.42
502.52 01.41
507.55 01.42
512.62 01.41
517.75 01.41
522.93 01.41
528.16 01.40
533.44 01.39
538.77 01.37
544.16 01.35
549.60 01.34
555.10 01.33
560.65 01.32
566.25 01.32
571.92 01.33
577.64 01.33
583.41 01.35
589.25 01.37
595.14 01.39
601.09 01.42
607.10 01.43
613.17 01.44
619.30 01.46
625.50 01.48
631.75 01.50
638.07 01.54
644.45 01.58
650.89 01.63
657.40 01.67
663.98 01.72
670.62 01.77
677.32 01.80
684.10 01.82
690.94 01.86
697.85 01.89
704.83 01.91
711.87 01.94
718.99 01.98
726.18 02.01
733.44 02.03
740.78 02.05
748.19 02.05
755.67 02.05
763.23 02.03
770.86 02.02
778.57 01.99
786.35 01.97
794.22 01.94
802.16 01.91
810.18 01.89
818.28 01.86
826.46 01.83
834.73 01.80
843.08 01.75
851.51 01.70
860.02 01.63
868.62 01.54
877.31 01.46
886.08 01.36
894.94 01.26
903.89 01.17
912.93 01.07
922.06 00.98
931.28 00.87
940.59 00.77
950.00 00.66
959.50 00.55
969.09 00.43
978.78 00.31
988.57 00.18
998.46 00.05
1008.44 -00.09
1018.53 -00.23
1028.71 -00.37
1039.00 -00.52
1049.39 -00.67
1059.88 -00.82
1070.48 -00.96
1081.19 -01.11
1092.00 -01.26
1102.92 -01.40
1113.95 -01.55
1125.09 -01.69
1136.34 -01.84
1147.70 -01.98
1159.18 -02.12
1170.77 -02.26
1182.48 -02.40
1194.30 -02.53
1206.25 -02.66
1218.31 -02.78
1230.49 -02.91
1242.80 -03.02
1255.22 -03.13
1267.78 -03.23
1280.45 -03.32
1293.26 -03.41
1306.19 -03.49
1319.25 -03.57
1332.45 -03.64
1345.77 -03.72
1359.23 -03.79
1372.82 -03.85
1386.55 -03.91
1400.41 -03.98
1414.42 -04.04
1428.56 -04.10
1442.85 -04.15
1457.28 -04.20
1471.85 -04.25
1486.57 -04.29
1501.43 -04.32
1516.45 -04.36
1531.61 -04.38
1546.93 -04.41
1562.40 -04.41
1578.02 -04.41
1593.80 -04.39
1609.74 -04.37
1625.84 -04.33
1642.10 -04.28
1658.52 -04.22
1675.10 -04.16
1691.85 -04.09
1708.77 -04.02
1725.86 -03.96
1743.12 -03.89
1760.55 -03.81
1778.15 -03.73
1795.94 -03.64
1813.90 -03.54
1832.03 -03.43
1850.36 -03.33
1868.86 -03.22
1887.55 -03.11
1906.42 -03.00
1925.49 -02.90
1944.74 -02.81
1964.19 -02.73
1983.83 -02.64
2003.67 -02.57
2023.71 -02.57
2043.94 -02.57
2064.38 -02.58
2085.03 -02.59
2105.88 -02.60
2126.94 -02.60
2148.20 -02.56
2169.69 -02.53
2191.38 -02.51
2213.30 -02.49
2235.43 -02.48
2257.78 -02.52
2280.36 -02.59
2303.17 -02.65
2326.20 -02.73
2349.46 -02.82
2372.95 -02.84
2396.68 -02.81
2420.65 -02.79
2444.86 -02.77
2469.31 -02.76
2494.00 -02.75
2518.94 -02.78
2544.13 -02.82
2569.57 -02.86
2595.27 -02.91
2621.22 -02.96
2647.43 -03.03
2673.90 -03.11
2700.64 -03.20
2727.65 -03.32
2754.93 -03.48
2782.48 -03.67
2810.30 -03.95
2838.40 -04.35
2866.79 -04.80
2895.46 -05.31
2924.41 -05.89
2953.65 -06.52
2983.19 -07.20
3013.02 -07.95
3043.15 -08.74
3073.58 -09.50
3104.32 -10.23
3135.36 -10.84
3166.72 -11.33
3198.38 -11.65
3230.37 -11.82
3262.67 -11.84
3295.30 -11.77
3328.25 -11.63
3361.53 -11.47
3395.15 -11.27
3429.10 -11.09
3463.39 -10.94
3498.03 -10.82
3533.01 -10.73
3568.34 -10.69
3604.02 -10.69
3640.06 -10.71
3676.46 -10.76
3713.22 -10.79
3750.36 -10.84
3787.86 -10.80
3825.74 -10.74
3864.00 -10.68
3902.64 -10.59
3941.66 -10.47
3981.08 -10.32
4020.89 -10.23
4061.10 -10.18
4101.71 -10.03
4142.73 -09.80
4184.15 -09.47
4226.00 -09.00
4268.26 -08.40
4310.94 -07.68
4354.05 -07.01
4397.59 -06.49
4441.56 -06.20
4485.98 -06.14
4530.84 -06.11
4576.15 -06.18
4621.91 -06.37
4668.13 -06.67
4714.81 -07.07
4761.96 -07.47
4809.58 -07.63
4857.67 -08.02
4906.25 -08.68
4955.31 -09.61
5004.87 -10.59
5054.91 -11.05
5105.46 -11.14
5156.52 -10.82
5208.08 -10.17
5260.16 -09.33
5312.77 -08.43
5365.89 -07.67
5419.55 -06.92
5473.75 -06.19
5528.49 -05.50
5583.77 -04.85
5639.61 -04.53
5696.00 -04.35
5752.96 -04.21
5810.49 -04.09
5868.60 -03.97
5927.28 -03.83
5986.56 -03.68
6046.42 -03.56
6106.89 -03.44
6167.96 -03.31
6229.64 -03.21
6291.93 -03.12
6354.85 -03.10
6418.40 -03.12
6482.58 -03.21
6547.41 -03.35
6612.88 -03.53
6679.01 -03.76
6745.80 -04.15
6813.26 -04.62
6881.39 -05.07
6950.21 -05.43
7019.71 -05.63
7089.91 -05.60
7160.81 -05.40
7232.41 -05.02
7304.74 -04.53
7377.79 -04.00
7451.56 -03.45
7526.08 -02.85
7601.34 -02.17
7677.35 -01.53
7754.13 -00.96
7831.67 -00.47
7909.98 -00.06
7989.08 00.24
8068.98 00.35
8149.67 00.35
8231.16 00.25
8313.47 00.07
8396.61 -00.21
8480.57 -00.60
8565.38 -00.93
8651.03 -01.33
8737.54 -01.84
8824.92 -02.47
8913.17 -03.19
9002.30 -03.99
9092.32 -04.89
9183.25 -05.88
9275.08 -06.98
9367.83 -08.23
9461.51 -09.63
9556.12 -11.13
9651.68 -12.69
9748.20 -14.13
9845.68 -15.27
9944.14 -15.91
10043.58 -15.78
10144.02 -14.87
10245.46 -13.53
10347.91 -12.04
10451.39 -10.58
10555.91 -09.23
10661.46 -08.17
10768.08 -07.34
10875.76 -06.61
10984.52 -05.97
11094.36 -05.43
11205.31 -05.00
11317.36 -04.71
11430.53 -04.56
11544.84 -04.51
11660.29 -04.53
11776.89 -04.56
11894.66 -04.55
12013.60 -04.44
12133.74 -04.15
12255.08 -03.63
12377.63 -02.92
12501.41 -02.17
12626.42 -01.50
12752.68 -00.91
12880.21 -00.42
13009.01 -00.03
13139.10 00.26
13270.49 00.43
13403.20 00.49
13537.23 00.45
13672.60 00.29
13809.33 -00.02
13947.42 -00.47
14086.90 -01.02
14227.77 -01.60
14370.04 -02.12
14513.74 -02.53
14658.88 -02.79
14805.47 -02.83
14953.52 -02.63
15103.06 -02.34
15254.09 -02.00
15406.63 -01.65
15560.70 -01.28
15716.30 -00.92
15873.47 -00.61
16032.20 -00.38
16192.52 -00.22
16354.45 -00.18
16517.99 -00.25
16683.17 -00.41
16850.01 -00.68
17018.51 -00.97
17188.69 -00.93
17360.58 -00.88
17534.18 -00.83
17709.53 -00.78
17886.62 -00.67
18065.49 -00.47
18246.14 -00.18
18428.60 00.20
18612.89 00.61
18799.02 01.01
18987.01 01.33
19176.88 01.52
19368.65 01.59
19562.33 01.53
19757.96 01.34
19955.54 01.05
20000.00 00.97
