20.00 01.92
20.20 01.91
20.40 01.91
20.61 01.91
20.81 01.91
21.02 01.91
21.23 01.91
21.44 01.91
21.66 01.93
21.87 01.95
22.09 01.96
22.31 01.98
22.54 01.97
22.76 01.97
22.99 01.96
23.22 01.96
23.45 01.95
23.69 01.94
23.92 01.94
24.16 01.94
24.40 01.93
24.65 01.93
24.89 01.92
25.14 01.93
25.39 01.94
25.65 01.96
25.91 01.97
26.16 01.98
26.43 01.99
26.69 02.00
26.96 02.02
27.23 02.02
27.50 02.04
27.77 02.04
28.05 02.06
28.33 02.05
28.62 02.05
28.90 02.05
29.19 02.04
29.48 02.05
29.78 02.04
30.08 02.03
30.38 02.01
30.68 02.00
30.99 01.98
31.30 01.96
31.61 01.96
31.93 01.96
32.24 01.96
32.57 01.97
32.89 01.96
33.22 01.96
33.55 01.96
33.89 01.97
34.23 01.99
34.57 01.99
34.92 02.00
35.27 02.01
35.62 02.02
35.97 02.02
36.33 02.03
36.70 02.04
37.06 02.05
37.43 02.05
37.81 02.05
38.19 02.04
38.57 02.03
38.95 02.02
39.34 02.01
39.74 02.01
40.14 01.99
40.54 01.97
40.94 01.94
41.35 01.92
41.76 01.90
42.18 01.87
42.60 01.86
43.03 01.88
43.46 01.89
43.90 01.90
44.33 01.92
44.78 01.94
45.23 01.95
45.68 01.94
46.13 01.94
46.60 01.95
47.06 01.95
47.53 01.95
48.01 01.97
48.49 02.00
48.97 02.02
49.46 02.05
49.96 02.07
50.46 02.09
50.96 02.11
51.47 02.14
51.99 02.14
52.51 02.16
53.03 02.17
53.56 02.18
54.10 02.19
54.64 02.19
55.18 02.19
55.74 02.19
56.29 02.20
56.86 02.21
57.42 02.21
58.00 02.22
58.58 02.23
59.16 02.24
59.76 02.25
60.35 02.26
60.96 02.27
61.57 02.28
62.18 02.30
62.80 02.30
63.43 02.30
64.07 02.28
64.71 02.26
65.35 02.24
66.01 02.22
66.67 02.20
67.33 02.19
68.01 02.19
68.69 02.18
69.37 02.18
70.07 02.17
70.77 02.17
71.48 02.17
72.19 02.16
72.91 02.16
73.64 02.16
74.38 02.15
75.12 02.15
75.87 02.17
76.63 02.18
77.40 02.20
78.17 02.20
78.95 02.22
79.74 02.23
80.54 02.24
81.35 02.25
82.16 02.25
82.98 02.25
83.81 02.26
84.65 02.26
85.50 02.27
86.35 02.29
87.22 02.32
88.09 02.34
88.97 02.37
89.86 02.39
90.76 02.38
91.66 02.36
92.58 02.35
93.51 02.33
94.44 02.32
95.39 02.31
96.34 02.32
97.30 02.32
98.28 02.33
99.26 02.34
100.25 02.34
101.25 02.35
102.27 02.36
103.29 02.36
104.32 02.37
105.37 02.38
106.42 02.38
107.48 02.38
108.56 02.40
109.64 02.40
110.74 02.41
111.85 02.41
112.97 02.42
114.10 02.43
115.24 02.43
116.39 02.43
117.55 02.44
118.73 02.43
119.92 02.42
121.12 02.40
122.33 02.39
123.55 02.38
124.79 02.36
126.03 02.36
127.29 02.37
128.57 02.37
129.85 02.37
131.15 02.37
132.46 02.37
133.79 02.37
135.12 02.38
136.48 02.37
137.84 02.37
139.22 02.38
140.61 02.38
142.02 02.38
143.44 02.38
144.87 02.38
146.32 02.38
147.78 02.39
149.26 02.39
150.75 02.38
152.26 02.37
153.78 02.36
155.32 02.35
156.88 02.33
158.44 02.32
160.03 02.31
161.63 02.33
163.24 02.34
164.88 02.36
166.53 02.38
168.19 02.39
169.87 02.41
171.57 02.40
173.29 02.40
175.02 02.39
176.77 02.38
178.54 02.38
180.32 02.36
182.13 02.33
183.95 02.29
185.79 02.25
187.65 02.22
189.52 02.18
191.42 02.15
193.33 02.12
195.27 02.09
197.22 02.06
199.19 02.04
201.18 02.02
203.19 02.01
205.23 02.00
207.28 01.99
209.35 01.98
211.44 01.97
213.56 01.95
215.69 01.92
217.85 01.90
220.03 01.87
222.23 01.85
224.45 01.82
226.70 01.79
228.96 01.76
231.25 01.72
233.57 01.69
235.90 01.65
238.26 01.61
240.64 01.57
243.05 01.53
245.48 01.49
247.93 01.44
250.41 01.40
252.92 01.37
255.45 01.34
258.00 01.31
260.58 01.28
263.19 01.26
265.82 01.23
268.48 01.19
271.16 01.16
273.87 01.13
276.61 01.10
279.38 01.07
282.17 01.06
284.99 01.04
287.84 01.04
290.72 01.04
293.63 01.03
296.57 01.04
299.53 01.05
302.53 01.07
305.55 01.08
308.61 01.11
311.69 01.14
314.81 01.17
317.96 01.20
321.14 01.24
324.35 01.27
327.59 01.30
330.87 01.34
334.18 01.38
337.52 01.42
340.90 01.45
344.30 01.49
347.75 01.53
351.23 01.57
354.74 01.61
358.28 01.62
361.87 01.64
365.49 01.66
369.14 01.68
372.83 01.70
376.56 01.72
380.33 01.75
384.13 01.79
387.97 01.82
391.85 01.85
395.77 01.88
399.73 01.91
403.72 01.93
407.76 01.94
411.84 01.96
415.96 01.98
420.12 01.99
424.32 02.00
428.56 02.01
432.85 02.01
437.18 02.01
441.55 02.01
445.96 02.01
450.42 02.00
454.93 02.01
459.48 02.02
464.07 02.02
468.71 02.02
473.40 02.02
478.13 02.01
482.91 02.00
487.74 01.98
492.62 01.95
497.55 01.92
502.52 01.89
507.55 01.87
512.62 01.83
517.75 01.79
522.93 01.75
528.16 01.69
533.44 01.63
538.77 01.55
544.16 01.47
549.60 01.39
555.10 01.31
560.65 01.22
566.25 01.14
571.92 01.07
577.64 01.00
583.41 00.95
589.25 00.90
595.14 00.86
601.09 00.83
607.10 00.79
613.17 00.76
619.30 00.74
625.50 00.73
631.75 00.72
638.07 00.74
644.45 00.77
650.89 00.80
657.40 00.82
663.98 00.85
670.62 00.88
677.32 00.89
684.10 00.90
690.94 00.92
697.85 00.94
704.83 00.95
711.87 00.97
718.99 01.00
726.18 01.03
733.44 01.05
740.78 01.08
748.19 01.10
755.67 01.11
763.23 01.10
770.86 01.11
778.57 01.10
786.35 01.10
794.22 01.09
802.16 01.09
810.18 01.09
818.28 01.09
826.46 01.08
834.73 01.07
843.08 01.04
851.51 01.00
860.02 00.92
868.62 00.83
877.31 00.74
886.08 00.62
894.94 00.49
903.89 00.35
912.93 00.21
922.06 00.07
931.28 -00.07
940.59 -00.21
950.00 -00.35
959.50 -00.49
969.09 -00.61
978.78 -00.73
988.57 -00.83
998.46 -00.93
1008.44 -01.02
1018.53 -01.11
1028.71 -01.19
1039.00 -01.28
1049.39 -01.36
1059.88 -01.45
1070.48 -01.55
1081.19 -01.64
1092.00 -01.74
1102.92 -01.84
1113.95 -01.93
1125.09 -02.01
1136.34 -02.08
1147.70 -02.14
1159.18 -02.18
1170.77 -02.21
1182.48 -02.23
1194.30 -02.24
1206.25 -02.23
1218.31 -02.21
1230.49 -02.18
1242.80 -02.13
1255.22 -02.07
1267.78 -02.01
1280.45 -01.93
1293.26 -01.84
1306.19 -01.74
1319.25 -01.64
1332.45 -01.53
1345.77 -01.42
1359.23 -01.31
1372.82 -01.20
1386.55 -01.09
1400.41 -00.97
1414.42 -00.86
1428.56 -00.75
1442.85 -00.64
1457.28 -00.53
1471.85 -00.43
1486.57 -00.34
1501.43 -00.25
1516.45 -00.18
1531.61 -00.12
1546.93 -00.09
1562.40 -00.06
1578.02 -00.06
1593.80 -00.07
1609.74 -00.09
1625.84 -00.11
1642.10 -00.14
1658.52 -00.19
1675.10 -00.25
1691.85 -00.32
1708.77 -00.41
1725.86 -00.52
1743.12 -00.63
1760.55 -00.75
1778.15 -00.87
1795.94 -00.99
1813.90 -01.10
1832.03 -01.22
1850.36 -01.32
1868.86 -01.42
1887.55 -01.52
1906.42 -01.61
1925.49 -01.70
1944.74 -01.79
1964.19 -01.87
1983.83 -01.95
2003.67 -02.04
2023.71 -02.21
2043.94 -02.38
2064.38 -02.56
2085.03 -02.76
2105.88 -02.98
2126.94 -03.18
2148.20 -03.36
2169.69 -03.55
2191.38 -03.75
2213.30 -03.94
2235.43 -04.13
2257.78 -04.37
2280.36 -04.60
2303.17 -04.83
2326.20 -05.05
2349.46 -05.25
2372.95 -05.36
2396.68 -05.39
2420.65 -05.42
2444.86 -05.43
2469.31 -05.46
2494.00 -05.50
2518.94 -05.60
2544.13 -05.74
2569.57 -05.92
2595.27 -06.13
2621.22 -06.37
2647.43 -06.62
2673.90 -06.87
2700.64 -07.13
2727.65 -07.40
2754.93 -07.72
2782.48 -08.05
2810.30 -08.44
2838.40 -08.90
2866.79 -09.33
2895.46 -09.71
2924.41 -10.02
2953.65 -10.20
2983.19 -10.23
3013.02 -10.18
3043.15 -10.08
3073.58 -09.92
3104.32 -09.77
3135.36 -09.58
3166.72 -09.38
3198.38 -09.14
3230.37 -08.90
3262.67 -08.68
3295.30 -08.49
3328.25 -08.33
3361.53 -08.23
3395.15 -08.15
3429.10 -08.11
3463.39 -08.10
3498.03 -08.09
3533.01 -08.09
3568.34 -08.11
3604.02 -08.18
3640.06 -08.26
3676.46 -08.37
3713.22 -08.46
3750.36 -08.55
3787.86 -08.54
3825.74 -08.48
3864.00 -08.38
3902.64 -08.25
3941.66 -08.07
3981.08 -07.87
4020.89 -07.72
4061.10 -07.61
4101.71 -07.42
4142.73 -07.15
4184.15 -06.80
4226.00 -06.36
4268.26 -05.84
4310.94 -05.30
4354.05 -04.84
4397.59 -04.52
4441.56 -04.35
4485.98 -04.36
4530.84 -04.35
4576.15 -04.40
4621.91 -04.56
4668.13 -04.83
4714.81 -05.22
4761.96 -05.60
4809.58 -05.69
4857.67 -05.94
4906.25 -06.34
4955.31 -06.84
5004.87 -07.33
5054.91 -07.40
5105.46 -07.31
5156.52 -07.05
5208.08 -06.64
5260.16 -06.10
5312.77 -05.51
5365.89 -05.03
5419.55 -04.53
5473.75 -04.02
5528.49 -03.53
5583.77 -03.08
5639.61 -02.95
5696.00 -02.97
5752.96 -03.03
5810.49 -03.12
5868.60 -03.22
5927.28 -03.33
5986.56 -03.43
6046.42 -03.57
6106.89 -03.72
6167.96 -03.83
6229.64 -03.92
6291.93 -03.97
6354.85 -03.99
6418.40 -03.97
6482.58 -03.90
6547.41 -03.79
6612.88 -03.65
6679.01 -03.50
6745.80 -03.47
6813.26 -03.51
6881.39 -03.55
6950.21 -03.59
7019.71 -03.60
7089.91 -03.55
7160.81 -03.47
7232.41 -03.30
7304.74 -03.03
7377.79 -02.72
7451.56 -02.39
7526.08 -02.04
7601.34 -01.64
7677.35 -01.33
7754.13 -01.10
7831.67 -00.97
7909.98 -00.93
7989.08 -01.00
8068.98 -01.31
8149.67 -01.78
8231.16 -02.42
8313.47 -03.22
8396.61 -04.16
8480.57 -05.15
8565.38 -05.88
8651.03 -06.35
8737.54 -06.51
8824.92 -06.39
8913.17 -06.06
9002.30 -05.58
9092.32 -05.06
9183.25 -04.55
9275.08 -04.08
9367.83 -03.70
9461.51 -03.40
9556.12 -03.17
9651.68 -03.03
9748.20 -02.95
9845.68 -02.91
9944.14 -02.93
10043.58 -02.90
10144.02 -02.83
10245.46 -02.79
10347.91 -02.77
10451.39 -02.77
10555.91 -02.79
10661.46 -02.99
10768.08 -03.33
10875.76 -03.70
10984.52 -04.11
11094.36 -04.53
11205.31 -04.85
11317.36 -05.02
11430.53 -04.93
11544.84 -04.57
11660.29 -04.00
11776.89 -03.28
11894.66 -02.50
12013.60 -01.67
12133.74 -00.82
12255.08 00.05
12377.63 00.94
12501.41 01.83
12626.42 02.66
12752.68 03.48
12880.21 04.24
13009.01 04.93
13139.10 05.54
13270.49 06.00
13403.20 06.34
13537.23 06.61
13672.60 06.78
13809.33 06.87
13947.42 06.86
14086.90 06.76
14227.77 06.54
14370.04 06.20
14513.74 05.75
14658.88 05.19
14805.47 04.55
14953.52 03.85
15103.06 03.06
15254.09 02.28
15406.63 01.57
15560.70 01.02
15716.30 00.64
15873.47 00.45
16032.20 00.41
16192.52 00.51
16354.45 00.66
16517.99 00.84
16683.17 01.04
16850.01 01.22
17018.51 01.42
17188.69 01.91
17360.58 02.33
17534.18 02.63
17709.53 02.83
17886.62 02.95
18065.49 03.00
18246.14 02.97
18428.60 02.90
18612.89 02.77
18799.02 02.56
18987.01 02.25
19176.88 01.80
19368.65 01.21
19562.33 00.50
19757.96 -00.29
19955.54 -01.07
20000.00 -01.22
