20.00 01.52
20.20 01.57
20.40 01.61
20.61 01.65
20.81 01.69
21.02 01.73
21.23 01.77
21.44 01.81
21.66 01.86
21.87 01.91
22.09 01.95
22.31 02.00
22.54 02.03
22.76 02.06
22.99 02.07
23.22 02.10
23.45 02.12
23.69 02.14
23.92 02.17
24.16 02.19
24.40 02.22
24.65 02.25
24.89 02.26
25.14 02.29
25.39 02.34
25.65 02.38
25.91 02.41
26.16 02.45
26.43 02.49
26.69 02.53
26.96 02.57
27.23 02.60
27.50 02.63
27.77 02.66
28.05 02.70
28.33 02.72
28.62 02.73
28.90 02.76
29.19 02.77
29.48 02.79
29.78 02.80
30.08 02.82
30.38 02.82
30.68 02.82
30.99 02.82
31.30 02.82
31.61 02.84
31.93 02.86
32.24 02.88
32.57 02.91
32.89 02.92
33.22 02.95
33.55 02.97
33.89 03.01
34.23 03.05
34.57 03.09
34.92 03.12
35.27 03.17
35.62 03.20
35.97 03.23
36.33 03.27
36.70 03.30
37.06 03.34
37.43 03.38
37.81 03.40
38.19 03.41
38.57 03.43
38.95 03.44
39.34 03.46
39.74 03.47
40.14 03.48
40.54 03.47
40.94 03.46
41.35 03.46
41.76 03.45
42.18 03.43
42.60 03.43
43.03 03.45
43.46 03.46
43.90 03.48
44.33 03.49
44.78 03.51
45.23 03.51
45.68 03.50
46.13 03.49
46.60 03.48
47.06 03.47
47.53 03.46
48.01 03.47
48.49 03.47
48.97 03.48
49.46 03.49
49.96 03.50
50.46 03.51
50.96 03.52
51.47 03.53
51.99 03.54
52.51 03.55
53.03 03.57
53.56 03.59
54.10 03.61
54.64 03.62
55.18 03.64
55.74 03.67
56.29 03.70
56.86 03.74
57.42 03.77
58.00 03.81
58.58 03.86
59.16 03.90
59.76 03.94
60.35 03.98
60.96 04.03
61.57 04.07
62.18 04.12
62.80 04.15
63.43 04.18
64.07 04.18
64.71 04.19
65.35 04.18
66.01 04.18
66.67 04.18
67.33 04.18
68.01 04.19
68.69 04.19
69.37 04.20
70.07 04.21
70.77 04.21
71.48 04.22
72.19 04.22
72.91 04.22
73.64 04.23
74.38 04.23
75.12 04.23
75.87 04.26
76.63 04.27
77.40 04.29
78.17 04.30
78.95 04.32
79.74 04.34
80.54 04.35
81.35 04.36
82.16 04.36
82.98 04.36
83.81 04.37
84.65 04.38
85.50 04.39
86.35 04.41
87.22 04.43
88.09 04.46
88.97 04.49
89.86 04.51
90.76 04.51
91.66 04.49
92.58 04.49
93.51 04.47
94.44 04.46
95.39 04.45
96.34 04.47
97.30 04.47
98.28 04.47
99.26 04.48
100.25 04.47
101.25 04.47
102.27 04.48
103.29 04.48
104.32 04.47
105.37 04.48
106.42 04.47
107.48 04.47
108.56 04.47
109.64 04.47
110.74 04.47
111.85 04.47
112.97 04.46
114.10 04.46
115.24 04.46
116.39 04.45
117.55 04.45
118.73 04.43
119.92 04.41
121.12 04.39
122.33 04.37
123.55 04.35
124.79 04.31
126.03 04.30
127.29 04.30
128.57 04.28
129.85 04.27
131.15 04.26
132.46 04.24
133.79 04.22
135.12 04.21
136.48 04.18
137.84 04.16
139.22 04.14
140.61 04.12
142.02 04.09
143.44 04.07
144.87 04.05
146.32 04.02
147.78 04.00
149.26 03.97
150.75 03.94
152.26 03.90
153.78 03.86
155.32 03.83
156.88 03.78
158.44 03.75
160.03 03.72
161.63 03.71
163.24 03.71
164.88 03.71
166.53 03.70
168.19 03.70
169.87 03.70
171.57 03.67
173.29 03.66
175.02 03.63
176.77 03.60
178.54 03.58
180.32 03.56
182.13 03.51
183.95 03.46
185.79 03.41
187.65 03.37
189.52 03.32
191.42 03.28
193.33 03.25
195.27 03.22
197.22 03.19
199.19 03.16
201.18 03.14
203.19 03.13
205.23 03.12
207.28 03.12
209.35 03.12
211.44 03.11
213.56 03.10
215.69 03.10
217.85 03.09
220.03 03.08
222.23 03.08
224.45 03.08
226.70 03.08
228.96 03.08
231.25 03.08
233.57 03.08
235.90 03.08
238.26 03.08
240.64 03.08
243.05 03.08
245.48 03.08
247.93 03.08
250.41 03.08
252.92 03.10
255.45 03.12
258.00 03.12
260.58 03.14
263.19 03.15
265.82 03.15
268.48 03.13
271.16 03.11
273.87 03.09
276.61 03.06
279.38 03.03
282.17 03.00
284.99 02.96
287.84 02.92
290.72 02.87
293.63 02.81
296.57 02.76
299.53 02.70
302.53 02.63
305.55 02.56
308.61 02.49
311.69 02.41
314.81 02.34
317.96 02.26
321.14 02.19
324.35 02.10
327.59 02.03
330.87 01.96
334.18 01.90
337.52 01.85
340.90 01.79
344.30 01.75
347.75 01.72
351.23 01.70
354.74 01.68
358.28 01.65
361.87 01.63
365.49 01.62
369.14 01.61
372.83 01.62
376.56 01.61
380.33 01.63
384.13 01.65
387.97 01.67
391.85 01.68
395.77 01.70
399.73 01.72
403.72 01.72
407.76 01.72
411.84 01.72
415.96 01.71
420.12 01.70
424.32 01.69
428.56 01.67
432.85 01.64
437.18 01.61
441.55 01.58
445.96 01.56
450.42 01.52
454.93 01.51
459.48 01.49
464.07 01.48
468.71 01.47
473.40 01.46
478.13 01.45
482.91 01.43
487.74 01.42
492.62 01.41
497.55 01.40
502.52 01.39
507.55 01.40
512.62 01.39
517.75 01.39
522.93 01.39
528.16 01.38
533.44 01.37
538.77 01.35
544.16 01.33
549.60 01.32
555.10 01.31
560.65 01.30
566.25 01.30
571.92 01.31
577.64 01.31
583.41 01.33
589.25 01.35
595.14 01.37
601.09 01.40
607.10 01.41
613.17 01.42
619.30 01.44
625.50 01.46
631.75 01.48
638.07 01.52
644.45 01.56
650.89 01.61
657.40 01.65
663.98 01.70
670.62 01.75
677.32 01.78
684.10 01.80
690.94 01.84
697.85 01.87
704.83 01.89
711.87 01.92
718.99 01.96
726.18 01.99
733.44 02.01
740.78 02.03
748.19 02.03
755.67 02.03
763.23 02.01
770.86 02.00
778.57 01.97
786.35 01.95
794.22 01.92
802.16 01.89
810.18 01.87
818.28 01.84
826.46 01.81
834.73 01.78
843.08 01.73
851.51 01.68
860.02 01.61
868.62 01.52
877.31 01.44
886.08 01.34
894.94 01.24
903.89 01.15
912.93 01.05
922.06 00.96
931.28 00.85
940.59 00.75
950.00 00.64
959.50 00.53
969.09 00.41
978.78 00.29
988.57 00.16
998.46 00.03
1008.44 -00.11
1018.53 -00.25
1028.71 -00.39
1039.00 -00.54
1049.39 -00.69
1059.88 -00.84
1070.48 -00.98
1081.19 -01.13
1092.00 -01.28
1102.92 -01.42
1113.95 -01.57
1125.09 -01.71
1136.34 -01.86
1147.70 -02.00
1159.18 -02.14
1170.77 -02.28
1182.48 -02.42
1194.30 -02.55
1206.25 -02.68
1218.31 -02.80
1230.49 -02.93
1242.80 -03.04
1255.22 -03.15
1267.78 -03.25
1280.45 -03.34
1293.26 -03.43
1306.19 -03.51
1319.25 -03.59
1332.45 -03.66
1345.77 -03.74
1359.23 -03.81
1372.82 -03.87
1386.55 -03.93
1400.41 -04.00
1414.42 -04.06
1428.56 -04.12
1442.85 -04.17
1457.28 -04.22
1471.85 -04.27
1486.57 -04.31
1501.43 -04.34
1516.45 -04.38
1531.61 -04.40
1546.93 -04.43
1562.40 -04.43
1578.02 -04.43
1593.80 -04.41
1609.74 -04.39
1625.84 -04.35
1642.10 -04.30
1658.52 -04.24
1675.10 -04.18
1691.85 -04.11
1708.77 -04.04
1725.86 -03.98
1743.12 -03.91
1760.55 -03.83
1778.15 -03.75
1795.94 -03.66
1813.90 -03.56
1832.03 -03.45
1850.36 -03.35
1868.86 -03.24
1887.55 -03.13
1906.42 -03.02
1925.49 -02.92
1944.74 -02.83
1964.19 -02.75
1983.83 -02.66
2003.67 -02.59
2023.71 -02.59
2043.94 -02.59
2064.38 -02.60
2085.03 -02.61
2105.88 -02.62
2126.94 -02.62
2148.20 -02.58
2169.69 -02.55
2191.38 -02.53
2213.30 -02.51
2235.43 -02.50
2257.78 -02.54
2280.36 -02.61
2303.17 -02.67
2326.20 -02.75
2349.46 -02.84
2372.95 -02.86
2396.68 -02.83
2420.65 -02.81
2444.86 -02.79
2469.31 -02.78
2494.00 -02.77
2518.94 -02.80
2544.13 -02.84
2569.57 -02.88
2595.27 -02.93
2621.22 -02.98
2647.43 -03.05
2673.90 -03.13
2700.64 -03.22
2727.65 -03.34
2754.93 -03.50
2782.48 -03.69
2810.30 -03.97
2838.40 -04.37
2866.79 -04.82
2895.46 -05.33
2924.41 -05.91
2953.65 -06.54
2983.19 -07.22
3013.02 -07.97
3043.15 -08.76
3073.58 -09.52
3104.32 -10.25
3135.36 -10.86
3166.72 -11.35
3198.38 -11.67
3230.37 -11.84
3262.67 -11.86
3295.30 -11.79
3328.25 -11.65
3361.53 -11.49
3395.15 -11.29
3429.10 -11.11
3463.39 -10.96
3498.03 -10.84
3533.01 -10.75
3568.34 -10.71
3604.02 -10.71
3640.06 -10.73
3676.46 -10.78
3713.22 -10.81
3750.36 -10.86
3787.86 -10.82
3825.74 -10.76
3864.00 -10.70
3902.64 -10.61
3941.66 -10.49
3981.08 -10.34
4020.89 -10.25
4061.10 -10.20
4101.71 -10.05
4142.73 -09.82
4184.15 -09.49
4226.00 -09.02
4268.26 -08.42
4310.94 -07.70
4354.05 -07.03
4397.59 -06.51
4441.56 -06.22
4485.98 -06.16
4530.84 -06.13
4576.15 -06.20
4621.91 -06.39
4668.13 -06.69
4714.81 -07.09
4761.96 -07.49
4809.58 -07.65
4857.67 -08.04
4906.25 -08.70
4955.31 -09.63
5004.87 -10.61
5054.91 -11.07
5105.46 -11.16
5156.52 -10.84
5208.08 -10.19
5260.16 -09.35
5312.77 -08.45
5365.89 -07.69
5419.55 -06.94
5473.75 -06.21
5528.49 -05.52
5583.77 -04.87
5639.61 -04.55
5696.00 -04.37
5752.96 -04.23
5810.49 -04.11
5868.60 -03.99
5927.28 -03.85
5986.56 -03.70
6046.42 -03.58
6106.89 -03.46
6167.96 -03.33
6229.64 -03.23
6291.93 -03.14
6354.85 -03.12
6418.40 -03.14
6482.58 -03.23
6547.41 -03.37
6612.88 -03.55
6679.01 -03.78
6745.80 -04.17
6813.26 -04.64
6881.39 -05.09
6950.21 -05.45
7019.71 -05.65
7089.91 -05.62
7160.81 -05.42
7232.41 -05.04
7304.74 -04.55
7377.79 -04.02
7451.56 -03.47
7526.08 -02.87
7601.34 -02.19
7677.35 -01.55
7754.13 -00.98
7831.67 -00.49
7909.98 -00.08
7989.08 00.22
8068.98 00.33
8149.67 00.33
8231.16 00.23
8313.47 00.05
8396.61 -00.23
8480.57 -00.62
8565.38 -00.95
8651.03 -01.35
8737.54 -01.86
8824.92 -02.49
8913.17 -03.21
9002.30 -04.01
9092.32 -04.91
9183.25 -05.90
9275.08 -07.00
9367.83 -08.25
9461.51 -09.65
9556.12 -11.15
9651.68 -12.71
9748.20 -14.15
9845.68 -15.29
9944.14 -15.93
10043.58 -15.80
10144.02 -14.89
10245.46 -13.55
10347.91 -12.06
10451.39 -10.60
10555.91 -09.25
10661.46 -08.19
10768.08 -07.36
10875.76 -06.63
10984.52 -05.99
11094.36 -05.45
11205.31 -05.02
11317.36 -04.73
11430.53 -04.58
11544.84 -04.53
11660.29 -04.55
11776.89 -04.58
11894.66 -04.57
12013.60 -04.46
12133.74 -04.17
12255.08 -03.65
12377.63 -02.94
12501.41 -02.19
12626.42 -01.52
12752.68 -00.93
12880.21 -00.44
13009.01 -00.05
13139.10 00.24
13270.49 00.41
13403.20 00.47
13537.23 00.43
13672.60 00.27
13809.33 -00.04
13947.42 -00.49
14086.90 -01.04
14227.77 -01.62
14370.04 -02.14
14513.74 -02.55
14658.88 -02.81
14805.47 -02.85
14953.52 -02.65
15103.06 -02.36
15254.09 -02.02
15406.63 -01.67
15560.70 -01.30
15716.30 -00.94
15873.47 -00.63
16032.20 -00.40
16192.52 -00.24
16354.45 -00.20
16517.99 -00.27
16683.17 -00.43
16850.01 -00.70
17018.51 -00.99
17188.69 -00.95
17360.58 -00.90
17534.18 -00.85
17709.53 -00.80
17886.62 -00.69
18065.49 -00.49
18246.14 -00.20
18428.60 00.18
18612.89 00.59
18799.02 00.99
18987.01 01.31
19176.88 01.50
19368.65 01.57
19562.33 01.51
19757.96 01.32
19955.54 01.03
20000.00 00.95
