20.00 00.42
20.20 00.45
20.40 00.48
20.61 00.52
20.81 00.55
21.02 00.58
21.23 00.60
21.44 00.64
21.66 00.68
21.87 00.72
22.09 00.76
22.31 00.80
22.54 00.82
22.76 00.84
22.99 00.85
23.22 00.87
23.45 00.87
23.69 00.89
23.92 00.91
24.16 00.92
24.40 00.94
24.65 00.95
24.89 00.95
25.14 00.97
25.39 01.01
25.65 01.04
25.91 01.06
26.16 01.08
26.43 01.10
26.69 01.13
26.96 01.15
27.23 01.17
27.50 01.19
27.77 01.20
28.05 01.22
28.33 01.22
28.62 01.22
28.90 01.22
29.19 01.22
29.48 01.22
29.78 01.21
30.08 01.20
30.38 01.18
30.68 01.16
30.99 01.14
31.30 01.11
31.61 01.10
31.93 01.09
32.24 01.09
32.57 01.08
32.89 01.06
33.22 01.06
33.55 01.05
33.89 01.05
34.23 01.06
34.57 01.05
34.92 01.05
35.27 01.06
35.62 01.05
35.97 01.04
36.33 01.05
36.70 01.04
37.06 01.04
37.43 01.03
37.81 01.01
38.19 00.98
38.57 00.96
38.95 00.92
39.34 00.90
39.74 00.87
40.14 00.83
40.54 00.78
40.94 00.73
41.35 00.67
41.76 00.62
42.18 00.55
42.60 00.51
43.03 00.48
43.46 00.45
43.90 00.42
44.33 00.39
44.78 00.36
45.23 00.31
45.68 00.25
46.13 00.19
46.60 00.13
47.06 00.07
47.53 00.00
48.01 -00.05
48.49 -00.10
48.97 -00.15
49.46 -00.20
49.96 -00.25
50.46 -00.29
50.96 -00.34
51.47 -00.37
51.99 -00.41
52.51 -00.43
53.03 -00.43
53.56 -00.43
54.10 -00.40
54.64 -00.38
55.18 -00.32
55.74 -00.26
56.29 -00.17
56.86 -00.06
57.42 00.04
58.00 00.16
58.58 00.30
59.16 00.42
59.76 00.55
60.35 00.68
60.96 00.81
61.57 00.93
62.18 01.04
62.80 01.14
63.43 01.22
64.07 01.27
64.71 01.32
65.35 01.35
66.01 01.38
66.67 01.41
67.33 01.43
68.01 01.46
68.69 01.48
69.37 01.50
70.07 01.52
70.77 01.54
71.48 01.56
72.19 01.57
72.91 01.59
73.64 01.60
74.38 01.61
75.12 01.63
75.87 01.66
76.63 01.68
77.40 01.71
78.17 01.73
78.95 01.75
79.74 01.77
80.54 01.79
81.35 01.81
82.16 01.81
82.98 01.82
83.81 01.83
84.65 01.84
85.50 01.85
86.35 01.88
87.22 01.90
88.09 01.93
88.97 01.96
89.86 01.98
90.76 01.97
91.66 01.96
92.58 01.95
93.51 01.93
94.44 01.92
95.39 01.91
96.34 01.91
97.30 01.91
98.28 01.91
99.26 01.91
100.25 01.91
101.25 01.90
102.27 01.91
103.29 01.90
104.32 01.90
105.37 01.91
106.42 01.90
107.48 01.90
108.56 01.91
109.64 01.91
110.74 01.92
111.85 01.92
112.97 01.92
114.10 01.93
115.24 01.93
116.39 01.94
117.55 01.95
118.73 01.94
119.92 01.93
121.12 01.91
122.33 01.90
123.55 01.89
124.79 01.86
126.03 01.86
127.29 01.87
128.57 01.86
129.85 01.86
131.15 01.86
132.46 01.86
133.79 01.85
135.12 01.85
136.48 01.84
137.84 01.83
139.22 01.83
140.61 01.82
142.02 01.81
143.44 01.82
144.87 01.81
146.32 01.80
147.78 01.80
149.26 01.79
150.75 01.77
152.26 01.75
153.78 01.73
155.32 01.71
156.88 01.68
158.44 01.66
160.03 01.65
161.63 01.66
163.24 01.67
164.88 01.68
166.53 01.70
168.19 01.71
169.87 01.73
171.57 01.72
173.29 01.73
175.02 01.72
176.77 01.72
178.54 01.72
180.32 01.72
182.13 01.69
183.95 01.66
185.79 01.64
187.65 01.61
189.52 01.58
191.42 01.56
193.33 01.55
195.27 01.53
197.22 01.51
199.19 01.49
201.18 01.48
203.19 01.48
205.23 01.48
207.28 01.48
209.35 01.48
211.44 01.48
213.56 01.47
215.69 01.46
217.85 01.45
220.03 01.45
222.23 01.44
224.45 01.43
226.70 01.42
228.96 01.42
231.25 01.41
233.57 01.40
235.90 01.40
238.26 01.39
240.64 01.39
243.05 01.38
245.48 01.38
247.93 01.37
250.41 01.36
252.92 01.38
255.45 01.39
258.00 01.40
260.58 01.41
263.19 01.43
265.82 01.43
268.48 01.42
271.16 01.42
273.87 01.41
276.61 01.40
279.38 01.39
282.17 01.40
284.99 01.39
287.84 01.39
290.72 01.39
293.63 01.38
296.57 01.38
299.53 01.38
302.53 01.38
305.55 01.38
308.61 01.38
311.69 01.37
314.81 01.37
317.96 01.37
321.14 01.37
324.35 01.35
327.59 01.35
330.87 01.35
334.18 01.34
337.52 01.34
340.90 01.33
344.30 01.32
347.75 01.32
351.23 01.32
354.74 01.32
358.28 01.30
361.87 01.27
365.49 01.25
369.14 01.23
372.83 01.22
376.56 01.20
380.33 01.20
384.13 01.20
387.97 01.19
391.85 01.18
395.77 01.18
399.73 01.18
403.72 01.16
407.76 01.14
411.84 01.13
415.96 01.11
420.12 01.09
424.32 01.07
428.56 01.05
432.85 01.02
437.18 00.99
441.55 00.96
445.96 00.93
450.42 00.90
454.93 00.89
459.48 00.88
464.07 00.87
468.71 00.86
473.40 00.84
478.13 00.83
482.91 00.82
487.74 00.81
492.62 00.80
497.55 00.78
502.52 00.78
507.55 00.79
512.62 00.79
517.75 00.80
522.93 00.81
528.16 00.81
533.44 00.81
538.77 00.80
544.16 00.79
549.60 00.78
555.10 00.78
560.65 00.77
566.25 00.76
571.92 00.75
577.64 00.74
583.41 00.73
589.25 00.73
595.14 00.72
601.09 00.70
607.10 00.67
613.17 00.64
619.30 00.61
625.50 00.58
631.75 00.55
638.07 00.54
644.45 00.53
650.89 00.52
657.40 00.51
663.98 00.50
670.62 00.49
677.32 00.46
684.10 00.43
690.94 00.41
697.85 00.38
704.83 00.35
711.87 00.32
718.99 00.31
726.18 00.30
733.44 00.29
740.78 00.28
748.19 00.27
755.67 00.25
763.23 00.22
770.86 00.20
778.57 00.17
786.35 00.15
794.22 00.12
802.16 00.09
810.18 00.08
818.28 00.07
826.46 00.05
834.73 00.04
843.08 00.02
851.51 00.01
860.02 -00.02
868.62 -00.06
877.31 -00.09
886.08 -00.12
894.94 -00.15
903.89 -00.18
912.93 -00.19
922.06 -00.20
931.28 -00.21
940.59 -00.22
950.00 -00.23
959.50 -00.24
969.09 -00.25
978.78 -00.26
988.57 -00.26
998.46 -00.27
1008.44 -00.28
1018.53 -00.29
1028.71 -00.31
1039.00 -00.32
1049.39 -00.34
1059.88 -00.37
1070.48 -00.39
1081.19 -00.42
1092.00 -00.45
1102.92 -00.47
1113.95 -00.50
1125.09 -00.53
1136.34 -00.55
1147.70 -00.58
1159.18 -00.60
1170.77 -00.62
1182.48 -00.63
1194.30 -00.64
1206.25 -00.66
1218.31 -00.67
1230.49 -00.67
1242.80 -00.68
1255.22 -00.68
1267.78 -00.67
1280.45 -00.67
1293.26 -00.66
1306.19 -00.66
1319.25 -00.66
1332.45 -00.66
1345.77 -00.66
1359.23 -00.66
1372.82 -00.67
1386.55 -00.67
1400.41 -00.68
1414.42 -00.70
1428.56 -00.71
1442.85 -00.72
1457.28 -00.74
1471.85 -00.76
1486.57 -00.78
1501.43 -00.80
1516.45 -00.84
1531.61 -00.87
1546.93 -00.91
1562.40 -00.94
1578.02 -00.99
1593.80 -01.03
1609.74 -01.07
1625.84 -01.10
1642.10 -01.13
1658.52 -01.16
1675.10 -01.19
1691.85 -01.22
1708.77 -01.26
1725.86 -01.31
1743.12 -01.34
1760.55 -01.39
1778.15 -01.44
1795.94 -01.49
1813.90 -01.53
1832.03 -01.58
1850.36 -01.62
1868.86 -01.67
1887.55 -01.72
1906.42 -01.77
1925.49 -01.84
1944.74 -01.91
1964.19 -01.97
1983.83 -02.03
2003.67 -02.08
2023.71 -02.21
2043.94 -02.32
2064.38 -02.43
2085.03 -02.54
2105.88 -02.66
2126.94 -02.74
2148.20 -02.79
2169.69 -02.84
2191.38 -02.89
2213.30 -02.94
2235.43 -02.99
2257.78 -03.10
2280.36 -03.22
2303.17 -03.34
2326.20 -03.47
2349.46 -03.61
2372.95 -03.68
2396.68 -03.69
2420.65 -03.70
2444.86 -03.71
2469.31 -03.73
2494.00 -03.75
2518.94 -03.80
2544.13 -03.85
2569.57 -03.90
2595.27 -03.93
2621.22 -03.96
2647.43 -03.98
2673.90 -03.97
2700.64 -03.97
2727.65 -03.95
2754.93 -03.93
2782.48 -03.90
2810.30 -03.89
2838.40 -03.95
2866.79 -04.00
2895.46 -04.04
2924.41 -04.08
2953.65 -04.11
2983.19 -04.12
3013.02 -04.17
3043.15 -04.24
3073.58 -04.30
3104.32 -04.35
3135.36 -04.39
3166.72 -04.43
3198.38 -04.45
3230.37 -04.48
3262.67 -04.49
3295.30 -04.50
3328.25 -04.49
3361.53 -04.46
3395.15 -04.37
3429.10 -04.28
3463.39 -04.16
3498.03 -04.01
3533.01 -03.83
3568.34 -03.65
3604.02 -03.48
3640.06 -03.29
3676.46 -03.08
3713.22 -02.84
3750.36 -02.60
3787.86 -02.25
3825.74 -01.88
3864.00 -01.50
3902.64 -01.11
3941.66 -00.71
3981.08 -00.31
4020.89 -00.02
4061.10 00.17
4101.71 00.36
4142.73 00.54
4184.15 00.69
4226.00 00.83
4268.26 00.98
4310.94 01.14
4354.05 01.24
4397.59 01.29
4441.56 01.28
4485.98 01.19
4530.84 01.20
4576.15 01.20
4621.91 01.13
4668.13 00.99
4714.81 00.77
4761.96 00.63
4809.58 00.84
4857.67 00.98
4906.25 01.07
4955.31 01.10
5004.87 01.12
5054.91 01.44
5105.46 01.73
5156.52 01.99
5208.08 02.25
5260.16 02.49
5312.77 02.70
5365.89 02.74
5419.55 02.80
5473.75 02.88
5528.49 02.98
5583.77 03.10
5639.61 02.95
5696.00 02.72
5752.96 02.51
5810.49 02.34
5868.60 02.21
5927.28 02.11
5986.56 02.05
6046.42 01.98
6106.89 01.92
6167.96 01.92
6229.64 01.94
6291.93 02.00
6354.85 02.10
6418.40 02.25
6482.58 02.43
6547.41 02.66
6612.88 02.95
6679.01 03.28
6745.80 03.55
6813.26 03.81
6881.39 04.12
6950.21 04.46
7019.71 04.80
7089.91 05.12
7160.81 05.34
7232.41 05.48
7304.74 05.54
7377.79 05.51
7451.56 05.39
7526.08 05.24
7601.34 05.12
7677.35 04.89
7754.13 04.55
7831.67 04.08
7909.98 03.48
7989.08 02.75
8068.98 01.81
8149.67 00.77
8231.16 -00.29
8313.47 -01.34
8396.61 -02.31
8480.57 -03.16
8565.38 -03.65
8651.03 -03.90
8737.54 -03.96
8824.92 -03.88
8913.17 -03.68
9002.30 -03.41
9092.32 -03.11
9183.25 -02.81
9275.08 -02.53
9367.83 -02.29
9461.51 -02.08
9556.12 -01.88
9651.68 -01.69
9748.20 -01.48
9845.68 -01.24
9944.14 -00.98
10043.58 -00.60
10144.02 -00.09
10245.46 00.46
10347.91 01.08
10451.39 01.72
10555.91 02.37
10661.46 02.85
10768.08 03.19
10875.76 03.49
10984.52 03.73
11094.36 03.91
11205.31 04.04
11317.36 04.09
11430.53 04.08
11544.84 04.01
11660.29 03.87
11776.89 03.68
11894.66 03.42
12013.60 03.12
12133.74 02.78
12255.08 02.42
12377.63 02.07
12501.41 01.71
12626.42 01.28
12752.68 00.84
12880.21 00.40
13009.01 -00.04
13139.10 -00.47
13270.49 -00.92
13403.20 -01.34
13537.23 -01.64
13672.60 -01.80
13809.33 -01.77
13947.42 -01.56
14086.90 -01.20
14227.77 -00.75
14370.04 -00.28
14513.74 00.20
14658.88 00.60
14805.47 00.94
14953.52 01.20
15103.06 01.34
15254.09 01.39
15406.63 01.37
15560.70 01.29
15716.30 01.11
15873.47 00.86
16032.20 00.52
16192.52 00.11
16354.45 -00.37
16517.99 -00.92
16683.17 -01.48
16850.01 -02.06
17018.51 -02.58
17188.69 -02.71
17360.58 -02.83
17534.18 -02.94
17709.53 -03.06
17886.62 -03.14
18065.49 -03.24
18246.14 -03.34
18428.60 -03.42
18612.89 -03.50
18799.02 -03.60
18987.01 -03.75
19176.88 -03.99
19368.65 -04.33
19562.33 -04.76
19757.96 -05.27
19955.54 -05.83
20000.00 -05.96
