20.00	04.00
20.20	03.98
20.40	03.97
20.61	03.96
20.81	03.94
21.02	03.92
21.23	03.92
21.44	03.92
21.66	03.92
21.87	03.91
22.09	03.91
22.31	03.89
22.54	03.87
22.76	03.84
22.99	03.83
23.22	03.80
23.45	03.78
23.69	03.76
23.92	03.74
24.16	03.72
24.40	03.70
24.65	03.67
24.89	03.66
25.14	03.66
25.39	03.66
25.65	03.65
25.91	03.65
26.16	03.64
26.43	03.64
26.69	03.64
26.96	03.63
27.23	03.63
27.50	03.61
27.77	03.61
28.05	03.59
28.33	03.57
28.62	03.56
28.90	03.54
29.19	03.53
29.48	03.51
29.78	03.48
30.08	03.45
30.38	03.43
30.68	03.40
30.99	03.36
31.30	03.35
31.61	03.34
31.93	03.34
32.24	03.34
32.57	03.32
32.89	03.32
33.22	03.32
33.55	03.32
33.89	03.34
34.23	03.35
34.57	03.35
34.92	03.37
35.27	03.38
35.62	03.38
35.97	03.40
36.33	03.40
36.70	03.42
37.06	03.42
37.43	03.42
37.81	03.42
38.19	03.41
38.57	03.40
38.95	03.39
39.34	03.39
39.74	03.38
40.14	03.35
40.54	03.33
40.94	03.31
41.35	03.29
41.76	03.26
42.18	03.25
42.60	03.26
43.03	03.28
43.46	03.29
43.90	03.30
44.33	03.32
44.78	03.33
45.23	03.32
45.68	03.32
46.13	03.32
46.60	03.32
47.06	03.31
47.53	03.33
48.01	03.35
48.49	03.37
48.97	03.39
49.46	03.41
49.96	03.44
50.46	03.46
50.96	03.48
51.47	03.49
51.99	03.52
52.51	03.54
53.03	03.56
53.56	03.59
54.10	03.60
54.64	03.63
55.18	03.66
55.74	03.69
56.29	03.73
56.86	03.76
57.42	03.80
58.00	03.85
58.58	03.89
59.16	03.93
59.76	03.97
60.35	04.02
60.96	04.06
61.57	04.11
62.18	04.14
62.80	04.17
63.43	04.16
64.07	04.17
64.71	04.16
65.35	04.15
66.01	04.15
66.67	04.14
67.33	04.14
68.01	04.14
68.69	04.14
69.37	04.14
70.07	04.14
70.77	04.14
71.48	04.13
72.19	04.13
72.91	04.13
73.64	04.12
74.38	04.12
75.12	04.14
75.87	04.14
76.63	04.16
77.40	04.16
78.17	04.18
78.95	04.18
79.74	04.19
80.54	04.19
81.35	04.19
82.16	04.18
82.98	04.19
83.81	04.19
84.65	04.20
85.50	04.22
86.35	04.24
87.22	04.26
88.09	04.29
88.97	04.32
89.86	04.31
90.76	04.30
91.66	04.29
92.58	04.28
93.51	04.27
94.44	04.27
95.39	04.28
96.34	04.29
97.30	04.29
98.28	04.30
99.26	04.31
100.25	04.31
101.25	04.33
102.27	04.33
103.29	04.34
104.32	04.35
105.37	04.36
106.42	04.37
107.48	04.38
108.56	04.39
109.64	04.41
110.74	04.42
111.85	04.43
112.97	04.45
114.10	04.46
115.24	04.47
116.39	04.49
117.55	04.49
118.73	04.49
119.92	04.48
121.12	04.48
122.33	04.48
123.55	04.47
124.79	04.48
126.03	04.49
127.29	04.50
128.57	04.51
129.85	04.53
131.15	04.54
132.46	04.55
133.79	04.57
135.12	04.58
136.48	04.59
137.84	04.60
139.22	04.61
140.61	04.62
142.02	04.64
143.44	04.65
144.87	04.65
146.32	04.67
147.78	04.68
149.26	04.68
150.75	04.68
152.26	04.68
153.78	04.68
155.32	04.68
156.88	04.68
158.44	04.68
160.03	04.72
161.63	04.76
163.24	04.79
164.88	04.83
166.53	04.87
168.19	04.90
169.87	04.92
171.57	04.95
173.29	04.97
175.02	04.99
176.77	05.01
178.54	05.03
180.32	05.03
182.13	05.02
183.95	05.01
185.79	05.00
187.65	04.99
189.52	04.99
191.42	04.98
193.33	04.97
195.27	04.95
197.22	04.93
199.19	04.91
201.18	04.90
203.19	04.88
205.23	04.85
207.28	04.82
209.35	04.78
211.44	04.72
213.56	04.66
215.69	04.59
217.85	04.51
220.03	04.43
222.23	04.34
224.45	04.25
226.70	04.16
228.96	04.06
231.25	03.97
233.57	03.89
235.90	03.80
238.26	03.73
240.64	03.66
243.05	03.60
245.48	03.56
247.93	03.52
250.41	03.52
252.92	03.52
255.45	03.52
258.00	03.55
260.58	03.57
263.19	03.60
265.82	03.62
268.48	03.63
271.16	03.66
273.87	03.68
276.61	03.70
279.38	03.72
282.17	03.74
284.99	03.76
287.84	03.77
290.72	03.77
293.63	03.77
296.57	03.77
299.53	03.76
302.53	03.73
305.55	03.70
308.61	03.66
311.69	03.62
314.81	03.56
317.96	03.50
321.14	03.42
324.35	03.36
327.59	03.29
330.87	03.23
334.18	03.17
337.52	03.11
340.90	03.07
344.30	03.04
347.75	03.03
351.23	03.02
354.74	03.00
358.28	03.00
361.87	03.00
365.49	03.00
369.14	03.01
372.83	03.01
376.56	03.03
380.33	03.04
384.13	03.05
387.97	03.04
391.85	03.03
395.77	03.02
399.73	02.97
403.72	02.91
407.76	02.85
411.84	02.77
415.96	02.69
420.12	02.60
424.32	02.50
428.56	02.39
432.85	02.28
437.18	02.17
441.55	02.07
445.96	01.97
450.42	01.89
454.93	01.83
459.48	01.78
464.07	01.73
468.71	01.70
473.40	01.67
478.13	01.65
482.91	01.64
487.74	01.63
492.62	01.63
497.55	01.64
502.52	01.66
507.55	01.68
512.62	01.71
517.75	01.74
522.93	01.76
528.16	01.78
533.44	01.78
538.77	01.78
544.16	01.77
549.60	01.77
555.10	01.76
560.65	01.75
566.25	01.74
571.92	01.73
577.64	01.71
583.41	01.69
589.25	01.67
595.14	01.65
601.09	01.60
607.10	01.55
613.17	01.49
619.30	01.43
625.50	01.35
631.75	01.28
638.07	01.21
644.45	01.13
650.89	01.04
657.40	00.96
663.98	00.88
670.62	00.78
677.32	00.69
684.10	00.60
690.94	00.50
697.85	00.41
704.83	00.33
711.87	00.26
718.99	00.19
726.18	00.13
733.44	00.06
740.78	00.00
748.19	-00.07
755.67	-00.15
763.23	-00.22
770.86	-00.29
778.57	-00.34
786.35	-00.38
794.22	-00.41
802.16	-00.42
810.18	-00.42
818.28	-00.42
826.46	-00.41
834.73	-00.40
843.08	-00.38
851.51	-00.38
860.02	-00.37
868.62	-00.36
877.31	-00.36
886.08	-00.36
894.94	-00.36
903.89	-00.35
912.93	-00.35
922.06	-00.34
931.28	-00.34
940.59	-00.33
950.00	-00.32
959.50	-00.29
969.09	-00.26
978.78	-00.22
988.57	-00.18
998.46	-00.15
1008.44	-00.14
1018.53	-00.14
1028.71	-00.17
1039.00	-00.23
1049.39	-00.31
1059.88	-00.41
1070.48	-00.54
1081.19	-00.68
1092.00	-00.84
1102.92	-01.00
1113.95	-01.15
1125.09	-01.27
1136.34	-01.36
1147.70	-01.41
1159.18	-01.41
1170.77	-01.39
1182.48	-01.34
1194.30	-01.28
1206.25	-01.21
1218.31	-01.14
1230.49	-01.07
1242.80	-01.02
1255.22	-00.98
1267.78	-00.97
1280.45	-00.97
1293.26	-00.99
1306.19	-01.03
1319.25	-01.07
1332.45	-01.12
1345.77	-01.16
1359.23	-01.21
1372.82	-01.27
1386.55	-01.34
1400.41	-01.41
1414.42	-01.49
1428.56	-01.58
1442.85	-01.66
1457.28	-01.75
1471.85	-01.84
1486.57	-01.93
1501.43	-02.05
1516.45	-02.17
1531.61	-02.29
1546.93	-02.39
1562.40	-02.49
1578.02	-02.55
1593.80	-02.60
1609.74	-02.63
1625.84	-02.65
1642.10	-02.67
1658.52	-02.70
1675.10	-02.73
1691.85	-02.78
1708.77	-02.83
1725.86	-02.88
1743.12	-02.95
1760.55	-03.02
1778.15	-03.09
1795.94	-03.15
1813.90	-03.21
1832.03	-03.27
1850.36	-03.31
1868.86	-03.34
1887.55	-03.35
1906.42	-03.36
1925.49	-03.36
1944.74	-03.36
1964.19	-03.34
1983.83	-03.33
2003.67	-03.39
2023.71	-03.43
2043.94	-03.48
2064.38	-03.53
2085.03	-03.56
2105.88	-03.57
2126.94	-03.54
2148.20	-03.51
2169.69	-03.49
2191.38	-03.46
2213.30	-03.44
2235.43	-03.46
2257.78	-03.50
2280.36	-03.53
2303.17	-03.58
2326.20	-03.63
2349.46	-03.62
2372.95	-03.58
2396.68	-03.56
2420.65	-03.55
2444.86	-03.57
2469.31	-03.59
2494.00	-03.65
2518.94	-03.73
2544.13	-03.82
2569.57	-03.91
2595.27	-04.01
2621.22	-04.10
2647.43	-04.18
2673.90	-04.23
2700.64	-04.26
2727.65	-04.29
2754.93	-04.28
2782.48	-04.31
2810.30	-04.40
2838.40	-04.48
2866.79	-04.55
2895.46	-04.61
2924.41	-04.66
2953.65	-04.68
2983.19	-04.71
3013.02	-04.76
3043.15	-04.79
3073.58	-04.82
3104.32	-04.84
3135.36	-04.87
3166.72	-04.89
3198.38	-04.90
3230.37	-04.89
3262.67	-04.87
3295.30	-04.83
3328.25	-04.79
3361.53	-04.72
3395.15	-04.65
3429.10	-04.58
3463.39	-04.49
3498.03	-04.41
3533.01	-04.34
3568.34	-04.30
3604.02	-04.26
3640.06	-04.21
3676.46	-04.15
3713.22	-04.07
3750.36	-04.05
3787.86	-04.00
3825.74	-03.93
3864.00	-03.85
3902.64	-03.75
3941.66	-03.64
3981.08	-03.52
4020.89	-03.43
4061.10	-03.34
4101.71	-03.29
4142.73	-03.29
4184.15	-03.32
4226.00	-03.45
4268.26	-03.68
4310.94	-04.00
4354.05	-04.41
4397.59	-04.90
4441.56	-05.48
4485.98	-05.75
4530.84	-05.91
4576.15	-06.16
4621.91	-06.49
4668.13	-06.90
4714.81	-07.18
4761.96	-06.97
4809.58	-06.81
4857.67	-06.66
4906.25	-06.53
4955.31	-06.38
5004.87	-06.24
5054.91	-06.06
5105.46	-05.85
5156.52	-05.60
5208.08	-05.32
5260.16	-05.11
5312.77	-05.18
5365.89	-05.24
5419.55	-05.29
5473.75	-05.33
5528.49	-05.36
5583.77	-05.52
5639.61	-05.72
5696.00	-05.89
5752.96	-06.03
5810.49	-06.14
5868.60	-06.21
5927.28	-06.25
5986.56	-06.30
6046.42	-06.33
6106.89	-06.31
6167.96	-06.26
6229.64	-06.17
6291.93	-06.06
6354.85	-05.91
6418.40	-05.74
6482.58	-05.53
6547.41	-05.27
6612.88	-04.94
6679.01	-04.66
6745.80	-04.37
6813.26	-04.00
6881.39	-03.55
6950.21	-03.03
7019.71	-02.46
7089.91	-01.91
7160.81	-01.36
7232.41	-00.85
7304.74	-00.40
7377.79	00.00
7451.56	00.36
7526.08	00.77
7601.34	01.11
7677.35	01.40
7754.13	01.62
7831.67	01.79
7909.98	01.90
7989.08	01.86
8068.98	01.75
8149.67	01.60
8231.16	01.42
8313.47	01.22
8396.61	01.00
8480.57	00.93
8565.38	00.87
8651.03	00.80
8737.54	00.67
8824.92	00.51
8913.17	00.31
9002.30	00.07
9092.32	-00.20
9183.25	-00.49
9275.08	-00.80
9367.83	-01.10
9461.51	-01.36
9556.12	-01.58
9651.68	-01.74
9748.20	-01.85
9845.68	-01.93
9944.14	-01.93
10043.58	-01.86
10144.02	-01.81
10245.46	-01.79
10347.91	-01.83
10451.39	-01.94
10555.91	-02.29
10661.46	-02.83
10768.08	-03.46
10875.76	-04.20
10984.52	-05.03
11094.36	-05.92
11205.31	-06.81
11317.36	-07.53
11430.53	-07.90
11544.84	-07.76
11660.29	-07.13
11776.89	-06.15
11894.66	-04.96
12013.60	-03.63
12133.74	-02.26
12255.08	-00.94
12377.63	00.25
12501.41	01.25
12626.42	02.13
12752.68	02.87
12880.21	03.49
13009.01	03.96
13139.10	04.26
13270.49	04.38
13403.20	04.38
13537.23	04.24
13672.60	03.98
13809.33	03.62
13947.42	03.22
14086.90	02.84
14227.77	02.56
14370.04	02.39
14513.74	02.32
14658.88	02.34
14805.47	02.43
14953.52	02.51
15103.06	02.60
15254.09	02.66
15406.63	02.68
15560.70	02.64
15716.30	02.59
15873.47	02.54
16032.20	02.50
16192.52	02.44
16354.45	02.35
16517.99	02.23
16683.17	02.08
16850.01	01.94
17018.51	02.17
17188.69	02.41
17360.58	02.60
17534.18	02.64
17709.53	02.43
17886.62	01.81
18065.49	00.69
18246.14	-00.85
18428.60	-02.65
18612.89	-04.34
18799.02	-05.43
18987.01	-05.80
19176.88	-05.69
19368.65	-05.47
19562.33	-05.29
19757.96	-05.20
19955.54	-05.18
20000.00	22.54
