20.00 -09.12
20.20 -09.00
20.40 -08.88
20.61 -08.75
20.81 -08.64
21.02 -08.62
21.23 -08.51
21.44 -08.40
21.66 -08.38
21.87 -08.28
22.09 -08.17
22.31 -08.06
22.54 -08.05
22.76 -07.94
22.99 -07.84
23.22 -07.73
23.45 -07.73
23.69 -07.62
23.92 -07.51
24.16 -07.41
24.40 -07.40
24.65 -07.20
24.89 -07.10
25.14 -07.09
25.39 -06.99
25.65 -06.88
25.91 -06.78
26.16 -06.68
26.43 -06.58
26.69 -06.48
26.96 -06.48
27.23 -06.38
27.50 -06.28
27.77 -06.29
28.05 -06.19
28.33 -06.10
28.62 -06.00
28.90 -05.91
29.19 -05.82
29.48 -05.73
29.78 -05.63
30.08 -05.55
30.38 -05.56
30.68 -05.47
30.99 -05.39
31.30 -05.40
31.61 -05.32
31.93 -05.34
32.24 -05.25
32.57 -05.17
32.89 -05.09
33.22 -05.11
33.55 -05.03
33.89 -04.94
34.23 -04.86
34.57 -04.78
34.92 -04.70
35.27 -04.62
35.62 -04.54
35.97 -04.47
36.33 -04.39
36.70 -04.31
37.06 -04.14
37.43 -04.07
37.81 -03.99
38.19 -03.92
38.57 -03.95
38.95 -03.88
39.34 -03.71
39.74 -03.64
40.14 -03.58
40.54 -03.51
40.94 -03.55
41.35 -03.49
41.76 -03.43
42.18 -03.47
42.60 -03.32
43.03 -03.36
43.46 -03.31
43.90 -03.25
44.33 -03.31
44.78 -03.26
45.23 -03.11
45.68 -03.06
46.13 -03.02
46.60 -03.07
47.06 -03.03
47.53 -02.98
48.01 -02.94
48.49 -02.90
48.97 -02.76
49.46 -02.71
49.96 -02.57
50.46 -02.54
50.96 -02.40
51.47 -02.26
51.99 -02.23
52.51 -02.09
53.03 -02.06
53.56 -02.03
54.10 -01.99
54.64 -01.96
55.18 -01.94
55.74 -01.91
56.29 -01.78
56.86 -01.75
57.42 -01.73
58.00 -01.70
58.58 -01.68
59.16 -01.65
59.76 -01.52
60.35 -01.40
60.96 -01.37
61.57 -01.34
62.18 -01.31
62.80 -01.28
63.43 -01.25
64.07 -01.21
64.71 -01.18
65.35 -01.24
66.01 -01.20
66.67 -01.26
67.33 -01.22
68.01 -01.17
68.69 -01.02
69.37 -00.98
70.07 -00.93
70.77 -00.88
71.48 -00.84
72.19 -00.89
72.91 -00.85
73.64 -00.80
74.38 -00.76
75.12 -00.72
75.87 -00.68
76.63 -00.65
77.40 -00.61
78.17 -00.58
78.95 -00.54
79.74 -00.41
80.54 -00.38
81.35 -00.35
82.16 -00.32
82.98 -00.29
83.81 -00.26
84.65 -00.23
85.50 -00.10
86.35 -00.07
87.22 00.06
88.09 00.09
88.97 00.12
89.86 00.25
90.76 00.28
91.66 00.31
92.58 00.34
93.51 00.37
94.44 00.30
95.39 00.43
96.34 00.46
97.30 00.49
98.28 00.52
99.26 00.55
100.25 00.57
101.25 00.60
102.27 00.73
103.29 00.75
104.32 00.78
105.37 00.80
106.42 00.83
107.48 00.85
108.56 00.87
109.64 00.90
110.74 00.92
111.85 00.94
112.97 00.96
114.10 01.08
115.24 01.10
116.39 01.12
117.55 01.13
118.73 01.15
119.92 01.16
121.12 01.08
122.33 01.09
123.55 01.10
124.79 01.12
126.03 01.13
127.29 01.14
128.57 01.15
129.85 01.16
131.15 01.16
132.46 01.17
133.79 01.18
135.12 01.28
136.48 01.29
137.84 01.30
139.22 01.30
140.61 01.30
142.02 01.31
143.44 01.31
144.87 01.31
146.32 01.32
147.78 01.32
149.26 01.32
150.75 01.32
152.26 01.32
153.78 01.32
155.32 01.33
156.88 01.33
158.44 01.23
160.03 01.23
161.63 01.33
163.24 01.33
164.88 01.33
166.53 01.33
168.19 01.33
169.87 01.34
171.57 01.34
173.29 01.34
175.02 01.35
176.77 01.35
178.54 01.36
180.32 01.37
182.13 01.37
183.95 01.38
185.79 01.39
187.65 01.40
189.52 01.40
191.42 01.41
193.33 01.32
195.27 01.33
197.22 01.34
199.19 01.35
201.18 01.36
203.19 01.37
205.23 01.38
207.28 01.39
209.35 01.40
211.44 01.51
213.56 01.42
215.69 01.42
217.85 01.43
220.03 01.44
222.23 01.45
224.45 01.46
226.70 01.47
228.96 01.47
231.25 01.48
233.57 01.48
235.90 01.49
238.26 01.39
240.64 01.39
243.05 01.40
245.48 01.40
247.93 01.40
250.41 01.40
252.92 01.40
255.45 01.40
258.00 01.40
260.58 01.50
263.19 01.50
265.82 01.49
268.48 01.49
271.16 01.48
273.87 01.37
276.61 01.36
279.38 01.35
282.17 01.34
284.99 01.33
287.84 01.32
290.72 01.31
293.63 01.30
296.57 01.29
299.53 01.28
302.53 01.26
305.55 01.35
308.61 01.34
311.69 01.32
314.81 01.31
317.96 01.30
321.14 01.29
324.35 01.27
327.59 01.26
330.87 01.25
334.18 01.24
337.52 01.23
340.90 01.22
344.30 01.21
347.75 01.20
351.23 01.20
354.74 01.19
358.28 01.18
361.87 01.17
365.49 01.17
369.14 01.06
372.83 01.05
376.56 01.04
380.33 01.04
384.13 01.03
387.97 01.02
391.85 01.01
395.77 01.01
399.73 01.00
403.72 00.99
407.76 00.98
411.84 00.98
415.96 00.97
420.12 00.96
424.32 00.96
428.56 00.85
432.85 00.84
437.18 00.84
441.55 00.83
445.96 00.83
450.42 00.72
454.93 00.72
459.48 00.71
464.07 00.71
468.71 00.70
473.40 00.70
478.13 00.69
482.91 00.69
487.74 00.68
492.62 00.68
497.55 00.67
502.52 00.67
507.55 00.66
512.62 00.66
517.75 00.66
522.93 00.75
528.16 00.75
533.44 00.75
538.77 00.74
544.16 00.74
549.60 00.74
555.10 00.74
560.65 00.73
566.25 00.63
571.92 00.63
577.64 00.63
583.41 00.62
589.25 00.62
595.14 00.62
601.09 00.62
607.10 00.62
613.17 00.52
619.30 00.52
625.50 00.52
631.75 00.52
638.07 00.41
644.45 00.41
650.89 00.41
657.40 00.41
663.98 00.41
670.62 00.41
677.32 00.31
684.10 00.31
690.94 00.31
697.85 00.32
704.83 00.22
711.87 00.22
718.99 00.22
726.18 00.23
733.44 00.23
740.78 00.24
748.19 00.25
755.67 00.26
763.23 00.27
770.86 00.28
778.57 00.28
786.35 00.29
794.22 00.30
802.16 00.31
810.18 00.32
818.28 00.33
826.46 00.34
834.73 00.35
843.08 00.46
851.51 00.47
860.02 00.38
868.62 00.39
877.31 00.39
886.08 00.40
894.94 00.30
903.89 00.31
912.93 00.31
922.06 00.31
931.28 00.31
940.59 00.31
950.00 00.31
959.50 00.31
969.09 00.31
978.78 00.31
988.57 00.30
998.46 00.29
1008.44 00.29
1018.53 00.28
1028.71 00.27
1039.00 00.26
1049.39 00.24
1059.88 00.21
1070.48 00.19
1081.19 00.15
1092.00 00.12
1102.92 00.08
1113.95 00.04
1125.09 -00.01
1136.34 -00.16
1147.70 -00.22
1159.18 -00.28
1170.77 -00.34
1182.48 -00.50
1194.30 -00.55
1206.25 -00.62
1218.31 -00.68
1230.49 -00.76
1242.80 -00.84
1255.22 -00.92
1267.78 -01.01
1280.45 -01.09
1293.26 -01.18
1306.19 -01.27
1319.25 -01.26
1332.45 -01.36
1345.77 -01.45
1359.23 -01.55
1372.82 -01.63
1386.55 -01.70
1400.41 -01.76
1414.42 -01.82
1428.56 -01.89
1442.85 -01.95
1457.28 -02.00
1471.85 -02.04
1486.57 -02.08
1501.43 -02.11
1516.45 -02.15
1531.61 -02.28
1546.93 -02.31
1562.40 -02.34
1578.02 -02.46
1593.80 -02.48
1609.74 -02.49
1625.84 -02.60
1642.10 -02.61
1658.52 -02.63
1675.10 -02.65
1691.85 -02.68
1708.77 -02.81
1725.86 -02.85
1743.12 -03.00
1760.55 -03.16
1778.15 -03.21
1795.94 -03.36
1813.90 -03.41
1832.03 -03.46
1850.36 -03.49
1868.86 -03.52
1887.55 -03.53
1906.42 -03.63
1925.49 -03.61
1944.74 -03.68
1964.19 -03.63
1983.83 -03.68
2003.67 -03.62
2023.71 -03.67
2043.94 -03.71
2064.38 -03.86
2085.03 -03.90
2105.88 -03.94
2126.94 -04.07
2148.20 -04.00
2169.69 -03.93
2191.38 -03.97
2213.30 -03.82
2235.43 -03.87
2257.78 -03.93
2280.36 -04.10
2303.17 -04.19
2326.20 -04.28
2349.46 -04.49
2372.95 -04.52
2396.68 -04.55
2420.65 -04.59
2444.86 -04.63
2469.31 -04.67
2494.00 -04.82
2518.94 -04.85
2544.13 -04.99
2569.57 -05.01
2595.27 -05.03
2621.22 -05.03
2647.43 -05.03
2673.90 -05.11
2700.64 -05.08
2727.65 -05.03
2754.93 -04.97
2782.48 -04.90
2810.30 -04.90
2838.40 -04.89
2866.79 -04.86
2895.46 -04.91
2924.41 -05.05
2953.65 -05.08
2983.19 -05.00
3013.02 -05.00
3043.15 -05.09
3073.58 -05.07
3104.32 -05.14
3135.36 -05.10
3166.72 -05.15
3198.38 -05.09
3230.37 -05.14
3262.67 -04.99
3295.30 -05.03
3328.25 -04.98
3361.53 -04.93
3395.15 -04.78
3429.10 -04.72
3463.39 -04.64
3498.03 -04.44
3533.01 -04.43
3568.34 -04.29
3604.02 -04.21
3640.06 -04.10
3676.46 -03.93
3713.22 -03.69
3750.36 -03.36
3787.86 -02.85
3825.74 -02.37
3864.00 -02.13
3902.64 -01.78
3941.66 -01.42
3981.08 -01.18
4020.89 -00.86
4061.10 -00.65
4101.71 -00.48
4142.73 -00.34
4184.15 -00.15
4226.00 -00.11
4268.26 -00.03
4310.94 00.21
4354.05 00.29
4397.59 00.41
4441.56 00.48
4485.98 00.40
4530.84 00.66
4576.15 00.88
4621.91 01.16
4668.13 01.30
4714.81 01.53
4761.96 01.85
4809.58 02.76
4857.67 03.67
4906.25 04.58
4955.31 05.07
5004.87 05.86
5054.91 06.43
5105.46 06.98
5156.52 07.79
5208.08 08.47
5260.16 09.10
5312.77 09.79
5365.89 10.13
5419.55 10.41
5473.75 10.54
5528.49 10.72
5583.77 10.95
5639.61 10.94
5696.00 10.50
5752.96 10.13
5810.49 09.93
5868.60 09.62
5927.28 09.37
5986.56 09.11
6046.42 08.62
6106.89 08.21
6167.96 07.69
6229.64 07.25
6291.93 06.72
6354.85 06.31
6418.40 05.94
6482.58 05.61
6547.41 05.35
6612.88 05.17
6679.01 05.09
6745.80 04.69
6813.26 04.79
6881.39 04.68
6950.21 04.76
7019.71 04.91
7089.91 05.06
7160.81 05.30
7232.41 05.67
7304.74 06.19
7377.79 06.85
7451.56 07.62
7526.08 08.48
7601.34 09.41
7677.35 10.16
7754.13 10.71
7831.67 10.98
7909.98 11.22
7989.08 11.35
8068.98 11.39
8149.67 11.41
8231.16 11.18
8313.47 10.77
8396.61 09.99
8480.57 08.83
8565.38 07.30
8651.03 05.95
8737.54 04.56
8824.92 03.44
8913.17 02.53
9002.30 01.69
9092.32 00.90
9183.25 00.20
9275.08 -00.52
9367.83 -01.09
9461.51 -01.74
9556.12 -02.07
9651.68 -02.19
9748.20 -02.19
9845.68 -02.26
9944.14 -02.25
10043.58 -02.13
10144.02 -01.74
10245.46 -01.24
10347.91 -00.53
10451.39 00.45
10555.91 01.40
10661.46 02.23
10768.08 02.80
10875.76 03.27
10984.52 03.76
11094.36 04.06
11205.31 04.29
11317.36 04.35
11430.53 04.43
11544.84 04.31
11660.29 04.07
11776.89 03.82
11894.66 03.68
12013.60 03.59
12133.74 03.42
12255.08 03.42
12377.63 03.50
12501.41 03.68
12626.42 03.73
12752.68 03.95
12880.21 04.13
13009.01 04.34
13139.10 04.68
13270.49 04.72
13403.20 04.64
13537.23 04.55
13672.60 04.42
13809.33 04.24
13947.42 04.01
14086.90 03.81
14227.77 03.42
14370.04 03.07
14513.74 02.45
14658.88 02.02
14805.47 01.48
14953.52 00.77
15103.06 00.51
15254.09 00.46
15406.63 00.37
15560.70 00.57
15716.30 01.16
15873.47 01.66
16032.20 02.20
16192.52 02.71
16354.45 03.16
16517.99 03.55
16683.17 03.98
16850.01 04.26
17018.51 04.48
17188.69 05.24
17360.58 05.72
17534.18 06.12
17709.53 06.53
17886.62 06.75
18065.49 06.91
18246.14 06.82
18428.60 06.57
18612.89 06.37
18799.02 06.08
18987.01 05.59
19176.88 04.95
19368.65 04.24
19562.33 03.33
19757.96 02.04
19955.54 00.81
20000.00 00.45
