20.00 02.62
20.20 02.65
20.40 02.69
20.61 02.72
20.81 02.75
21.02 02.78
21.23 02.81
21.44 02.83
21.66 02.87
21.87 02.89
22.09 02.92
22.31 02.94
22.54 02.96
22.76 02.96
22.99 02.97
23.22 02.98
23.45 02.98
23.69 02.99
23.92 03.02
24.16 03.03
24.40 03.06
24.65 03.08
24.89 03.10
25.14 03.12
25.39 03.16
25.65 03.18
25.91 03.21
26.16 03.23
26.43 03.26
26.69 03.28
26.96 03.30
27.23 03.31
27.50 03.32
27.77 03.33
28.05 03.35
28.33 03.38
28.62 03.41
28.90 03.44
29.19 03.47
29.48 03.49
29.78 03.52
30.08 03.54
30.38 03.52
30.68 03.51
30.99 03.48
31.30 03.46
31.61 03.45
31.93 03.44
32.24 03.44
32.57 03.43
32.89 03.43
33.22 03.43
33.55 03.42
33.89 03.45
34.23 03.47
34.57 03.50
34.92 03.52
35.27 03.55
35.62 03.57
35.97 03.59
36.33 03.61
36.70 03.62
37.06 03.64
37.43 03.66
37.81 03.68
38.19 03.68
38.57 03.70
38.95 03.71
39.34 03.73
39.74 03.73
40.14 03.73
40.54 03.71
40.94 03.67
41.35 03.63
41.76 03.61
42.18 03.57
42.60 03.53
43.03 03.52
43.46 03.50
43.90 03.49
44.33 03.47
44.78 03.45
45.23 03.44
45.68 03.44
46.13 03.43
46.60 03.42
47.06 03.41
47.53 03.40
48.01 03.45
48.49 03.49
48.97 03.54
49.46 03.58
49.96 03.63
50.46 03.67
50.96 03.72
51.47 03.77
51.99 03.83
52.51 03.88
53.03 03.93
53.56 03.94
54.10 03.96
54.64 03.96
55.18 03.97
55.74 03.99
56.29 04.01
56.86 04.03
57.42 04.06
58.00 04.08
58.58 04.11
59.16 04.14
59.76 04.16
60.35 04.18
60.96 04.21
61.57 04.24
62.18 04.27
62.80 04.31
63.43 04.31
64.07 04.28
64.71 04.26
65.35 04.24
66.01 04.22
66.67 04.20
67.33 04.20
68.01 04.21
68.69 04.22
69.37 04.23
70.07 04.24
70.77 04.26
71.48 04.27
72.19 04.28
72.91 04.29
73.64 04.30
74.38 04.31
75.12 04.32
75.87 04.35
76.63 04.40
77.40 04.43
78.17 04.47
78.95 04.50
79.74 04.54
80.54 04.57
81.35 04.60
82.16 04.62
82.98 04.66
83.81 04.68
84.65 04.71
85.50 04.75
86.35 04.79
87.22 04.84
88.09 04.89
88.97 04.93
89.86 04.97
90.76 04.99
91.66 04.99
92.58 04.99
93.51 05.00
94.44 05.00
95.39 05.01
96.34 05.03
97.30 05.05
98.28 05.07
99.26 05.09
100.25 05.10
101.25 05.12
102.27 05.14
103.29 05.15
104.32 05.17
105.37 05.17
106.42 05.18
107.48 05.19
108.56 05.19
109.64 05.19
110.74 05.19
111.85 05.20
112.97 05.19
114.10 05.19
115.24 05.20
116.39 05.19
117.55 05.19
118.73 05.17
119.92 05.15
121.12 05.13
122.33 05.11
123.55 05.09
124.79 05.06
126.03 05.05
127.29 05.04
128.57 05.04
129.85 05.04
131.15 05.04
132.46 05.03
133.79 05.03
135.12 05.03
136.48 05.01
137.84 05.01
139.22 05.00
140.61 04.99
142.02 04.98
143.44 04.96
144.87 04.94
146.32 04.92
147.78 04.90
149.26 04.88
150.75 04.84
152.26 04.81
153.78 04.77
155.32 04.73
156.88 04.68
158.44 04.64
160.03 04.60
161.63 04.59
163.24 04.57
164.88 04.56
166.53 04.55
168.19 04.53
169.87 04.52
171.57 04.49
173.29 04.46
175.02 04.43
176.77 04.40
178.54 04.37
180.32 04.35
182.13 04.32
183.95 04.29
185.79 04.27
187.65 04.23
189.52 04.21
191.42 04.20
193.33 04.19
195.27 04.17
197.22 04.17
199.19 04.15
201.18 04.15
203.19 04.15
205.23 04.15
207.28 04.15
209.35 04.14
211.44 04.14
213.56 04.13
215.69 04.11
217.85 04.09
220.03 04.07
222.23 04.05
224.45 04.03
226.70 04.01
228.96 03.99
231.25 03.98
233.57 03.95
235.90 03.93
238.26 03.92
240.64 03.91
243.05 03.89
245.48 03.87
247.93 03.86
250.41 03.84
252.92 03.84
255.45 03.83
258.00 03.83
260.58 03.83
263.19 03.81
265.82 03.80
268.48 03.77
271.16 03.75
273.87 03.71
276.61 03.69
279.38 03.65
282.17 03.62
284.99 03.59
287.84 03.55
290.72 03.53
293.63 03.49
296.57 03.46
299.53 03.42
302.53 03.39
305.55 03.36
308.61 03.32
311.69 03.30
314.81 03.26
317.96 03.22
321.14 03.17
324.35 03.13
327.59 03.10
330.87 03.05
334.18 03.01
337.52 02.96
340.90 02.93
344.30 02.88
347.75 02.85
351.23 02.80
354.74 02.77
358.28 02.71
361.87 02.64
365.49 02.58
369.14 02.53
372.83 02.47
376.56 02.42
380.33 02.39
384.13 02.36
387.97 02.34
391.85 02.31
395.77 02.30
399.73 02.27
403.72 02.24
407.76 02.21
411.84 02.18
415.96 02.15
420.12 02.11
424.32 02.07
428.56 02.03
432.85 01.98
437.18 01.93
441.55 01.87
445.96 01.82
450.42 01.76
454.93 01.72
459.48 01.68
464.07 01.63
468.71 01.59
473.40 01.55
478.13 01.52
482.91 01.48
487.74 01.46
492.62 01.43
497.55 01.41
502.52 01.40
507.55 01.39
512.62 01.40
517.75 01.40
522.93 01.40
528.16 01.40
533.44 01.40
538.77 01.37
544.16 01.35
549.60 01.33
555.10 01.30
560.65 01.28
566.25 01.26
571.92 01.25
577.64 01.23
583.41 01.22
589.25 01.21
595.14 01.21
601.09 01.21
607.10 01.19
613.17 01.18
619.30 01.17
625.50 01.16
631.75 01.17
638.07 01.19
644.45 01.21
650.89 01.23
657.40 01.26
663.98 01.29
670.62 01.32
677.32 01.33
684.10 01.35
690.94 01.35
697.85 01.36
704.83 01.35
711.87 01.34
718.99 01.33
726.18 01.31
733.44 01.28
740.78 01.24
748.19 01.20
755.67 01.17
763.23 01.14
770.86 01.11
778.57 01.09
786.35 01.06
794.22 01.05
802.16 01.02
810.18 01.01
818.28 01.00
826.46 01.00
834.73 00.99
843.08 00.98
851.51 00.96
860.02 00.90
868.62 00.84
877.31 00.78
886.08 00.71
894.94 00.64
903.89 00.58
912.93 00.52
922.06 00.47
931.28 00.41
940.59 00.36
950.00 00.30
959.50 00.23
969.09 00.17
978.78 00.09
988.57 00.02
998.46 -00.07
1008.44 -00.15
1018.53 -00.22
1028.71 -00.30
1039.00 -00.38
1049.39 -00.46
1059.88 -00.55
1070.48 -00.65
1081.19 -00.73
1092.00 -00.81
1102.92 -00.90
1113.95 -00.98
1125.09 -01.06
1136.34 -01.16
1147.70 -01.27
1159.18 -01.37
1170.77 -01.47
1182.48 -01.56
1194.30 -01.65
1206.25 -01.74
1218.31 -01.84
1230.49 -01.94
1242.80 -02.06
1255.22 -02.16
1267.78 -02.26
1280.45 -02.35
1293.26 -02.46
1306.19 -02.56
1319.25 -02.65
1332.45 -02.73
1345.77 -02.80
1359.23 -02.86
1372.82 -02.92
1386.55 -02.97
1400.41 -03.01
1414.42 -03.05
1428.56 -03.09
1442.85 -03.11
1457.28 -03.15
1471.85 -03.18
1486.57 -03.22
1501.43 -03.25
1516.45 -03.32
1531.61 -03.40
1546.93 -03.45
1562.40 -03.50
1578.02 -03.54
1593.80 -03.58
1609.74 -03.59
1625.84 -03.58
1642.10 -03.56
1658.52 -03.52
1675.10 -03.49
1691.85 -03.43
1708.77 -03.39
1725.86 -03.36
1743.12 -03.33
1760.55 -03.28
1778.15 -03.24
1795.94 -03.21
1813.90 -03.14
1832.03 -03.05
1850.36 -02.98
1868.86 -02.91
1887.55 -02.84
1906.42 -02.77
1925.49 -02.72
1944.74 -02.68
1964.19 -02.63
1983.83 -02.59
2003.67 -02.56
2023.71 -02.58
2043.94 -02.61
2064.38 -02.63
2085.03 -02.66
2105.88 -02.68
2126.94 -02.69
2148.20 -02.66
2169.69 -02.64
2191.38 -02.62
2213.30 -02.61
2235.43 -02.60
2257.78 -02.68
2280.36 -02.79
2303.17 -02.90
2326.20 -03.01
2349.46 -03.12
2372.95 -03.17
2396.68 -03.18
2420.65 -03.17
2444.86 -03.17
2469.31 -03.19
2494.00 -03.20
2518.94 -03.24
2544.13 -03.29
2569.57 -03.34
2595.27 -03.42
2621.22 -03.49
2647.43 -03.58
2673.90 -03.65
2700.64 -03.72
2727.65 -03.79
2754.93 -03.87
2782.48 -03.94
2810.30 -04.06
2838.40 -04.26
2866.79 -04.46
2895.46 -04.66
2924.41 -04.86
2953.65 -05.06
2983.19 -05.25
3013.02 -05.46
3043.15 -05.71
3073.58 -05.94
3104.32 -06.17
3135.36 -06.40
3166.72 -06.63
3198.38 -06.84
3230.37 -07.08
3262.67 -07.32
3295.30 -07.57
3328.25 -07.83
3361.53 -08.09
3395.15 -08.34
3429.10 -08.61
3463.39 -08.90
3498.03 -09.19
3533.01 -09.50
3568.34 -09.86
3604.02 -10.29
3640.06 -10.73
3676.46 -11.16
3713.22 -11.55
3750.36 -11.89
3787.86 -12.14
3825.74 -12.29
3864.00 -12.32
3902.64 -12.23
3941.66 -11.96
3981.08 -11.53
4020.89 -11.00
4061.10 -10.39
4101.71 -09.61
4142.73 -08.71
4184.15 -07.62
4226.00 -06.34
4268.26 -04.89
4310.94 -03.39
4354.05 -02.12
4397.59 -01.17
4441.56 -00.54
4485.98 -00.20
4530.84 00.18
4576.15 00.53
4621.91 00.73
4668.13 00.82
4714.81 00.81
4761.96 00.73
4809.58 00.74
4857.67 00.51
4906.25 00.00
4955.31 -00.78
5004.87 -01.73
5054.91 -02.61
5105.46 -03.42
5156.52 -04.07
5208.08 -04.48
5260.16 -04.62
5312.77 -04.56
5365.89 -04.40
5419.55 -04.05
5473.75 -03.59
5528.49 -03.02
5583.77 -02.42
5639.61 -02.03
5696.00 -01.75
5752.96 -01.48
5810.49 -01.25
5868.60 -01.05
5927.28 -00.91
5986.56 -00.82
6046.42 -00.87
6106.89 -00.98
6167.96 -01.10
6229.64 -01.22
6291.93 -01.30
6354.85 -01.32
6418.40 -01.29
6482.58 -01.20
6547.41 -01.05
6612.88 -00.87
6679.01 -00.64
6745.80 -00.53
6813.26 -00.47
6881.39 -00.40
6950.21 -00.31
7019.71 -00.25
7089.91 -00.21
7160.81 -00.27
7232.41 -00.39
7304.74 -00.55
7377.79 -00.77
7451.56 -01.03
7526.08 -01.25
7601.34 -01.30
7677.35 -01.37
7754.13 -01.43
7831.67 -01.45
7909.98 -01.42
7989.08 -01.31
8068.98 -01.21
8149.67 -01.04
8231.16 -00.78
8313.47 -00.44
8396.61 -00.04
8480.57 00.38
8565.38 00.93
8651.03 01.48
8737.54 02.00
8824.92 02.44
8913.17 02.83
9002.30 03.14
9092.32 03.31
9183.25 03.41
9275.08 03.44
9367.83 03.41
9461.51 03.30
9556.12 03.12
9651.68 02.86
9748.20 02.55
9845.68 02.18
9944.14 01.76
10043.58 01.43
10144.02 01.21
10245.46 01.00
10347.91 00.78
10451.39 00.59
10555.91 00.40
10661.46 00.05
10768.08 -00.42
10875.76 -00.84
10984.52 -01.22
11094.36 -01.55
11205.31 -01.84
11317.36 -02.18
11430.53 -02.49
11544.84 -02.77
11660.29 -02.99
11776.89 -03.13
11894.66 -02.91
12013.60 -02.49
12133.74 -01.96
12255.08 -01.30
12377.63 -00.58
12501.41 00.16
12626.42 00.72
12752.68 01.22
12880.21 01.64
13009.01 01.97
13139.10 02.23
13270.49 02.20
13403.20 01.94
13537.23 01.59
13672.60 01.16
13809.33 00.63
13947.42 00.01
14086.90 -00.62
14227.77 -01.23
14370.04 -01.81
14513.74 -02.30
14658.88 -02.67
14805.47 -02.93
14953.52 -03.11
15103.06 -03.14
15254.09 -03.08
15406.63 -02.97
15560.70 -02.84
15716.30 -02.67
15873.47 -02.52
16032.20 -02.39
16192.52 -02.32
16354.45 -02.30
16517.99 -02.33
16683.17 -02.42
16850.01 -02.58
17018.51 -02.76
17188.69 -02.59
17360.58 -02.52
17534.18 -02.56
17709.53 -02.71
17886.62 -02.95
18065.49 -03.41
18246.14 -04.17
18428.60 -04.96
18612.89 -05.75
18799.02 -06.51
18987.01 -07.23
19176.88 -07.92
19368.65 -08.54
19562.33 -09.12
19757.96 -09.64
19955.54 -10.15
20000.00 -10.26
