20.00 -06.76
20.20 -06.68
20.40 -06.60
20.61 -06.52
20.81 -06.45
21.02 -06.37
21.23 -06.30
21.44 -06.22
21.66 -06.13
21.87 -06.04
22.09 -05.96
22.31 -05.88
22.54 -05.82
22.76 -05.76
22.99 -05.71
23.22 -05.65
23.45 -05.61
23.69 -05.55
23.92 -05.50
24.16 -05.45
24.40 -05.40
24.65 -05.35
24.89 -05.31
25.14 -05.25
25.39 -05.18
25.65 -05.11
25.91 -05.05
26.16 -04.98
26.43 -04.92
26.69 -04.85
26.96 -04.78
27.23 -04.72
27.50 -04.66
27.77 -04.60
28.05 -04.53
28.33 -04.49
28.62 -04.44
28.90 -04.39
29.19 -04.34
29.48 -04.29
29.78 -04.25
30.08 -04.20
30.38 -04.17
30.68 -04.13
30.99 -04.10
31.30 -04.07
31.61 -04.02
31.93 -03.98
32.24 -03.92
32.57 -03.87
32.89 -03.82
33.22 -03.77
33.55 -03.72
33.89 -03.65
34.23 -03.58
34.57 -03.52
34.92 -03.45
35.27 -03.38
35.62 -03.32
35.97 -03.25
36.33 -03.18
36.70 -03.12
37.06 -03.04
37.43 -02.98
37.81 -02.93
38.19 -02.88
38.57 -02.83
38.95 -02.79
39.34 -02.74
39.74 -02.69
40.14 -02.65
40.54 -02.63
40.94 -02.61
41.35 -02.58
41.76 -02.56
42.18 -02.55
42.60 -02.53
43.03 -02.48
43.46 -02.44
43.90 -02.39
44.33 -02.35
44.78 -02.31
45.23 -02.29
45.68 -02.27
46.13 -02.27
46.60 -02.26
47.06 -02.26
47.53 -02.26
48.01 -02.25
48.49 -02.24
48.97 -02.24
49.46 -02.24
49.96 -02.25
50.46 -02.26
50.96 -02.27
51.47 -02.29
51.99 -02.31
52.51 -02.33
53.03 -02.35
53.56 -02.37
54.10 -02.39
54.64 -02.41
55.18 -02.42
55.74 -02.43
56.29 -02.42
56.86 -02.40
57.42 -02.39
58.00 -02.36
58.58 -02.31
59.16 -02.27
59.76 -02.22
60.35 -02.16
60.96 -02.08
61.57 -02.01
62.18 -01.93
62.80 -01.85
63.43 -01.78
64.07 -01.72
64.71 -01.66
65.35 -01.61
66.01 -01.55
66.67 -01.49
67.33 -01.43
68.01 -01.36
68.69 -01.30
69.37 -01.24
70.07 -01.18
70.77 -01.12
71.48 -01.07
72.19 -01.01
72.91 -00.96
73.64 -00.92
74.38 -00.87
75.12 -00.82
75.87 -00.76
76.63 -00.71
77.40 -00.64
78.17 -00.59
78.95 -00.53
79.74 -00.48
80.54 -00.44
81.35 -00.39
82.16 -00.35
82.98 -00.32
83.81 -00.28
84.65 -00.24
85.50 -00.20
86.35 -00.15
87.22 -00.10
88.09 -00.05
88.97 00.01
89.86 00.05
90.76 00.07
91.66 00.07
92.58 00.09
93.51 00.09
94.44 00.10
95.39 00.11
96.34 00.14
97.30 00.16
98.28 00.17
99.26 00.20
100.25 00.21
101.25 00.22
102.27 00.25
103.29 00.26
104.32 00.26
105.37 00.28
106.42 00.29
107.48 00.29
108.56 00.30
109.64 00.30
110.74 00.32
111.85 00.32
112.97 00.32
114.10 00.33
115.24 00.33
116.39 00.33
117.55 00.34
118.73 00.33
119.92 00.33
121.12 00.31
122.33 00.30
123.55 00.29
124.79 00.28
126.03 00.28
127.29 00.29
128.57 00.29
129.85 00.30
131.15 00.31
132.46 00.31
133.79 00.31
135.12 00.33
136.48 00.33
137.84 00.33
139.22 00.33
140.61 00.33
142.02 00.33
143.44 00.33
144.87 00.33
146.32 00.32
147.78 00.33
149.26 00.32
150.75 00.31
152.26 00.29
153.78 00.28
155.32 00.26
156.88 00.24
158.44 00.22
160.03 00.21
161.63 00.22
163.24 00.24
164.88 00.26
166.53 00.27
168.19 00.29
169.87 00.30
171.57 00.29
173.29 00.30
175.02 00.29
176.77 00.28
178.54 00.28
180.32 00.27
182.13 00.24
183.95 00.21
185.79 00.19
187.65 00.16
189.52 00.13
191.42 00.11
193.33 00.09
195.27 00.08
197.22 00.06
199.19 00.04
201.18 00.03
203.19 00.03
205.23 00.03
207.28 00.02
209.35 00.02
211.44 00.02
213.56 00.00
215.69 -00.02
217.85 -00.03
220.03 -00.05
222.23 -00.06
224.45 -00.08
226.70 -00.09
228.96 -00.11
231.25 -00.12
233.57 -00.14
235.90 -00.15
238.26 -00.16
240.64 -00.17
243.05 -00.18
245.48 -00.18
247.93 -00.19
250.41 -00.19
252.92 -00.18
255.45 -00.16
258.00 -00.15
260.58 -00.13
263.19 -00.11
265.82 -00.10
268.48 -00.10
271.16 -00.10
273.87 -00.10
276.61 -00.10
279.38 -00.11
282.17 -00.10
284.99 -00.10
287.84 -00.10
290.72 -00.09
293.63 -00.10
296.57 -00.09
299.53 -00.09
302.53 -00.08
305.55 -00.08
308.61 -00.07
311.69 -00.07
314.81 -00.07
317.96 -00.06
321.14 -00.06
324.35 -00.07
327.59 -00.06
330.87 -00.06
334.18 -00.06
337.52 -00.05
340.90 -00.06
344.30 -00.05
347.75 -00.05
351.23 -00.04
354.74 -00.04
358.28 -00.05
361.87 -00.07
365.49 -00.09
369.14 -00.10
372.83 -00.11
376.56 -00.12
380.33 -00.12
384.13 -00.11
387.97 -00.11
391.85 -00.11
395.77 -00.11
399.73 -00.10
403.72 -00.11
407.76 -00.12
411.84 -00.12
415.96 -00.13
420.12 -00.14
424.32 -00.15
428.56 -00.15
432.85 -00.17
437.18 -00.19
441.55 -00.20
445.96 -00.21
450.42 -00.23
454.93 -00.22
459.48 -00.22
464.07 -00.22
468.71 -00.22
473.40 -00.22
478.13 -00.21
482.91 -00.21
487.74 -00.21
492.62 -00.21
497.55 -00.21
502.52 -00.20
507.55 -00.18
512.62 -00.17
517.75 -00.15
522.93 -00.13
528.16 -00.12
533.44 -00.12
538.77 -00.12
544.16 -00.12
549.60 -00.12
555.10 -00.12
560.65 -00.12
566.25 -00.12
571.92 -00.12
577.64 -00.12
583.41 -00.13
589.25 -00.13
595.14 -00.13
601.09 -00.13
607.10 -00.15
613.17 -00.17
619.30 -00.18
625.50 -00.20
631.75 -00.22
638.07 -00.22
644.45 -00.21
650.89 -00.21
657.40 -00.20
663.98 -00.20
670.62 -00.19
677.32 -00.20
684.10 -00.21
690.94 -00.21
697.85 -00.22
704.83 -00.23
711.87 -00.23
718.99 -00.22
726.18 -00.21
733.44 -00.20
740.78 -00.18
748.19 -00.17
755.67 -00.17
763.23 -00.18
770.86 -00.19
778.57 -00.20
786.35 -00.21
794.22 -00.24
802.16 -00.27
810.18 -00.31
818.28 -00.35
826.46 -00.40
834.73 -00.45
843.08 -00.51
851.51 -00.56
860.02 -00.63
868.62 -00.69
877.31 -00.72
886.08 -00.75
894.94 -00.76
903.89 -00.74
912.93 -00.70
922.06 -00.64
931.28 -00.58
940.59 -00.50
950.00 -00.43
959.50 -00.36
969.09 -00.29
978.78 -00.23
988.57 -00.16
998.46 -00.10
1008.44 -00.05
1018.53 00.00
1028.71 00.05
1039.00 00.10
1049.39 00.14
1059.88 00.19
1070.48 00.23
1081.19 00.27
1092.00 00.30
1102.92 00.34
1113.95 00.37
1125.09 00.40
1136.34 00.44
1147.70 00.47
1159.18 00.50
1170.77 00.53
1182.48 00.56
1194.30 00.59
1206.25 00.61
1218.31 00.64
1230.49 00.65
1242.80 00.67
1255.22 00.69
1267.78 00.70
1280.45 00.71
1293.26 00.71
1306.19 00.72
1319.25 00.71
1332.45 00.70
1345.77 00.69
1359.23 00.68
1372.82 00.68
1386.55 00.66
1400.41 00.65
1414.42 00.63
1428.56 00.61
1442.85 00.59
1457.28 00.57
1471.85 00.55
1486.57 00.52
1501.43 00.50
1516.45 00.46
1531.61 00.42
1546.93 00.37
1562.40 00.34
1578.02 00.29
1593.80 00.26
1609.74 00.22
1625.84 00.19
1642.10 00.16
1658.52 00.13
1675.10 00.11
1691.85 00.08
1708.77 00.05
1725.86 00.01
1743.12 -00.02
1760.55 -00.05
1778.15 -00.07
1795.94 -00.09
1813.90 -00.10
1832.03 -00.12
1850.36 -00.15
1868.86 -00.18
1887.55 -00.21
1906.42 -00.24
1925.49 -00.29
1944.74 -00.35
1964.19 -00.41
1983.83 -00.47
2003.67 -00.54
2023.71 -00.67
2043.94 -00.80
2064.38 -00.93
2085.03 -01.06
2105.88 -01.18
2126.94 -01.28
2148.20 -01.34
2169.69 -01.39
2191.38 -01.46
2213.30 -01.52
2235.43 -01.58
2257.78 -01.70
2280.36 -01.82
2303.17 -01.93
2326.20 -02.05
2349.46 -02.16
2372.95 -02.19
2396.68 -02.15
2420.65 -02.12
2444.86 -02.06
2469.31 -02.01
2494.00 -01.96
2518.94 -01.93
2544.13 -01.90
2569.57 -01.88
2595.27 -01.85
2621.22 -01.83
2647.43 -01.80
2673.90 -01.76
2700.64 -01.70
2727.65 -01.64
2754.93 -01.58
2782.48 -01.50
2810.30 -01.45
2838.40 -01.46
2866.79 -01.46
2895.46 -01.45
2924.41 -01.44
2953.65 -01.42
2983.19 -01.37
3013.02 -01.35
3043.15 -01.35
3073.58 -01.32
3104.32 -01.31
3135.36 -01.29
3166.72 -01.27
3198.38 -01.25
3230.37 -01.23
3262.67 -01.22
3295.30 -01.22
3328.25 -01.21
3361.53 -01.22
3395.15 -01.19
3429.10 -01.19
3463.39 -01.18
3498.03 -01.18
3533.01 -01.19
3568.34 -01.23
3604.02 -01.30
3640.06 -01.37
3676.46 -01.45
3713.22 -01.51
3750.36 -01.56
3787.86 -01.53
3825.74 -01.49
3864.00 -01.45
3902.64 -01.40
3941.66 -01.35
3981.08 -01.31
4020.89 -01.36
4061.10 -01.50
4101.71 -01.61
4142.73 -01.69
4184.15 -01.75
4226.00 -01.77
4268.26 -01.73
4310.94 -01.62
4354.05 -01.52
4397.59 -01.43
4441.56 -01.38
4485.98 -01.40
4530.84 -01.32
4576.15 -01.25
4621.91 -01.24
4668.13 -01.31
4714.81 -01.45
4761.96 -01.53
4809.58 -01.25
4857.67 -01.07
4906.25 -00.96
4955.31 -00.93
5004.87 -00.93
5054.91 -00.64
5105.46 -00.40
5156.52 -00.20
5208.08 -00.04
5260.16 00.07
5312.77 00.11
5365.89 -00.04
5419.55 -00.19
5473.75 -00.32
5528.49 -00.43
5583.77 -00.51
5639.61 -00.86
5696.00 -01.27
5752.96 -01.67
5810.49 -02.03
5868.60 -02.35
5927.28 -02.64
5986.56 -02.90
6046.42 -03.20
6106.89 -03.50
6167.96 -03.79
6229.64 -04.07
6291.93 -04.33
6354.85 -04.56
6418.40 -04.74
6482.58 -04.88
6547.41 -04.93
6612.88 -04.89
6679.01 -04.75
6745.80 -04.63
6813.26 -04.46
6881.39 -04.19
6950.21 -03.84
7019.71 -03.44
7089.91 -03.02
7160.81 -02.65
7232.41 -02.30
7304.74 -01.98
7377.79 -01.71
7451.56 -01.47
7526.08 -01.21
7601.34 -00.89
7677.35 -00.61
7754.13 -00.36
7831.67 -00.16
7909.98 00.01
7989.08 00.14
8068.98 00.13
8149.67 00.08
8231.16 00.00
8313.47 -00.11
8396.61 -00.24
8480.57 -00.39
8565.38 -00.40
8651.03 -00.37
8737.54 -00.36
8824.92 -00.39
8913.17 -00.42
9002.30 -00.47
9092.32 -00.55
9183.25 -00.62
9275.08 -00.71
9367.83 -00.81
9461.51 -00.90
9556.12 -00.97
9651.68 -01.01
9748.20 -01.01
9845.68 -00.97
9944.14 -00.88
10043.58 -00.66
10144.02 -00.32
10245.46 00.06
10347.91 00.47
10451.39 00.88
10555.91 01.29
10661.46 01.52
10768.08 01.62
10875.76 01.69
10984.52 01.73
11094.36 01.73
11205.31 01.69
11317.36 01.60
11430.53 01.46
11544.84 01.31
11660.29 01.13
11776.89 00.94
11894.66 00.73
12013.60 00.51
12133.74 00.29
12255.08 00.06
12377.63 -00.15
12501.41 -00.36
12626.42 -00.61
12752.68 -00.82
12880.21 -01.00
13009.01 -01.14
13139.10 -01.24
13270.49 -01.31
13403.20 -01.36
13537.23 -01.32
13672.60 -01.23
13809.33 -01.08
13947.42 -00.88
14086.90 -00.66
14227.77 -00.42
14370.04 -00.18
14513.74 00.07
14658.88 00.29
14805.47 00.50
14953.52 00.70
15103.06 00.84
15254.09 00.95
15406.63 01.07
15560.70 01.20
15716.30 01.30
15873.47 01.40
16032.20 01.45
16192.52 01.49
16354.45 01.45
16517.99 01.35
16683.17 01.18
16850.01 00.93
17018.51 00.65
17188.69 00.64
17360.58 00.53
17534.18 00.27
17709.53 -00.12
17886.62 -00.62
18065.49 -01.21
18246.14 -01.83
18428.60 -02.40
18612.89 -02.88
18799.02 -03.27
18987.01 -03.62
19176.88 -03.93
19368.65 -04.22
19562.33 -04.49
19757.96 -04.77
19955.54 -05.07
20000.00 -05.13
