20.00 -01.47
20.20 -01.44
20.40 -01.40
20.61 -01.37
20.81 -01.34
21.02 -01.31
21.23 -01.29
21.44 -01.25
21.66 -01.21
21.87 -01.17
22.09 -01.14
22.31 -01.09
22.54 -01.07
22.76 -01.06
22.99 -01.05
23.22 -01.03
23.45 -01.02
23.69 -01.00
23.92 -00.98
24.16 -00.97
24.40 -00.95
24.65 -00.93
24.89 -00.93
25.14 -00.90
25.39 -00.86
25.65 -00.83
25.91 -00.80
26.16 -00.77
26.43 -00.75
26.69 -00.71
26.96 -00.68
27.23 -00.66
27.50 -00.63
27.77 -00.61
28.05 -00.58
28.33 -00.57
28.62 -00.56
28.90 -00.54
29.19 -00.53
29.48 -00.52
29.78 -00.51
30.08 -00.50
30.38 -00.51
30.68 -00.51
30.99 -00.52
31.30 -00.52
31.61 -00.51
31.93 -00.51
32.24 -00.49
32.57 -00.47
32.89 -00.46
33.22 -00.45
33.55 -00.43
33.89 -00.40
34.23 -00.37
34.57 -00.34
34.92 -00.32
35.27 -00.28
35.62 -00.26
35.97 -00.23
36.33 -00.20
36.70 -00.17
37.06 -00.14
37.43 -00.11
37.81 -00.10
38.19 -00.08
38.57 -00.07
38.95 -00.06
39.34 -00.05
39.74 -00.03
40.14 -00.03
40.54 -00.03
40.94 -00.04
41.35 -00.05
41.76 -00.05
42.18 -00.07
42.60 -00.06
43.03 -00.04
43.46 -00.02
43.90 00.01
44.33 00.03
44.78 00.06
45.23 00.07
45.68 00.08
46.13 00.08
46.60 00.09
47.06 00.10
47.53 00.10
48.01 00.12
48.49 00.15
48.97 00.17
49.46 00.20
49.96 00.22
50.46 00.25
50.96 00.27
51.47 00.29
51.99 00.30
52.51 00.33
53.03 00.35
53.56 00.37
54.10 00.39
54.64 00.39
55.18 00.41
55.74 00.43
56.29 00.46
56.86 00.48
57.42 00.50
58.00 00.52
58.58 00.56
59.16 00.58
59.76 00.61
60.35 00.63
60.96 00.66
61.57 00.69
62.18 00.72
62.80 00.74
63.43 00.75
64.07 00.74
64.71 00.74
65.35 00.73
66.01 00.72
66.67 00.72
67.33 00.72
68.01 00.73
68.69 00.74
69.37 00.75
70.07 00.76
70.77 00.77
71.48 00.78
72.19 00.79
72.91 00.80
73.64 00.81
74.38 00.82
75.12 00.83
75.87 00.86
76.63 00.88
77.40 00.91
78.17 00.93
78.95 00.96
79.74 00.98
80.54 01.00
81.35 01.02
82.16 01.03
82.98 01.04
83.81 01.07
84.65 01.08
85.50 01.10
86.35 01.13
87.22 01.16
88.09 01.19
88.97 01.22
89.86 01.25
90.76 01.25
91.66 01.24
92.58 01.23
93.51 01.22
94.44 01.21
95.39 01.21
96.34 01.23
97.30 01.23
98.28 01.23
99.26 01.25
100.25 01.25
101.25 01.25
102.27 01.27
103.29 01.27
104.32 01.27
105.37 01.28
106.42 01.28
107.48 01.28
108.56 01.29
109.64 01.29
110.74 01.30
111.85 01.30
112.97 01.30
114.10 01.31
115.24 01.31
116.39 01.31
117.55 01.32
118.73 01.31
119.92 01.29
121.12 01.27
122.33 01.26
123.55 01.25
124.79 01.22
126.03 01.22
127.29 01.23
128.57 01.23
129.85 01.22
131.15 01.23
132.46 01.23
133.79 01.22
135.12 01.23
136.48 01.22
137.84 01.22
139.22 01.23
140.61 01.22
142.02 01.21
143.44 01.22
144.87 01.21
146.32 01.21
147.78 01.21
149.26 01.20
150.75 01.19
152.26 01.17
153.78 01.15
155.32 01.13
156.88 01.11
158.44 01.09
160.03 01.07
161.63 01.08
163.24 01.09
164.88 01.10
166.53 01.12
168.19 01.13
169.87 01.14
171.57 01.13
173.29 01.13
175.02 01.12
176.77 01.11
178.54 01.11
180.32 01.10
182.13 01.07
183.95 01.03
185.79 01.00
187.65 00.97
189.52 00.94
191.42 00.92
193.33 00.90
195.27 00.87
197.22 00.85
199.19 00.83
201.18 00.82
203.19 00.81
205.23 00.81
207.28 00.80
209.35 00.80
211.44 00.79
213.56 00.78
215.69 00.76
217.85 00.75
220.03 00.73
222.23 00.72
224.45 00.70
226.70 00.69
228.96 00.67
231.25 00.66
233.57 00.64
235.90 00.62
238.26 00.61
240.64 00.59
243.05 00.57
245.48 00.56
247.93 00.54
250.41 00.52
252.92 00.52
255.45 00.52
258.00 00.51
260.58 00.52
263.19 00.52
265.82 00.51
268.48 00.49
271.16 00.47
273.87 00.45
276.61 00.43
279.38 00.41
282.17 00.40
284.99 00.38
287.84 00.37
290.72 00.36
293.63 00.34
296.57 00.33
299.53 00.32
302.53 00.31
305.55 00.30
308.61 00.29
311.69 00.28
314.81 00.27
317.96 00.26
321.14 00.25
324.35 00.23
327.59 00.22
330.87 00.21
334.18 00.20
337.52 00.19
340.90 00.17
344.30 00.16
347.75 00.15
351.23 00.14
354.74 00.13
358.28 00.10
361.87 00.07
365.49 00.04
369.14 00.01
372.83 -00.01
376.56 -00.04
380.33 -00.06
384.13 -00.06
387.97 -00.07
391.85 -00.09
395.77 -00.10
399.73 -00.11
403.72 -00.14
407.76 -00.17
411.84 -00.18
415.96 -00.21
420.12 -00.23
424.32 -00.26
428.56 -00.28
432.85 -00.32
437.18 -00.35
441.55 -00.39
445.96 -00.41
450.42 -00.44
454.93 -00.45
459.48 -00.47
464.07 -00.48
468.71 -00.49
473.40 -00.51
478.13 -00.52
482.91 -00.53
487.74 -00.54
492.62 -00.55
497.55 -00.56
502.52 -00.56
507.55 -00.55
512.62 -00.55
517.75 -00.54
522.93 -00.53
528.16 -00.53
533.44 -00.52
538.77 -00.53
544.16 -00.53
549.60 -00.54
555.10 -00.55
560.65 -00.55
566.25 -00.56
571.92 -00.56
577.64 -00.57
583.41 -00.57
589.25 -00.58
595.14 -00.58
601.09 -00.59
607.10 -00.61
613.17 -00.63
619.30 -00.65
625.50 -00.67
631.75 -00.69
638.07 -00.69
644.45 -00.68
650.89 -00.68
657.40 -00.67
663.98 -00.66
670.62 -00.65
677.32 -00.66
684.10 -00.67
690.94 -00.67
697.85 -00.68
704.83 -00.68
711.87 -00.68
718.99 -00.66
726.18 -00.64
733.44 -00.63
740.78 -00.61
748.19 -00.59
755.67 -00.59
763.23 -00.59
770.86 -00.58
778.57 -00.59
786.35 -00.58
794.22 -00.58
802.16 -00.57
810.18 -00.54
818.28 -00.52
826.46 -00.50
834.73 -00.47
843.08 -00.44
851.51 -00.41
860.02 -00.40
868.62 -00.38
877.31 -00.36
886.08 -00.35
894.94 -00.33
903.89 -00.30
912.93 -00.27
922.06 -00.23
931.28 -00.19
940.59 -00.15
950.00 -00.11
959.50 -00.06
969.09 -00.02
978.78 00.04
988.57 00.09
998.46 00.14
1008.44 00.20
1018.53 00.26
1028.71 00.31
1039.00 00.37
1049.39 00.43
1059.88 00.49
1070.48 00.55
1081.19 00.61
1092.00 00.66
1102.92 00.72
1113.95 00.77
1125.09 00.82
1136.34 00.87
1147.70 00.92
1159.18 00.97
1170.77 01.01
1182.48 01.05
1194.30 01.08
1206.25 01.11
1218.31 01.13
1230.49 01.14
1242.80 01.15
1255.22 01.16
1267.78 01.16
1280.45 01.16
1293.26 01.16
1306.19 01.15
1319.25 01.14
1332.45 01.12
1345.77 01.11
1359.23 01.09
1372.82 01.07
1386.55 01.04
1400.41 01.01
1414.42 00.96
1428.56 00.91
1442.85 00.84
1457.28 00.75
1471.85 00.65
1486.57 00.54
1501.43 00.41
1516.45 00.24
1531.61 00.07
1546.93 -00.12
1562.40 -00.31
1578.02 -00.52
1593.80 -00.72
1609.74 -00.93
1625.84 -01.13
1642.10 -01.32
1658.52 -01.51
1675.10 -01.70
1691.85 -01.87
1708.77 -02.04
1725.86 -02.21
1743.12 -02.35
1760.55 -02.49
1778.15 -02.62
1795.94 -02.75
1813.90 -02.85
1832.03 -02.96
1850.36 -03.08
1868.86 -03.20
1887.55 -03.32
1906.42 -03.44
1925.49 -03.59
1944.74 -03.72
1964.19 -03.86
1983.83 -03.97
2003.67 -04.08
2023.71 -04.23
2043.94 -04.34
2064.38 -04.43
2085.03 -04.49
2105.88 -04.53
2126.94 -04.54
2148.20 -04.50
2169.69 -04.46
2191.38 -04.42
2213.30 -04.37
2235.43 -04.32
2257.78 -04.30
2280.36 -04.28
2303.17 -04.23
2326.20 -04.17
2349.46 -04.09
2372.95 -03.90
2396.68 -03.62
2420.65 -03.34
2444.86 -03.02
2469.31 -02.70
2494.00 -02.38
2518.94 -02.09
2544.13 -01.81
2569.57 -01.55
2595.27 -01.29
2621.22 -01.05
2647.43 -00.80
2673.90 -00.56
2700.64 -00.33
2727.65 -00.11
2754.93 00.09
2782.48 00.28
2810.30 00.41
2838.40 00.46
2866.79 00.49
2895.46 00.51
2924.41 00.50
2953.65 00.48
2983.19 00.46
3013.02 00.39
3043.15 00.28
3073.58 00.19
3104.32 00.08
3135.36 -00.02
3166.72 -00.15
3198.38 -00.28
3230.37 -00.44
3262.67 -00.62
3295.30 -00.83
3328.25 -01.06
3361.53 -01.32
3395.15 -01.58
3429.10 -01.88
3463.39 -02.21
3498.03 -02.56
3533.01 -02.93
3568.34 -03.31
3604.02 -03.69
3640.06 -04.01
3676.46 -04.25
3713.22 -04.38
3750.36 -04.43
3787.86 -04.31
3825.74 -04.11
3864.00 -03.86
3902.64 -03.59
3941.66 -03.31
3981.08 -03.07
4020.89 -02.96
4061.10 -02.98
4101.71 -03.00
4142.73 -03.04
4184.15 -03.08
4226.00 -03.10
4268.26 -03.07
4310.94 -02.98
4354.05 -02.88
4397.59 -02.78
4441.56 -02.68
4485.98 -02.64
4530.84 -02.50
4576.15 -02.40
4621.91 -02.41
4668.13 -02.53
4714.81 -02.76
4761.96 -02.95
4809.58 -02.80
4857.67 -02.75
4906.25 -02.80
4955.31 -02.99
5004.87 -03.29
5054.91 -03.37
5105.46 -03.54
5156.52 -03.74
5208.08 -03.89
5260.16 -03.96
5312.77 -03.96
5365.89 -04.04
5419.55 -04.07
5473.75 -04.06
5528.49 -04.04
5583.77 -04.04
5639.61 -04.34
5696.00 -04.76
5752.96 -05.21
5810.49 -05.68
5868.60 -06.15
5927.28 -06.62
5986.56 -07.05
6046.42 -07.46
6106.89 -07.79
6167.96 -08.00
6229.64 -08.12
6291.93 -08.13
6354.85 -08.07
6418.40 -07.93
6482.58 -07.75
6547.41 -07.55
6612.88 -07.34
6679.01 -07.16
6745.80 -07.14
6813.26 -07.24
6881.39 -07.38
6950.21 -07.55
7019.71 -07.71
7089.91 -07.79
7160.81 -07.73
7232.41 -07.43
7304.74 -06.88
7377.79 -06.17
7451.56 -05.36
7526.08 -04.45
7601.34 -03.44
7677.35 -02.46
7754.13 -01.52
7831.67 -00.64
7909.98 00.19
7989.08 00.97
8068.98 01.60
8149.67 02.16
8231.16 02.66
8313.47 03.08
8396.61 03.41
8480.57 03.62
8565.38 03.87
8651.03 04.06
8737.54 04.16
8824.92 04.14
8913.17 04.03
9002.30 03.82
9092.32 03.46
9183.25 02.95
9275.08 02.26
9367.83 01.39
9461.51 00.36
9556.12 -00.75
9651.68 -01.86
9748.20 -02.83
9845.68 -03.60
9944.14 -04.21
10043.58 -04.60
10144.02 -04.79
10245.46 -04.86
10347.91 -04.81
10451.39 -04.63
10555.91 -04.33
10661.46 -04.09
10768.08 -03.90
10875.76 -03.66
10984.52 -03.35
11094.36 -02.98
11205.31 -02.54
11317.36 -02.09
11430.53 -01.64
11544.84 -01.22
11660.29 -00.84
11776.89 -00.49
11894.66 -00.19
12013.60 00.09
12133.74 00.37
12255.08 00.66
12377.63 00.96
12501.41 01.23
12626.42 01.41
12752.68 01.56
12880.21 01.66
13009.01 01.72
13139.10 01.75
13270.49 01.71
13403.20 01.61
13537.23 01.48
13672.60 01.32
13809.33 01.12
13947.42 00.91
14086.90 00.70
14227.77 00.51
14370.04 00.36
14513.74 00.27
14658.88 00.19
14805.47 00.10
14953.52 -00.01
15103.06 -00.21
15254.09 -00.45
15406.63 -00.71
15560.70 -00.98
15716.30 -01.27
15873.47 -01.55
16032.20 -01.77
16192.52 -01.86
16354.45 -01.80
16517.99 -01.59
16683.17 -01.30
16850.01 -01.01
17018.51 -00.71
17188.69 -00.14
17360.58 00.33
17534.18 00.72
17709.53 01.02
17886.62 01.23
18065.49 01.29
18246.14 01.13
18428.60 00.75
18612.89 00.13
18799.02 -00.64
18987.01 -01.48
19176.88 -02.31
19368.65 -03.06
19562.33 -03.63
19757.96 -04.02
19955.54 -04.35
20000.00 -04.42
