20.00 04.28
20.20 04.28
20.40 04.28
20.61 04.29
20.81 04.29
21.02 04.29
21.23 04.28
21.44 04.29
21.66 04.31
21.87 04.32
22.09 04.33
22.31 04.34
22.54 04.33
22.76 04.32
22.99 04.31
23.22 04.30
23.45 04.28
23.69 04.27
23.92 04.26
24.16 04.25
24.40 04.24
24.65 04.23
24.89 04.21
25.14 04.21
25.39 04.22
25.65 04.23
25.91 04.23
26.16 04.23
26.43 04.23
26.69 04.24
26.96 04.24
27.23 04.24
27.50 04.24
27.77 04.24
28.05 04.24
28.33 04.23
28.62 04.21
28.90 04.20
29.19 04.18
29.48 04.17
29.78 04.15
30.08 04.13
30.38 04.10
30.68 04.08
30.99 04.04
31.30 04.01
31.61 04.00
31.93 03.98
32.24 03.98
32.57 03.98
32.89 03.96
33.22 03.96
33.55 03.95
33.89 03.96
34.23 03.97
34.57 03.98
34.92 03.98
35.27 03.99
35.62 03.99
35.97 04.00
36.33 04.01
36.70 04.01
37.06 04.02
37.43 04.02
37.81 04.01
38.19 03.99
38.57 03.98
38.95 03.96
39.34 03.94
39.74 03.93
40.14 03.90
40.54 03.87
40.94 03.83
41.35 03.79
41.76 03.75
42.18 03.70
42.60 03.67
43.03 03.66
43.46 03.64
43.90 03.63
44.33 03.61
44.78 03.59
45.23 03.57
45.68 03.52
46.13 03.48
46.60 03.44
47.06 03.40
47.53 03.35
48.01 03.33
48.49 03.30
48.97 03.27
49.46 03.25
49.96 03.22
50.46 03.20
50.96 03.17
51.47 03.15
51.99 03.12
52.51 03.10
53.03 03.07
53.56 03.05
54.10 03.04
54.64 03.01
55.18 02.99
55.74 02.97
56.29 02.97
56.86 02.97
57.42 02.95
58.00 02.95
58.58 02.96
59.16 02.96
59.76 02.96
60.35 02.97
60.96 02.98
61.57 02.99
62.18 03.01
62.80 03.02
63.43 03.03
64.07 03.02
64.71 03.02
65.35 03.02
66.01 03.03
66.67 03.04
67.33 03.07
68.01 03.10
68.69 03.14
69.37 03.18
70.07 03.23
70.77 03.27
71.48 03.31
72.19 03.35
72.91 03.39
73.64 03.42
74.38 03.45
75.12 03.47
75.87 03.51
76.63 03.54
77.40 03.57
78.17 03.58
78.95 03.61
79.74 03.62
80.54 03.63
81.35 03.64
82.16 03.64
82.98 03.64
83.81 03.66
84.65 03.67
85.50 03.70
86.35 03.74
87.22 03.79
88.09 03.84
88.97 03.91
89.86 03.97
90.76 04.00
91.66 04.03
92.58 04.06
93.51 04.08
94.44 04.10
95.39 04.11
96.34 04.14
97.30 04.15
98.28 04.16
99.26 04.17
100.25 04.16
101.25 04.14
102.27 04.13
103.29 04.10
104.32 04.07
105.37 04.05
106.42 04.02
107.48 03.99
108.56 03.96
109.64 03.93
110.74 03.90
111.85 03.86
112.97 03.81
114.10 03.78
115.24 03.73
116.39 03.67
117.55 03.62
118.73 03.54
119.92 03.45
121.12 03.35
122.33 03.25
123.55 03.15
124.79 03.03
126.03 02.93
127.29 02.84
128.57 02.73
129.85 02.62
131.15 02.51
132.46 02.40
133.79 02.28
135.12 02.16
136.48 02.04
137.84 01.91
139.22 01.79
140.61 01.65
142.02 01.51
143.44 01.38
144.87 01.24
146.32 01.10
147.78 00.96
149.26 00.81
150.75 00.65
152.26 00.50
153.78 00.34
155.32 00.19
156.88 00.02
158.44 -00.13
160.03 -00.28
161.63 -00.39
163.24 -00.50
164.88 -00.61
166.53 -00.72
168.19 -00.82
169.87 -00.91
171.57 -01.02
173.29 -01.11
175.02 -01.21
176.77 -01.30
178.54 -01.37
180.32 -01.44
182.13 -01.53
183.95 -01.60
185.79 -01.67
187.65 -01.73
189.52 -01.79
191.42 -01.83
193.33 -01.86
195.27 -01.89
197.22 -01.92
199.19 -01.93
201.18 -01.94
203.19 -01.93
205.23 -01.91
207.28 -01.89
209.35 -01.87
211.44 -01.83
213.56 -01.81
215.69 -01.78
217.85 -01.74
220.03 -01.69
222.23 -01.64
224.45 -01.59
226.70 -01.53
228.96 -01.47
231.25 -01.40
233.57 -01.33
235.90 -01.26
238.26 -01.18
240.64 -01.11
243.05 -01.03
245.48 -00.95
247.93 -00.88
250.41 -00.80
252.92 -00.69
255.45 -00.59
258.00 -00.50
260.58 -00.40
263.19 -00.29
265.82 -00.20
268.48 -00.11
271.16 -00.03
273.87 00.05
276.61 00.13
279.38 00.21
282.17 00.30
284.99 00.38
287.84 00.46
290.72 00.55
293.63 00.62
296.57 00.71
299.53 00.79
302.53 00.87
305.55 00.94
308.61 01.02
311.69 01.09
314.81 01.15
317.96 01.21
321.14 01.27
324.35 01.31
327.59 01.35
330.87 01.39
334.18 01.42
337.52 01.45
340.90 01.47
344.30 01.49
347.75 01.51
351.23 01.52
354.74 01.53
358.28 01.52
361.87 01.51
365.49 01.50
369.14 01.48
372.83 01.47
376.56 01.46
380.33 01.46
384.13 01.45
387.97 01.45
391.85 01.44
395.77 01.43
399.73 01.42
403.72 01.39
407.76 01.35
411.84 01.33
415.96 01.29
420.12 01.25
424.32 01.20
428.56 01.16
432.85 01.10
437.18 01.05
441.55 00.99
445.96 00.93
450.42 00.87
454.93 00.83
459.48 00.78
464.07 00.74
468.71 00.69
473.40 00.65
478.13 00.61
482.91 00.56
487.74 00.52
492.62 00.48
497.55 00.44
502.52 00.41
507.55 00.40
512.62 00.38
517.75 00.37
522.93 00.37
528.16 00.36
533.44 00.36
538.77 00.36
544.16 00.36
549.60 00.36
555.10 00.37
560.65 00.38
566.25 00.39
571.92 00.40
577.64 00.41
583.41 00.43
589.25 00.43
595.14 00.44
601.09 00.44
607.10 00.42
613.17 00.40
619.30 00.37
625.50 00.34
631.75 00.31
638.07 00.29
644.45 00.27
650.89 00.26
657.40 00.24
663.98 00.22
670.62 00.20
677.32 00.16
684.10 00.13
690.94 00.10
697.85 00.07
704.83 00.04
711.87 00.02
718.99 00.02
726.18 00.01
733.44 00.01
740.78 00.01
748.19 00.01
755.67 00.00
763.23 -00.02
770.86 -00.03
778.57 -00.05
786.35 -00.07
794.22 -00.09
802.16 -00.10
810.18 -00.10
818.28 -00.10
826.46 -00.11
834.73 -00.11
843.08 -00.11
851.51 -00.11
860.02 -00.13
868.62 -00.16
877.31 -00.17
886.08 -00.19
894.94 -00.22
903.89 -00.23
912.93 -00.24
922.06 -00.25
931.28 -00.27
940.59 -00.29
950.00 -00.31
959.50 -00.34
969.09 -00.39
978.78 -00.44
988.57 -00.51
998.46 -00.57
1008.44 -00.61
1018.53 -00.61
1028.71 -00.58
1039.00 -00.52
1049.39 -00.44
1059.88 -00.36
1070.48 -00.27
1081.19 -00.17
1092.00 -00.07
1102.92 00.04
1113.95 00.14
1125.09 00.22
1136.34 00.28
1147.70 00.29
1159.18 00.28
1170.77 00.27
1182.48 00.24
1194.30 00.22
1206.25 00.19
1218.31 00.16
1230.49 00.13
1242.80 00.09
1255.22 00.06
1267.78 00.02
1280.45 -00.01
1293.26 -00.05
1306.19 -00.08
1319.25 -00.12
1332.45 -00.15
1345.77 -00.18
1359.23 -00.21
1372.82 -00.24
1386.55 -00.27
1400.41 -00.31
1414.42 -00.34
1428.56 -00.38
1442.85 -00.41
1457.28 -00.46
1471.85 -00.50
1486.57 -00.55
1501.43 -00.60
1516.45 -00.67
1531.61 -00.73
1546.93 -00.81
1562.40 -00.88
1578.02 -00.95
1593.80 -01.02
1609.74 -01.08
1625.84 -01.13
1642.10 -01.18
1658.52 -01.23
1675.10 -01.27
1691.85 -01.32
1708.77 -01.37
1725.86 -01.43
1743.12 -01.49
1760.55 -01.55
1778.15 -01.62
1795.94 -01.68
1813.90 -01.74
1832.03 -01.82
1850.36 -01.89
1868.86 -01.96
1887.55 -02.03
1906.42 -02.11
1925.49 -02.20
1944.74 -02.29
1964.19 -02.39
1983.83 -02.48
2003.67 -02.58
2023.71 -02.75
2043.94 -02.91
2064.38 -03.07
2085.03 -03.24
2105.88 -03.41
2126.94 -03.55
2148.20 -03.65
2169.69 -03.74
2191.38 -03.83
2213.30 -03.91
2235.43 -03.98
2257.78 -04.09
2280.36 -04.19
2303.17 -04.27
2326.20 -04.33
2349.46 -04.38
2372.95 -04.32
2396.68 -04.18
2420.65 -04.03
2444.86 -03.85
2469.31 -03.66
2494.00 -03.45
2518.94 -03.26
2544.13 -03.06
2569.57 -02.85
2595.27 -02.62
2621.22 -02.38
2647.43 -02.15
2673.90 -01.91
2700.64 -01.68
2727.65 -01.47
2754.93 -01.28
2782.48 -01.11
2810.30 -01.00
2838.40 -00.99
2866.79 -01.01
2895.46 -01.06
2924.41 -01.15
2953.65 -01.28
2983.19 -01.43
3013.02 -01.64
3043.15 -01.90
3073.58 -02.17
3104.32 -02.48
3135.36 -02.78
3166.72 -03.12
3198.38 -03.46
3230.37 -03.81
3262.67 -04.16
3295.30 -04.51
3328.25 -04.84
3361.53 -05.16
3395.15 -05.42
3429.10 -05.68
3463.39 -05.93
3498.03 -06.16
3533.01 -06.39
3568.34 -06.64
3604.02 -06.88
3640.06 -07.08
3676.46 -07.20
3713.22 -07.22
3750.36 -07.12
3787.86 -06.84
3825.74 -06.47
3864.00 -06.01
3902.64 -05.50
3941.66 -04.95
3981.08 -04.40
4020.89 -03.96
4061.10 -03.67
4101.71 -03.45
4142.73 -03.34
4184.15 -03.32
4226.00 -03.40
4268.26 -03.53
4310.94 -03.69
4354.05 -03.95
4397.59 -04.27
4441.56 -04.66
4485.98 -05.11
4530.84 -05.43
4576.15 -05.70
4621.91 -05.94
4668.13 -06.14
4714.81 -06.27
4761.96 -06.21
4809.58 -05.66
4857.67 -05.08
4906.25 -04.49
4955.31 -03.93
5004.87 -03.36
5054.91 -02.52
5105.46 -01.74
5156.52 -01.01
5208.08 -00.36
5260.16 00.21
5312.77 00.67
5365.89 00.89
5419.55 01.03
5473.75 01.12
5528.49 01.16
5583.77 01.16
5639.61 00.86
5696.00 00.44
5752.96 00.01
5810.49 -00.40
5868.60 -00.80
5927.28 -01.18
5986.56 -01.52
6046.42 -01.87
6106.89 -02.20
6167.96 -02.48
6229.64 -02.73
6291.93 -02.93
6354.85 -03.09
6418.40 -03.20
6482.58 -03.26
6547.41 -03.27
6612.88 -03.23
6679.01 -03.14
6745.80 -03.12
6813.26 -03.12
6881.39 -03.07
6950.21 -02.99
7019.71 -02.88
7089.91 -02.75
7160.81 -02.65
7232.41 -02.53
7304.74 -02.38
7377.79 -02.21
7451.56 -02.03
7526.08 -01.81
7601.34 -01.47
7677.35 -01.12
7754.13 -00.75
7831.67 -00.36
7909.98 00.06
7989.08 00.47
8068.98 00.75
8149.67 00.98
8231.16 01.16
8313.47 01.29
8396.61 01.38
8480.57 01.43
8565.38 01.62
8651.03 01.85
8737.54 02.07
8824.92 02.26
8913.17 02.43
9002.30 02.60
9092.32 02.74
9183.25 02.87
9275.08 02.99
9367.83 03.09
9461.51 03.17
9556.12 03.25
9651.68 03.28
9748.20 03.27
9845.68 03.22
9944.14 03.10
10043.58 03.03
10144.02 03.01
10245.46 02.99
10347.91 02.98
10451.39 03.00
10555.91 03.07
10661.46 03.01
10768.08 02.87
10875.76 02.76
10984.52 02.68
11094.36 02.65
11205.31 02.69
11317.36 02.76
11430.53 02.88
11544.84 03.04
11660.29 03.24
11776.89 03.47
11894.66 03.72
12013.60 03.99
12133.74 04.26
12255.08 04.51
12377.63 04.72
12501.41 04.86
12626.42 04.89
12752.68 04.88
12880.21 04.84
13009.01 04.79
13139.10 04.73
13270.49 04.63
13403.20 04.50
13537.23 04.42
13672.60 04.41
13809.33 04.51
13947.42 04.72
14086.90 05.00
14227.77 05.33
14370.04 05.68
14513.74 06.06
14658.88 06.44
14805.47 06.83
14953.52 07.21
15103.06 07.50
15254.09 07.71
15406.63 07.84
15560.70 07.87
15716.30 07.81
15873.47 07.69
16032.20 07.50
16192.52 07.29
16354.45 06.99
16517.99 06.62
16683.17 06.16
16850.01 05.59
17018.51 05.01
17188.69 04.75
17360.58 04.51
17534.18 04.29
17709.53 04.11
17886.62 03.95
18065.49 03.76
18246.14 03.50
18428.60 03.21
18612.89 02.87
18799.02 02.48
18987.01 02.00
19176.88 01.39
19368.65 00.66
19562.33 -00.17
19757.96 -01.09
19955.54 -02.04
20000.00 -02.25
