20.00 -14.09
20.20 -13.93
20.40 -13.78
20.61 -13.63
20.81 -13.49
21.02 -13.45
21.23 -13.31
21.44 -13.17
21.66 -13.03
21.87 -12.91
22.09 -12.88
22.31 -12.75
22.54 -12.61
22.76 -12.49
22.99 -12.46
23.22 -12.33
23.45 -12.20
23.69 -12.07
23.92 -11.95
24.16 -11.92
24.40 -11.80
24.65 -11.67
24.89 -11.54
25.14 -11.42
25.39 -11.29
25.65 -11.27
25.91 -11.14
26.16 -11.02
26.43 -10.89
26.69 -10.77
26.96 -10.65
27.23 -10.53
27.50 -10.41
27.77 -10.39
28.05 -10.27
28.33 -10.16
28.62 -10.04
28.90 -10.03
29.19 -09.91
29.48 -09.80
29.78 -09.68
30.08 -09.67
30.38 -09.56
30.68 -09.46
30.99 -09.45
31.30 -09.35
31.61 -09.25
31.93 -09.14
32.24 -09.15
32.57 -09.05
32.89 -08.95
33.22 -08.86
33.55 -08.76
33.89 -08.67
34.23 -08.57
34.57 -08.48
34.92 -08.39
35.27 -08.29
35.62 -08.20
35.97 -08.10
36.33 -08.00
36.70 -07.90
37.06 -07.71
37.43 -07.61
37.81 -07.51
38.19 -07.41
38.57 -07.30
38.95 -07.20
39.34 -07.00
39.74 -06.99
40.14 -06.88
40.54 -06.77
40.94 -06.66
41.35 -06.65
41.76 -06.53
42.18 -06.42
42.60 -06.20
43.03 -06.18
43.46 -06.06
43.90 -05.93
44.33 -05.81
44.78 -05.68
45.23 -05.46
45.68 -05.33
46.13 -05.20
46.60 -05.06
47.06 -04.93
47.53 -04.79
48.01 -04.75
48.49 -04.61
48.97 -04.47
49.46 -04.33
49.96 -04.19
50.46 -04.04
50.96 -03.90
51.47 -03.66
51.99 -03.52
52.51 -03.39
53.03 -03.27
53.56 -03.15
54.10 -03.03
54.64 -02.93
55.18 -02.82
55.74 -02.72
56.29 -02.63
56.86 -02.54
57.42 -02.45
58.00 -02.36
58.58 -02.18
59.16 -02.09
59.76 -01.90
60.35 -01.82
60.96 -01.73
61.57 -01.64
62.18 -01.55
62.80 -01.37
63.43 -01.28
64.07 -01.29
64.71 -01.19
65.35 -01.10
66.01 -01.01
66.67 -00.92
67.33 -00.83
68.01 -00.74
68.69 -00.54
69.37 -00.45
70.07 -00.36
70.77 -00.26
71.48 -00.17
72.19 -00.09
72.91 00.00
73.64 00.07
74.38 00.14
75.12 00.21
75.87 00.27
76.63 00.32
77.40 00.36
78.17 00.40
78.95 00.44
79.74 00.56
80.54 00.59
81.35 00.61
82.16 00.62
82.98 00.64
83.81 00.65
84.65 00.66
85.50 00.77
86.35 00.77
87.22 00.77
88.09 00.88
88.97 00.88
89.86 00.88
90.76 00.87
91.66 00.87
92.58 00.87
93.51 00.77
94.44 00.77
95.39 00.77
96.34 00.77
97.30 00.77
98.28 00.77
99.26 00.78
100.25 00.78
101.25 00.78
102.27 00.89
103.29 00.89
104.32 00.89
105.37 00.90
106.42 00.90
107.48 00.90
108.56 00.90
109.64 00.90
110.74 00.89
111.85 00.89
112.97 00.89
114.10 00.88
115.24 00.88
116.39 00.87
117.55 00.87
118.73 00.86
119.92 00.85
121.12 00.85
122.33 00.84
123.55 00.74
124.79 00.73
126.03 00.72
127.29 00.71
128.57 00.71
129.85 00.70
131.15 00.69
132.46 00.68
133.79 00.67
135.12 00.76
136.48 00.74
137.84 00.73
139.22 00.72
140.61 00.70
142.02 00.69
143.44 00.67
144.87 00.66
146.32 00.64
147.78 00.63
149.26 00.62
150.75 00.61
152.26 00.60
153.78 00.60
155.32 00.49
156.88 00.49
158.44 00.49
160.03 00.50
161.63 00.50
163.24 00.51
164.88 00.62
166.53 00.63
168.19 00.64
169.87 00.66
171.57 00.67
173.29 00.68
175.02 00.70
176.77 00.71
178.54 00.83
180.32 00.84
182.13 00.76
183.95 00.77
185.79 00.78
187.65 00.80
189.52 00.71
191.42 00.73
193.33 00.75
195.27 00.76
197.22 00.78
199.19 00.79
201.18 00.81
203.19 00.82
205.23 00.84
207.28 00.85
209.35 00.87
211.44 00.88
213.56 00.89
215.69 00.91
217.85 00.92
220.03 00.93
222.23 00.94
224.45 00.96
226.70 00.97
228.96 00.98
231.25 00.99
233.57 01.00
235.90 01.01
238.26 01.01
240.64 01.02
243.05 01.03
245.48 01.04
247.93 01.05
250.41 01.06
252.92 01.16
255.45 01.17
258.00 01.18
260.58 01.19
263.19 01.19
265.82 01.30
268.48 01.30
271.16 01.31
273.87 01.32
276.61 01.32
279.38 01.33
282.17 01.33
284.99 01.34
287.84 01.35
290.72 01.35
293.63 01.36
296.57 01.36
299.53 01.37
302.53 01.38
305.55 01.38
308.61 01.39
311.69 01.40
314.81 01.51
317.96 01.51
321.14 01.52
324.35 01.53
327.59 01.54
330.87 01.54
334.18 01.55
337.52 01.56
340.90 01.56
344.30 01.56
347.75 01.56
351.23 01.56
354.74 01.66
358.28 01.56
361.87 01.55
365.49 01.54
369.14 01.53
372.83 01.52
376.56 01.51
380.33 01.49
384.13 01.47
387.97 01.45
391.85 01.42
395.77 01.39
399.73 01.45
403.72 01.31
407.76 01.26
411.84 01.21
415.96 01.15
420.12 01.08
424.32 01.01
428.56 00.94
432.85 00.87
437.18 00.79
441.55 00.62
445.96 00.56
450.42 00.49
454.93 00.43
459.48 00.37
464.07 00.32
468.71 00.26
473.40 00.19
478.13 00.12
482.91 00.04
487.74 -00.05
492.62 -00.14
497.55 -00.24
502.52 -00.34
507.55 -00.44
512.62 -00.53
517.75 -00.51
522.93 -00.57
528.16 -00.60
533.44 -00.61
538.77 -00.59
544.16 -00.54
549.60 -00.47
555.10 -00.37
560.65 -00.25
566.25 -00.12
571.92 00.02
577.64 00.16
583.41 00.31
589.25 00.45
595.14 00.59
601.09 00.72
607.10 00.84
613.17 00.95
619.30 00.94
625.50 01.03
631.75 01.10
638.07 01.16
644.45 01.22
650.89 01.26
657.40 01.31
663.98 01.35
670.62 01.40
677.32 01.44
684.10 01.48
690.94 01.52
697.85 01.46
704.83 01.50
711.87 01.52
718.99 01.55
726.18 01.56
733.44 01.57
740.78 01.58
748.19 01.57
755.67 01.56
763.23 01.54
770.86 01.52
778.57 01.40
786.35 01.37
794.22 01.34
802.16 01.31
810.18 01.27
818.28 01.22
826.46 01.17
834.73 01.12
843.08 01.07
851.51 01.02
860.02 00.97
868.62 00.93
877.31 00.79
886.08 00.76
894.94 00.73
903.89 00.71
912.93 00.69
922.06 00.67
931.28 00.65
940.59 00.62
950.00 00.58
959.50 00.51
969.09 00.41
978.78 00.28
988.57 00.12
998.46 -00.07
1008.44 -00.26
1018.53 -00.47
1028.71 -00.68
1039.00 -00.89
1049.39 -01.07
1059.88 -01.23
1070.48 -01.35
1081.19 -01.43
1092.00 -01.47
1102.92 -01.47
1113.95 -01.46
1125.09 -01.43
1136.34 -01.39
1147.70 -01.34
1159.18 -01.26
1170.77 -01.18
1182.48 -01.09
1194.30 -01.01
1206.25 -00.93
1218.31 -00.86
1230.49 -00.82
1242.80 -00.80
1255.22 -00.81
1267.78 -00.85
1280.45 -00.91
1293.26 -01.01
1306.19 -01.13
1319.25 -01.27
1332.45 -01.43
1345.77 -01.60
1359.23 -01.74
1372.82 -01.85
1386.55 -01.91
1400.41 -01.94
1414.42 -01.94
1428.56 -01.95
1442.85 -01.95
1457.28 -01.96
1471.85 -01.96
1486.57 -01.97
1501.43 -01.99
1516.45 -02.03
1531.61 -02.08
1546.93 -02.22
1562.40 -02.24
1578.02 -02.24
1593.80 -02.21
1609.74 -02.14
1625.84 -02.04
1642.10 -01.90
1658.52 -01.74
1675.10 -01.54
1691.85 -01.32
1708.77 -01.08
1725.86 -00.85
1743.12 -00.66
1760.55 -00.58
1778.15 -00.43
1795.94 -00.29
1813.90 -00.17
1832.03 -00.07
1850.36 -00.09
1868.86 -00.02
1887.55 00.03
1906.42 00.06
1925.49 -00.01
1944.74 -00.07
1964.19 -00.01
1983.83 -00.04
2003.67 00.03
2023.71 -00.13
2043.94 -00.23
2064.38 -00.49
2085.03 -00.68
2105.88 -00.98
2126.94 -01.18
2148.20 -01.38
2169.69 -01.48
2191.38 -01.68
2213.30 -01.79
2235.43 -01.99
2257.78 -02.18
2280.36 -02.37
2303.17 -02.54
2326.20 -02.67
2349.46 -02.77
2372.95 -02.75
2396.68 -02.73
2420.65 -02.70
2444.86 -02.56
2469.31 -02.51
2494.00 -02.45
2518.94 -02.48
2544.13 -02.38
2569.57 -02.34
2595.27 -02.20
2621.22 -02.08
2647.43 -02.09
2673.90 -02.03
2700.64 -01.97
2727.65 -01.91
2754.93 -01.94
2782.48 -01.87
2810.30 -01.88
2838.40 -01.76
2866.79 -01.80
2895.46 -01.81
2924.41 -01.80
2953.65 -01.77
2983.19 -01.62
3013.02 -01.57
3043.15 -01.62
3073.58 -01.56
3104.32 -01.49
3135.36 -01.42
3166.72 -01.45
3198.38 -01.48
3230.37 -01.43
3262.67 -01.39
3295.30 -01.46
3328.25 -01.43
3361.53 -01.41
3395.15 -01.30
3429.10 -01.40
3463.39 -01.33
3498.03 -01.37
3533.01 -01.44
3568.34 -01.51
3604.02 -01.69
3640.06 -01.77
3676.46 -01.92
3713.22 -01.93
3750.36 -02.00
3787.86 -01.81
3825.74 -01.68
3864.00 -01.84
3902.64 -01.89
3941.66 -01.93
3981.08 -02.05
4020.89 -02.12
4061.10 -02.15
4101.71 -02.12
4142.73 -02.05
4184.15 -01.92
4226.00 -01.79
4268.26 -01.39
4310.94 -01.07
4354.05 -00.70
4397.59 -00.41
4441.56 -00.21
4485.98 -00.19
4530.84 -00.06
4576.15 00.06
4621.91 00.06
4668.13 -00.06
4714.81 -00.29
4761.96 -00.43
4809.58 00.02
4857.67 00.25
4906.25 00.48
4955.31 00.31
5004.87 00.24
5054.91 00.05
5105.46 -00.22
5156.52 -00.33
5208.08 -00.38
5260.16 -00.25
5312.77 -00.19
5365.89 -00.30
5419.55 -00.46
5473.75 -00.54
5528.49 -00.53
5583.77 -00.23
5639.61 -00.18
5696.00 -00.51
5752.96 -00.84
5810.49 -00.86
5868.60 -00.96
5927.28 -01.09
5986.56 -01.14
6046.42 -01.35
6106.89 -01.72
6167.96 -02.06
6229.64 -02.43
6291.93 -02.82
6354.85 -03.29
6418.40 -03.63
6482.58 -03.95
6547.41 -04.23
6612.88 -04.49
6679.01 -04.82
6745.80 -05.36
6813.26 -05.58
6881.39 -06.01
6950.21 -06.46
7019.71 -06.91
7089.91 -07.38
7160.81 -07.96
7232.41 -08.43
7304.74 -08.97
7377.79 -09.32
7451.56 -09.63
7526.08 -09.68
7601.34 -09.38
7677.35 -09.04
7754.13 -08.57
7831.67 -08.01
7909.98 -07.30
7989.08 -06.69
8068.98 -06.11
8149.67 -05.50
8231.16 -04.96
8313.47 -04.58
8396.61 -04.35
8480.57 -04.15
8565.38 -04.16
8651.03 -03.75
8737.54 -03.41
8824.92 -02.93
8913.17 -02.51
9002.30 -01.98
9092.32 -01.57
9183.25 -01.30
9275.08 -01.09
9367.83 -00.95
9461.51 -00.77
9556.12 -00.46
9651.68 -00.10
9748.20 00.39
9845.68 00.81
9944.14 00.96
10043.58 01.13
10144.02 01.14
10245.46 01.22
10347.91 01.19
10451.39 01.29
10555.91 01.34
10661.46 01.32
10768.08 01.25
10875.76 01.21
10984.52 01.10
11094.36 01.12
11205.31 01.17
11317.36 01.24
11430.53 01.33
11544.84 01.34
11660.29 01.46
11776.89 01.59
11894.66 01.63
12013.60 01.79
12133.74 01.97
12255.08 02.17
12377.63 02.30
12501.41 02.53
12626.42 02.66
12752.68 02.78
12880.21 02.87
13009.01 02.94
13139.10 03.09
13270.49 03.02
13403.20 03.00
13537.23 02.83
13672.60 02.69
13809.33 02.37
13947.42 01.96
14086.90 01.61
14227.77 01.13
14370.04 00.69
14513.74 00.19
14658.88 -00.11
14805.47 -00.31
14953.52 -00.60
15103.06 -00.60
15254.09 -00.56
15406.63 -00.72
15560.70 -00.66
15716.30 -00.51
15873.47 -00.44
16032.20 -00.38
16192.52 -00.34
16354.45 -00.35
16517.99 -00.32
16683.17 -00.45
16850.01 -00.64
17018.51 -00.74
17188.69 -00.43
17360.58 -00.29
17534.18 -00.05
17709.53 00.02
17886.62 00.09
18065.49 00.12
18246.14 -00.07
18428.60 -00.41
18612.89 -00.80
18799.02 -01.45
18987.01 -02.14
19176.88 -03.07
19368.65 -04.13
19562.33 -05.33
19757.96 -06.69
19955.54 -08.24
20000.00 -08.61
