20.00 -00.86
20.20 -00.87
20.40 -00.87
20.61 -00.88
20.81 -00.89
21.02 -00.91
21.23 -00.92
21.44 -00.92
21.66 -00.92
21.87 -00.91
22.09 -00.92
22.31 -00.92
22.54 -00.94
22.76 -00.96
22.99 -00.99
23.22 -01.01
23.45 -01.04
23.69 -01.07
23.92 -01.09
24.16 -01.12
24.40 -01.15
24.65 -01.17
24.89 -01.21
25.14 -01.23
25.39 -01.23
25.65 -01.24
25.91 -01.26
26.16 -01.27
26.43 -01.29
26.69 -01.29
26.96 -01.30
27.23 -01.32
27.50 -01.33
27.77 -01.35
28.05 -01.36
28.33 -01.38
28.62 -01.41
28.90 -01.43
29.19 -01.46
29.48 -01.48
29.78 -01.51
30.08 -01.54
30.38 -01.57
30.68 -01.60
30.99 -01.64
31.30 -01.68
31.61 -01.70
31.93 -01.72
32.24 -01.72
32.57 -01.73
32.89 -01.75
33.22 -01.75
33.55 -01.76
33.89 -01.76
34.23 -01.74
34.57 -01.74
34.92 -01.73
35.27 -01.72
35.62 -01.72
35.97 -01.71
36.33 -01.70
36.70 -01.69
37.06 -01.68
37.43 -01.67
37.81 -01.68
38.19 -01.68
38.57 -01.69
38.95 -01.70
39.34 -01.70
39.74 -01.71
40.14 -01.72
40.54 -01.74
40.94 -01.77
41.35 -01.79
41.76 -01.81
42.18 -01.84
42.60 -01.86
43.03 -01.85
43.46 -01.84
43.90 -01.83
44.33 -01.82
44.78 -01.81
45.23 -01.81
45.68 -01.81
46.13 -01.82
46.60 -01.83
47.06 -01.83
47.53 -01.83
48.01 -01.82
48.49 -01.80
48.97 -01.77
49.46 -01.75
49.96 -01.72
50.46 -01.69
50.96 -01.67
51.47 -01.64
51.99 -01.61
52.51 -01.58
53.03 -01.55
53.56 -01.52
54.10 -01.49
54.64 -01.47
55.18 -01.44
55.74 -01.41
56.29 -01.37
56.86 -01.34
57.42 -01.32
58.00 -01.30
58.58 -01.27
59.16 -01.25
59.76 -01.23
60.35 -01.22
60.96 -01.20
61.57 -01.19
62.18 -01.18
62.80 -01.17
63.43 -01.18
64.07 -01.21
64.71 -01.23
65.35 -01.26
66.01 -01.29
66.67 -01.31
67.33 -01.33
68.01 -01.34
68.69 -01.35
69.37 -01.36
70.07 -01.38
70.77 -01.39
71.48 -01.40
72.19 -01.42
72.91 -01.43
73.64 -01.45
74.38 -01.47
75.12 -01.48
75.87 -01.48
76.63 -01.49
77.40 -01.49
78.17 -01.49
78.95 -01.49
79.74 -01.50
80.54 -01.50
81.35 -01.51
82.16 -01.52
82.98 -01.53
83.81 -01.53
84.65 -01.54
85.50 -01.54
86.35 -01.53
87.22 -01.52
88.09 -01.51
88.97 -01.49
89.86 -01.47
90.76 -01.49
91.66 -01.52
92.58 -01.53
93.51 -01.56
94.44 -01.57
95.39 -01.58
96.34 -01.58
97.30 -01.58
98.28 -01.59
99.26 -01.58
100.25 -01.58
101.25 -01.59
102.27 -01.58
103.29 -01.58
104.32 -01.59
105.37 -01.58
106.42 -01.58
107.48 -01.59
108.56 -01.58
109.64 -01.58
110.74 -01.58
111.85 -01.58
112.97 -01.59
114.10 -01.58
115.24 -01.59
116.39 -01.59
117.55 -01.58
118.73 -01.60
119.92 -01.61
121.12 -01.64
122.33 -01.65
123.55 -01.67
124.79 -01.69
126.03 -01.70
127.29 -01.69
128.57 -01.70
129.85 -01.70
131.15 -01.70
132.46 -01.70
133.79 -01.70
135.12 -01.70
136.48 -01.70
137.84 -01.70
139.22 -01.70
140.61 -01.70
142.02 -01.70
143.44 -01.70
144.87 -01.70
146.32 -01.70
147.78 -01.69
149.26 -01.69
150.75 -01.71
152.26 -01.72
153.78 -01.73
155.32 -01.74
156.88 -01.76
158.44 -01.78
160.03 -01.79
161.63 -01.77
163.24 -01.75
164.88 -01.73
166.53 -01.72
168.19 -01.70
169.87 -01.68
171.57 -01.68
173.29 -01.67
175.02 -01.68
176.77 -01.68
178.54 -01.67
180.32 -01.67
182.13 -01.68
183.95 -01.70
185.79 -01.72
187.65 -01.74
189.52 -01.76
191.42 -01.77
193.33 -01.77
195.27 -01.78
197.22 -01.79
199.19 -01.80
201.18 -01.80
203.19 -01.79
205.23 -01.77
207.28 -01.76
209.35 -01.75
211.44 -01.73
213.56 -01.73
215.69 -01.72
217.85 -01.72
220.03 -01.71
222.23 -01.70
224.45 -01.69
226.70 -01.69
228.96 -01.68
231.25 -01.68
233.57 -01.68
235.90 -01.67
238.26 -01.67
240.64 -01.67
243.05 -01.67
245.48 -01.67
247.93 -01.66
250.41 -01.64
252.92 -01.59
255.45 -01.53
258.00 -01.48
260.58 -01.41
263.19 -01.33
265.82 -01.27
268.48 -01.21
271.16 -01.15
273.87 -01.09
276.61 -01.04
279.38 -00.99
282.17 -00.94
284.99 -00.90
287.84 -00.85
290.72 -00.79
293.63 -00.75
296.57 -00.69
299.53 -00.62
302.53 -00.55
305.55 -00.48
308.61 -00.40
311.69 -00.32
314.81 -00.23
317.96 -00.15
321.14 -00.07
324.35 00.00
327.59 00.07
330.87 00.15
334.18 00.21
337.52 00.27
340.90 00.32
344.30 00.37
347.75 00.40
351.23 00.42
354.74 00.42
358.28 00.36
361.87 00.26
365.49 00.11
369.14 -00.08
372.83 -00.31
376.56 -00.57
380.33 -00.85
384.13 -01.14
387.97 -01.44
391.85 -01.75
395.77 -02.03
399.73 -02.26
403.72 -02.44
407.76 -02.54
411.84 -02.56
415.96 -02.53
420.12 -02.46
424.32 -02.36
428.56 -02.24
432.85 -02.14
437.18 -02.03
441.55 -01.92
445.96 -01.81
450.42 -01.71
454.93 -01.58
459.48 -01.46
464.07 -01.35
468.71 -01.24
473.40 -01.13
478.13 -01.04
482.91 -00.95
487.74 -00.88
492.62 -00.82
497.55 -00.78
502.52 -00.73
507.55 -00.68
512.62 -00.63
517.75 -00.56
522.93 -00.49
528.16 -00.43
533.44 -00.36
538.77 -00.30
544.16 -00.23
549.60 -00.15
555.10 -00.06
560.65 00.02
566.25 00.10
571.92 00.17
577.64 00.23
583.41 00.29
589.25 00.35
595.14 00.42
601.09 00.49
607.10 00.55
613.17 00.62
619.30 00.69
625.50 00.77
631.75 00.85
638.07 00.95
644.45 01.06
650.89 01.16
657.40 01.26
663.98 01.34
670.62 01.42
677.32 01.47
684.10 01.52
690.94 01.57
697.85 01.62
704.83 01.63
711.87 01.60
718.99 01.49
726.18 01.32
733.44 01.08
740.78 00.81
748.19 00.52
755.67 00.20
763.23 -00.15
770.86 -00.52
778.57 -00.94
786.35 -01.33
794.22 -01.64
802.16 -01.78
810.18 -01.73
818.28 -01.56
826.46 -01.35
834.73 -01.14
843.08 -00.95
851.51 -00.79
860.02 -00.65
868.62 -00.53
877.31 -00.40
886.08 -00.27
894.94 -00.16
903.89 -00.04
912.93 00.08
922.06 00.20
931.28 00.31
940.59 00.42
950.00 00.53
959.50 00.62
969.09 00.72
978.78 00.82
988.57 00.93
998.46 01.04
1008.44 01.14
1018.53 01.21
1028.71 01.26
1039.00 01.27
1049.39 01.26
1059.88 01.22
1070.48 01.16
1081.19 01.07
1092.00 00.94
1102.92 00.75
1113.95 00.50
1125.09 00.22
1136.34 -00.07
1147.70 -00.33
1159.18 -00.57
1170.77 -00.79
1182.48 -00.97
1194.30 -01.11
1206.25 -01.20
1218.31 -01.22
1230.49 -01.20
1242.80 -01.13
1255.22 -01.03
1267.78 -00.94
1280.45 -00.87
1293.26 -00.83
1306.19 -00.80
1319.25 -00.77
1332.45 -00.76
1345.77 -00.78
1359.23 -00.81
1372.82 -00.84
1386.55 -00.87
1400.41 -00.90
1414.42 -00.92
1428.56 -00.94
1442.85 -00.95
1457.28 -00.95
1471.85 -00.95
1486.57 -00.96
1501.43 -00.99
1516.45 -01.09
1531.61 -01.24
1546.93 -01.46
1562.40 -01.74
1578.02 -02.07
1593.80 -02.43
1609.74 -02.81
1625.84 -03.20
1642.10 -03.57
1658.52 -03.92
1675.10 -04.24
1691.85 -04.50
1708.77 -04.70
1725.86 -04.82
1743.12 -04.84
1760.55 -04.82
1778.15 -04.78
1795.94 -04.76
1813.90 -04.75
1832.03 -04.76
1850.36 -04.78
1868.86 -04.79
1887.55 -04.80
1906.42 -04.80
1925.49 -04.84
1944.74 -04.89
1964.19 -04.93
1983.83 -04.97
2003.67 -04.98
2023.71 -05.04
2043.94 -05.07
2064.38 -05.09
2085.03 -05.09
2105.88 -05.07
2126.94 -04.99
2148.20 -04.83
2169.69 -04.65
2191.38 -04.47
2213.30 -04.28
2235.43 -04.12
2257.78 -04.03
2280.36 -03.96
2303.17 -03.90
2326.20 -03.86
2349.46 -03.84
2372.95 -03.76
2396.68 -03.63
2420.65 -03.52
2444.86 -03.41
2469.31 -03.31
2494.00 -03.21
2518.94 -03.15
2544.13 -03.10
2569.57 -03.05
2595.27 -03.00
2621.22 -02.96
2647.43 -02.92
2673.90 -02.87
2700.64 -02.82
2727.65 -02.76
2754.93 -02.70
2782.48 -02.63
2810.30 -02.63
2838.40 -02.71
2866.79 -02.80
2895.46 -02.88
2924.41 -02.94
2953.65 -02.96
2983.19 -02.94
3013.02 -02.99
3043.15 -03.09
3073.58 -03.21
3104.32 -03.37
3135.36 -03.52
3166.72 -03.68
3198.38 -03.82
3230.37 -03.97
3262.67 -04.13
3295.30 -04.31
3328.25 -04.50
3361.53 -04.69
3395.15 -04.80
3429.10 -04.88
3463.39 -04.93
3498.03 -04.97
3533.01 -05.02
3568.34 -05.09
3604.02 -05.19
3640.06 -05.28
3676.46 -05.36
3713.22 -05.41
3750.36 -05.44
3787.86 -05.37
3825.74 -05.28
3864.00 -05.17
3902.64 -05.02
3941.66 -04.84
3981.08 -04.60
4020.89 -04.40
4061.10 -04.21
4101.71 -03.95
4142.73 -03.62
4184.15 -03.24
4226.00 -02.83
4268.26 -02.42
4310.94 -02.02
4354.05 -01.78
4397.59 -01.70
4441.56 -01.79
4485.98 -02.04
4530.84 -02.25
4576.15 -02.52
4621.91 -02.88
4668.13 -03.37
4714.81 -04.01
4761.96 -04.67
4809.58 -05.12
4857.67 -05.78
4906.25 -06.61
4955.31 -07.50
5004.87 -08.27
5054.91 -08.56
5105.46 -08.66
5156.52 -08.61
5208.08 -08.42
5260.16 -08.12
5312.77 -07.80
5365.89 -07.59
5419.55 -07.36
5473.75 -07.08
5528.49 -06.76
5583.77 -06.42
5639.61 -06.36
5696.00 -06.41
5752.96 -06.49
5810.49 -06.58
5868.60 -06.68
5927.28 -06.76
5986.56 -06.80
6046.42 -06.83
6106.89 -06.83
6167.96 -06.78
6229.64 -06.70
6291.93 -06.57
6354.85 -06.40
6418.40 -06.18
6482.58 -05.92
6547.41 -05.60
6612.88 -05.24
6679.01 -04.85
6745.80 -04.57
6813.26 -04.35
6881.39 -04.16
6950.21 -03.99
7019.71 -03.83
7089.91 -03.64
7160.81 -03.48
7232.41 -03.29
7304.74 -03.06
7377.79 -02.83
7451.56 -02.60
7526.08 -02.37
7601.34 -02.08
7677.35 -01.87
7754.13 -01.74
7831.67 -01.71
7909.98 -01.74
7989.08 -01.86
8068.98 -02.18
8149.67 -02.63
8231.16 -03.22
8313.47 -03.98
8396.61 -04.90
8480.57 -05.93
8565.38 -06.80
8651.03 -07.52
8737.54 -08.04
8824.92 -08.38
8913.17 -08.57
9002.30 -08.66
9092.32 -08.68
9183.25 -08.63
9275.08 -08.53
9367.83 -08.41
9461.51 -08.33
9556.12 -08.27
9651.68 -08.29
9748.20 -08.35
9845.68 -08.45
9944.14 -08.59
10043.58 -08.67
10144.02 -08.67
10245.46 -08.67
10347.91 -08.66
10451.39 -08.64
10555.91 -08.58
10661.46 -08.60
10768.08 -08.59
10875.76 -08.39
10984.52 -07.98
11094.36 -07.40
11205.31 -06.73
11317.36 -06.11
11430.53 -05.54
11544.84 -05.04
11660.29 -04.58
11776.89 -04.16
11894.66 -03.78
12013.60 -03.46
12133.74 -03.21
12255.08 -03.07
12377.63 -03.05
12501.41 -03.16
12626.42 -03.42
12752.68 -03.70
12880.21 -03.97
13009.01 -04.20
13139.10 -04.39
13270.49 -04.60
13403.20 -04.83
13537.23 -05.05
13672.60 -05.32
13809.33 -05.65
13947.42 -06.03
14086.90 -06.45
14227.77 -06.90
14370.04 -07.37
14513.74 -07.84
14658.88 -08.31
14805.47 -08.73
14953.52 -09.09
15103.06 -09.44
15254.09 -09.74
15406.63 -09.96
15560.70 -10.08
15716.30 -10.14
15873.47 -10.18
16032.20 -10.26
16192.52 -10.39
16354.45 -10.55
16517.99 -10.69
16683.17 -10.78
16850.01 -10.80
17018.51 -10.68
17188.69 -10.09
17360.58 -09.35
17534.18 -08.55
17709.53 -07.79
17886.62 -07.12
18065.49 -06.63
18246.14 -06.35
18428.60 -06.25
18612.89 -06.30
18799.02 -06.40
18987.01 -06.51
19176.88 -06.63
19368.65 -06.81
19562.33 -07.16
19757.96 -07.73
19955.54 -08.52
20000.00 -08.72
