20.00 -08.93
20.20 -08.83
20.40 -08.74
20.61 -08.65
20.81 -08.56
21.02 -08.47
21.23 -08.39
21.44 -08.29
21.66 -08.19
21.87 -08.09
22.09 -08.00
22.31 -07.90
22.54 -07.82
22.76 -07.75
22.99 -07.69
23.22 -07.62
23.45 -07.56
23.69 -07.49
23.92 -07.43
24.16 -07.36
24.40 -07.30
24.65 -07.23
24.89 -07.18
25.14 -07.11
25.39 -07.03
25.65 -06.94
25.91 -06.87
26.16 -06.79
26.43 -06.71
26.69 -06.63
26.96 -06.55
27.23 -06.48
27.50 -06.40
27.77 -06.33
28.05 -06.25
28.33 -06.19
28.62 -06.12
28.90 -06.06
29.19 -06.00
29.48 -05.93
29.78 -05.87
30.08 -05.82
30.38 -05.77
30.68 -05.72
30.99 -05.67
31.30 -05.63
31.61 -05.56
31.93 -05.50
32.24 -05.43
32.57 -05.36
32.89 -05.30
33.22 -05.23
33.55 -05.17
33.89 -05.09
34.23 -05.00
34.57 -04.93
34.92 -04.85
35.27 -04.76
35.62 -04.69
35.97 -04.61
36.33 -04.52
36.70 -04.45
37.06 -04.36
37.43 -04.28
37.81 -04.22
38.19 -04.15
38.57 -04.09
38.95 -04.03
39.34 -03.97
39.74 -03.91
40.14 -03.85
40.54 -03.81
40.94 -03.77
41.35 -03.73
41.76 -03.70
42.18 -03.67
42.60 -03.62
43.03 -03.56
43.46 -03.49
43.90 -03.43
44.33 -03.37
44.78 -03.31
45.23 -03.26
45.68 -03.22
46.13 -03.19
46.60 -03.16
47.06 -03.13
47.53 -03.10
48.01 -03.06
48.49 -03.01
48.97 -02.97
49.46 -02.93
49.96 -02.90
50.46 -02.86
50.96 -02.83
51.47 -02.79
51.99 -02.77
52.51 -02.73
53.03 -02.70
53.56 -02.66
54.10 -02.63
54.64 -02.60
55.18 -02.56
55.74 -02.52
56.29 -02.47
56.86 -02.41
57.42 -02.36
58.00 -02.30
58.58 -02.23
59.16 -02.17
59.76 -02.10
60.35 -02.03
60.96 -01.94
61.57 -01.87
62.18 -01.78
62.80 -01.70
63.43 -01.63
64.07 -01.58
64.71 -01.52
65.35 -01.47
66.01 -01.41
66.67 -01.35
67.33 -01.29
68.01 -01.22
68.69 -01.15
69.37 -01.09
70.07 -01.02
70.77 -00.96
71.48 -00.90
72.19 -00.84
72.91 -00.78
73.64 -00.72
74.38 -00.66
75.12 -00.61
75.87 -00.54
76.63 -00.47
77.40 -00.40
78.17 -00.34
78.95 -00.28
79.74 -00.22
80.54 -00.17
81.35 -00.11
82.16 -00.07
82.98 -00.03
83.81 00.02
84.65 00.05
85.50 00.10
86.35 00.15
87.22 00.21
88.09 00.26
88.97 00.32
89.86 00.37
90.76 00.39
91.66 00.39
92.58 00.41
93.51 00.42
94.44 00.43
95.39 00.44
96.34 00.48
97.30 00.50
98.28 00.52
99.26 00.55
100.25 00.57
101.25 00.59
102.27 00.62
103.29 00.64
104.32 00.66
105.37 00.69
106.42 00.71
107.48 00.72
108.56 00.75
109.64 00.76
110.74 00.79
111.85 00.80
112.97 00.82
114.10 00.84
115.24 00.86
116.39 00.87
117.55 00.89
118.73 00.89
119.92 00.90
121.12 00.89
122.33 00.89
123.55 00.89
124.79 00.88
126.03 00.88
127.29 00.90
128.57 00.91
129.85 00.91
131.15 00.93
132.46 00.93
133.79 00.94
135.12 00.95
136.48 00.95
137.84 00.95
139.22 00.96
140.61 00.96
142.02 00.96
143.44 00.98
144.87 00.98
146.32 00.98
147.78 00.99
149.26 00.99
150.75 00.98
152.26 00.97
153.78 00.96
155.32 00.95
156.88 00.93
158.44 00.92
160.03 00.90
161.63 00.92
163.24 00.94
164.88 00.96
166.53 00.97
168.19 00.99
169.87 01.00
171.57 01.00
173.29 01.00
175.02 01.00
176.77 00.99
178.54 00.99
180.32 00.99
182.13 00.96
183.95 00.93
185.79 00.91
187.65 00.88
189.52 00.85
191.42 00.83
193.33 00.82
195.27 00.80
197.22 00.78
199.19 00.76
201.18 00.75
203.19 00.74
205.23 00.74
207.28 00.74
209.35 00.74
211.44 00.73
213.56 00.72
215.69 00.70
217.85 00.69
220.03 00.67
222.23 00.66
224.45 00.64
226.70 00.62
228.96 00.59
231.25 00.57
233.57 00.55
235.90 00.52
238.26 00.49
240.64 00.46
243.05 00.43
245.48 00.40
247.93 00.37
250.41 00.34
252.92 00.33
255.45 00.32
258.00 00.30
260.58 00.29
263.19 00.29
265.82 00.27
268.48 00.25
271.16 00.23
273.87 00.22
276.61 00.20
279.38 00.19
282.17 00.19
284.99 00.18
287.84 00.18
290.72 00.18
293.63 00.17
296.57 00.17
299.53 00.17
302.53 00.17
305.55 00.17
308.61 00.17
311.69 00.17
314.81 00.17
317.96 00.16
321.14 00.16
324.35 00.15
327.59 00.14
330.87 00.14
334.18 00.13
337.52 00.13
340.90 00.11
344.30 00.10
347.75 00.10
351.23 00.09
354.74 00.09
358.28 00.06
361.87 00.04
365.49 00.01
369.14 -00.01
372.83 -00.03
376.56 -00.05
380.33 -00.06
384.13 -00.06
387.97 -00.07
391.85 -00.08
395.77 -00.09
399.73 -00.09
403.72 -00.11
407.76 -00.14
411.84 -00.15
415.96 -00.17
420.12 -00.19
424.32 -00.22
428.56 -00.24
432.85 -00.27
437.18 -00.30
441.55 -00.34
445.96 -00.36
450.42 -00.39
454.93 -00.41
459.48 -00.42
464.07 -00.43
468.71 -00.45
473.40 -00.46
478.13 -00.48
482.91 -00.49
487.74 -00.50
492.62 -00.52
497.55 -00.53
502.52 -00.53
507.55 -00.52
512.62 -00.52
517.75 -00.50
522.93 -00.49
528.16 -00.48
533.44 -00.47
538.77 -00.47
544.16 -00.47
549.60 -00.47
555.10 -00.47
560.65 -00.46
566.25 -00.46
571.92 -00.46
577.64 -00.46
583.41 -00.46
589.25 -00.47
595.14 -00.47
601.09 -00.47
607.10 -00.50
613.17 -00.52
619.30 -00.55
625.50 -00.57
631.75 -00.59
638.07 -00.59
644.45 -00.58
650.89 -00.58
657.40 -00.57
663.98 -00.55
670.62 -00.54
677.32 -00.54
684.10 -00.54
690.94 -00.53
697.85 -00.53
704.83 -00.53
711.87 -00.51
718.99 -00.49
726.18 -00.47
733.44 -00.45
740.78 -00.42
748.19 -00.40
755.67 -00.39
763.23 -00.39
770.86 -00.38
778.57 -00.38
786.35 -00.37
794.22 -00.37
802.16 -00.36
810.18 -00.34
818.28 -00.32
826.46 -00.30
834.73 -00.27
843.08 -00.25
851.51 -00.23
860.02 -00.22
868.62 -00.23
877.31 -00.24
886.08 -00.27
894.94 -00.32
903.89 -00.37
912.93 -00.42
922.06 -00.47
931.28 -00.52
940.59 -00.55
950.00 -00.58
959.50 -00.59
969.09 -00.59
978.78 -00.56
988.57 -00.52
998.46 -00.45
1008.44 -00.36
1018.53 -00.27
1028.71 -00.17
1039.00 -00.08
1049.39 00.00
1059.88 00.08
1070.48 00.15
1081.19 00.22
1092.00 00.28
1102.92 00.34
1113.95 00.39
1125.09 00.44
1136.34 00.49
1147.70 00.54
1159.18 00.60
1170.77 00.65
1182.48 00.70
1194.30 00.74
1206.25 00.79
1218.31 00.84
1230.49 00.88
1242.80 00.93
1255.22 00.98
1267.78 01.02
1280.45 01.06
1293.26 01.10
1306.19 01.14
1319.25 01.18
1332.45 01.22
1345.77 01.25
1359.23 01.29
1372.82 01.32
1386.55 01.35
1400.41 01.39
1414.42 01.42
1428.56 01.45
1442.85 01.48
1457.28 01.50
1471.85 01.52
1486.57 01.55
1501.43 01.57
1516.45 01.57
1531.61 01.57
1546.93 01.57
1562.40 01.57
1578.02 01.55
1593.80 01.54
1609.74 01.53
1625.84 01.53
1642.10 01.52
1658.52 01.50
1675.10 01.48
1691.85 01.46
1708.77 01.43
1725.86 01.38
1743.12 01.35
1760.55 01.31
1778.15 01.28
1795.94 01.25
1813.90 01.24
1832.03 01.22
1850.36 01.21
1868.86 01.20
1887.55 01.19
1906.42 01.19
1925.49 01.16
1944.74 01.12
1964.19 01.09
1983.83 01.05
2003.67 01.00
2023.71 00.88
2043.94 00.77
2064.38 00.66
2085.03 00.57
2105.88 00.48
2126.94 00.42
2148.20 00.40
2169.69 00.38
2191.38 00.36
2213.30 00.36
2235.43 00.34
2257.78 00.27
2280.36 00.20
2303.17 00.13
2326.20 00.05
2349.46 -00.02
2372.95 -00.02
2396.68 00.05
2420.65 00.12
2444.86 00.20
2469.31 00.27
2494.00 00.35
2518.94 00.39
2544.13 00.43
2569.57 00.47
2595.27 00.52
2621.22 00.57
2647.43 00.64
2673.90 00.73
2700.64 00.82
2727.65 00.93
2754.93 01.03
2782.48 01.15
2810.30 01.25
2838.40 01.28
2866.79 01.33
2895.46 01.37
2924.41 01.40
2953.65 01.43
2983.19 01.47
3013.02 01.48
3043.15 01.46
3073.58 01.47
3104.32 01.46
3135.36 01.45
3166.72 01.43
3198.38 01.41
3230.37 01.38
3262.67 01.35
3295.30 01.32
3328.25 01.31
3361.53 01.29
3395.15 01.30
3429.10 01.31
3463.39 01.31
3498.03 01.31
3533.01 01.30
3568.34 01.25
3604.02 01.17
3640.06 01.08
3676.46 00.98
3713.22 00.89
3750.36 00.78
3787.86 00.75
3825.74 00.72
3864.00 00.69
3902.64 00.65
3941.66 00.60
3981.08 00.55
4020.89 00.40
4061.10 00.17
4101.71 -00.03
4142.73 -00.20
4184.15 -00.33
4226.00 -00.39
4268.26 -00.30
4310.94 -00.06
4354.05 00.29
4397.59 00.73
4441.56 01.19
4485.98 01.59
4530.84 02.05
4576.15 02.43
4621.91 02.68
4668.13 02.78
4714.81 02.77
4761.96 02.78
4809.58 03.12
4857.67 03.34
4906.25 03.44
4955.31 03.39
5004.87 03.22
5054.91 03.23
5105.46 03.12
5156.52 02.92
5208.08 02.68
5260.16 02.43
5312.77 02.16
5365.89 01.76
5419.55 01.41
5473.75 01.12
5528.49 00.87
5583.77 00.66
5639.61 00.19
5696.00 -00.37
5752.96 -00.93
5810.49 -01.47
5868.60 -02.00
5927.28 -02.52
5986.56 -03.01
6046.42 -03.51
6106.89 -03.96
6167.96 -04.30
6229.64 -04.53
6291.93 -04.60
6354.85 -04.54
6418.40 -04.34
6482.58 -04.03
6547.41 -03.63
6612.88 -03.14
6679.01 -02.58
6745.80 -02.07
6813.26 -01.58
6881.39 -01.06
6950.21 -00.53
7019.71 -00.01
7089.91 00.47
7160.81 00.86
7232.41 01.22
7304.74 01.53
7377.79 01.80
7451.56 02.03
7526.08 02.29
7601.34 02.63
7677.35 02.95
7754.13 03.26
7831.67 03.56
7909.98 03.86
7989.08 04.15
8068.98 04.33
8149.67 04.46
8231.16 04.57
8313.47 04.62
8396.61 04.62
8480.57 04.55
8565.38 04.57
8651.03 04.58
8737.54 04.52
8824.92 04.36
8913.17 04.13
9002.30 03.82
9092.32 03.40
9183.25 02.91
9275.08 02.34
9367.83 01.71
9461.51 01.06
9556.12 00.43
9651.68 -00.18
9748.20 -00.74
9845.68 -01.23
9944.14 -01.65
10043.58 -01.91
10144.02 -01.96
10245.46 -01.88
10347.91 -01.67
10451.39 -01.35
10555.91 -00.94
10661.46 -00.64
10768.08 -00.41
10875.76 -00.17
10984.52 00.06
11094.36 00.25
11205.31 00.42
11317.36 00.52
11430.53 00.56
11544.84 00.54
11660.29 00.46
11776.89 00.34
11894.66 00.16
12013.60 -00.04
12133.74 -00.24
12255.08 -00.42
12377.63 -00.55
12501.41 -00.64
12626.42 -00.74
12752.68 -00.77
12880.21 -00.74
13009.01 -00.65
13139.10 -00.49
13270.49 -00.32
13403.20 -00.12
13537.23 00.10
13672.60 00.32
13809.33 00.51
13947.42 00.67
14086.90 00.81
14227.77 00.95
14370.04 01.11
14513.74 01.32
14658.88 01.58
14805.47 01.87
14953.52 02.17
15103.06 02.42
15254.09 02.67
15406.63 02.94
15560.70 03.23
15716.30 03.53
15873.47 03.85
16032.20 04.14
16192.52 04.40
16354.45 04.57
16517.99 04.63
16683.17 04.61
16850.01 04.49
17018.51 04.35
17188.69 04.50
17360.58 04.57
17534.18 04.52
17709.53 04.33
17886.62 04.02
18065.49 03.55
18246.14 02.94
18428.60 02.28
18612.89 01.63
18799.02 01.03
18987.01 00.45
19176.88 -00.10
19368.65 -00.62
19562.33 -01.08
19757.96 -01.49
19955.54 -01.87
20000.00 -01.95
