20.00 -02.67
20.20 -02.65
20.40 -02.62
20.61 -02.60
20.81 -02.59
21.02 -02.67
21.23 -02.66
21.44 -02.64
21.66 -02.73
21.87 -02.72
22.09 -02.71
22.31 -02.71
22.54 -02.80
22.76 -02.79
22.99 -02.78
23.22 -02.78
23.45 -02.87
23.69 -02.86
23.92 -02.85
24.16 -02.85
24.40 -02.94
24.65 -02.83
24.89 -02.83
25.14 -02.92
25.39 -02.91
25.65 -02.90
25.91 -02.90
26.16 -02.89
26.43 -02.88
26.69 -02.88
26.96 -02.97
27.23 -02.96
27.50 -02.95
27.77 -03.05
28.05 -03.04
28.33 -03.03
28.62 -03.02
28.90 -03.02
29.19 -03.01
29.48 -03.00
29.78 -03.00
30.08 -02.99
30.38 -03.08
30.68 -03.07
30.99 -03.07
31.30 -03.16
31.61 -03.15
31.93 -03.25
32.24 -03.24
32.57 -03.23
32.89 -03.22
33.22 -03.32
33.55 -03.31
33.89 -03.30
34.23 -03.29
34.57 -03.28
34.92 -03.28
35.27 -03.27
35.62 -03.26
35.97 -03.26
36.33 -03.25
36.70 -03.24
37.06 -03.13
37.43 -03.13
37.81 -03.12
38.19 -03.11
38.57 -03.20
38.95 -03.20
39.34 -03.09
39.74 -03.08
40.14 -03.07
40.54 -03.06
40.94 -03.15
41.35 -03.14
41.76 -03.13
42.18 -03.22
42.60 -03.11
43.03 -03.20
43.46 -03.18
43.90 -03.17
44.33 -03.25
44.78 -03.23
45.23 -03.11
45.68 -03.09
46.13 -03.07
46.60 -03.15
47.06 -03.13
47.53 -03.10
48.01 -03.08
48.49 -03.05
48.97 -02.93
49.46 -02.91
49.96 -02.78
50.46 -02.76
50.96 -02.63
51.47 -02.51
51.99 -02.49
52.51 -02.37
53.03 -02.34
53.56 -02.32
54.10 -02.30
54.64 -02.28
55.18 -02.27
55.74 -02.25
56.29 -02.13
56.86 -02.11
57.42 -02.10
58.00 -02.08
58.58 -02.07
59.16 -02.06
59.76 -01.95
60.35 -01.83
60.96 -01.82
61.57 -01.82
62.18 -01.81
62.80 -01.81
63.43 -01.81
64.07 -01.81
64.71 -01.82
65.35 -01.93
66.01 -01.94
66.67 -02.05
67.33 -02.07
68.01 -02.09
68.69 -02.01
69.37 -02.04
70.07 -02.06
70.77 -02.09
71.48 -02.11
72.19 -02.24
72.91 -02.26
73.64 -02.28
74.38 -02.30
75.12 -02.32
75.87 -02.34
76.63 -02.36
77.40 -02.37
78.17 -02.39
78.95 -02.40
79.74 -02.31
80.54 -02.32
81.35 -02.34
82.16 -02.35
82.98 -02.36
83.81 -02.36
84.65 -02.37
85.50 -02.28
86.35 -02.29
87.22 -02.19
88.09 -02.19
88.97 -02.20
89.86 -02.10
90.76 -02.10
91.66 -02.11
92.58 -02.11
93.51 -02.11
94.44 -02.22
95.39 -02.12
96.34 -02.12
97.30 -02.12
98.28 -02.13
99.26 -02.13
100.25 -02.14
101.25 -02.14
102.27 -02.04
103.29 -02.05
104.32 -02.05
105.37 -02.05
106.42 -02.06
107.48 -02.06
108.56 -02.06
109.64 -02.06
110.74 -02.07
111.85 -02.07
112.97 -02.07
114.10 -01.97
115.24 -01.97
116.39 -01.97
117.55 -01.97
118.73 -01.98
119.92 -01.98
121.12 -02.08
122.33 -02.08
123.55 -02.08
124.79 -02.08
126.03 -02.08
127.29 -02.09
128.57 -02.09
129.85 -02.09
131.15 -02.10
132.46 -02.10
133.79 -02.10
135.12 -02.01
136.48 -02.01
137.84 -02.02
139.22 -02.03
140.61 -02.03
142.02 -02.04
143.44 -02.04
144.87 -02.05
146.32 -02.06
147.78 -02.06
149.26 -02.07
150.75 -02.07
152.26 -02.07
153.78 -02.08
155.32 -02.08
156.88 -02.08
158.44 -02.18
160.03 -02.18
161.63 -02.08
163.24 -02.07
164.88 -02.07
166.53 -02.06
168.19 -02.05
169.87 -02.04
171.57 -02.03
173.29 -02.01
175.02 -01.99
176.77 -01.97
178.54 -01.95
180.32 -01.93
182.13 -01.91
183.95 -01.88
185.79 -01.86
187.65 -01.84
189.52 -01.81
191.42 -01.78
193.33 -01.86
195.27 -01.83
197.22 -01.80
199.19 -01.78
201.18 -01.75
203.19 -01.72
205.23 -01.69
207.28 -01.66
209.35 -01.62
211.44 -01.49
213.56 -01.55
215.69 -01.51
217.85 -01.47
220.03 -01.43
222.23 -01.38
224.45 -01.33
226.70 -01.28
228.96 -01.22
231.25 -01.17
233.57 -01.11
235.90 -01.05
238.26 -01.09
240.64 -01.04
243.05 -00.98
245.48 -00.93
247.93 -00.87
250.41 -00.82
252.92 -00.77
255.45 -00.73
258.00 -00.68
260.58 -00.54
263.19 -00.51
265.82 -00.48
268.48 -00.46
271.16 -00.45
273.87 -00.54
276.61 -00.55
279.38 -00.56
282.17 -00.59
284.99 -00.63
287.84 -00.68
290.72 -00.75
293.63 -00.84
296.57 -00.94
299.53 -01.07
302.53 -01.20
305.55 -01.24
308.61 -01.40
311.69 -01.55
314.81 -01.70
317.96 -01.84
321.14 -01.96
324.35 -02.06
327.59 -02.13
330.87 -02.18
334.18 -02.19
337.52 -02.18
340.90 -02.14
344.30 -02.09
347.75 -02.02
351.23 -01.95
354.74 -01.86
358.28 -01.78
361.87 -01.70
365.49 -01.62
369.14 -01.65
372.83 -01.58
376.56 -01.52
380.33 -01.46
384.13 -01.41
387.97 -01.37
391.85 -01.33
395.77 -01.30
399.73 -01.27
403.72 -01.24
407.76 -01.21
411.84 -01.17
415.96 -01.14
420.12 -01.10
424.32 -01.06
428.56 -01.12
432.85 -01.08
437.18 -01.03
441.55 -00.99
445.96 -00.94
450.42 -01.00
454.93 -00.95
459.48 -00.90
464.07 -00.85
468.71 -00.80
473.40 -00.75
478.13 -00.69
482.91 -00.63
487.74 -00.57
492.62 -00.51
497.55 -00.44
502.52 -00.37
507.55 -00.30
512.62 -00.23
517.75 -00.15
522.93 00.02
528.16 00.10
533.44 00.17
538.77 00.23
544.16 00.28
549.60 00.32
555.10 00.35
560.65 00.39
566.25 00.31
571.92 00.33
577.64 00.34
583.41 00.33
589.25 00.28
595.14 00.21
601.09 00.10
607.10 -00.04
613.17 -00.30
619.30 -00.48
625.50 -00.67
631.75 -00.88
638.07 -01.20
644.45 -01.41
650.89 -01.61
657.40 -01.76
663.98 -01.85
670.62 -01.88
677.32 -01.94
684.10 -01.87
690.94 -01.77
697.85 -01.65
704.83 -01.61
711.87 -01.47
718.99 -01.31
726.18 -01.15
733.44 -00.99
740.78 -00.83
748.19 -00.68
755.67 -00.53
763.23 -00.38
770.86 -00.23
778.57 -00.07
786.35 00.07
794.22 00.21
802.16 00.35
810.18 00.48
818.28 00.62
826.46 00.76
834.73 00.90
843.08 01.15
851.51 01.28
860.02 01.31
868.62 01.43
877.31 01.50
886.08 01.53
894.94 01.39
903.89 01.30
912.93 01.17
922.06 01.01
931.28 00.85
940.59 00.70
950.00 00.55
959.50 00.42
969.09 00.31
978.78 00.22
988.57 00.15
998.46 00.12
1008.44 00.12
1018.53 00.13
1028.71 00.15
1039.00 00.16
1049.39 00.15
1059.88 00.13
1070.48 00.08
1081.19 00.04
1092.00 00.01
1102.92 00.01
1113.95 00.05
1125.09 00.13
1136.34 00.13
1147.70 00.22
1159.18 00.31
1170.77 00.38
1182.48 00.35
1194.30 00.41
1206.25 00.45
1218.31 00.48
1230.49 00.51
1242.80 00.55
1255.22 00.59
1267.78 00.61
1280.45 00.62
1293.26 00.59
1306.19 00.53
1319.25 00.57
1332.45 00.51
1345.77 00.45
1359.23 00.38
1372.82 00.28
1386.55 00.13
1400.41 -00.06
1414.42 -00.27
1428.56 -00.48
1442.85 -00.67
1457.28 -00.84
1471.85 -01.00
1486.57 -01.18
1501.43 -01.36
1516.45 -01.52
1531.61 -01.75
1546.93 -01.83
1562.40 -01.85
1578.02 -01.94
1593.80 -01.91
1609.74 -01.88
1625.84 -01.96
1642.10 -01.94
1658.52 -01.92
1675.10 -01.89
1691.85 -01.86
1708.77 -01.95
1725.86 -01.96
1743.12 -02.08
1760.55 -02.23
1778.15 -02.27
1795.94 -02.42
1813.90 -02.46
1832.03 -02.51
1850.36 -02.57
1868.86 -02.65
1887.55 -02.73
1906.42 -02.91
1925.49 -02.98
1944.74 -03.14
1964.19 -03.17
1983.83 -03.29
2003.67 -03.29
2023.71 -03.35
2043.94 -03.38
2064.38 -03.48
2085.03 -03.44
2105.88 -03.40
2126.94 -03.45
2148.20 -03.29
2169.69 -03.13
2191.38 -03.05
2213.30 -02.76
2235.43 -02.67
2257.78 -02.59
2280.36 -02.63
2303.17 -02.58
2326.20 -02.55
2349.46 -02.64
2372.95 -02.53
2396.68 -02.41
2420.65 -02.29
2444.86 -02.16
2469.31 -02.04
2494.00 -02.03
2518.94 -01.95
2544.13 -01.98
2569.57 -01.90
2595.27 -01.81
2621.22 -01.69
2647.43 -01.57
2673.90 -01.56
2700.64 -01.47
2727.65 -01.39
2754.93 -01.32
2782.48 -01.24
2810.30 -01.25
2838.40 -01.25
2866.79 -01.25
2895.46 -01.36
2924.41 -01.57
2953.65 -01.67
2983.19 -01.67
3013.02 -01.74
3043.15 -01.90
3073.58 -01.95
3104.32 -02.10
3135.36 -02.15
3166.72 -02.30
3198.38 -02.34
3230.37 -02.47
3262.67 -02.40
3295.30 -02.51
3328.25 -02.52
3361.53 -02.51
3395.15 -02.39
3429.10 -02.35
3463.39 -02.31
3498.03 -02.15
3533.01 -02.17
3568.34 -02.09
3604.02 -02.11
3640.06 -02.13
3676.46 -02.15
3713.22 -02.16
3750.36 -02.16
3787.86 -02.04
3825.74 -02.01
3864.00 -02.25
3902.64 -02.36
3941.66 -02.44
3981.08 -02.58
4020.89 -02.57
4061.10 -02.61
4101.71 -02.58
4142.73 -02.49
4184.15 -02.24
4226.00 -02.03
4268.26 -01.68
4310.94 -01.10
4354.05 -00.64
4397.59 -00.18
4441.56 00.11
4485.98 00.12
4530.84 00.35
4576.15 00.44
4621.91 00.51
4668.13 00.38
4714.81 00.24
4761.96 00.08
4809.58 00.35
4857.67 00.41
4906.25 00.19
4955.31 -00.69
5004.87 -01.44
5054.91 -02.33
5105.46 -03.05
5156.52 -03.24
5208.08 -03.30
5260.16 -03.20
5312.77 -02.88
5365.89 -02.78
5419.55 -02.62
5473.75 -02.53
5528.49 -02.33
5583.77 -02.03
5639.61 -01.95
5696.00 -02.28
5752.96 -02.53
5810.49 -02.58
5868.60 -02.72
5927.28 -02.75
5986.56 -02.73
6046.42 -02.87
6106.89 -02.86
6167.96 -02.92
6229.64 -02.86
6291.93 -02.87
6354.85 -02.71
6418.40 -02.49
6482.58 -02.19
6547.41 -01.83
6612.88 -01.41
6679.01 -00.97
6745.80 -00.93
6813.26 -00.50
6881.39 -00.40
6950.21 -00.21
7019.71 -00.04
7089.91 00.02
7160.81 00.07
7232.41 00.10
7304.74 00.14
7377.79 00.18
7451.56 00.22
7526.08 00.35
7601.34 00.64
7677.35 00.87
7754.13 01.04
7831.67 01.03
7909.98 01.05
7989.08 00.99
8068.98 00.85
8149.67 00.72
8231.16 00.38
8313.47 -00.08
8396.61 -00.77
8480.57 -01.65
8565.38 -02.66
8651.03 -03.31
8737.54 -03.98
8824.92 -04.44
8913.17 -04.78
9002.30 -05.12
9092.32 -05.47
9183.25 -05.74
9275.08 -06.08
9367.83 -06.29
9461.51 -06.62
9556.12 -06.69
9651.68 -06.62
9748.20 -06.51
9845.68 -06.55
9944.14 -06.63
10043.58 -06.72
10144.02 -06.67
10245.46 -06.65
10347.91 -06.48
10451.39 -06.03
10555.91 -05.51
10661.46 -04.94
10768.08 -04.48
10875.76 -03.96
10984.52 -03.29
11094.36 -02.69
11205.31 -02.04
11317.36 -01.49
11430.53 -00.87
11544.84 -00.39
11660.29 00.04
11776.89 00.53
11894.66 01.18
12013.60 01.89
12133.74 02.44
12255.08 03.01
12377.63 03.49
12501.41 03.87
12626.42 03.93
12752.68 04.00
12880.21 03.87
13009.01 03.65
13139.10 03.44
13270.49 02.81
13403.20 01.97
13537.23 01.04
13672.60 00.05
13809.33 -00.97
13947.42 -01.98
14086.90 -02.87
14227.77 -03.79
14370.04 -04.54
14513.74 -05.37
14658.88 -05.79
14805.47 -05.99
14953.52 -06.05
15103.06 -05.49
15254.09 -04.76
15406.63 -04.27
15560.70 -03.75
15716.30 -03.11
15873.47 -02.77
16032.20 -02.56
16192.52 -02.51
16354.45 -02.66
16517.99 -03.04
16683.17 -03.57
16850.01 -04.47
17018.51 -05.58
17188.69 -06.21
17360.58 -06.97
17534.18 -07.48
17709.53 -07.68
17886.62 -07.77
18065.49 -07.57
18246.14 -07.31
18428.60 -07.03
18612.89 -06.62
18799.02 -06.24
18987.01 -06.09
19176.88 -06.17
19368.65 -06.49
19562.33 -07.16
19757.96 -08.27
19955.54 -09.14
20000.00 -09.36
