20.00 -06.37
20.20 -06.28
20.40 -06.18
20.61 -06.09
20.81 -06.00
21.02 -06.01
21.23 -05.92
21.44 -05.84
21.66 -05.75
21.87 -05.67
22.09 -05.69
22.31 -05.61
22.54 -05.52
22.76 -05.44
22.99 -05.46
23.22 -05.38
23.45 -05.30
23.69 -05.22
23.92 -05.14
24.16 -05.17
24.40 -05.09
24.65 -05.01
24.89 -04.93
25.14 -04.85
25.39 -04.78
25.65 -04.80
25.91 -04.72
26.16 -04.65
26.43 -04.57
26.69 -04.50
26.96 -04.42
27.23 -04.35
27.50 -04.28
27.77 -04.31
28.05 -04.24
28.33 -04.17
28.62 -04.10
28.90 -04.13
29.19 -04.07
29.48 -04.00
29.78 -03.93
30.08 -03.97
30.38 -03.91
30.68 -03.85
30.99 -03.88
31.30 -03.82
31.61 -03.77
31.93 -03.71
32.24 -03.75
32.57 -03.69
32.89 -03.64
33.22 -03.58
33.55 -03.53
33.89 -03.47
34.23 -03.42
34.57 -03.36
34.92 -03.31
35.27 -03.25
35.62 -03.20
35.97 -03.15
36.33 -03.09
36.70 -03.04
37.06 -02.89
37.43 -02.84
37.81 -02.79
38.19 -02.74
38.57 -02.69
38.95 -02.64
39.34 -02.49
39.74 -02.55
40.14 -02.50
40.54 -02.45
40.94 -02.41
41.35 -02.47
41.76 -02.42
42.18 -02.38
42.60 -02.24
43.03 -02.29
43.46 -02.25
43.90 -02.21
44.33 -02.17
44.78 -02.13
45.23 -01.98
45.68 -01.94
46.13 -01.90
46.60 -01.86
47.06 -01.83
47.53 -01.79
48.01 -01.85
48.49 -01.81
48.97 -01.78
49.46 -01.74
49.96 -01.71
50.46 -01.68
50.96 -01.65
51.47 -01.52
51.99 -01.49
52.51 -01.46
53.03 -01.43
53.56 -01.41
54.10 -01.38
54.64 -01.36
55.18 -01.34
55.74 -01.32
56.29 -01.30
56.86 -01.29
57.42 -01.27
58.00 -01.25
58.58 -01.14
59.16 -01.12
59.76 -01.01
60.35 -00.99
60.96 -00.98
61.57 -00.96
62.18 -00.95
62.80 -00.83
63.43 -00.82
64.07 -00.91
64.71 -00.90
65.35 -00.88
66.01 -00.87
66.67 -00.86
67.33 -00.85
68.01 -00.84
68.69 -00.73
69.37 -00.72
70.07 -00.71
70.77 -00.70
71.48 -00.68
72.19 -00.67
72.91 -00.66
73.64 -00.64
74.38 -00.63
75.12 -00.61
75.87 -00.59
76.63 -00.57
77.40 -00.55
78.17 -00.53
78.95 -00.50
79.74 -00.38
80.54 -00.35
81.35 -00.33
82.16 -00.30
82.98 -00.27
83.81 -00.24
84.65 -00.21
85.50 -00.08
86.35 -00.06
87.22 -00.03
88.09 00.11
88.97 00.14
89.86 00.17
90.76 00.20
91.66 00.23
92.58 00.26
93.51 00.19
94.44 00.23
95.39 00.26
96.34 00.29
97.30 00.32
98.28 00.35
99.26 00.37
100.25 00.40
101.25 00.43
102.27 00.55
103.29 00.57
104.32 00.60
105.37 00.62
106.42 00.64
107.48 00.66
108.56 00.68
109.64 00.69
110.74 00.71
111.85 00.72
112.97 00.74
114.10 00.75
115.24 00.76
116.39 00.77
117.55 00.78
118.73 00.79
119.92 00.80
121.12 00.81
122.33 00.82
123.55 00.72
124.79 00.73
126.03 00.74
127.29 00.74
128.57 00.75
129.85 00.75
131.15 00.76
132.46 00.76
133.79 00.76
135.12 00.87
136.48 00.87
137.84 00.87
139.22 00.87
140.61 00.87
142.02 00.87
143.44 00.87
144.87 00.87
146.32 00.87
147.78 00.87
149.26 00.87
150.75 00.87
152.26 00.86
153.78 00.86
155.32 00.76
156.88 00.76
158.44 00.76
160.03 00.75
161.63 00.75
163.24 00.75
164.88 00.85
166.53 00.85
168.19 00.85
169.87 00.84
171.57 00.85
173.29 00.85
175.02 00.85
176.77 00.85
178.54 00.95
180.32 00.96
182.13 00.86
183.95 00.87
185.79 00.88
187.65 00.88
189.52 00.79
191.42 00.80
193.33 00.81
195.27 00.82
197.22 00.83
199.19 00.84
201.18 00.85
203.19 00.86
205.23 00.88
207.28 00.89
209.35 00.90
211.44 00.91
213.56 00.92
215.69 00.93
217.85 00.94
220.03 00.95
222.23 00.95
224.45 00.96
226.70 00.96
228.96 00.96
231.25 00.96
233.57 00.96
235.90 00.96
238.26 00.96
240.64 00.95
243.05 00.95
245.48 00.94
247.93 00.93
250.41 00.93
252.92 01.02
255.45 01.01
258.00 01.00
260.58 00.99
263.19 00.98
265.82 01.07
268.48 01.06
271.16 01.05
273.87 01.04
276.61 01.03
279.38 01.02
282.17 01.01
284.99 00.99
287.84 00.98
290.72 00.97
293.63 00.95
296.57 00.94
299.53 00.92
302.53 00.91
305.55 00.89
308.61 00.88
311.69 00.86
314.81 00.95
317.96 00.94
321.14 00.92
324.35 00.91
327.59 00.90
330.87 00.88
334.18 00.87
337.52 00.86
340.90 00.85
344.30 00.84
347.75 00.83
351.23 00.82
354.74 00.91
358.28 00.80
361.87 00.79
365.49 00.79
369.14 00.78
372.83 00.77
376.56 00.76
380.33 00.75
384.13 00.74
387.97 00.73
391.85 00.72
395.77 00.71
399.73 00.80
403.72 00.69
407.76 00.68
411.84 00.68
415.96 00.67
420.12 00.66
424.32 00.66
428.56 00.65
432.85 00.65
437.18 00.64
441.55 00.54
445.96 00.53
450.42 00.53
454.93 00.52
459.48 00.52
464.07 00.51
468.71 00.51
473.40 00.51
478.13 00.50
482.91 00.50
487.74 00.49
492.62 00.49
497.55 00.48
502.52 00.48
507.55 00.47
512.62 00.47
517.75 00.56
522.93 00.56
528.16 00.55
533.44 00.55
538.77 00.54
544.16 00.54
549.60 00.53
555.10 00.53
560.65 00.52
566.25 00.52
571.92 00.52
577.64 00.51
583.41 00.51
589.25 00.51
595.14 00.51
601.09 00.50
607.10 00.50
613.17 00.50
619.30 00.40
625.50 00.39
631.75 00.39
638.07 00.39
644.45 00.39
650.89 00.39
657.40 00.39
663.98 00.39
670.62 00.39
677.32 00.39
684.10 00.39
690.94 00.39
697.85 00.28
704.83 00.28
711.87 00.28
718.99 00.28
726.18 00.28
733.44 00.28
740.78 00.28
748.19 00.28
755.67 00.29
763.23 00.29
770.86 00.29
778.57 00.20
786.35 00.20
794.22 00.21
802.16 00.21
810.18 00.22
818.28 00.23
826.46 00.23
834.73 00.24
843.08 00.24
851.51 00.24
860.02 00.25
868.62 00.25
877.31 00.16
886.08 00.16
894.94 00.16
903.89 00.16
912.93 00.16
922.06 00.16
931.28 00.16
940.59 00.16
950.00 00.16
959.50 00.16
969.09 00.16
978.78 00.15
988.57 00.15
998.46 00.14
1008.44 00.14
1018.53 00.13
1028.71 00.12
1039.00 00.10
1049.39 00.08
1059.88 00.06
1070.48 00.04
1081.19 00.01
1092.00 -00.02
1102.92 -00.06
1113.95 -00.11
1125.09 -00.16
1136.34 -00.21
1147.70 -00.27
1159.18 -00.33
1170.77 -00.39
1182.48 -00.46
1194.30 -00.52
1206.25 -00.59
1218.31 -00.65
1230.49 -00.71
1242.80 -00.77
1255.22 -00.81
1267.78 -00.85
1280.45 -00.89
1293.26 -00.92
1306.19 -00.95
1319.25 -00.97
1332.45 -00.99
1345.77 -01.01
1359.23 -01.02
1372.82 -01.04
1386.55 -01.05
1400.41 -01.07
1414.42 -01.10
1428.56 -01.12
1442.85 -01.15
1457.28 -01.18
1471.85 -01.20
1486.57 -01.23
1501.43 -01.26
1516.45 -01.29
1531.61 -01.30
1546.93 -01.42
1562.40 -01.42
1578.02 -01.41
1593.80 -01.40
1609.74 -01.39
1625.84 -01.36
1642.10 -01.32
1658.52 -01.28
1675.10 -01.24
1691.85 -01.21
1708.77 -01.19
1725.86 -01.19
1743.12 -01.21
1760.55 -01.34
1778.15 -01.39
1795.94 -01.45
1813.90 -01.51
1832.03 -01.57
1850.36 -01.74
1868.86 -01.81
1887.55 -01.88
1906.42 -01.95
1925.49 -02.09
1944.74 -02.22
1964.19 -02.24
1983.83 -02.36
2003.67 -02.38
2023.71 -02.60
2043.94 -02.73
2064.38 -02.96
2085.03 -03.10
2105.88 -03.33
2126.94 -03.47
2148.20 -03.61
2169.69 -03.65
2191.38 -03.79
2213.30 -03.82
2235.43 -03.96
2257.78 -04.10
2280.36 -04.24
2303.17 -04.38
2326.20 -04.53
2349.46 -04.69
2372.95 -04.75
2396.68 -04.82
2420.65 -04.90
2444.86 -04.89
2469.31 -04.99
2494.00 -05.08
2518.94 -05.27
2544.13 -05.35
2569.57 -05.52
2595.27 -05.58
2621.22 -05.64
2647.43 -05.79
2673.90 -05.83
2700.64 -05.85
2727.65 -05.85
2754.93 -05.92
2782.48 -05.87
2810.30 -05.89
2838.40 -05.79
2866.79 -05.86
2895.46 -05.90
2924.41 -05.91
2953.65 -05.89
2983.19 -05.74
3013.02 -05.66
3043.15 -05.64
3073.58 -05.50
3104.32 -05.35
3135.36 -05.18
3166.72 -05.12
3198.38 -05.06
3230.37 -04.91
3262.67 -04.77
3295.30 -04.71
3328.25 -04.56
3361.53 -04.40
3395.15 -04.16
3429.10 -04.12
3463.39 -03.88
3498.03 -03.72
3533.01 -03.55
3568.34 -03.35
3604.02 -03.23
3640.06 -02.97
3676.46 -02.77
3713.22 -02.42
3750.36 -02.09
3787.86 -01.50
3825.74 -00.96
3864.00 -00.70
3902.64 -00.34
3941.66 00.00
3981.08 00.22
4020.89 00.44
4061.10 00.65
4101.71 00.85
4142.73 01.03
4184.15 01.19
4226.00 01.24
4268.26 01.47
4310.94 01.57
4354.05 01.76
4397.59 01.91
4441.56 02.02
4485.98 01.99
4530.84 02.10
4576.15 02.27
4621.91 02.40
4668.13 02.49
4714.81 02.54
4761.96 02.76
4809.58 03.64
4857.67 04.38
4906.25 05.18
4955.31 05.64
5004.87 06.27
5054.91 06.85
5105.46 07.40
5156.52 08.10
5208.08 08.75
5260.16 09.46
5312.77 10.03
5365.89 10.36
5419.55 10.55
5473.75 10.69
5528.49 10.80
5583.77 11.07
5639.61 11.02
5696.00 10.56
5752.96 10.09
5810.49 09.90
5868.60 09.61
5927.28 09.29
5986.56 09.04
6046.42 08.67
6106.89 08.17
6167.96 07.74
6229.64 07.32
6291.93 06.90
6354.85 06.40
6418.40 06.04
6482.58 05.74
6547.41 05.51
6612.88 05.36
6679.01 05.20
6745.80 04.92
6813.26 05.02
6881.39 04.99
6950.21 05.02
7019.71 05.10
7089.91 05.23
7160.81 05.31
7232.41 05.55
7304.74 05.80
7377.79 06.26
7451.56 06.75
7526.08 07.42
7601.34 08.28
7677.35 08.94
7754.13 09.46
7831.67 09.82
7909.98 10.13
7989.08 10.23
8068.98 10.23
8149.67 10.24
8231.16 10.13
8313.47 09.78
8396.61 09.14
8480.57 08.26
8565.38 06.96
8651.03 05.88
8737.54 04.64
8824.92 03.61
8913.17 02.64
9002.30 01.95
9092.32 01.31
9183.25 00.69
9275.08 00.15
9367.83 -00.36
9461.51 -00.75
9556.12 -00.96
9651.68 -01.08
9748.20 -01.04
9845.68 -01.02
9944.14 -01.21
10043.58 -01.26
10144.02 -01.31
10245.46 -01.08
10347.91 -00.73
10451.39 -00.06
10555.91 00.67
10661.46 01.38
10768.08 01.99
10875.76 02.58
10984.52 03.03
11094.36 03.54
11205.31 04.00
11317.36 04.40
11430.53 04.73
11544.84 04.88
11660.29 05.02
11776.89 05.08
11894.66 04.97
12013.60 04.92
12133.74 04.87
12255.08 04.83
12377.63 04.72
12501.41 04.74
12626.42 04.67
12752.68 04.64
12880.21 04.65
13009.01 04.70
13139.10 04.90
13270.49 04.91
13403.20 05.02
13537.23 05.02
13672.60 05.10
13809.33 05.04
13947.42 04.95
14086.90 04.91
14227.77 04.70
14370.04 04.41
14513.74 03.92
14658.88 03.46
14805.47 02.94
14953.52 02.19
15103.06 01.64
15254.09 01.13
15406.63 00.56
15560.70 00.42
15716.30 00.68
15873.47 01.09
16032.20 01.66
16192.52 02.25
16354.45 02.79
16517.99 03.36
16683.17 03.75
16850.01 04.06
17018.51 04.39
17188.69 05.02
17360.58 05.34
17534.18 05.64
17709.53 05.72
17886.62 05.79
18065.49 05.87
18246.14 05.79
18428.60 05.67
18612.89 05.59
18799.02 05.35
18987.01 05.12
19176.88 04.67
19368.65 04.08
19562.33 03.31
19757.96 02.37
19955.54 01.26
20000.00 01.00
