20.00 04.18
20.20 04.21
20.40 04.24
20.61 04.27
20.81 04.29
21.02 04.30
21.23 04.32
21.44 04.34
21.66 04.38
21.87 04.40
22.09 04.42
22.31 04.45
22.54 04.45
22.76 04.46
22.99 04.45
23.22 04.46
23.45 04.45
23.69 04.46
23.92 04.46
24.16 04.46
24.40 04.47
24.65 04.47
24.89 04.46
25.14 04.48
25.39 04.50
25.65 04.52
25.91 04.53
26.16 04.55
26.43 04.57
26.69 04.59
26.96 04.61
27.23 04.62
27.50 04.64
27.77 04.65
28.05 04.67
28.33 04.67
28.62 04.66
28.90 04.67
29.19 04.67
29.48 04.68
29.78 04.67
30.08 04.67
30.38 04.65
30.68 04.65
30.99 04.63
31.30 04.62
31.61 04.62
31.93 04.63
32.24 04.64
32.57 04.66
32.89 04.66
33.22 04.68
33.55 04.69
33.89 04.72
34.23 04.76
34.57 04.78
34.92 04.81
35.27 04.84
35.62 04.87
35.97 04.89
36.33 04.93
36.70 04.95
37.06 04.98
37.43 05.00
37.81 05.02
38.19 05.03
38.57 05.04
38.95 05.04
39.34 05.05
39.74 05.06
40.14 05.06
40.54 05.04
40.94 05.03
41.35 05.02
41.76 05.00
42.18 04.98
42.60 04.97
43.03 04.98
43.46 04.99
43.90 05.00
44.33 05.01
44.78 05.02
45.23 05.01
45.68 05.00
46.13 04.98
46.60 04.97
47.06 04.95
47.53 04.93
48.01 04.93
48.49 04.93
48.97 04.93
49.46 04.93
49.96 04.93
50.46 04.93
50.96 04.92
51.47 04.92
51.99 04.90
52.51 04.90
53.03 04.89
53.56 04.88
54.10 04.87
54.64 04.85
55.18 04.84
55.74 04.83
56.29 04.82
56.86 04.81
57.42 04.80
58.00 04.79
58.58 04.79
59.16 04.78
59.76 04.77
60.35 04.76
60.96 04.76
61.57 04.76
62.18 04.76
62.80 04.76
63.43 04.76
64.07 04.73
64.71 04.72
65.35 04.71
66.01 04.70
66.67 04.70
67.33 04.71
68.01 04.72
68.69 04.74
69.37 04.76
70.07 04.79
70.77 04.81
71.48 04.83
72.19 04.85
72.91 04.87
73.64 04.90
74.38 04.92
75.12 04.94
75.87 04.99
76.63 05.02
77.40 05.07
78.17 05.10
78.95 05.15
79.74 05.18
80.54 05.22
81.35 05.26
82.16 05.28
82.98 05.31
83.81 05.34
84.65 05.36
85.50 05.39
86.35 05.43
87.22 05.47
88.09 05.51
88.97 05.55
89.86 05.59
90.76 05.59
91.66 05.58
92.58 05.58
93.51 05.56
94.44 05.56
95.39 05.56
96.34 05.57
97.30 05.57
98.28 05.58
99.26 05.59
100.25 05.59
101.25 05.59
102.27 05.61
103.29 05.61
104.32 05.61
105.37 05.62
106.42 05.62
107.48 05.62
108.56 05.63
109.64 05.63
110.74 05.64
111.85 05.64
112.97 05.63
114.10 05.64
115.24 05.64
116.39 05.64
117.55 05.65
118.73 05.63
119.92 05.62
121.12 05.59
122.33 05.58
123.55 05.56
124.79 05.53
126.03 05.53
127.29 05.53
128.57 05.52
129.85 05.51
131.15 05.51
132.46 05.50
133.79 05.49
135.12 05.49
136.48 05.48
137.84 05.47
139.22 05.46
140.61 05.45
142.02 05.44
143.44 05.44
144.87 05.42
146.32 05.41
147.78 05.41
149.26 05.39
150.75 05.37
152.26 05.34
153.78 05.32
155.32 05.29
156.88 05.25
158.44 05.22
160.03 05.19
161.63 05.19
163.24 05.18
164.88 05.18
166.53 05.18
168.19 05.17
169.87 05.17
171.57 05.14
173.29 05.13
175.02 05.11
176.77 05.09
178.54 05.08
180.32 05.07
182.13 05.03
183.95 05.00
185.79 04.98
187.65 04.95
189.52 04.93
191.42 04.91
193.33 04.90
195.27 04.89
197.22 04.88
199.19 04.87
201.18 04.87
203.19 04.88
205.23 04.89
207.28 04.90
209.35 04.90
211.44 04.91
213.56 04.90
215.69 04.90
217.85 04.89
220.03 04.88
222.23 04.88
224.45 04.87
226.70 04.87
228.96 04.86
231.25 04.86
233.57 04.85
235.90 04.85
238.26 04.84
240.64 04.84
243.05 04.84
245.48 04.83
247.93 04.83
250.41 04.82
252.92 04.83
255.45 04.84
258.00 04.84
260.58 04.84
263.19 04.84
265.82 04.83
268.48 04.80
271.16 04.78
273.87 04.74
276.61 04.71
279.38 04.67
282.17 04.64
284.99 04.59
287.84 04.56
290.72 04.53
293.63 04.48
296.57 04.44
299.53 04.41
302.53 04.37
305.55 04.33
308.61 04.30
311.69 04.26
314.81 04.22
317.96 04.18
321.14 04.14
324.35 04.09
327.59 04.05
330.87 04.01
334.18 03.98
337.52 03.94
340.90 03.89
344.30 03.85
347.75 03.82
351.23 03.78
354.74 03.75
358.28 03.69
361.87 03.64
365.49 03.58
369.14 03.53
372.83 03.48
376.56 03.43
380.33 03.39
384.13 03.35
387.97 03.31
391.85 03.26
395.77 03.22
399.73 03.17
403.72 03.11
407.76 03.05
411.84 03.00
415.96 02.94
420.12 02.88
424.32 02.81
428.56 02.75
432.85 02.68
437.18 02.60
441.55 02.53
445.96 02.46
450.42 02.37
454.93 02.31
459.48 02.24
464.07 02.18
468.71 02.11
473.40 02.05
478.13 01.99
482.91 01.94
487.74 01.88
492.62 01.83
497.55 01.79
502.52 01.75
507.55 01.72
512.62 01.69
517.75 01.67
522.93 01.65
528.16 01.63
533.44 01.60
538.77 01.56
544.16 01.52
549.60 01.48
555.10 01.44
560.65 01.41
566.25 01.37
571.92 01.33
577.64 01.29
583.41 01.25
589.25 01.21
595.14 01.17
601.09 01.14
607.10 01.08
613.17 01.03
619.30 00.97
625.50 00.92
631.75 00.87
638.07 00.85
644.45 00.82
650.89 00.81
657.40 00.79
663.98 00.77
670.62 00.76
677.32 00.73
684.10 00.70
690.94 00.68
697.85 00.66
704.83 00.64
711.87 00.63
718.99 00.64
726.18 00.64
733.44 00.65
740.78 00.65
748.19 00.66
755.67 00.65
763.23 00.64
770.86 00.64
778.57 00.63
786.35 00.62
794.22 00.60
802.16 00.58
810.18 00.57
818.28 00.56
826.46 00.55
834.73 00.54
843.08 00.52
851.51 00.51
860.02 00.47
868.62 00.43
877.31 00.40
886.08 00.36
894.94 00.33
903.89 00.30
912.93 00.28
922.06 00.26
931.28 00.23
940.59 00.21
950.00 00.17
959.50 00.14
969.09 00.10
978.78 00.05
988.57 00.01
998.46 -00.04
1008.44 -00.09
1018.53 -00.15
1028.71 -00.21
1039.00 -00.28
1049.39 -00.34
1059.88 -00.41
1070.48 -00.48
1081.19 -00.55
1092.00 -00.62
1102.92 -00.70
1113.95 -00.78
1125.09 -00.86
1136.34 -00.94
1147.70 -01.01
1159.18 -01.08
1170.77 -01.15
1182.48 -01.23
1194.30 -01.30
1206.25 -01.37
1218.31 -01.44
1230.49 -01.51
1242.80 -01.59
1255.22 -01.66
1267.78 -01.73
1280.45 -01.80
1293.26 -01.85
1306.19 -01.90
1319.25 -01.94
1332.45 -01.99
1345.77 -02.04
1359.23 -02.09
1372.82 -02.13
1386.55 -02.17
1400.41 -02.20
1414.42 -02.24
1428.56 -02.28
1442.85 -02.32
1457.28 -02.38
1471.85 -02.43
1486.57 -02.48
1501.43 -02.52
1516.45 -02.58
1531.61 -02.62
1546.93 -02.66
1562.40 -02.68
1578.02 -02.70
1593.80 -02.71
1609.74 -02.70
1625.84 -02.67
1642.10 -02.64
1658.52 -02.60
1675.10 -02.56
1691.85 -02.51
1708.77 -02.47
1725.86 -02.43
1743.12 -02.39
1760.55 -02.35
1778.15 -02.31
1795.94 -02.27
1813.90 -02.22
1832.03 -02.18
1850.36 -02.14
1868.86 -02.10
1887.55 -02.06
1906.42 -02.01
1925.49 -01.99
1944.74 -01.97
1964.19 -01.95
1983.83 -01.93
2003.67 -01.92
2023.71 -01.99
2043.94 -02.05
2064.38 -02.11
2085.03 -02.18
2105.88 -02.24
2126.94 -02.27
2148.20 -02.27
2169.69 -02.26
2191.38 -02.25
2213.30 -02.24
2235.43 -02.23
2257.78 -02.27
2280.36 -02.32
2303.17 -02.37
2326.20 -02.43
2349.46 -02.51
2372.95 -02.51
2396.68 -02.46
2420.65 -02.43
2444.86 -02.39
2469.31 -02.35
2494.00 -02.33
2518.94 -02.33
2544.13 -02.35
2569.57 -02.37
2595.27 -02.40
2621.22 -02.43
2647.43 -02.47
2673.90 -02.50
2700.64 -02.54
2727.65 -02.59
2754.93 -02.65
2782.48 -02.71
2810.30 -02.80
2838.40 -02.97
2866.79 -03.14
2895.46 -03.31
2924.41 -03.48
2953.65 -03.65
2983.19 -03.81
3013.02 -04.01
3043.15 -04.24
3073.58 -04.47
3104.32 -04.73
3135.36 -04.98
3166.72 -05.26
3198.38 -05.55
3230.37 -05.87
3262.67 -06.20
3295.30 -06.57
3328.25 -06.95
3361.53 -07.35
3395.15 -07.73
3429.10 -08.13
3463.39 -08.51
3498.03 -08.89
3533.01 -09.26
3568.34 -09.64
3604.02 -10.04
3640.06 -10.42
3676.46 -10.76
3713.22 -11.04
3750.36 -11.27
3787.86 -11.36
3825.74 -11.41
3864.00 -11.42
3902.64 -11.40
3941.66 -11.32
3981.08 -11.16
4020.89 -10.99
4061.10 -10.76
4101.71 -10.27
4142.73 -09.50
4184.15 -08.37
4226.00 -06.85
4268.26 -05.07
4310.94 -03.20
4354.05 -01.55
4397.59 -00.27
4441.56 00.61
4485.98 01.12
4530.84 01.50
4576.15 01.71
4621.91 01.77
4668.13 01.69
4714.81 01.50
4761.96 01.33
4809.58 01.43
4857.67 01.32
4906.25 00.94
4955.31 00.27
5004.87 -00.57
5054.91 -01.17
5105.46 -01.74
5156.52 -02.13
5208.08 -02.29
5260.16 -02.22
5312.77 -01.98
5365.89 -01.75
5419.55 -01.41
5473.75 -00.99
5528.49 -00.54
5583.77 -00.08
5639.61 00.11
5696.00 00.18
5752.96 00.23
5810.49 00.25
5868.60 00.22
5927.28 00.14
5986.56 00.01
6046.42 -00.20
6106.89 -00.43
6167.96 -00.66
6229.64 -00.89
6291.93 -01.10
6354.85 -01.31
6418.40 -01.48
6482.58 -01.63
6547.41 -01.71
6612.88 -01.71
6679.01 -01.61
6745.80 -01.52
6813.26 -01.40
6881.39 -01.20
6950.21 -00.95
7019.71 -00.66
7089.91 -00.38
7160.81 -00.16
7232.41 00.02
7304.74 00.16
7377.79 00.24
7451.56 00.27
7526.08 00.29
7601.34 00.38
7677.35 00.42
7754.13 00.44
7831.67 00.44
7909.98 00.45
7989.08 00.48
8068.98 00.44
8149.67 00.43
8231.16 00.47
8313.47 00.56
8396.61 00.68
8480.57 00.82
8565.38 01.12
8651.03 01.46
8737.54 01.76
8824.92 02.00
8913.17 02.19
9002.30 02.33
9092.32 02.37
9183.25 02.36
9275.08 02.26
9367.83 02.10
9461.51 01.87
9556.12 01.60
9651.68 01.28
9748.20 00.94
9845.68 00.59
9944.14 00.23
10043.58 -00.04
10144.02 -00.21
10245.46 -00.34
10347.91 -00.43
10451.39 -00.50
10555.91 -00.53
10661.46 -00.68
10768.08 -00.91
10875.76 -01.08
10984.52 -01.20
11094.36 -01.27
11205.31 -01.29
11317.36 -01.29
11430.53 -01.24
11544.84 -01.16
11660.29 -01.05
11776.89 -00.88
11894.66 -00.69
12013.60 -00.45
12133.74 -00.18
12255.08 00.11
12377.63 00.42
12501.41 00.70
12626.42 00.89
12752.68 01.03
12880.21 01.11
13009.01 01.13
13139.10 01.09
13270.49 00.94
13403.20 00.68
13537.23 00.36
13672.60 -00.05
13809.33 -00.51
13947.42 -01.00
14086.90 -01.48
14227.77 -01.90
14370.04 -02.24
14513.74 -02.49
14658.88 -02.69
14805.47 -02.84
14953.52 -02.95
15103.06 -03.07
15254.09 -03.16
15406.63 -03.20
15560.70 -03.19
15716.30 -03.14
15873.47 -03.05
16032.20 -02.93
16192.52 -02.77
16354.45 -02.65
16517.99 -02.57
16683.17 -02.54
16850.01 -02.59
17018.51 -02.66
17188.69 -02.44
17360.58 -02.28
17534.18 -02.21
17709.53 -02.24
17886.62 -02.36
18065.49 -02.60
18246.14 -02.93
18428.60 -03.29
18612.89 -03.66
18799.02 -04.01
18987.01 -04.35
19176.88 -04.72
19368.65 -05.13
19562.33 -05.62
19757.96 -06.23
19955.54 -06.97
20000.00 -07.15
