20.00	01.62
20.20	01.61
20.40	01.61
20.61	01.60
20.81	01.59
21.02	01.59
21.23	01.59
21.44	01.60
21.66	01.60
21.87	01.60
22.09	01.61
22.31	01.60
22.54	01.58
22.76	01.56
22.99	01.55
23.22	01.52
23.45	01.51
23.69	01.49
23.92	01.48
24.16	01.46
24.40	01.45
24.65	01.42
24.89	01.42
25.14	01.42
25.39	01.43
25.65	01.42
25.91	01.43
26.16	01.42
26.43	01.42
26.69	01.43
26.96	01.42
27.23	01.42
27.50	01.41
27.77	01.41
28.05	01.40
28.33	01.38
28.62	01.37
28.90	01.35
29.19	01.34
29.48	01.32
29.78	01.30
30.08	01.26
30.38	01.24
30.68	01.21
30.99	01.18
31.30	01.16
31.61	01.15
31.93	01.15
32.24	01.14
32.57	01.13
32.89	01.12
33.22	01.12
33.55	01.12
33.89	01.14
34.23	01.14
34.57	01.15
34.92	01.16
35.27	01.17
35.62	01.17
35.97	01.18
36.33	01.19
36.70	01.20
37.06	01.21
37.43	01.20
37.81	01.19
38.19	01.19
38.57	01.17
38.95	01.16
39.34	01.16
39.74	01.14
40.14	01.11
40.54	01.08
40.94	01.06
41.35	01.03
41.76	00.99
42.18	00.98
42.60	00.98
43.03	00.98
43.46	00.98
43.90	00.99
44.33	00.99
44.78	00.98
45.23	00.96
45.68	00.95
46.13	00.93
46.60	00.91
47.06	00.89
47.53	00.89
48.01	00.90
48.49	00.90
48.97	00.90
49.46	00.90
49.96	00.90
50.46	00.90
50.96	00.90
51.47	00.89
51.99	00.89
52.51	00.88
53.03	00.88
53.56	00.87
54.10	00.86
54.64	00.85
55.18	00.84
55.74	00.84
56.29	00.84
56.86	00.83
57.42	00.82
58.00	00.83
58.58	00.83
59.16	00.82
59.76	00.82
60.35	00.82
60.96	00.82
61.57	00.83
62.18	00.82
62.80	00.81
63.43	00.78
64.07	00.77
64.71	00.74
65.35	00.71
66.01	00.70
66.67	00.68
67.33	00.68
68.01	00.68
68.69	00.68
69.37	00.68
70.07	00.68
70.77	00.69
71.48	00.69
72.19	00.70
72.91	00.71
73.64	00.73
74.38	00.74
75.12	00.78
75.87	00.82
76.63	00.86
77.40	00.90
78.17	00.95
78.95	01.00
79.74	01.04
80.54	01.09
81.35	01.12
82.16	01.16
82.98	01.20
83.81	01.23
84.65	01.27
85.50	01.32
86.35	01.37
87.22	01.42
88.09	01.48
88.97	01.52
89.86	01.53
90.76	01.54
91.66	01.55
92.58	01.54
93.51	01.55
94.44	01.56
95.39	01.58
96.34	01.59
97.30	01.60
98.28	01.61
99.26	01.62
100.25	01.62
101.25	01.63
102.27	01.64
103.29	01.63
104.32	01.64
105.37	01.64
106.42	01.64
107.48	01.64
108.56	01.64
109.64	01.64
110.74	01.64
111.85	01.63
112.97	01.64
114.10	01.63
115.24	01.63
116.39	01.64
117.55	01.63
118.73	01.62
119.92	01.60
121.12	01.59
122.33	01.58
123.55	01.56
124.79	01.56
126.03	01.57
127.29	01.57
128.57	01.57
129.85	01.57
131.15	01.57
132.46	01.56
133.79	01.56
135.12	01.55
136.48	01.55
137.84	01.55
139.22	01.54
140.61	01.54
142.02	01.54
143.44	01.54
144.87	01.54
146.32	01.54
147.78	01.54
149.26	01.53
150.75	01.51
152.26	01.50
153.78	01.48
155.32	01.45
156.88	01.43
158.44	01.42
160.03	01.43
161.63	01.43
163.24	01.44
164.88	01.46
166.53	01.47
168.19	01.48
169.87	01.47
171.57	01.48
173.29	01.48
175.02	01.47
176.77	01.48
178.54	01.48
180.32	01.46
182.13	01.44
183.95	01.42
185.79	01.39
187.65	01.37
189.52	01.36
191.42	01.34
193.33	01.32
195.27	01.31
197.22	01.29
199.19	01.29
201.18	01.30
203.19	01.31
205.23	01.32
207.28	01.33
209.35	01.34
211.44	01.35
213.56	01.35
215.69	01.36
217.85	01.36
220.03	01.37
222.23	01.37
224.45	01.36
226.70	01.36
228.96	01.35
231.25	01.34
233.57	01.32
235.90	01.31
238.26	01.29
240.64	01.27
243.05	01.25
245.48	01.23
247.93	01.21
250.41	01.21
252.92	01.21
255.45	01.20
258.00	01.20
260.58	01.19
263.19	01.18
265.82	01.15
268.48	01.12
271.16	01.08
273.87	01.04
276.61	01.00
279.38	00.97
282.17	00.93
284.99	00.89
287.84	00.86
290.72	00.81
293.63	00.78
296.57	00.74
299.53	00.71
302.53	00.68
305.55	00.65
308.61	00.62
311.69	00.59
314.81	00.57
317.96	00.54
321.14	00.51
324.35	00.49
327.59	00.48
330.87	00.46
334.18	00.45
337.52	00.43
340.90	00.42
344.30	00.42
347.75	00.41
351.23	00.41
354.74	00.40
358.28	00.38
361.87	00.36
365.49	00.35
369.14	00.35
372.83	00.34
376.56	00.35
380.33	00.36
384.13	00.38
387.97	00.38
391.85	00.40
395.77	00.42
399.73	00.42
403.72	00.42
407.76	00.43
411.84	00.43
415.96	00.43
420.12	00.43
424.32	00.44
428.56	00.43
432.85	00.42
437.18	00.41
441.55	00.41
445.96	00.40
450.42	00.41
454.93	00.42
459.48	00.43
464.07	00.44
468.71	00.45
473.40	00.46
478.13	00.46
482.91	00.47
487.74	00.47
492.62	00.47
497.55	00.48
502.52	00.49
507.55	00.50
512.62	00.51
517.75	00.51
522.93	00.51
528.16	00.50
533.44	00.48
538.77	00.46
544.16	00.44
549.60	00.41
555.10	00.39
560.65	00.37
566.25	00.35
571.92	00.33
577.64	00.31
583.41	00.29
589.25	00.27
595.14	00.25
601.09	00.22
607.10	00.18
613.17	00.15
619.30	00.11
625.50	00.08
631.75	00.07
638.07	00.06
644.45	00.06
650.89	00.05
657.40	00.04
663.98	00.04
670.62	00.02
677.32	00.00
684.10	00.00
690.94	-00.02
697.85	-00.03
704.83	-00.04
711.87	-00.03
718.99	-00.02
726.18	-00.02
733.44	-00.02
740.78	-00.02
748.19	-00.03
755.67	-00.05
763.23	-00.06
770.86	-00.08
778.57	-00.09
786.35	-00.11
794.22	-00.13
802.16	-00.13
810.18	-00.14
818.28	-00.14
826.46	-00.14
834.73	-00.14
843.08	-00.14
851.51	-00.17
860.02	-00.18
868.62	-00.19
877.31	-00.20
886.08	-00.20
894.94	-00.19
903.89	-00.18
912.93	-00.16
922.06	-00.14
931.28	-00.12
940.59	-00.10
950.00	-00.09
959.50	-00.07
969.09	-00.06
978.78	-00.06
988.57	-00.06
998.46	-00.06
1008.44	-00.07
1018.53	-00.07
1028.71	-00.07
1039.00	-00.07
1049.39	-00.07
1059.88	-00.06
1070.48	-00.05
1081.19	-00.05
1092.00	-00.04
1102.92	-00.03
1113.95	-00.02
1125.09	-00.01
1136.34	-00.01
1147.70	-00.01
1159.18	-00.01
1170.77	-00.02
1182.48	-00.03
1194.30	-00.04
1206.25	-00.06
1218.31	-00.08
1230.49	-00.09
1242.80	-00.11
1255.22	-00.13
1267.78	-00.15
1280.45	-00.17
1293.26	-00.18
1306.19	-00.19
1319.25	-00.20
1332.45	-00.21
1345.77	-00.22
1359.23	-00.23
1372.82	-00.23
1386.55	-00.23
1400.41	-00.24
1414.42	-00.24
1428.56	-00.25
1442.85	-00.25
1457.28	-00.26
1471.85	-00.26
1486.57	-00.27
1501.43	-00.30
1516.45	-00.33
1531.61	-00.36
1546.93	-00.39
1562.40	-00.43
1578.02	-00.46
1593.80	-00.50
1609.74	-00.52
1625.84	-00.54
1642.10	-00.57
1658.52	-00.59
1675.10	-00.61
1691.85	-00.65
1708.77	-00.69
1725.86	-00.73
1743.12	-00.78
1760.55	-00.83
1778.15	-00.88
1795.94	-00.92
1813.90	-00.98
1832.03	-01.04
1850.36	-01.10
1868.86	-01.16
1887.55	-01.22
1906.42	-01.30
1925.49	-01.38
1944.74	-01.45
1964.19	-01.51
1983.83	-01.58
2003.67	-01.72
2023.71	-01.84
2043.94	-01.97
2064.38	-02.10
2085.03	-02.22
2105.88	-02.32
2126.94	-02.39
2148.20	-02.46
2169.69	-02.55
2191.38	-02.63
2213.30	-02.73
2235.43	-02.89
2257.78	-03.06
2280.36	-03.24
2303.17	-03.43
2326.20	-03.63
2349.46	-03.76
2372.95	-03.82
2396.68	-03.88
2420.65	-03.93
2444.86	-03.98
2469.31	-04.02
2494.00	-04.08
2518.94	-04.13
2544.13	-04.17
2569.57	-04.20
2595.27	-04.22
2621.22	-04.23
2647.43	-04.22
2673.90	-04.21
2700.64	-04.19
2727.65	-04.18
2754.93	-04.16
2782.48	-04.18
2810.30	-04.28
2838.40	-04.38
2866.79	-04.50
2895.46	-04.64
2924.41	-04.79
2953.65	-04.94
2983.19	-05.14
3013.02	-05.37
3043.15	-05.61
3073.58	-05.88
3104.32	-06.14
3135.36	-06.42
3166.72	-06.70
3198.38	-06.98
3230.37	-07.26
3262.67	-07.55
3295.30	-07.82
3328.25	-08.08
3361.53	-08.30
3395.15	-08.52
3429.10	-08.74
3463.39	-08.96
3498.03	-09.18
3533.01	-09.42
3568.34	-09.69
3604.02	-09.94
3640.06	-10.18
3676.46	-10.38
3713.22	-10.54
3750.36	-10.71
3787.86	-10.80
3825.74	-10.80
3864.00	-10.68
3902.64	-10.43
3941.66	-10.02
3981.08	-09.49
4020.89	-08.90
4061.10	-08.29
4101.71	-07.76
4142.73	-07.31
4184.15	-06.96
4226.00	-06.75
4268.26	-06.72
4310.94	-06.83
4354.05	-07.06
4397.59	-07.41
4441.56	-07.87
4485.98	-08.04
4530.84	-08.12
4576.15	-08.30
4621.91	-08.59
4668.13	-08.96
4714.81	-09.25
4761.96	-09.04
4809.58	-08.88
4857.67	-08.71
4906.25	-08.53
4955.31	-08.31
5004.87	-08.07
5054.91	-07.77
5105.46	-07.38
5156.52	-06.92
5208.08	-06.38
5260.16	-05.87
5312.77	-05.59
5365.89	-05.29
5419.55	-04.99
5473.75	-04.69
5528.49	-04.43
5583.77	-04.37
5639.61	-04.41
5696.00	-04.51
5752.96	-04.66
5810.49	-04.85
5868.60	-05.05
5927.28	-05.23
5986.56	-05.40
6046.42	-05.54
6106.89	-05.61
6167.96	-05.65
6229.64	-05.65
6291.93	-05.64
6354.85	-05.61
6418.40	-05.57
6482.58	-05.51
6547.41	-05.46
6612.88	-05.43
6679.01	-05.54
6745.80	-05.71
6813.26	-05.83
6881.39	-05.85
6950.21	-05.68
7019.71	-05.34
7089.91	-04.93
7160.81	-04.50
7232.41	-04.11
7304.74	-03.78
7377.79	-03.47
7451.56	-03.10
7526.08	-02.59
7601.34	-02.07
7677.35	-01.57
7754.13	-01.16
7831.67	-00.84
7909.98	-00.65
7989.08	-00.67
8068.98	-00.78
8149.67	-00.93
8231.16	-01.12
8313.47	-01.38
8396.61	-01.78
8480.57	-02.18
8565.38	-02.71
8651.03	-03.43
8737.54	-04.31
8824.92	-05.28
8913.17	-06.26
9002.30	-07.27
9092.32	-08.36
9183.25	-09.66
9275.08	-11.26
9367.83	-13.06
9461.51	-14.59
9556.12	-15.32
9651.68	-15.16
9748.20	-14.55
9845.68	-13.93
9944.14	-13.36
10043.58	-12.85
10144.02	-12.38
10245.46	-11.87
10347.91	-11.27
10451.39	-10.63
10555.91	-10.17
10661.46	-09.93
10768.08	-09.84
10875.76	-09.89
10984.52	-10.03
11094.36	-10.20
11205.31	-10.38
11317.36	-10.49
11430.53	-10.44
11544.84	-10.17
11660.29	-09.68
11776.89	-08.98
11894.66	-08.15
12013.60	-07.22
12133.74	-06.36
12255.08	-05.64
12377.63	-05.11
12501.41	-04.82
12626.42	-04.68
12752.68	-04.66
12880.21	-04.74
13009.01	-04.92
13139.10	-05.19
13270.49	-05.51
13403.20	-05.76
13537.23	-05.90
13672.60	-05.79
13809.33	-05.38
13947.42	-04.70
14086.90	-03.88
14227.77	-03.08
14370.04	-02.37
14513.74	-01.80
14658.88	-01.36
14805.47	-01.05
14953.52	-00.89
15103.06	-00.82
15254.09	-00.79
15406.63	-00.80
15560.70	-00.84
15716.30	-00.86
15873.47	-00.84
16032.20	-00.73
16192.52	-00.58
16354.45	-00.41
16517.99	-00.24
16683.17	-00.10
16850.01	00.05
17018.51	00.54
17188.69	01.02
17360.58	01.50
17534.18	01.94
17709.53	02.34
17886.62	02.61
18065.49	02.74
18246.14	02.78
18428.60	02.77
18612.89	02.74
18799.02	02.68
18987.01	02.56
19176.88	02.34
19368.65	01.96
19562.33	01.36
19757.96	00.51
19955.54	00.28
20000.00	20.07
