20.00 -03.54
20.20 -03.47
20.40 -03.40
20.61 -03.34
20.81 -03.28
21.02 -03.21
21.23 -03.15
21.44 -03.09
21.66 -03.01
21.87 -02.93
22.09 -02.87
22.31 -02.79
22.54 -02.74
22.76 -02.69
22.99 -02.64
23.22 -02.59
23.45 -02.55
23.69 -02.50
23.92 -02.45
24.16 -02.40
24.40 -02.35
24.65 -02.31
24.89 -02.27
25.14 -02.21
25.39 -02.15
25.65 -02.08
25.91 -02.03
26.16 -01.97
26.43 -01.91
26.69 -01.85
26.96 -01.79
27.23 -01.74
27.50 -01.68
27.77 -01.64
28.05 -01.58
28.33 -01.55
28.62 -01.51
28.90 -01.47
29.19 -01.44
29.48 -01.40
29.78 -01.38
30.08 -01.35
30.38 -01.34
30.68 -01.31
30.99 -01.30
31.30 -01.29
31.61 -01.26
31.93 -01.23
32.24 -01.20
32.57 -01.16
32.89 -01.13
33.22 -01.10
33.55 -01.06
33.89 -01.02
34.23 -00.96
34.57 -00.92
34.92 -00.88
35.27 -00.83
35.62 -00.79
35.97 -00.75
36.33 -00.71
36.70 -00.68
37.06 -00.63
37.43 -00.60
37.81 -00.59
38.19 -00.57
38.57 -00.56
38.95 -00.56
39.34 -00.55
39.74 -00.54
40.14 -00.54
40.54 -00.56
40.94 -00.58
41.35 -00.60
41.76 -00.63
42.18 -00.66
42.60 -00.68
43.03 -00.69
43.46 -00.70
43.90 -00.71
44.33 -00.73
44.78 -00.75
45.23 -00.79
45.68 -00.85
46.13 -00.91
46.60 -00.97
47.06 -01.04
47.53 -01.11
48.01 -01.16
48.49 -01.22
48.97 -01.27
49.46 -01.32
49.96 -01.38
50.46 -01.43
50.96 -01.47
51.47 -01.50
51.99 -01.54
52.51 -01.55
53.03 -01.55
53.56 -01.54
54.10 -01.51
54.64 -01.48
55.18 -01.43
55.74 -01.36
56.29 -01.28
56.86 -01.18
57.42 -01.08
58.00 -00.97
58.58 -00.85
59.16 -00.73
59.76 -00.61
60.35 -00.50
60.96 -00.37
61.57 -00.27
62.18 -00.15
62.80 -00.06
63.43 00.03
64.07 00.08
64.71 00.14
65.35 00.19
66.01 00.23
66.67 00.27
67.33 00.31
68.01 00.36
68.69 00.40
69.37 00.45
70.07 00.49
70.77 00.52
71.48 00.56
72.19 00.59
72.91 00.62
73.64 00.65
74.38 00.68
75.12 00.71
75.87 00.75
76.63 00.78
77.40 00.82
78.17 00.85
78.95 00.89
79.74 00.92
80.54 00.94
81.35 00.97
82.16 00.99
82.98 01.00
83.81 01.03
84.65 01.05
85.50 01.07
86.35 01.11
87.22 01.14
88.09 01.18
88.97 01.23
89.86 01.26
90.76 01.27
91.66 01.26
92.58 01.27
93.51 01.26
94.44 01.27
95.39 01.27
96.34 01.29
97.30 01.31
98.28 01.32
99.26 01.34
100.25 01.35
101.25 01.36
102.27 01.38
103.29 01.39
104.32 01.40
105.37 01.42
106.42 01.43
107.48 01.44
108.56 01.47
109.64 01.48
110.74 01.50
111.85 01.51
112.97 01.52
114.10 01.55
115.24 01.56
116.39 01.57
117.55 01.60
118.73 01.60
119.92 01.60
121.12 01.59
122.33 01.59
123.55 01.59
124.79 01.58
126.03 01.59
127.29 01.61
128.57 01.62
129.85 01.63
131.15 01.65
132.46 01.65
133.79 01.66
135.12 01.67
136.48 01.68
137.84 01.68
139.22 01.69
140.61 01.70
142.02 01.70
143.44 01.71
144.87 01.71
146.32 01.71
147.78 01.72
149.26 01.72
150.75 01.71
152.26 01.70
153.78 01.69
155.32 01.68
156.88 01.66
158.44 01.65
160.03 01.64
161.63 01.65
163.24 01.67
164.88 01.69
166.53 01.70
168.19 01.72
169.87 01.74
171.57 01.74
173.29 01.75
175.02 01.74
176.77 01.74
178.54 01.75
180.32 01.75
182.13 01.73
183.95 01.71
185.79 01.69
187.65 01.67
189.52 01.65
191.42 01.64
193.33 01.63
195.27 01.62
197.22 01.61
199.19 01.60
201.18 01.60
203.19 01.60
205.23 01.61
207.28 01.62
209.35 01.63
211.44 01.64
213.56 01.64
215.69 01.63
217.85 01.63
220.03 01.63
222.23 01.63
224.45 01.62
226.70 01.62
228.96 01.62
231.25 01.62
233.57 01.62
235.90 01.61
238.26 01.61
240.64 01.61
243.05 01.61
245.48 01.61
247.93 01.60
250.41 01.60
252.92 01.62
255.45 01.64
258.00 01.65
260.58 01.66
263.19 01.68
265.82 01.69
268.48 01.68
271.16 01.68
273.87 01.67
276.61 01.67
279.38 01.66
282.17 01.67
284.99 01.66
287.84 01.66
290.72 01.67
293.63 01.66
296.57 01.66
299.53 01.66
302.53 01.67
305.55 01.67
308.61 01.67
311.69 01.67
314.81 01.67
317.96 01.68
321.14 01.68
324.35 01.67
327.59 01.67
330.87 01.67
334.18 01.67
337.52 01.67
340.90 01.66
344.30 01.66
347.75 01.66
351.23 01.66
354.74 01.66
358.28 01.64
361.87 01.63
365.49 01.61
369.14 01.59
372.83 01.58
376.56 01.56
380.33 01.56
384.13 01.56
387.97 01.56
391.85 01.56
395.77 01.56
399.73 01.56
403.72 01.55
407.76 01.53
411.84 01.52
415.96 01.51
420.12 01.49
424.32 01.48
428.56 01.46
432.85 01.44
437.18 01.41
441.55 01.39
445.96 01.37
450.42 01.35
454.93 01.34
459.48 01.34
464.07 01.34
468.71 01.33
473.40 01.33
478.13 01.32
482.91 01.32
487.74 01.31
492.62 01.31
497.55 01.30
502.52 01.30
507.55 01.31
512.62 01.32
517.75 01.33
522.93 01.34
528.16 01.34
533.44 01.34
538.77 01.33
544.16 01.32
549.60 01.31
555.10 01.30
560.65 01.29
566.25 01.28
571.92 01.26
577.64 01.25
583.41 01.24
589.25 01.23
595.14 01.22
601.09 01.21
607.10 01.18
613.17 01.15
619.30 01.12
625.50 01.09
631.75 01.05
638.07 01.04
644.45 01.03
650.89 01.02
657.40 01.00
663.98 00.98
670.62 00.96
677.32 00.92
684.10 00.89
690.94 00.86
697.85 00.83
704.83 00.80
711.87 00.78
718.99 00.77
726.18 00.75
733.44 00.74
740.78 00.73
748.19 00.71
755.67 00.69
763.23 00.65
770.86 00.62
778.57 00.58
786.35 00.54
794.22 00.49
802.16 00.46
810.18 00.43
818.28 00.41
826.46 00.39
834.73 00.37
843.08 00.36
851.51 00.34
860.02 00.31
868.62 00.28
877.31 00.26
886.08 00.22
894.94 00.19
903.89 00.16
912.93 00.14
922.06 00.12
931.28 00.08
940.59 00.04
950.00 00.00
959.50 -00.06
969.09 -00.11
978.78 -00.17
988.57 -00.23
998.46 -00.29
1008.44 -00.35
1018.53 -00.42
1028.71 -00.48
1039.00 -00.55
1049.39 -00.60
1059.88 -00.65
1070.48 -00.70
1081.19 -00.74
1092.00 -00.78
1102.92 -00.83
1113.95 -00.87
1125.09 -00.93
1136.34 -00.97
1147.70 -01.02
1159.18 -01.06
1170.77 -01.11
1182.48 -01.16
1194.30 -01.21
1206.25 -01.27
1218.31 -01.32
1230.49 -01.36
1242.80 -01.40
1255.22 -01.44
1267.78 -01.48
1280.45 -01.52
1293.26 -01.57
1306.19 -01.62
1319.25 -01.66
1332.45 -01.70
1345.77 -01.74
1359.23 -01.79
1372.82 -01.83
1386.55 -01.89
1400.41 -01.94
1414.42 -02.00
1428.56 -02.05
1442.85 -02.10
1457.28 -02.15
1471.85 -02.20
1486.57 -02.26
1501.43 -02.31
1516.45 -02.38
1531.61 -02.44
1546.93 -02.50
1562.40 -02.55
1578.02 -02.60
1593.80 -02.65
1609.74 -02.68
1625.84 -02.69
1642.10 -02.70
1658.52 -02.71
1675.10 -02.72
1691.85 -02.72
1708.77 -02.73
1725.86 -02.75
1743.12 -02.75
1760.55 -02.76
1778.15 -02.77
1795.94 -02.77
1813.90 -02.77
1832.03 -02.78
1850.36 -02.79
1868.86 -02.80
1887.55 -02.80
1906.42 -02.80
1925.49 -02.81
1944.74 -02.81
1964.19 -02.83
1983.83 -02.85
2003.67 -02.88
2023.71 -02.97
2043.94 -03.04
2064.38 -03.13
2085.03 -03.22
2105.88 -03.33
2126.94 -03.42
2148.20 -03.47
2169.69 -03.51
2191.38 -03.55
2213.30 -03.56
2235.43 -03.59
2257.78 -03.68
2280.36 -03.80
2303.17 -03.91
2326.20 -04.02
2349.46 -04.12
2372.95 -04.14
2396.68 -04.11
2420.65 -04.11
2444.86 -04.11
2469.31 -04.12
2494.00 -04.13
2518.94 -04.15
2544.13 -04.17
2569.57 -04.19
2595.27 -04.19
2621.22 -04.19
2647.43 -04.19
2673.90 -04.18
2700.64 -04.17
2727.65 -04.15
2754.93 -04.14
2782.48 -04.12
2810.30 -04.15
2838.40 -04.25
2866.79 -04.34
2895.46 -04.44
2924.41 -04.54
2953.65 -04.64
2983.19 -04.74
3013.02 -04.87
3043.15 -05.03
3073.58 -05.18
3104.32 -05.34
3135.36 -05.48
3166.72 -05.62
3198.38 -05.73
3230.37 -05.84
3262.67 -05.94
3295.30 -06.03
3328.25 -06.08
3361.53 -06.10
3395.15 -06.05
3429.10 -05.99
3463.39 -05.89
3498.03 -05.77
3533.01 -05.63
3568.34 -05.49
3604.02 -05.36
3640.06 -05.21
3676.46 -05.04
3713.22 -04.83
3750.36 -04.60
3787.86 -04.26
3825.74 -03.91
3864.00 -03.53
3902.64 -03.14
3941.66 -02.72
3981.08 -02.28
4020.89 -01.95
4061.10 -01.69
4101.71 -01.42
4142.73 -01.17
4184.15 -00.92
4226.00 -00.68
4268.26 -00.43
4310.94 -00.17
4354.05 00.02
4397.59 00.14
4441.56 00.19
4485.98 00.16
4530.84 00.21
4576.15 00.24
4621.91 00.20
4668.13 00.07
4714.81 -00.14
4761.96 -00.30
4809.58 -00.12
4857.67 -00.02
4906.25 00.01
4955.31 -00.04
5004.87 -00.11
5054.91 00.10
5105.46 00.25
5156.52 00.36
5208.08 00.45
5260.16 00.51
5312.77 00.54
5365.89 00.43
5419.55 00.36
5473.75 00.35
5528.49 00.41
5583.77 00.53
5639.61 00.43
5696.00 00.29
5752.96 00.19
5810.49 00.14
5868.60 00.14
5927.28 00.18
5986.56 00.25
6046.42 00.30
6106.89 00.36
6167.96 00.47
6229.64 00.61
6291.93 00.80
6354.85 01.03
6418.40 01.33
6482.58 01.66
6547.41 02.07
6612.88 02.52
6679.01 03.02
6745.80 03.41
6813.26 03.74
6881.39 04.04
6950.21 04.29
7019.71 04.46
7089.91 04.56
7160.81 04.54
7232.41 04.46
7304.74 04.31
7377.79 04.08
7451.56 03.77
7526.08 03.43
7601.34 03.12
7677.35 02.73
7754.13 02.29
7831.67 01.80
7909.98 01.30
7989.08 00.80
8068.98 00.20
8149.67 -00.41
8231.16 -00.99
8313.47 -01.54
8396.61 -02.03
8480.57 -02.45
8565.38 -02.62
8651.03 -02.66
8737.54 -02.63
8824.92 -02.56
8913.17 -02.44
9002.30 -02.30
9092.32 -02.17
9183.25 -02.05
9275.08 -01.95
9367.83 -01.86
9461.51 -01.76
9556.12 -01.61
9651.68 -01.40
9748.20 -01.13
9845.68 -00.77
9944.14 -00.37
10043.58 00.15
10144.02 00.75
10245.46 01.32
10347.91 01.83
10451.39 02.27
10555.91 02.65
10661.46 02.79
10768.08 02.76
10875.76 02.66
10984.52 02.47
11094.36 02.19
11205.31 01.81
11317.36 01.31
11430.53 00.76
11544.84 00.22
11660.29 -00.23
11776.89 -00.55
11894.66 -00.77
12013.60 -00.92
12133.74 -01.02
12255.08 -01.12
12377.63 -01.21
12501.41 -01.31
12626.42 -01.48
12752.68 -01.66
12880.21 -01.87
13009.01 -02.15
13139.10 -02.48
13270.49 -02.85
13403.20 -03.17
13537.23 -03.32
13672.60 -03.24
13809.33 -02.93
13947.42 -02.45
14086.90 -01.88
14227.77 -01.32
14370.04 -00.82
14513.74 -00.38
14658.88 -00.01
14805.47 00.33
14953.52 00.62
15103.06 00.82
15254.09 00.97
15406.63 01.05
15560.70 01.07
15716.30 01.02
15873.47 00.94
16032.20 00.85
16192.52 00.78
16354.45 00.71
16517.99 00.62
16683.17 00.49
16850.01 00.30
17018.51 00.08
17188.69 00.16
17360.58 00.19
17534.18 00.15
17709.53 00.06
17886.62 -00.07
18065.49 -00.28
18246.14 -00.61
18428.60 -01.04
18612.89 -01.58
18799.02 -02.24
18987.01 -03.00
19176.88 -03.87
19368.65 -04.81
19562.33 -05.78
19757.96 -06.76
19955.54 -07.72
20000.00 -07.93
