20.00 01.49
20.20 01.54
20.40 01.59
20.61 01.64
20.81 01.68
21.02 01.72
21.23 01.76
21.44 01.80
21.66 01.85
21.87 01.88
22.09 01.93
22.31 01.96
22.54 01.99
22.76 02.01
22.99 02.04
23.22 02.06
23.45 02.08
23.69 02.10
23.92 02.14
24.16 02.17
24.40 02.21
24.65 02.25
24.89 02.28
25.14 02.32
25.39 02.36
25.65 02.40
25.91 02.45
26.16 02.48
26.43 02.52
26.69 02.55
26.96 02.59
27.23 02.61
27.50 02.64
27.77 02.66
28.05 02.70
28.33 02.74
28.62 02.79
28.90 02.82
29.19 02.87
29.48 02.91
29.78 02.94
30.08 02.98
30.38 02.97
30.68 02.97
30.99 02.96
31.30 02.95
31.61 02.95
31.93 02.96
32.24 02.97
32.57 02.98
32.89 02.99
33.22 03.01
33.55 03.02
33.89 03.06
34.23 03.10
34.57 03.14
34.92 03.18
35.27 03.22
35.62 03.25
35.97 03.29
36.33 03.32
36.70 03.34
37.06 03.38
37.43 03.41
37.81 03.44
38.19 03.46
38.57 03.48
38.95 03.50
39.34 03.53
39.74 03.54
40.14 03.55
40.54 03.53
40.94 03.50
41.35 03.47
41.76 03.45
42.18 03.41
42.60 03.38
43.03 03.37
43.46 03.35
43.90 03.34
44.33 03.31
44.78 03.28
45.23 03.26
45.68 03.25
46.13 03.23
46.60 03.20
47.06 03.19
47.53 03.16
48.01 03.19
48.49 03.21
48.97 03.24
49.46 03.27
49.96 03.30
50.46 03.33
50.96 03.37
51.47 03.41
51.99 03.46
52.51 03.50
53.03 03.55
53.56 03.57
54.10 03.59
54.64 03.61
55.18 03.64
55.74 03.67
56.29 03.71
56.86 03.76
57.42 03.81
58.00 03.86
58.58 03.92
59.16 03.97
59.76 04.02
60.35 04.08
60.96 04.14
61.57 04.20
62.18 04.25
62.80 04.31
63.43 04.33
64.07 04.32
64.71 04.31
65.35 04.30
66.01 04.29
66.67 04.28
67.33 04.28
68.01 04.28
68.69 04.30
69.37 04.31
70.07 04.32
70.77 04.32
71.48 04.33
72.19 04.34
72.91 04.33
73.64 04.33
74.38 04.32
75.12 04.32
75.87 04.34
76.63 04.37
77.40 04.39
78.17 04.40
78.95 04.41
79.74 04.44
80.54 04.44
81.35 04.45
82.16 04.46
82.98 04.47
83.81 04.47
84.65 04.49
85.50 04.51
86.35 04.54
87.22 04.58
88.09 04.61
88.97 04.65
89.86 04.68
90.76 04.69
91.66 04.69
92.58 04.68
93.51 04.68
94.44 04.68
95.39 04.69
96.34 04.70
97.30 04.72
98.28 04.73
99.26 04.75
100.25 04.76
101.25 04.77
102.27 04.78
103.29 04.78
104.32 04.80
105.37 04.80
106.42 04.80
107.48 04.80
108.56 04.79
109.64 04.79
110.74 04.78
111.85 04.77
112.97 04.76
114.10 04.76
115.24 04.75
116.39 04.74
117.55 04.73
118.73 04.71
119.92 04.69
121.12 04.65
122.33 04.63
123.55 04.61
124.79 04.57
126.03 04.57
127.29 04.55
128.57 04.55
129.85 04.55
131.15 04.54
132.46 04.53
133.79 04.52
135.12 04.52
136.48 04.50
137.84 04.49
139.22 04.49
140.61 04.47
142.02 04.46
143.44 04.44
144.87 04.42
146.32 04.41
147.78 04.39
149.26 04.38
150.75 04.34
152.26 04.31
153.78 04.27
155.32 04.23
156.88 04.19
158.44 04.16
160.03 04.12
161.63 04.11
163.24 04.09
164.88 04.08
166.53 04.07
168.19 04.05
169.87 04.04
171.57 04.01
173.29 03.97
175.02 03.94
176.77 03.91
178.54 03.87
180.32 03.85
182.13 03.81
183.95 03.78
185.79 03.75
187.65 03.71
189.52 03.68
191.42 03.66
193.33 03.64
195.27 03.62
197.22 03.61
199.19 03.58
201.18 03.57
203.19 03.57
205.23 03.56
207.28 03.56
209.35 03.55
211.44 03.54
213.56 03.52
215.69 03.49
217.85 03.47
220.03 03.44
222.23 03.42
224.45 03.39
226.70 03.36
228.96 03.33
231.25 03.30
233.57 03.27
235.90 03.23
238.26 03.19
240.64 03.16
243.05 03.12
245.48 03.08
247.93 03.05
250.41 03.00
252.92 02.97
255.45 02.95
258.00 02.92
260.58 02.90
263.19 02.86
265.82 02.83
268.48 02.78
271.16 02.74
273.87 02.69
276.61 02.65
279.38 02.60
282.17 02.56
284.99 02.52
287.84 02.48
290.72 02.46
293.63 02.43
296.57 02.40
299.53 02.37
302.53 02.34
305.55 02.33
308.61 02.31
311.69 02.30
314.81 02.29
317.96 02.27
321.14 02.26
324.35 02.25
327.59 02.26
330.87 02.26
334.18 02.26
337.52 02.26
340.90 02.28
344.30 02.28
347.75 02.30
351.23 02.30
354.74 02.32
358.28 02.32
361.87 02.30
365.49 02.29
369.14 02.28
372.83 02.26
376.56 02.25
380.33 02.24
384.13 02.25
387.97 02.24
391.85 02.22
395.77 02.22
399.73 02.20
403.72 02.17
407.76 02.14
411.84 02.11
415.96 02.08
420.12 02.04
424.32 02.01
428.56 01.96
432.85 01.91
437.18 01.86
441.55 01.81
445.96 01.75
450.42 01.69
454.93 01.65
459.48 01.61
464.07 01.56
468.71 01.53
473.40 01.48
478.13 01.46
482.91 01.42
487.74 01.40
492.62 01.39
497.55 01.36
502.52 01.36
507.55 01.37
512.62 01.38
517.75 01.38
522.93 01.40
528.16 01.40
533.44 01.40
538.77 01.38
544.16 01.37
549.60 01.35
555.10 01.33
560.65 01.32
566.25 01.30
571.92 01.29
577.64 01.28
583.41 01.27
589.25 01.25
595.14 01.24
601.09 01.23
607.10 01.20
613.17 01.17
619.30 01.15
625.50 01.13
631.75 01.13
638.07 01.13
644.45 01.15
650.89 01.16
657.40 01.18
663.98 01.19
670.62 01.21
677.32 01.21
684.10 01.23
690.94 01.23
697.85 01.25
704.83 01.26
711.87 01.27
718.99 01.30
726.18 01.33
733.44 01.35
740.78 01.38
748.19 01.40
755.67 01.44
763.23 01.48
770.86 01.50
778.57 01.53
786.35 01.54
794.22 01.55
802.16 01.55
810.18 01.56
818.28 01.56
826.46 01.55
834.73 01.54
843.08 01.52
851.51 01.50
860.02 01.43
868.62 01.37
877.31 01.31
886.08 01.24
894.94 01.16
903.89 01.09
912.93 01.01
922.06 00.94
931.28 00.85
940.59 00.77
950.00 00.67
959.50 00.56
969.09 00.45
978.78 00.33
988.57 00.20
998.46 00.07
1008.44 -00.06
1018.53 -00.19
1028.71 -00.33
1039.00 -00.46
1049.39 -00.60
1059.88 -00.73
1070.48 -00.88
1081.19 -01.01
1092.00 -01.16
1102.92 -01.30
1113.95 -01.44
1125.09 -01.57
1136.34 -01.71
1147.70 -01.85
1159.18 -01.98
1170.77 -02.10
1182.48 -02.23
1194.30 -02.34
1206.25 -02.44
1218.31 -02.53
1230.49 -02.61
1242.80 -02.69
1255.22 -02.76
1267.78 -02.82
1280.45 -02.88
1293.26 -02.94
1306.19 -02.98
1319.25 -03.01
1332.45 -03.05
1345.77 -03.08
1359.23 -03.11
1372.82 -03.14
1386.55 -03.16
1400.41 -03.18
1414.42 -03.19
1428.56 -03.20
1442.85 -03.19
1457.28 -03.20
1471.85 -03.19
1486.57 -03.19
1501.43 -03.18
1516.45 -03.20
1531.61 -03.24
1546.93 -03.26
1562.40 -03.28
1578.02 -03.29
1593.80 -03.30
1609.74 -03.28
1625.84 -03.26
1642.10 -03.23
1658.52 -03.19
1675.10 -03.15
1691.85 -03.08
1708.77 -03.03
1725.86 -02.99
1743.12 -02.94
1760.55 -02.88
1778.15 -02.82
1795.94 -02.77
1813.90 -02.67
1832.03 -02.54
1850.36 -02.43
1868.86 -02.31
1887.55 -02.20
1906.42 -02.09
1925.49 -02.00
1944.74 -01.92
1964.19 -01.84
1983.83 -01.77
2003.67 -01.71
2023.71 -01.70
2043.94 -01.71
2064.38 -01.72
2085.03 -01.74
2105.88 -01.75
2126.94 -01.75
2148.20 -01.71
2169.69 -01.66
2191.38 -01.61
2213.30 -01.56
2235.43 -01.52
2257.78 -01.58
2280.36 -01.67
2303.17 -01.77
2326.20 -01.88
2349.46 -01.99
2372.95 -02.04
2396.68 -02.05
2420.65 -02.05
2444.86 -02.07
2469.31 -02.10
2494.00 -02.14
2518.94 -02.18
2544.13 -02.24
2569.57 -02.29
2595.27 -02.35
2621.22 -02.43
2647.43 -02.53
2673.90 -02.63
2700.64 -02.76
2727.65 -02.92
2754.93 -03.11
2782.48 -03.35
2810.30 -03.69
2838.40 -04.16
2866.79 -04.69
2895.46 -05.27
2924.41 -05.89
2953.65 -06.56
2983.19 -07.25
3013.02 -07.97
3043.15 -08.70
3073.58 -09.36
3104.32 -09.91
3135.36 -10.34
3166.72 -10.61
3198.38 -10.74
3230.37 -10.76
3262.67 -10.72
3295.30 -10.62
3328.25 -10.51
3361.53 -10.39
3395.15 -10.24
3429.10 -10.13
3463.39 -10.02
3498.03 -09.94
3533.01 -09.87
3568.34 -09.87
3604.02 -09.94
3640.06 -10.03
3676.46 -10.12
3713.22 -10.21
3750.36 -10.29
3787.86 -10.33
3825.74 -10.35
3864.00 -10.35
3902.64 -10.32
3941.66 -10.24
3981.08 -10.12
4020.89 -10.00
4061.10 -09.87
4101.71 -09.62
4142.73 -09.26
4184.15 -08.76
4226.00 -08.20
4268.26 -07.56
4310.94 -06.93
4354.05 -06.49
4397.59 -06.27
4441.56 -06.25
4485.98 -06.37
4530.84 -06.34
4576.15 -06.26
4621.91 -06.29
4668.13 -06.44
4714.81 -06.72
4761.96 -07.09
4809.58 -07.35
4857.67 -07.75
4906.25 -08.16
4955.31 -08.43
5004.87 -08.47
5054.91 -08.17
5105.46 -07.74
5156.52 -07.23
5208.08 -06.68
5260.16 -06.11
5312.77 -05.59
5365.89 -05.20
5419.55 -04.81
5473.75 -04.46
5528.49 -04.10
5583.77 -03.73
5639.61 -03.60
5696.00 -03.53
5752.96 -03.42
5810.49 -03.26
5868.60 -03.03
5927.28 -02.75
5986.56 -02.43
6046.42 -02.17
6106.89 -01.92
6167.96 -01.70
6229.64 -01.50
6291.93 -01.35
6354.85 -01.24
6418.40 -01.21
6482.58 -01.27
6547.41 -01.40
6612.88 -01.64
6679.01 -01.95
6745.80 -02.51
6813.26 -03.24
6881.39 -04.05
6950.21 -04.88
7019.71 -05.66
7089.91 -06.20
7160.81 -06.42
7232.41 -06.24
7304.74 -05.74
7377.79 -05.10
7451.56 -04.43
7526.08 -03.71
7601.34 -02.87
7677.35 -02.15
7754.13 -01.53
7831.67 -01.03
7909.98 -00.64
7989.08 -00.36
8068.98 -00.27
8149.67 -00.32
8231.16 -00.47
8313.47 -00.73
8396.61 -01.10
8480.57 -01.60
8565.38 -02.07
8651.03 -02.60
8737.54 -03.21
8824.92 -03.88
8913.17 -04.63
9002.30 -05.45
9092.32 -06.42
9183.25 -07.49
9275.08 -08.66
9367.83 -09.94
9461.51 -11.31
9556.12 -12.68
9651.68 -13.82
9748.20 -14.41
9845.68 -14.26
9944.14 -13.48
10043.58 -12.30
10144.02 -10.92
10245.46 -09.58
10347.91 -08.32
10451.39 -07.14
10555.91 -06.07
10661.46 -05.31
10768.08 -04.80
10875.76 -04.39
10984.52 -04.07
11094.36 -03.84
11205.31 -03.68
11317.36 -03.67
11430.53 -03.72
11544.84 -03.84
11660.29 -03.98
11776.89 -04.13
11894.66 -03.97
12013.60 -03.62
12133.74 -03.13
12255.08 -02.47
12377.63 -01.72
12501.41 -00.94
12626.42 -00.32
12752.68 00.27
12880.21 00.81
13009.01 01.31
13139.10 01.76
13270.49 01.96
13403.20 01.93
13537.23 01.80
13672.60 01.57
13809.33 01.22
13947.42 00.79
14086.90 00.34
14227.77 -00.14
14370.04 -00.66
14513.74 -01.20
14658.88 -01.71
14805.47 -02.08
14953.52 -02.12
15103.06 -01.47
15254.09 -00.18
15406.63 01.23
15560.70 02.45
15716.30 03.36
15873.47 03.98
16032.20 04.39
16192.52 04.65
16354.45 04.82
16517.99 04.92
16683.17 04.93
16850.01 04.77
17018.51 04.44
17188.69 04.27
17360.58 03.79
17534.18 03.11
17709.53 02.63
17886.62 02.55
18065.49 02.61
18246.14 02.59
18428.60 02.65
18612.89 02.71
18799.02 02.76
18987.01 02.74
19176.88 02.62
19368.65 02.38
19562.33 01.98
19757.96 01.45
19955.54 00.81
20000.00 00.66
