20.00 -02.94
20.20 -02.87
20.40 -02.81
20.61 -02.74
20.81 -02.68
21.02 -02.72
21.23 -02.66
21.44 -02.60
21.66 -02.54
21.87 -02.48
22.09 -02.53
22.31 -02.47
22.54 -02.42
22.76 -02.36
22.99 -02.41
23.22 -02.36
23.45 -02.31
23.69 -02.26
23.92 -02.21
24.16 -02.26
24.40 -02.21
24.65 -02.17
24.89 -02.12
25.14 -02.08
25.39 -02.03
25.65 -02.09
25.91 -02.05
26.16 -02.01
26.43 -01.97
26.69 -01.93
26.96 -01.89
27.23 -01.86
27.50 -01.82
27.77 -01.89
28.05 -01.86
28.33 -01.83
28.62 -01.80
28.90 -01.88
29.19 -01.85
29.48 -01.83
29.78 -01.81
30.08 -01.89
30.38 -01.87
30.68 -01.86
30.99 -01.94
31.30 -01.93
31.61 -01.93
31.93 -01.92
32.24 -02.02
32.57 -02.02
32.89 -02.03
33.22 -02.04
33.55 -02.05
33.89 -02.06
34.23 -02.07
34.57 -02.09
34.92 -02.11
35.27 -02.12
35.62 -02.14
35.97 -02.16
36.33 -02.19
36.70 -02.21
37.06 -02.13
37.43 -02.15
37.81 -02.18
38.19 -02.20
38.57 -02.22
38.95 -02.25
39.34 -02.17
39.74 -02.29
40.14 -02.31
40.54 -02.33
40.94 -02.35
41.35 -02.47
41.76 -02.49
42.18 -02.51
42.60 -02.42
43.03 -02.54
43.46 -02.56
43.90 -02.57
44.33 -02.59
44.78 -02.61
45.23 -02.52
45.68 -02.53
46.13 -02.55
46.60 -02.56
47.06 -02.57
47.53 -02.59
48.01 -02.70
48.49 -02.70
48.97 -02.71
49.46 -02.72
49.96 -02.73
50.46 -02.73
50.96 -02.73
51.47 -02.63
51.99 -02.63
52.51 -02.61
53.03 -02.59
53.56 -02.57
54.10 -02.53
54.64 -02.48
55.18 -02.43
55.74 -02.36
56.29 -02.29
56.86 -02.21
57.42 -02.12
58.00 -02.03
58.58 -01.83
59.16 -01.74
59.76 -01.54
60.35 -01.44
60.96 -01.34
61.57 -01.25
62.18 -01.17
62.80 -00.99
63.43 -00.92
64.07 -00.95
64.71 -00.90
65.35 -00.84
66.01 -00.80
66.67 -00.76
67.33 -00.72
68.01 -00.69
68.69 -00.56
69.37 -00.53
70.07 -00.51
70.77 -00.48
71.48 -00.46
72.19 -00.44
72.91 -00.43
73.64 -00.41
74.38 -00.40
75.12 -00.39
75.87 -00.38
76.63 -00.37
77.40 -00.37
78.17 -00.37
78.95 -00.36
79.74 -00.26
80.54 -00.26
81.35 -00.25
82.16 -00.25
82.98 -00.25
83.81 -00.24
84.65 -00.24
85.50 -00.13
86.35 -00.13
87.22 -00.12
88.09 -00.01
88.97 00.00
89.86 00.01
90.76 00.02
91.66 00.03
92.58 00.04
93.51 -00.04
94.44 -00.03
95.39 -00.03
96.34 -00.02
97.30 -00.01
98.28 00.00
99.26 00.00
100.25 00.01
101.25 00.01
102.27 00.11
103.29 00.11
104.32 00.11
105.37 00.11
106.42 00.11
107.48 00.11
108.56 00.11
109.64 00.11
110.74 00.10
111.85 00.10
112.97 00.10
114.10 00.09
115.24 00.09
116.39 00.09
117.55 00.08
118.73 00.08
119.92 00.08
121.12 00.08
122.33 00.08
123.55 -00.03
124.79 -00.03
126.03 -00.03
127.29 -00.03
128.57 -00.03
129.85 -00.03
131.15 -00.03
132.46 -00.03
133.79 -00.04
135.12 00.06
136.48 00.06
137.84 00.06
139.22 00.06
140.61 00.05
142.02 00.05
143.44 00.05
144.87 00.05
146.32 00.04
147.78 00.04
149.26 00.04
150.75 00.04
152.26 00.03
153.78 00.03
155.32 -00.08
156.88 -00.08
158.44 -00.08
160.03 -00.08
161.63 -00.09
163.24 -00.09
164.88 00.01
166.53 00.01
168.19 00.01
169.87 00.01
171.57 00.01
173.29 00.02
175.02 00.02
176.77 00.02
178.54 00.12
180.32 00.12
182.13 00.03
183.95 00.03
185.79 00.03
187.65 00.04
189.52 -00.06
191.42 -00.05
193.33 -00.05
195.27 -00.04
197.22 -00.04
199.19 -00.03
201.18 -00.02
203.19 -00.02
205.23 -00.01
207.28 -00.01
209.35 00.00
211.44 00.01
213.56 00.02
215.69 00.03
217.85 00.03
220.03 00.04
222.23 00.05
224.45 00.06
226.70 00.07
228.96 00.08
231.25 00.09
233.57 00.10
235.90 00.10
238.26 00.11
240.64 00.12
243.05 00.12
245.48 00.12
247.93 00.13
250.41 00.13
252.92 00.23
255.45 00.23
258.00 00.24
260.58 00.24
263.19 00.24
265.82 00.34
268.48 00.34
271.16 00.34
273.87 00.34
276.61 00.34
279.38 00.35
282.17 00.35
284.99 00.35
287.84 00.35
290.72 00.35
293.63 00.34
296.57 00.34
299.53 00.34
302.53 00.34
305.55 00.34
308.61 00.33
311.69 00.33
314.81 00.42
317.96 00.42
321.14 00.42
324.35 00.41
327.59 00.41
330.87 00.40
334.18 00.40
337.52 00.39
340.90 00.39
344.30 00.38
347.75 00.38
351.23 00.37
354.74 00.47
358.28 00.36
361.87 00.36
365.49 00.36
369.14 00.35
372.83 00.35
376.56 00.35
380.33 00.35
384.13 00.35
387.97 00.35
391.85 00.35
395.77 00.35
399.73 00.46
403.72 00.36
407.76 00.36
411.84 00.36
415.96 00.36
420.12 00.37
424.32 00.37
428.56 00.37
432.85 00.37
437.18 00.37
441.55 00.27
445.96 00.27
450.42 00.27
454.93 00.27
459.48 00.27
464.07 00.27
468.71 00.27
473.40 00.26
478.13 00.26
482.91 00.26
487.74 00.26
492.62 00.26
497.55 00.26
502.52 00.26
507.55 00.26
512.62 00.26
517.75 00.36
522.93 00.36
528.16 00.36
533.44 00.36
538.77 00.35
544.16 00.35
549.60 00.35
555.10 00.35
560.65 00.35
566.25 00.35
571.92 00.35
577.64 00.35
583.41 00.34
589.25 00.35
595.14 00.35
601.09 00.35
607.10 00.35
613.17 00.35
619.30 00.25
625.50 00.25
631.75 00.25
638.07 00.25
644.45 00.25
650.89 00.25
657.40 00.25
663.98 00.25
670.62 00.26
677.32 00.26
684.10 00.26
690.94 00.26
697.85 00.16
704.83 00.17
711.87 00.17
718.99 00.17
726.18 00.17
733.44 00.17
740.78 00.17
748.19 00.17
755.67 00.17
763.23 00.17
770.86 00.17
778.57 00.08
786.35 00.08
794.22 00.08
802.16 00.07
810.18 00.07
818.28 00.08
826.46 00.08
834.73 00.07
843.08 00.07
851.51 00.07
860.02 00.06
868.62 00.05
877.31 -00.05
886.08 -00.06
894.94 -00.07
903.89 -00.08
912.93 -00.08
922.06 -00.09
931.28 -00.10
940.59 -00.11
950.00 -00.12
959.50 -00.13
969.09 -00.13
978.78 -00.13
988.57 -00.14
998.46 -00.14
1008.44 -00.14
1018.53 -00.14
1028.71 -00.14
1039.00 -00.14
1049.39 -00.15
1059.88 -00.16
1070.48 -00.17
1081.19 -00.19
1092.00 -00.22
1102.92 -00.25
1113.95 -00.28
1125.09 -00.31
1136.34 -00.35
1147.70 -00.38
1159.18 -00.42
1170.77 -00.44
1182.48 -00.46
1194.30 -00.47
1206.25 -00.47
1218.31 -00.46
1230.49 -00.44
1242.80 -00.42
1255.22 -00.40
1267.78 -00.37
1280.45 -00.33
1293.26 -00.29
1306.19 -00.26
1319.25 -00.24
1332.45 -00.22
1345.77 -00.21
1359.23 -00.21
1372.82 -00.21
1386.55 -00.21
1400.41 -00.22
1414.42 -00.22
1428.56 -00.23
1442.85 -00.24
1457.28 -00.25
1471.85 -00.26
1486.57 -00.26
1501.43 -00.27
1516.45 -00.28
1531.61 -00.30
1546.93 -00.42
1562.40 -00.44
1578.02 -00.47
1593.80 -00.50
1609.74 -00.53
1625.84 -00.57
1642.10 -00.60
1658.52 -00.65
1675.10 -00.69
1691.85 -00.73
1708.77 -00.77
1725.86 -00.81
1743.12 -00.85
1760.55 -00.98
1778.15 -01.01
1795.94 -01.04
1813.90 -01.06
1832.03 -01.08
1850.36 -01.19
1868.86 -01.20
1887.55 -01.21
1906.42 -01.21
1925.49 -01.31
1944.74 -01.41
1964.19 -01.41
1983.83 -01.51
2003.67 -01.51
2023.71 -01.70
2043.94 -01.78
2064.38 -01.95
2085.03 -02.01
2105.88 -02.17
2126.94 -02.23
2148.20 -02.28
2169.69 -02.23
2191.38 -02.28
2213.30 -02.23
2235.43 -02.29
2257.78 -02.36
2280.36 -02.44
2303.17 -02.52
2326.20 -02.62
2349.46 -02.72
2372.95 -02.73
2396.68 -02.74
2420.65 -02.75
2444.86 -02.66
2469.31 -02.66
2494.00 -02.66
2518.94 -02.74
2544.13 -02.72
2569.57 -02.78
2595.27 -02.74
2621.22 -02.69
2647.43 -02.72
2673.90 -02.65
2700.64 -02.57
2727.65 -02.47
2754.93 -02.48
2782.48 -02.37
2810.30 -02.37
2838.40 -02.26
2866.79 -02.34
2895.46 -02.42
2924.41 -02.50
2953.65 -02.57
2983.19 -02.54
3013.02 -02.59
3043.15 -02.71
3073.58 -02.71
3104.32 -02.68
3135.36 -02.63
3166.72 -02.66
3198.38 -02.66
3230.37 -02.54
3262.67 -02.41
3295.30 -02.35
3328.25 -02.18
3361.53 -02.00
3395.15 -01.71
3429.10 -01.61
3463.39 -01.30
3498.03 -01.07
3533.01 -00.82
3568.34 -00.55
3604.02 -00.37
3640.06 -00.08
3676.46 00.11
3713.22 00.42
3750.36 00.63
3787.86 01.04
3825.74 01.37
3864.00 01.40
3902.64 01.54
3941.66 01.69
3981.08 01.75
4020.89 01.83
4061.10 01.93
4101.71 02.04
4142.73 02.14
4184.15 02.25
4226.00 02.25
4268.26 02.45
4310.94 02.55
4354.05 02.72
4397.59 02.88
4441.56 03.01
4485.98 03.00
4530.84 03.14
4576.15 03.32
4621.91 03.44
4668.13 03.48
4714.81 03.44
4761.96 03.52
4809.58 04.22
4857.67 04.73
4906.25 05.27
4955.31 05.43
5004.87 05.71
5054.91 05.91
5105.46 06.04
5156.52 06.30
5208.08 06.51
5260.16 06.81
5312.77 07.00
5365.89 07.00
5419.55 06.92
5473.75 06.87
5528.49 06.85
5583.77 07.05
5639.61 06.98
5696.00 06.54
5752.96 06.13
5810.49 06.03
5868.60 05.87
5927.28 05.72
5986.56 05.70
6046.42 05.60
6106.89 05.44
6167.96 05.42
6229.64 05.44
6291.93 05.50
6354.85 05.50
6418.40 05.66
6482.58 05.86
6547.41 06.11
6612.88 06.40
6679.01 06.63
6745.80 06.70
6813.26 07.10
6881.39 07.33
6950.21 07.56
7019.71 07.80
7089.91 08.00
7160.81 08.07
7232.41 08.17
7304.74 08.11
7377.79 08.08
7451.56 07.87
7526.08 07.69
7601.34 07.62
7677.35 07.37
7754.13 07.01
7831.67 06.57
7909.98 06.12
7989.08 05.49
8068.98 04.80
8149.67 04.16
8231.16 03.51
8313.47 02.77
8396.61 01.97
8480.57 01.25
8565.38 00.42
8651.03 00.10
8737.54 -00.23
8824.92 -00.36
8913.17 -00.52
9002.30 -00.53
9092.32 -00.62
9183.25 -00.80
9275.08 -00.97
9367.83 -01.13
9461.51 -01.19
9556.12 -01.03
9651.68 -00.76
9748.20 -00.26
9845.68 00.26
9944.14 00.64
10043.58 01.16
10144.02 01.64
10245.46 02.27
10347.91 02.86
10451.39 03.56
10555.91 04.17
10661.46 04.66
10768.08 05.01
10875.76 05.31
10984.52 05.44
11094.36 05.61
11205.31 05.72
11317.36 05.77
11430.53 05.74
11544.84 05.56
11660.29 05.41
11776.89 05.22
11894.66 04.91
12013.60 04.71
12133.74 04.55
12255.08 04.45
12377.63 04.29
12501.41 04.25
12626.42 04.14
12752.68 04.03
12880.21 03.93
13009.01 03.81
13139.10 03.76
13270.49 03.48
13403.20 03.27
13537.23 02.95
13672.60 02.77
13809.33 02.57
13947.42 02.52
14086.90 02.73
14227.77 02.97
14370.04 03.29
14513.74 03.58
14658.88 04.01
14805.47 04.46
14953.52 04.71
15103.06 05.15
15254.09 05.56
15406.63 05.72
15560.70 06.03
15716.30 06.37
15873.47 06.55
16032.20 06.65
16192.52 06.69
16354.45 06.64
16517.99 06.61
16683.17 06.40
16850.01 06.10
17018.51 05.81
17188.69 05.84
17360.58 05.61
17534.18 05.41
17709.53 05.05
17886.62 04.74
18065.49 04.46
18246.14 04.01
18428.60 03.49
18612.89 02.99
18799.02 02.34
18987.01 01.77
19176.88 01.08
19368.65 00.38
19562.33 -00.35
19757.96 -01.12
19955.54 -01.96
20000.00 -02.14
