20.00	-04.71
20.20	-04.63
20.40	-04.56
20.61	-04.49
20.81	-04.42
21.02	-04.34
21.23	-04.25
21.44	-04.17
21.66	-04.09
21.87	-04.02
22.09	-03.95
22.31	-03.90
22.54	-03.86
22.76	-03.80
22.99	-03.76
23.22	-03.71
23.45	-03.67
23.69	-03.62
23.92	-03.58
24.16	-03.53
24.40	-03.50
24.65	-03.44
24.89	-03.38
25.14	-03.31
25.39	-03.26
25.65	-03.19
25.91	-03.14
26.16	-03.08
26.43	-03.02
26.69	-02.96
26.96	-02.90
27.23	-02.85
27.50	-02.79
27.77	-02.75
28.05	-02.71
28.33	-02.67
28.62	-02.63
28.90	-02.58
29.19	-02.55
29.48	-02.51
29.78	-02.49
30.08	-02.46
30.38	-02.43
30.68	-02.41
30.99	-02.37
31.30	-02.33
31.61	-02.28
31.93	-02.24
32.24	-02.20
32.57	-02.16
32.89	-02.11
33.22	-02.06
33.55	-01.99
33.89	-01.94
34.23	-01.89
34.57	-01.83
34.92	-01.78
35.27	-01.73
35.62	-01.66
35.97	-01.61
36.33	-01.55
36.70	-01.50
37.06	-01.46
37.43	-01.42
37.81	-01.38
38.19	-01.36
38.57	-01.32
38.95	-01.28
39.34	-01.26
39.74	-01.24
40.14	-01.23
40.54	-01.22
40.94	-01.21
41.35	-01.21
41.76	-01.19
42.18	-01.16
42.60	-01.12
43.03	-01.09
43.46	-01.06
43.90	-01.03
44.33	-01.01
44.78	-01.00
45.23	-01.00
45.68	-01.00
46.13	-01.00
46.60	-01.00
47.06	-00.99
47.53	-00.98
48.01	-00.97
48.49	-00.97
48.97	-00.96
49.46	-00.96
49.96	-00.96
50.46	-00.96
50.96	-00.96
51.47	-00.96
51.99	-00.96
52.51	-00.96
53.03	-00.96
53.56	-00.97
54.10	-00.97
54.64	-00.96
55.18	-00.95
55.74	-00.93
56.29	-00.92
56.86	-00.90
57.42	-00.87
58.00	-00.84
58.58	-00.82
59.16	-00.79
59.76	-00.75
60.35	-00.72
60.96	-00.68
61.57	-00.65
62.18	-00.63
62.80	-00.63
63.43	-00.61
64.07	-00.61
64.71	-00.60
65.35	-00.58
66.01	-00.56
66.67	-00.53
67.33	-00.50
68.01	-00.47
68.69	-00.43
69.37	-00.40
70.07	-00.36
70.77	-00.32
71.48	-00.28
72.19	-00.23
72.91	-00.19
73.64	-00.14
74.38	-00.07
75.12	-00.02
75.87	00.05
76.63	00.11
77.40	00.17
78.17	00.23
78.95	00.28
79.74	00.32
80.54	00.36
81.35	00.39
82.16	00.43
82.98	00.46
83.81	00.50
84.65	00.54
85.50	00.58
86.35	00.62
87.22	00.67
88.09	00.71
88.97	00.72
89.86	00.72
90.76	00.73
91.66	00.73
92.58	00.74
93.51	00.74
94.44	00.77
95.39	00.79
96.34	00.80
97.30	00.83
98.28	00.84
99.26	00.86
100.25	00.88
101.25	00.89
102.27	00.91
103.29	00.93
104.32	00.94
105.37	00.95
106.42	00.97
107.48	00.98
108.56	01.00
109.64	01.01
110.74	01.01
111.85	01.03
112.97	01.04
114.10	01.04
115.24	01.05
116.39	01.05
117.55	01.04
118.73	01.02
119.92	01.01
121.12	01.00
122.33	00.98
123.55	00.98
124.79	00.99
126.03	00.99
127.29	00.99
128.57	01.00
129.85	01.00
131.15	00.99
132.46	01.00
133.79	01.00
135.12	00.99
136.48	00.99
137.84	00.98
139.22	00.98
140.61	00.97
142.02	00.96
143.44	00.95
144.87	00.95
146.32	00.94
147.78	00.91
149.26	00.89
150.75	00.87
152.26	00.85
153.78	00.83
155.32	00.81
156.88	00.79
158.44	00.80
160.03	00.82
161.63	00.83
163.24	00.84
164.88	00.86
166.53	00.87
168.19	00.86
169.87	00.86
171.57	00.85
173.29	00.84
175.02	00.83
176.77	00.82
178.54	00.79
180.32	00.75
182.13	00.72
183.95	00.68
185.79	00.65
187.65	00.62
189.52	00.59
191.42	00.57
193.33	00.54
195.27	00.51
197.22	00.50
199.19	00.49
201.18	00.48
203.19	00.48
205.23	00.48
207.28	00.47
209.35	00.46
211.44	00.45
213.56	00.44
215.69	00.43
217.85	00.42
220.03	00.41
222.23	00.40
224.45	00.39
226.70	00.38
228.96	00.37
231.25	00.36
233.57	00.34
235.90	00.33
238.26	00.32
240.64	00.31
243.05	00.29
245.48	00.28
247.93	00.29
250.41	00.29
252.92	00.29
255.45	00.30
258.00	00.31
260.58	00.31
263.19	00.30
265.82	00.29
268.48	00.28
271.16	00.27
273.87	00.26
276.61	00.25
279.38	00.24
282.17	00.24
284.99	00.24
287.84	00.22
290.72	00.22
293.63	00.22
296.57	00.21
299.53	00.21
302.53	00.21
305.55	00.20
308.61	00.20
311.69	00.19
314.81	00.19
317.96	00.17
321.14	00.17
324.35	00.16
327.59	00.16
330.87	00.16
334.18	00.15
337.52	00.14
340.90	00.14
344.30	00.14
347.75	00.14
351.23	00.12
354.74	00.10
358.28	00.08
361.87	00.05
365.49	00.04
369.14	00.02
372.83	00.02
376.56	00.02
380.33	00.01
384.13	00.00
387.97	00.00
391.85	00.01
395.77	-00.01
399.73	-00.03
403.72	-00.03
407.76	-00.05
411.84	-00.06
415.96	-00.08
420.12	-00.09
424.32	-00.12
428.56	-00.14
432.85	-00.16
437.18	-00.18
441.55	-00.20
445.96	-00.21
450.42	-00.21
454.93	-00.22
459.48	-00.22
464.07	-00.23
468.71	-00.23
473.40	-00.24
478.13	-00.24
482.91	-00.25
487.74	-00.25
492.62	-00.25
497.55	-00.24
502.52	-00.23
507.55	-00.22
512.62	-00.21
517.75	-00.21
522.93	-00.20
528.16	-00.21
533.44	-00.22
538.77	-00.23
544.16	-00.24
549.60	-00.24
555.10	-00.25
560.65	-00.26
566.25	-00.26
571.92	-00.26
577.64	-00.27
583.41	-00.27
589.25	-00.27
595.14	-00.29
601.09	-00.31
607.10	-00.33
613.17	-00.35
619.30	-00.37
625.50	-00.36
631.75	-00.36
638.07	-00.36
644.45	-00.35
650.89	-00.35
657.40	-00.34
663.98	-00.35
670.62	-00.36
677.32	-00.35
684.10	-00.36
690.94	-00.36
697.85	-00.35
704.83	-00.33
711.87	-00.30
718.99	-00.28
726.18	-00.26
733.44	-00.23
740.78	-00.22
748.19	-00.22
755.67	-00.21
763.23	-00.21
770.86	-00.21
778.57	-00.21
786.35	-00.21
794.22	-00.20
802.16	-00.20
810.18	-00.19
818.28	-00.19
826.46	-00.19
834.73	-00.20
843.08	-00.24
851.51	-00.29
860.02	-00.34
868.62	-00.39
877.31	-00.44
886.08	-00.47
894.94	-00.49
903.89	-00.49
912.93	-00.49
922.06	-00.48
931.28	-00.45
940.59	-00.41
950.00	-00.36
959.50	-00.30
969.09	-00.23
978.78	-00.16
988.57	-00.09
998.46	-00.03
1008.44	00.04
1018.53	00.10
1028.71	00.15
1039.00	00.21
1049.39	00.27
1059.88	00.33
1070.48	00.38
1081.19	00.43
1092.00	00.47
1102.92	00.51
1113.95	00.54
1125.09	00.57
1136.34	00.59
1147.70	00.62
1159.18	00.64
1170.77	00.65
1182.48	00.66
1194.30	00.67
1206.25	00.68
1218.31	00.69
1230.49	00.70
1242.80	00.71
1255.22	00.72
1267.78	00.72
1280.45	00.72
1293.26	00.72
1306.19	00.71
1319.25	00.71
1332.45	00.69
1345.77	00.68
1359.23	00.66
1372.82	00.63
1386.55	00.61
1400.41	00.59
1414.42	00.57
1428.56	00.55
1442.85	00.53
1457.28	00.51
1471.85	00.49
1486.57	00.45
1501.43	00.42
1516.45	00.38
1531.61	00.35
1546.93	00.32
1562.40	00.29
1578.02	00.27
1593.80	00.26
1609.74	00.24
1625.84	00.23
1642.10	00.22
1658.52	00.20
1675.10	00.17
1691.85	00.12
1708.77	00.07
1725.86	00.02
1743.12	-00.04
1760.55	-00.09
1778.15	-00.14
1795.94	-00.20
1813.90	-00.26
1832.03	-00.32
1850.36	-00.38
1868.86	-00.43
1887.55	-00.50
1906.42	-00.56
1925.49	-00.62
1944.74	-00.68
1964.19	-00.74
1983.83	-00.88
2003.67	-01.02
2023.71	-01.15
2043.94	-01.29
2064.38	-01.43
2085.03	-01.54
2105.88	-01.61
2126.94	-01.69
2148.20	-01.77
2169.69	-01.84
2191.38	-01.91
2213.30	-02.02
2235.43	-02.13
2257.78	-02.24
2280.36	-02.35
2303.17	-02.46
2326.20	-02.48
2349.46	-02.43
2372.95	-02.39
2396.68	-02.32
2420.65	-02.25
2444.86	-02.18
2469.31	-02.14
2494.00	-02.10
2518.94	-02.05
2544.13	-02.00
2569.57	-01.93
2595.27	-01.87
2621.22	-01.78
2647.43	-01.70
2673.90	-01.61
2700.64	-01.53
2727.65	-01.44
2754.93	-01.38
2782.48	-01.38
2810.30	-01.37
2838.40	-01.36
2866.79	-01.35
2895.46	-01.34
2924.41	-01.31
2953.65	-01.31
2983.19	-01.34
3013.02	-01.35
3043.15	-01.37
3073.58	-01.39
3104.32	-01.42
3135.36	-01.46
3166.72	-01.51
3198.38	-01.56
3230.37	-01.62
3262.67	-01.67
3295.30	-01.72
3328.25	-01.74
3361.53	-01.77
3395.15	-01.81
3429.10	-01.84
3463.39	-01.88
3498.03	-01.94
3533.01	-02.04
3568.34	-02.14
3604.02	-02.25
3640.06	-02.35
3676.46	-02.44
3713.22	-02.61
3750.36	-02.78
3787.86	-02.94
3825.74	-03.12
3864.00	-03.30
3902.64	-03.49
3941.66	-03.68
3981.08	-03.87
4020.89	-04.04
4061.10	-04.19
4101.71	-04.31
4142.73	-04.40
4184.15	-04.46
4226.00	-04.51
4268.26	-04.53
4310.94	-04.53
4354.05	-04.52
4397.59	-04.55
4441.56	-04.25
4485.98	-03.82
4530.84	-03.46
4576.15	-03.18
4621.91	-02.98
4668.13	-02.67
4714.81	-01.89
4761.96	-01.21
4809.58	-00.60
4857.67	-00.10
4906.25	00.32
4955.31	00.63
5004.87	00.86
5054.91	01.02
5105.46	01.11
5156.52	01.13
5208.08	01.02
5260.16	00.59
5312.77	00.14
5365.89	-00.31
5419.55	-00.75
5473.75	-01.18
5528.49	-01.76
5583.77	-02.36
5639.61	-02.95
5696.00	-03.49
5752.96	-03.99
5810.49	-04.42
5868.60	-04.78
5927.28	-05.12
5986.56	-05.38
6046.42	-05.55
6106.89	-05.64
6167.96	-05.63
6229.64	-05.57
6291.93	-05.45
6354.85	-05.28
6418.40	-05.07
6482.58	-04.82
6547.41	-04.53
6612.88	-04.32
6679.01	-04.12
6745.80	-03.87
6813.26	-03.58
6881.39	-03.26
6950.21	-02.91
7019.71	-02.60
7089.91	-02.30
7160.81	-02.02
7232.41	-01.78
7304.74	-01.57
7377.79	-01.35
7451.56	-01.06
7526.08	-00.82
7601.34	-00.61
7677.35	-00.47
7754.13	-00.37
7831.67	-00.33
7909.98	-00.43
7989.08	-00.58
8068.98	-00.76
8149.67	-00.95
8231.16	-01.17
8313.47	-01.40
8396.61	-01.47
8480.57	-01.51
8565.38	-01.54
8651.03	-01.60
8737.54	-01.65
8824.92	-01.71
8913.17	-01.79
9002.30	-01.88
9092.32	-01.97
9183.25	-02.05
9275.08	-02.12
9367.83	-02.13
9461.51	-02.09
9556.12	-01.98
9651.68	-01.81
9748.20	-01.59
9845.68	-01.27
9944.14	-00.85
10043.58	-00.42
10144.02	00.00
10245.46	00.40
10347.91	00.77
10451.39	00.93
10555.91	00.95
10661.46	00.93
10768.08	00.87
10875.76	00.78
10984.52	00.68
11094.36	00.56
11205.31	00.42
11317.36	00.28
11430.53	00.13
11544.84	-00.01
11660.29	-00.17
11776.89	-00.36
11894.66	-00.56
12013.60	-00.78
12133.74	-01.01
12255.08	-01.26
12377.63	-01.55
12501.41	-01.80
12626.42	-02.00
12752.68	-02.12
12880.21	-02.16
13009.01	-02.17
13139.10	-02.15
13270.49	-02.05
13403.20	-01.92
13537.23	-01.75
13672.60	-01.56
13809.33	-01.37
13947.42	-01.18
14086.90	-01.03
14227.77	-00.90
14370.04	-00.79
14513.74	-00.68
14658.88	-00.56
14805.47	-00.48
14953.52	-00.38
15103.06	-00.25
15254.09	-00.11
15406.63	00.03
15560.70	00.15
15716.30	00.25
15873.47	00.33
16032.20	00.36
16192.52	00.32
16354.45	00.22
16517.99	00.04
16683.17	-00.18
16850.01	-00.12
17018.51	-00.17
17188.69	-00.33
17360.58	-00.59
17534.18	-00.91
17709.53	-01.29
17886.62	-01.69
18065.49	-02.05
18246.14	-02.39
18428.60	-02.70
18612.89	-03.00
18799.02	-03.31
18987.01	-03.63
19176.88	-03.96
19368.65	-04.30
19562.33	-04.67
19757.96	-04.75
19955.54	18.60
20000.00	18.60
