20.00 -02.50
20.20 -02.44
20.40 -02.38
20.61 -02.31
20.81 -02.25
21.02 -02.29
21.23 -02.24
21.44 -02.18
21.66 -02.23
21.87 -02.18
22.09 -02.12
22.31 -02.07
22.54 -02.12
22.76 -02.07
22.99 -02.02
23.22 -01.97
23.45 -02.03
23.69 -01.98
23.92 -01.93
24.16 -01.89
24.40 -01.94
24.65 -01.80
24.89 -01.76
25.14 -01.82
25.39 -01.77
25.65 -01.73
25.91 -01.69
26.16 -01.66
26.43 -01.62
26.69 -01.58
26.96 -01.65
27.23 -01.61
27.50 -01.58
27.77 -01.65
28.05 -01.62
28.33 -01.59
28.62 -01.56
28.90 -01.54
29.19 -01.51
29.48 -01.49
29.78 -01.47
30.08 -01.45
30.38 -01.53
30.68 -01.52
30.99 -01.50
31.30 -01.59
31.61 -01.58
31.93 -01.67
32.24 -01.66
32.57 -01.66
32.89 -01.66
33.22 -01.75
33.55 -01.75
33.89 -01.75
34.23 -01.75
34.57 -01.76
34.92 -01.76
35.27 -01.76
35.62 -01.77
35.97 -01.78
36.33 -01.78
36.70 -01.79
37.06 -01.70
37.43 -01.71
37.81 -01.72
38.19 -01.74
38.57 -01.85
38.95 -01.87
39.34 -01.78
39.74 -01.80
40.14 -01.82
40.54 -01.84
40.94 -01.96
41.35 -01.99
41.76 -02.01
42.18 -02.14
42.60 -02.06
43.03 -02.19
43.46 -02.22
43.90 -02.25
44.33 -02.38
44.78 -02.41
45.23 -02.35
45.68 -02.39
46.13 -02.43
46.60 -02.57
47.06 -02.61
47.53 -02.66
48.01 -02.71
48.49 -02.76
48.97 -02.71
49.46 -02.76
49.96 -02.70
50.46 -02.75
50.96 -02.69
51.47 -02.63
51.99 -02.66
52.51 -02.58
53.03 -02.58
53.56 -02.58
54.10 -02.55
54.64 -02.52
55.18 -02.46
55.74 -02.40
56.29 -02.22
56.86 -02.12
57.42 -02.02
58.00 -01.91
58.58 -01.79
59.16 -01.68
59.76 -01.46
60.35 -01.24
60.96 -01.13
61.57 -01.02
62.18 -00.93
62.80 -00.84
63.43 -00.76
64.07 -00.69
64.71 -00.63
65.35 -00.68
66.01 -00.63
66.67 -00.69
67.33 -00.66
68.01 -00.63
68.69 -00.51
69.37 -00.49
70.07 -00.47
70.77 -00.45
71.48 -00.43
72.19 -00.52
72.91 -00.50
73.64 -00.49
74.38 -00.48
75.12 -00.46
75.87 -00.45
76.63 -00.44
77.40 -00.43
78.17 -00.42
78.95 -00.42
79.74 -00.31
80.54 -00.30
81.35 -00.29
82.16 -00.29
82.98 -00.28
83.81 -00.27
84.65 -00.27
85.50 -00.16
86.35 -00.16
87.22 -00.06
88.09 -00.05
88.97 -00.05
89.86 00.05
90.76 00.06
91.66 00.06
92.58 00.06
93.51 00.06
94.44 -00.04
95.39 00.06
96.34 00.06
97.30 00.05
98.28 00.05
99.26 00.05
100.25 00.04
101.25 00.04
102.27 00.13
103.29 00.13
104.32 00.12
105.37 00.12
106.42 00.12
107.48 00.11
108.56 00.11
109.64 00.11
110.74 00.11
111.85 00.11
112.97 00.11
114.10 00.21
115.24 00.21
116.39 00.21
117.55 00.21
118.73 00.21
119.92 00.21
121.12 00.11
122.33 00.11
123.55 00.11
124.79 00.10
126.03 00.10
127.29 00.09
128.57 00.09
129.85 00.08
131.15 00.07
132.46 00.07
133.79 00.06
135.12 00.15
136.48 00.14
137.84 00.13
139.22 00.12
140.61 00.11
142.02 00.10
143.44 00.09
144.87 00.08
146.32 00.07
147.78 00.06
149.26 00.06
150.75 00.05
152.26 00.04
153.78 00.03
155.32 00.03
156.88 00.02
158.44 -00.08
160.03 -00.08
161.63 00.01
163.24 00.01
164.88 00.01
166.53 00.01
168.19 00.02
169.87 00.02
171.57 00.02
173.29 00.03
175.02 00.03
176.77 00.04
178.54 00.05
180.32 00.05
182.13 00.06
183.95 00.07
185.79 00.08
187.65 00.08
189.52 00.09
191.42 00.10
193.33 00.01
195.27 00.01
197.22 00.02
199.19 00.03
201.18 00.04
203.19 00.04
205.23 00.05
207.28 00.06
209.35 00.07
211.44 00.18
213.56 00.09
215.69 00.10
217.85 00.11
220.03 00.12
222.23 00.13
224.45 00.15
226.70 00.16
228.96 00.17
231.25 00.18
233.57 00.19
235.90 00.20
238.26 00.11
240.64 00.12
243.05 00.14
245.48 00.15
247.93 00.16
250.41 00.17
252.92 00.18
255.45 00.19
258.00 00.20
260.58 00.31
263.19 00.31
265.82 00.32
268.48 00.33
271.16 00.34
273.87 00.24
276.61 00.25
279.38 00.25
282.17 00.26
284.99 00.26
287.84 00.27
290.72 00.27
293.63 00.27
296.57 00.28
299.53 00.28
302.53 00.28
305.55 00.38
308.61 00.38
311.69 00.38
314.81 00.38
317.96 00.38
321.14 00.38
324.35 00.38
327.59 00.38
330.87 00.38
334.18 00.38
337.52 00.38
340.90 00.38
344.30 00.38
347.75 00.38
351.23 00.38
354.74 00.38
358.28 00.39
361.87 00.39
365.49 00.39
369.14 00.29
372.83 00.30
376.56 00.30
380.33 00.30
384.13 00.31
387.97 00.31
391.85 00.31
395.77 00.32
399.73 00.32
403.72 00.33
407.76 00.33
411.84 00.34
415.96 00.34
420.12 00.35
424.32 00.35
428.56 00.25
432.85 00.26
437.18 00.26
441.55 00.27
445.96 00.27
450.42 00.17
454.93 00.18
459.48 00.18
464.07 00.19
468.71 00.19
473.40 00.19
478.13 00.19
482.91 00.20
487.74 00.20
492.62 00.20
497.55 00.21
502.52 00.21
507.55 00.21
512.62 00.22
517.75 00.22
522.93 00.32
528.16 00.33
533.44 00.33
538.77 00.34
544.16 00.35
549.60 00.35
555.10 00.36
560.65 00.36
566.25 00.27
571.92 00.27
577.64 00.28
583.41 00.28
589.25 00.29
595.14 00.29
601.09 00.30
607.10 00.30
613.17 00.20
619.30 00.21
625.50 00.21
631.75 00.21
638.07 00.12
644.45 00.12
650.89 00.13
657.40 00.13
663.98 00.14
670.62 00.14
677.32 00.04
684.10 00.05
690.94 00.05
697.85 00.05
704.83 -00.05
711.87 -00.04
718.99 -00.04
726.18 -00.04
733.44 -00.03
740.78 -00.03
748.19 -00.03
755.67 -00.02
763.23 -00.02
770.86 -00.01
778.57 -00.01
786.35 00.00
794.22 00.00
802.16 00.00
810.18 00.00
818.28 00.00
826.46 00.00
834.73 00.00
843.08 00.10
851.51 00.10
860.02 00.00
868.62 00.00
877.31 00.00
886.08 00.00
894.94 -00.10
903.89 -00.10
912.93 -00.10
922.06 -00.09
931.28 -00.09
940.59 -00.08
950.00 -00.08
959.50 -00.07
969.09 -00.07
978.78 -00.06
988.57 -00.05
998.46 -00.05
1008.44 -00.04
1018.53 -00.04
1028.71 -00.04
1039.00 -00.04
1049.39 -00.05
1059.88 -00.06
1070.48 -00.07
1081.19 -00.08
1092.00 -00.09
1102.92 -00.11
1113.95 -00.12
1125.09 -00.13
1136.34 -00.25
1147.70 -00.25
1159.18 -00.26
1170.77 -00.26
1182.48 -00.36
1194.30 -00.36
1206.25 -00.36
1218.31 -00.36
1230.49 -00.35
1242.80 -00.34
1255.22 -00.32
1267.78 -00.31
1280.45 -00.29
1293.26 -00.27
1306.19 -00.25
1319.25 -00.14
1332.45 -00.12
1345.77 -00.11
1359.23 -00.10
1372.82 -00.08
1386.55 -00.08
1400.41 -00.08
1414.42 -00.07
1428.56 -00.07
1442.85 -00.07
1457.28 -00.07
1471.85 -00.08
1486.57 -00.08
1501.43 -00.09
1516.45 -00.10
1531.61 -00.20
1546.93 -00.21
1562.40 -00.22
1578.02 -00.33
1593.80 -00.34
1609.74 -00.36
1625.84 -00.47
1642.10 -00.49
1658.52 -00.51
1675.10 -00.52
1691.85 -00.54
1708.77 -00.65
1725.86 -00.67
1743.12 -00.78
1760.55 -00.89
1778.15 -00.91
1795.94 -01.03
1813.90 -01.04
1832.03 -01.05
1850.36 -01.06
1868.86 -01.07
1887.55 -01.09
1906.42 -01.20
1925.49 -01.22
1944.74 -01.34
1964.19 -01.35
1983.83 -01.45
2003.67 -01.44
2023.71 -01.53
2043.94 -01.61
2064.38 -01.79
2085.03 -01.87
2105.88 -01.95
2126.94 -02.12
2148.20 -02.10
2169.69 -02.07
2191.38 -02.14
2213.30 -02.01
2235.43 -02.08
2257.78 -02.15
2280.36 -02.33
2303.17 -02.40
2326.20 -02.48
2349.46 -02.67
2372.95 -02.65
2396.68 -02.63
2420.65 -02.62
2444.86 -02.60
2469.31 -02.59
2494.00 -02.67
2518.94 -02.65
2544.13 -02.73
2569.57 -02.70
2595.27 -02.66
2621.22 -02.61
2647.43 -02.56
2673.90 -02.59
2700.64 -02.52
2727.65 -02.44
2754.93 -02.35
2782.48 -02.24
2810.30 -02.24
2838.40 -02.22
2866.79 -02.20
2895.46 -02.26
2924.41 -02.42
2953.65 -02.46
2983.19 -02.40
3013.02 -02.43
3043.15 -02.56
3073.58 -02.58
3104.32 -02.68
3135.36 -02.67
3166.72 -02.75
3198.38 -02.71
3230.37 -02.76
3262.67 -02.60
3295.30 -02.62
3328.25 -02.53
3361.53 -02.43
3395.15 -02.21
3429.10 -02.07
3463.39 -01.91
3498.03 -01.62
3533.01 -01.49
3568.34 -01.22
3604.02 -01.04
3640.06 -00.82
3676.46 -00.58
3713.22 -00.32
3750.36 -00.04
3787.86 00.36
3825.74 00.68
3864.00 00.72
3902.64 00.87
3941.66 01.02
3981.08 01.08
4020.89 01.24
4061.10 01.31
4101.71 01.37
4142.73 01.43
4184.15 01.58
4226.00 01.61
4268.26 01.71
4310.94 01.97
4354.05 02.09
4397.59 02.26
4441.56 02.36
4485.98 02.29
4530.84 02.56
4576.15 02.77
4621.91 03.00
4668.13 03.06
4714.81 03.15
4761.96 03.26
4809.58 03.91
4857.67 04.49
4906.25 05.01
4955.31 05.06
5004.87 05.37
5054.91 05.43
5105.46 05.46
5156.52 05.76
5208.08 05.93
5260.16 06.09
5312.77 06.35
5365.89 06.31
5419.55 06.27
5473.75 06.15
5528.49 06.14
5583.77 06.25
5639.61 06.17
5696.00 05.72
5752.96 05.41
5810.49 05.32
5868.60 05.17
5927.28 05.15
5986.56 05.17
6046.42 05.03
6106.89 05.02
6167.96 04.96
6229.64 05.03
6291.93 05.03
6354.85 05.17
6418.40 05.36
6482.58 05.58
6547.41 05.85
6612.88 06.17
6679.01 06.53
6745.80 06.54
6813.26 07.01
6881.39 07.22
6950.21 07.56
7019.71 07.91
7089.91 08.12
7160.81 08.28
7232.41 08.36
7304.74 08.36
7377.79 08.26
7451.56 08.08
7526.08 07.91
7601.34 07.83
7677.35 07.65
7754.13 07.35
7831.67 06.82
7909.98 06.26
7989.08 05.56
8068.98 04.76
8149.67 03.98
8231.16 03.06
8313.47 02.16
8396.61 01.24
8480.57 00.34
8565.38 -00.48
8651.03 -00.81
8737.54 -01.06
8824.92 -01.06
8913.17 -00.95
9002.30 -00.87
9092.32 -00.86
9183.25 -00.86
9275.08 -00.98
9367.83 -01.03
9461.51 -01.21
9556.12 -01.12
9651.68 -00.83
9748.20 -00.44
9845.68 -00.12
9944.14 00.24
10043.58 00.64
10144.02 01.18
10245.46 01.68
10347.91 02.23
10451.39 02.92
10555.91 03.52
10661.46 04.02
10768.08 04.30
10875.76 04.53
10984.52 04.82
11094.36 04.95
11205.31 05.04
11317.36 04.96
11430.53 04.94
11544.84 04.75
11660.29 04.51
11776.89 04.31
11894.66 04.25
12013.60 04.25
12133.74 04.13
12255.08 04.09
12377.63 04.05
12501.41 04.01
12626.42 03.77
12752.68 03.63
12880.21 03.39
13009.01 03.14
13139.10 03.01
13270.49 02.60
13403.20 02.15
13537.23 01.81
13672.60 01.62
13809.33 01.63
13947.42 01.81
14086.90 02.23
14227.77 02.64
14370.04 03.19
14513.74 03.52
14658.88 03.98
14805.47 04.27
14953.52 04.27
15103.06 04.59
15254.09 04.93
15406.63 05.00
15560.70 05.10
15716.30 05.31
15873.47 05.23
16032.20 05.04
16192.52 04.75
16354.45 04.37
16517.99 03.92
16683.17 03.54
16850.01 03.06
17018.51 02.58
17188.69 02.71
17360.58 02.64
17534.18 02.56
17709.53 02.59
17886.62 02.53
18065.49 02.47
18246.14 02.24
18428.60 01.92
18612.89 01.70
18799.02 01.45
18987.01 01.04
19176.88 00.55
19368.65 00.05
19562.33 -00.54
19757.96 -01.41
19955.54 -02.15
20000.00 -02.39
