20.00 00.55
20.20 00.59
20.40 00.63
20.61 00.67
20.81 00.71
21.02 00.74
21.23 00.78
21.44 00.81
21.66 00.85
21.87 00.87
22.09 00.91
22.31 00.93
22.54 00.96
22.76 00.97
22.99 00.99
23.22 01.00
23.45 01.01
23.69 01.02
23.92 01.05
24.16 01.07
24.40 01.10
24.65 01.13
24.89 01.14
25.14 01.17
25.39 01.21
25.65 01.23
25.91 01.27
26.16 01.29
26.43 01.31
26.69 01.33
26.96 01.35
27.23 01.36
27.50 01.38
27.77 01.38
28.05 01.40
28.33 01.42
28.62 01.46
28.90 01.48
29.19 01.51
29.48 01.52
29.78 01.54
30.08 01.56
30.38 01.53
30.68 01.51
30.99 01.48
31.30 01.45
31.61 01.43
31.93 01.42
32.24 01.40
32.57 01.39
32.89 01.37
33.22 01.37
33.55 01.35
33.89 01.36
34.23 01.37
34.57 01.39
34.92 01.40
35.27 01.41
35.62 01.42
35.97 01.43
36.33 01.43
36.70 01.42
37.06 01.42
37.43 01.42
37.81 01.42
38.19 01.41
38.57 01.40
38.95 01.39
39.34 01.38
39.74 01.36
40.14 01.32
40.54 01.27
40.94 01.21
41.35 01.14
41.76 01.08
42.18 01.01
42.60 00.94
43.03 00.89
43.46 00.83
43.90 00.78
44.33 00.72
44.78 00.65
45.23 00.58
45.68 00.53
46.13 00.46
46.60 00.38
47.06 00.32
47.53 00.24
48.01 00.21
48.49 00.18
48.97 00.15
49.46 00.12
49.96 00.10
50.46 00.08
50.96 00.06
51.47 00.06
51.99 00.07
52.51 00.10
53.03 00.13
53.56 00.15
54.10 00.19
54.64 00.24
55.18 00.31
55.74 00.41
56.29 00.52
56.86 00.64
57.42 00.79
58.00 00.93
58.58 01.08
59.16 01.24
59.76 01.39
60.35 01.54
60.96 01.70
61.57 01.85
62.18 01.99
62.80 02.14
63.43 02.24
64.07 02.31
64.71 02.38
65.35 02.44
66.01 02.51
66.67 02.56
67.33 02.63
68.01 02.70
68.69 02.77
69.37 02.85
70.07 02.92
70.77 02.99
71.48 03.06
72.19 03.12
72.91 03.18
73.64 03.24
74.38 03.29
75.12 03.35
75.87 03.43
76.63 03.52
77.40 03.59
78.17 03.67
78.95 03.74
79.74 03.82
80.54 03.88
81.35 03.95
82.16 04.00
82.98 04.07
83.81 04.12
84.65 04.18
85.50 04.25
86.35 04.32
87.22 04.40
88.09 04.47
88.97 04.54
89.86 04.60
90.76 04.65
91.66 04.67
92.58 04.69
93.51 04.71
94.44 04.72
95.39 04.75
96.34 04.77
97.30 04.81
98.28 04.82
99.26 04.85
100.25 04.85
101.25 04.87
102.27 04.87
103.29 04.87
104.32 04.87
105.37 04.86
106.42 04.85
107.48 04.84
108.56 04.81
109.64 04.78
110.74 04.75
111.85 04.72
112.97 04.68
114.10 04.65
115.24 04.62
116.39 04.57
117.55 04.54
118.73 04.48
119.92 04.42
121.12 04.36
122.33 04.30
123.55 04.24
124.79 04.17
126.03 04.13
127.29 04.08
128.57 04.04
129.85 04.01
131.15 03.97
132.46 03.93
133.79 03.90
135.12 03.86
136.48 03.82
137.84 03.79
139.22 03.75
140.61 03.71
142.02 03.67
143.44 03.62
144.87 03.56
146.32 03.51
147.78 03.45
149.26 03.40
150.75 03.32
152.26 03.23
153.78 03.15
155.32 03.06
156.88 02.96
158.44 02.87
160.03 02.77
161.63 02.70
163.24 02.63
164.88 02.56
166.53 02.50
168.19 02.43
169.87 02.38
171.57 02.31
173.29 02.24
175.02 02.18
176.77 02.13
178.54 02.07
180.32 02.03
182.13 01.99
183.95 01.95
185.79 01.92
187.65 01.88
189.52 01.85
191.42 01.83
193.33 01.81
195.27 01.78
197.22 01.76
199.19 01.73
201.18 01.71
203.19 01.70
205.23 01.68
207.28 01.66
209.35 01.64
211.44 01.62
213.56 01.59
215.69 01.55
217.85 01.52
220.03 01.49
222.23 01.45
224.45 01.41
226.70 01.38
228.96 01.34
231.25 01.31
233.57 01.28
235.90 01.24
238.26 01.21
240.64 01.18
243.05 01.15
245.48 01.11
247.93 01.09
250.41 01.06
252.92 01.05
255.45 01.04
258.00 01.02
260.58 01.01
263.19 01.00
265.82 00.99
268.48 00.96
271.16 00.94
273.87 00.91
276.61 00.90
279.38 00.87
282.17 00.85
284.99 00.84
287.84 00.83
290.72 00.82
293.63 00.81
296.57 00.80
299.53 00.79
302.53 00.78
305.55 00.78
308.61 00.77
311.69 00.78
314.81 00.77
317.96 00.77
321.14 00.77
324.35 00.77
327.59 00.78
330.87 00.78
334.18 00.79
337.52 00.79
340.90 00.81
344.30 00.81
347.75 00.83
351.23 00.84
354.74 00.85
358.28 00.85
361.87 00.84
365.49 00.82
369.14 00.82
372.83 00.81
376.56 00.80
380.33 00.80
384.13 00.82
387.97 00.82
391.85 00.83
395.77 00.84
399.73 00.85
403.72 00.84
407.76 00.84
411.84 00.84
415.96 00.83
420.12 00.82
424.32 00.82
428.56 00.81
432.85 00.79
437.18 00.78
441.55 00.76
445.96 00.74
450.42 00.72
454.93 00.71
459.48 00.70
464.07 00.68
468.71 00.67
473.40 00.65
478.13 00.64
482.91 00.62
487.74 00.60
492.62 00.59
497.55 00.56
502.52 00.56
507.55 00.55
512.62 00.56
517.75 00.56
522.93 00.57
528.16 00.57
533.44 00.57
538.77 00.55
544.16 00.55
549.60 00.54
555.10 00.53
560.65 00.53
566.25 00.52
571.92 00.53
577.64 00.52
583.41 00.53
589.25 00.52
595.14 00.52
601.09 00.51
607.10 00.49
613.17 00.46
619.30 00.44
625.50 00.41
631.75 00.39
638.07 00.37
644.45 00.36
650.89 00.33
657.40 00.32
663.98 00.29
670.62 00.27
677.32 00.24
684.10 00.21
690.94 00.17
697.85 00.15
704.83 00.11
711.87 00.08
718.99 00.06
726.18 00.04
733.44 00.02
740.78 00.00
748.19 -00.02
755.67 -00.04
763.23 -00.05
770.86 -00.06
778.57 -00.07
786.35 -00.09
794.22 -00.09
802.16 -00.11
810.18 -00.11
818.28 -00.12
826.46 -00.12
834.73 -00.13
843.08 -00.14
851.51 -00.16
860.02 -00.21
868.62 -00.26
877.31 -00.31
886.08 -00.36
894.94 -00.42
903.89 -00.47
912.93 -00.51
922.06 -00.54
931.28 -00.57
940.59 -00.60
950.00 -00.63
959.50 -00.65
969.09 -00.67
978.78 -00.68
988.57 -00.68
998.46 -00.68
1008.44 -00.66
1018.53 -00.63
1028.71 -00.60
1039.00 -00.55
1049.39 -00.51
1059.88 -00.44
1070.48 -00.39
1081.19 -00.32
1092.00 -00.26
1102.92 -00.19
1113.95 -00.12
1125.09 -00.05
1136.34 00.01
1147.70 00.04
1159.18 00.08
1170.77 00.11
1182.48 00.13
1194.30 00.14
1206.25 00.14
1218.31 00.12
1230.49 00.09
1242.80 00.05
1255.22 00.01
1267.78 -00.02
1280.45 -00.06
1293.26 -00.10
1306.19 -00.12
1319.25 -00.14
1332.45 -00.15
1345.77 -00.17
1359.23 -00.17
1372.82 -00.17
1386.55 -00.17
1400.41 -00.17
1414.42 -00.15
1428.56 -00.15
1442.85 -00.13
1457.28 -00.12
1471.85 -00.10
1486.57 -00.08
1501.43 -00.05
1516.45 -00.05
1531.61 -00.05
1546.93 -00.04
1562.40 -00.01
1578.02 00.02
1593.80 00.05
1609.74 00.11
1625.84 00.16
1642.10 00.23
1658.52 00.31
1675.10 00.39
1691.85 00.48
1708.77 00.55
1725.86 00.60
1743.12 00.65
1760.55 00.70
1778.15 00.75
1795.94 00.78
1813.90 00.85
1832.03 00.94
1850.36 01.00
1868.86 01.05
1887.55 01.08
1906.42 01.09
1925.49 01.07
1944.74 01.00
1964.19 00.92
1983.83 00.79
2003.67 00.62
2023.71 00.38
2043.94 00.09
2064.38 -00.22
2085.03 -00.55
2105.88 -00.88
2126.94 -01.18
2148.20 -01.42
2169.69 -01.63
2191.38 -01.79
2213.30 -01.91
2235.43 -01.98
2257.78 -02.09
2280.36 -02.19
2303.17 -02.24
2326.20 -02.25
2349.46 -02.24
2372.95 -02.12
2396.68 -01.94
2420.65 -01.72
2444.86 -01.50
2469.31 -01.28
2494.00 -01.05
2518.94 -00.82
2544.13 -00.61
2569.57 -00.39
2595.27 -00.19
2621.22 00.01
2647.43 00.18
2673.90 00.36
2700.64 00.52
2727.65 00.67
2754.93 00.80
2782.48 00.91
2810.30 00.96
2838.40 00.92
2866.79 00.85
2895.46 00.75
2924.41 00.64
2953.65 00.50
2983.19 00.33
3013.02 00.11
3043.15 -00.19
3073.58 -00.52
3104.32 -00.90
3135.36 -01.35
3166.72 -01.86
3198.38 -02.40
3230.37 -02.97
3262.67 -03.51
3295.30 -03.92
3328.25 -04.21
3361.53 -04.37
3395.15 -04.43
3429.10 -04.45
3463.39 -04.46
3498.03 -04.45
3533.01 -04.44
3568.34 -04.49
3604.02 -04.62
3640.06 -04.83
3676.46 -05.12
3713.22 -05.49
3750.36 -05.91
3787.86 -06.34
3825.74 -06.73
3864.00 -07.06
3902.64 -07.32
3941.66 -07.50
3981.08 -07.67
4020.89 -07.93
4061.10 -08.30
4101.71 -08.69
4142.73 -09.06
4184.15 -09.29
4226.00 -09.24
4268.26 -08.72
4310.94 -07.75
4354.05 -06.68
4397.59 -05.71
4441.56 -04.96
4485.98 -04.44
4530.84 -03.86
4576.15 -03.32
4621.91 -02.92
4668.13 -02.61
4714.81 -02.40
4761.96 -02.21
4809.58 -01.87
4857.67 -01.71
4906.25 -01.73
4955.31 -01.93
5004.87 -02.21
5054.91 -02.41
5105.46 -02.60
5156.52 -02.76
5208.08 -02.90
5260.16 -03.05
5312.77 -03.26
5365.89 -03.58
5419.55 -03.85
5473.75 -04.07
5528.49 -04.20
5583.77 -04.25
5639.61 -04.45
5696.00 -04.64
5752.96 -04.71
5810.49 -04.68
5868.60 -04.54
5927.28 -04.32
5986.56 -04.02
6046.42 -03.74
6106.89 -03.43
6167.96 -03.10
6229.64 -02.75
6291.93 -02.43
6354.85 -02.10
6418.40 -01.80
6482.58 -01.52
6547.41 -01.26
6612.88 -01.05
6679.01 -00.85
6745.80 -00.85
6813.26 -00.96
6881.39 -01.09
6950.21 -01.20
7019.71 -01.29
7089.91 -01.33
7160.81 -01.41
7232.41 -01.48
7304.74 -01.53
7377.79 -01.59
7451.56 -01.64
7526.08 -01.58
7601.34 -01.31
7677.35 -01.03
7754.13 -00.71
7831.67 -00.34
7909.98 00.10
7989.08 00.65
8068.98 01.22
8149.67 01.88
8231.16 02.63
8313.47 03.37
8396.61 04.01
8480.57 04.49
8565.38 04.95
8651.03 05.31
8737.54 05.57
8824.92 05.73
8913.17 05.78
9002.30 05.72
9092.32 05.43
9183.25 04.94
9275.08 04.24
9367.83 03.31
9461.51 02.20
9556.12 01.00
9651.68 -00.17
9748.20 -01.19
9845.68 -02.05
9944.14 -02.72
10043.58 -03.12
10144.02 -03.24
10245.46 -03.20
10347.91 -03.01
10451.39 -02.64
10555.91 -02.12
10661.46 -01.67
10768.08 -01.30
10875.76 -00.93
10984.52 -00.62
11094.36 -00.39
11205.31 -00.25
11317.36 -00.27
11430.53 -00.35
11544.84 -00.51
11660.29 -00.73
11776.89 -01.04
11894.66 -01.22
12013.60 -01.46
12133.74 -01.81
12255.08 -02.17
12377.63 -02.40
12501.41 -02.38
12626.42 -02.26
12752.68 -01.98
12880.21 -01.65
13009.01 -01.30
13139.10 -00.96
13270.49 -00.84
13403.20 -00.91
13537.23 -01.05
13672.60 -01.23
13809.33 -01.50
13947.42 -01.85
14086.90 -02.24
14227.77 -02.68
14370.04 -03.20
14513.74 -03.76
14658.88 -04.29
14805.47 -04.70
14953.52 -04.91
15103.06 -04.78
15254.09 -04.42
15406.63 -04.04
15560.70 -03.74
15716.30 -03.57
15873.47 -03.54
16032.20 -03.60
16192.52 -03.68
16354.45 -03.70
16517.99 -03.64
16683.17 -03.50
16850.01 -03.30
17018.51 -02.97
17188.69 -02.17
17360.58 -01.34
17534.18 -00.50
17709.53 00.31
17886.62 01.11
18065.49 01.70
18246.14 01.91
18428.60 01.97
18612.89 01.85
18799.02 01.56
18987.01 01.08
19176.88 00.39
19368.65 -00.48
19562.33 -01.46
19757.96 -02.39
19955.54 -03.24
20000.00 -03.42
