20.00	01.12
20.20	01.17
20.40	01.22
20.61	01.26
20.81	01.30
21.02	01.34
21.23	01.38
21.44	01.41
21.66	01.45
21.87	01.48
22.09	01.52
22.31	01.55
22.54	01.58
22.76	01.59
22.99	01.61
23.22	01.62
23.45	01.64
23.69	01.65
23.92	01.68
24.16	01.71
24.40	01.74
24.65	01.77
24.89	01.79
25.14	01.82
25.39	01.85
25.65	01.88
25.91	01.92
26.16	01.94
26.43	01.97
26.69	01.99
26.96	02.02
27.23	02.03
27.50	02.05
27.77	02.06
28.05	02.08
28.33	02.10
28.62	02.14
28.90	02.16
29.19	02.19
29.48	02.22
29.78	02.24
30.08	02.25
30.38	02.23
30.68	02.22
30.99	02.19
31.30	02.16
31.61	02.15
31.93	02.14
32.24	02.13
32.57	02.12
32.89	02.11
33.22	02.11
33.55	02.10
33.89	02.12
34.23	02.14
34.57	02.17
34.92	02.19
35.27	02.20
35.62	02.22
35.97	02.23
36.33	02.24
36.70	02.24
37.06	02.25
37.43	02.26
37.81	02.26
38.19	02.26
38.57	02.26
38.95	02.25
39.34	02.24
39.74	02.23
40.14	02.20
40.54	02.16
40.94	02.10
41.35	02.03
41.76	01.98
42.18	01.91
42.60	01.84
43.03	01.79
43.46	01.74
43.90	01.68
44.33	01.62
44.78	01.55
45.23	01.48
45.68	01.43
46.13	01.36
46.60	01.28
47.06	01.21
47.53	01.14
48.01	01.11
48.49	01.08
48.97	01.06
49.46	01.03
49.96	01.00
50.46	00.98
50.96	00.97
51.47	00.95
51.99	00.95
52.51	00.95
53.03	00.95
53.56	00.91
54.10	00.89
54.64	00.86
55.18	00.84
55.74	00.83
56.29	00.83
56.86	00.82
57.42	00.83
58.00	00.84
58.58	00.85
59.16	00.87
59.76	00.87
60.35	00.89
60.96	00.91
61.57	00.94
62.18	00.96
62.80	00.99
63.43	00.99
64.07	00.96
64.71	00.93
65.35	00.91
66.01	00.90
66.67	00.87
67.33	00.87
68.01	00.87
68.69	00.88
69.37	00.90
70.07	00.91
70.77	00.92
71.48	00.94
72.19	00.95
72.91	00.95
73.64	00.97
74.38	00.98
75.12	00.99
75.87	01.03
76.63	01.08
77.40	01.12
78.17	01.16
78.95	01.19
79.74	01.24
80.54	01.28
81.35	01.32
82.16	01.35
82.98	01.38
83.81	01.41
84.65	01.45
85.50	01.49
86.35	01.54
87.22	01.59
88.09	01.64
88.97	01.68
89.86	01.72
90.76	01.74
91.66	01.73
92.58	01.72
93.51	01.72
94.44	01.71
95.39	01.72
96.34	01.73
97.30	01.74
98.28	01.74
99.26	01.75
100.25	01.75
101.25	01.75
102.27	01.75
103.29	01.74
104.32	01.74
105.37	01.72
106.42	01.70
107.48	01.68
108.56	01.64
109.64	01.61
110.74	01.57
111.85	01.54
112.97	01.49
114.10	01.45
115.24	01.41
116.39	01.35
117.55	01.31
118.73	01.24
119.92	01.18
121.12	01.10
122.33	01.03
123.55	00.96
124.79	00.88
126.03	00.82
127.29	00.76
128.57	00.71
129.85	00.66
131.15	00.61
132.46	00.55
133.79	00.50
135.12	00.45
136.48	00.39
137.84	00.34
139.22	00.29
140.61	00.23
142.02	00.19
143.44	00.13
144.87	00.08
146.32	00.03
147.78	-00.02
149.26	-00.06
150.75	-00.12
152.26	-00.18
153.78	-00.24
155.32	-00.30
156.88	-00.36
158.44	-00.41
160.03	-00.47
161.63	-00.49
163.24	-00.52
164.88	-00.54
166.53	-00.56
168.19	-00.59
169.87	-00.60
171.57	-00.62
173.29	-00.65
175.02	-00.67
176.77	-00.68
178.54	-00.69
180.32	-00.69
182.13	-00.69
183.95	-00.68
185.79	-00.66
187.65	-00.65
189.52	-00.63
191.42	-00.59
193.33	-00.56
195.27	-00.52
197.22	-00.47
199.19	-00.44
201.18	-00.39
203.19	-00.33
205.23	-00.28
207.28	-00.23
209.35	-00.18
211.44	-00.13
213.56	-00.10
215.69	-00.07
217.85	-00.04
220.03	-00.01
222.23	00.01
224.45	00.04
226.70	00.06
228.96	00.08
231.25	00.11
233.57	00.12
235.90	00.14
238.26	00.16
240.64	00.18
243.05	00.20
245.48	00.21
247.93	00.23
250.41	00.24
252.92	00.28
255.45	00.31
258.00	00.34
260.58	00.37
263.19	00.39
265.82	00.42
268.48	00.43
271.16	00.45
273.87	00.46
276.61	00.48
279.38	00.49
282.17	00.51
284.99	00.53
287.84	00.54
290.72	00.57
293.63	00.59
296.57	00.61
299.53	00.62
302.53	00.64
305.55	00.67
308.61	00.68
311.69	00.71
314.81	00.73
317.96	00.75
321.14	00.77
324.35	00.79
327.59	00.82
330.87	00.84
334.18	00.87
337.52	00.89
340.90	00.92
344.30	00.94
347.75	00.97
351.23	01.00
354.74	01.03
358.28	01.04
361.87	01.04
365.49	01.03
369.14	01.04
372.83	01.03
376.56	01.03
380.33	01.04
384.13	01.06
387.97	01.06
391.85	01.06
395.77	01.07
399.73	01.06
403.72	01.05
407.76	01.03
411.84	01.02
415.96	01.00
420.12	00.97
424.32	00.96
428.56	00.93
432.85	00.91
437.18	00.89
441.55	00.87
445.96	00.85
450.42	00.83
454.93	00.83
459.48	00.84
464.07	00.84
468.71	00.85
473.40	00.86
478.13	00.88
482.91	00.88
487.74	00.90
492.62	00.92
497.55	00.93
502.52	00.96
507.55	00.98
512.62	01.02
517.75	01.04
522.93	01.07
528.16	01.09
533.44	01.11
538.77	01.10
544.16	01.09
549.60	01.07
555.10	01.04
560.65	01.01
566.25	00.97
571.92	00.92
577.64	00.87
583.41	00.81
589.25	00.75
595.14	00.68
601.09	00.60
607.10	00.51
613.17	00.42
619.30	00.34
625.50	00.26
631.75	00.20
638.07	00.15
644.45	00.11
650.89	00.08
657.40	00.08
663.98	00.07
670.62	00.10
677.32	00.11
684.10	00.16
690.94	00.20
697.85	00.27
704.83	00.33
711.87	00.41
718.99	00.51
726.18	00.61
733.44	00.71
740.78	00.81
748.19	00.90
755.67	00.99
763.23	01.09
770.86	01.17
778.57	01.24
786.35	01.29
794.22	01.34
802.16	01.37
810.18	01.39
818.28	01.40
826.46	01.40
834.73	01.39
843.08	01.37
851.51	01.34
860.02	01.27
868.62	01.21
877.31	01.14
886.08	01.07
894.94	00.98
903.89	00.92
912.93	00.85
922.06	00.78
931.28	00.71
940.59	00.64
950.00	00.55
959.50	00.47
969.09	00.39
978.78	00.30
988.57	00.22
998.46	00.13
1008.44	00.05
1018.53	-00.02
1028.71	-00.10
1039.00	-00.16
1049.39	-00.23
1059.88	-00.28
1070.48	-00.35
1081.19	-00.41
1092.00	-00.47
1102.92	-00.53
1113.95	-00.58
1125.09	-00.64
1136.34	-00.70
1147.70	-00.78
1159.18	-00.85
1170.77	-00.92
1182.48	-00.99
1194.30	-01.07
1206.25	-01.13
1218.31	-01.22
1230.49	-01.30
1242.80	-01.40
1255.22	-01.50
1267.78	-01.59
1280.45	-01.68
1293.26	-01.78
1306.19	-01.87
1319.25	-01.96
1332.45	-02.05
1345.77	-02.15
1359.23	-02.23
1372.82	-02.31
1386.55	-02.39
1400.41	-02.46
1414.42	-02.52
1428.56	-02.58
1442.85	-02.64
1457.28	-02.70
1471.85	-02.75
1486.57	-02.80
1501.43	-02.85
1516.45	-02.94
1531.61	-03.03
1546.93	-03.11
1562.40	-03.19
1578.02	-03.26
1593.80	-03.34
1609.74	-03.40
1625.84	-03.46
1642.10	-03.52
1658.52	-03.57
1675.10	-03.63
1691.85	-03.68
1708.77	-03.74
1725.86	-03.82
1743.12	-03.89
1760.55	-03.96
1778.15	-04.02
1795.94	-04.08
1813.90	-04.09
1832.03	-04.06
1850.36	-04.04
1868.86	-04.01
1887.55	-03.98
1906.42	-03.94
1925.49	-03.90
1944.74	-03.88
1964.19	-03.83
1983.83	-03.80
2003.67	-03.78
2023.71	-03.81
2043.94	-03.84
2064.38	-03.88
2085.03	-03.92
2105.88	-03.96
2126.94	-03.98
2148.20	-03.96
2169.69	-03.95
2191.38	-03.92
2213.30	-03.91
2235.43	-03.91
2257.78	-04.00
2280.36	-04.13
2303.17	-04.27
2326.20	-04.42
2349.46	-04.57
2372.95	-04.66
2396.68	-04.70
2420.65	-04.75
2444.86	-04.81
2469.31	-04.90
2494.00	-04.98
2518.94	-05.10
2544.13	-05.24
2569.57	-05.40
2595.27	-05.60
2621.22	-05.84
2647.43	-06.13
2673.90	-06.44
2700.64	-06.80
2727.65	-07.22
2754.93	-07.69
2782.48	-08.23
2810.30	-08.88
2838.40	-09.67
2866.79	-10.52
2895.46	-11.42
2924.41	-12.32
2953.65	-13.23
2983.19	-14.08
3013.02	-14.84
3043.15	-15.48
3073.58	-15.90
3104.32	-16.11
3135.36	-16.13
3166.72	-16.00
3198.38	-15.78
3230.37	-15.53
3262.67	-15.28
3295.30	-15.04
3328.25	-14.82
3361.53	-14.62
3395.15	-14.43
3429.10	-14.27
3463.39	-14.13
3498.03	-14.00
3533.01	-13.90
3568.34	-13.84
3604.02	-13.84
3640.06	-13.83
3676.46	-13.81
3713.22	-13.76
3750.36	-13.69
3787.86	-13.85
3825.74	-13.98
3864.00	-14.08
3902.64	-14.16
3941.66	-14.21
3981.08	-14.22
4020.89	-14.13
4061.10	-13.92
4101.71	-13.66
4142.73	-13.35
4184.15	-12.98
4226.00	-12.56
4268.26	-11.88
4310.94	-10.92
4354.05	-10.10
4397.59	-09.45
4441.56	-09.00
4485.98	-08.71
4530.84	-08.52
4576.15	-08.40
4621.91	-08.38
4668.13	-08.44
4714.81	-08.59
4761.96	-08.77
4809.58	-08.79
4857.67	-08.89
4906.25	-09.00
4955.31	-08.97
5004.87	-08.72
5054.91	-08.15
5105.46	-07.48
5156.52	-06.80
5208.08	-06.12
5260.16	-05.49
5312.77	-04.95
5365.89	-04.59
5419.55	-04.29
5473.75	-04.09
5528.49	-03.96
5583.77	-03.91
5639.61	-04.16
5696.00	-04.54
5752.96	-04.91
5810.49	-05.26
5868.60	-05.54
5927.28	-05.76
5986.56	-05.91
6046.42	-06.09
6106.89	-06.24
6167.96	-06.33
6229.64	-06.34
6291.93	-06.27
6354.85	-06.07
6418.40	-05.73
6482.58	-05.25
6547.41	-04.59
6612.88	-03.75
6679.01	-02.73
6745.80	-01.74
6813.26	-00.81
6881.39	00.00
6950.21	00.67
7019.71	01.13
7089.91	01.44
7160.81	01.55
7232.41	01.55
7304.74	01.48
7377.79	01.30
7451.56	01.01
7526.08	00.69
7601.34	00.45
7677.35	00.07
7754.13	-00.34
7831.67	-00.69
7909.98	-00.90
7989.08	-00.91
8068.98	-00.82
8149.67	-00.58
8231.16	-00.24
8313.47	00.14
8396.61	00.50
8480.57	00.78
8565.38	01.10
8651.03	01.35
8737.54	01.51
8824.92	01.58
8913.17	01.54
9002.30	01.38
9092.32	01.01
9183.25	00.46
9275.08	-00.27
9367.83	-01.20
9461.51	-02.31
9556.12	-03.56
9651.68	-04.88
9748.20	-06.15
9845.68	-07.28
9944.14	-08.14
10043.58	-08.58
10144.02	-08.55
10245.46	-08.27
10347.91	-07.84
10451.39	-07.31
10555.91	-06.74
10661.46	-06.36
10768.08	-06.16
10875.76	-06.00
10984.52	-05.92
11094.36	-05.94
11205.31	-06.06
11317.36	-06.36
11430.53	-06.76
11544.84	-07.25
11660.29	-07.77
11776.89	-08.32
11894.66	-08.63
12013.60	-08.85
12133.74	-08.96
12255.08	-08.82
12377.63	-08.41
12501.41	-07.77
12626.42	-07.14
12752.68	-06.45
12880.21	-05.76
13009.01	-05.12
13139.10	-04.57
13270.49	-04.34
13403.20	-04.40
13537.23	-04.58
13672.60	-04.87
13809.33	-05.28
13947.42	-05.78
14086.90	-06.31
14227.77	-06.91
14370.04	-07.65
14513.74	-08.53
14658.88	-09.48
14805.47	-10.20
14953.52	-10.42
15103.06	-10.03
15254.09	-09.31
15406.63	-08.50
15560.70	-07.68
15716.30	-06.84
15873.47	-05.97
16032.20	-05.05
16192.52	-04.17
16354.45	-03.38
16517.99	-02.75
16683.17	-02.31
16850.01	-02.04
17018.51	-01.84
17188.69	-01.30
17360.58	-00.85
17534.18	-00.49
17709.53	-00.25
17886.62	-00.16
18065.49	-00.43
18246.14	-01.17
18428.60	-02.13
18612.89	-03.20
18799.02	-04.26
18987.01	-05.22
19176.88	-06.01
19368.65	-06.57
19562.33	-06.90
19757.96	-07.04
19955.54	-07.11
20000.00	-07.13
