20.00 00.60
20.20 00.65
20.40 00.70
20.61 00.74
20.81 00.78
21.02 00.82
21.23 00.86
21.44 00.90
21.66 00.95
21.87 01.00
22.09 01.04
22.31 01.09
22.54 01.12
22.76 01.14
22.99 01.16
23.22 01.18
23.45 01.20
23.69 01.22
23.92 01.24
24.16 01.27
24.40 01.29
24.65 01.31
24.89 01.32
25.14 01.35
25.39 01.38
25.65 01.42
25.91 01.45
26.16 01.48
26.43 01.51
26.69 01.54
26.96 01.58
27.23 01.60
27.50 01.63
27.77 01.65
28.05 01.68
28.33 01.68
28.62 01.69
28.90 01.70
29.19 01.70
29.48 01.72
29.78 01.72
30.08 01.71
30.38 01.70
30.68 01.70
30.99 01.68
31.30 01.66
31.61 01.67
31.93 01.67
32.24 01.68
32.57 01.69
32.89 01.69
33.22 01.70
33.55 01.71
33.89 01.73
34.23 01.76
34.57 01.78
34.92 01.80
35.27 01.82
35.62 01.84
35.97 01.85
36.33 01.87
36.70 01.88
37.06 01.90
37.43 01.91
37.81 01.90
38.19 01.90
38.57 01.89
38.95 01.87
39.34 01.85
39.74 01.84
40.14 01.81
40.54 01.78
40.94 01.74
41.35 01.69
41.76 01.65
42.18 01.59
42.60 01.55
43.03 01.52
43.46 01.50
43.90 01.46
44.33 01.43
44.78 01.39
45.23 01.33
45.68 01.27
46.13 01.20
46.60 01.12
47.06 01.04
47.53 00.97
48.01 00.90
48.49 00.84
48.97 00.78
49.46 00.72
49.96 00.65
50.46 00.59
50.96 00.54
51.47 00.48
51.99 00.42
52.51 00.38
53.03 00.34
53.56 00.30
54.10 00.27
54.64 00.23
55.18 00.21
55.74 00.19
56.29 00.19
56.86 00.18
57.42 00.17
58.00 00.18
58.58 00.19
59.16 00.20
59.76 00.20
60.35 00.21
60.96 00.23
61.57 00.25
62.18 00.27
62.80 00.29
63.43 00.30
64.07 00.29
64.71 00.29
65.35 00.29
66.01 00.29
66.67 00.29
67.33 00.30
68.01 00.32
68.69 00.34
69.37 00.37
70.07 00.39
70.77 00.41
71.48 00.44
72.19 00.46
72.91 00.48
73.64 00.51
74.38 00.54
75.12 00.56
75.87 00.61
76.63 00.65
77.40 00.70
78.17 00.74
78.95 00.78
79.74 00.82
80.54 00.87
81.35 00.91
82.16 00.94
82.98 00.96
83.81 01.00
84.65 01.03
85.50 01.06
86.35 01.10
87.22 01.14
88.09 01.18
88.97 01.22
89.86 01.25
90.76 01.25
91.66 01.23
92.58 01.22
93.51 01.20
94.44 01.19
95.39 01.18
96.34 01.19
97.30 01.18
98.28 01.17
99.26 01.17
100.25 01.16
101.25 01.14
102.27 01.14
103.29 01.12
104.32 01.10
105.37 01.08
106.42 01.05
107.48 01.02
108.56 00.99
109.64 00.95
110.74 00.92
111.85 00.88
112.97 00.83
114.10 00.79
115.24 00.74
116.39 00.68
117.55 00.64
118.73 00.57
119.92 00.51
121.12 00.43
122.33 00.36
123.55 00.29
124.79 00.21
126.03 00.14
127.29 00.09
128.57 00.03
129.85 -00.03
131.15 -00.08
132.46 -00.14
133.79 -00.20
135.12 -00.25
136.48 -00.31
137.84 -00.37
139.22 -00.42
140.61 -00.48
142.02 -00.53
143.44 -00.58
144.87 -00.63
146.32 -00.69
147.78 -00.73
149.26 -00.78
150.75 -00.84
152.26 -00.90
153.78 -00.96
155.32 -01.02
156.88 -01.09
158.44 -01.14
160.03 -01.20
161.63 -01.22
163.24 -01.24
164.88 -01.26
166.53 -01.28
168.19 -01.30
169.87 -01.31
171.57 -01.33
173.29 -01.34
175.02 -01.36
176.77 -01.37
178.54 -01.36
180.32 -01.36
182.13 -01.37
183.95 -01.37
185.79 -01.36
187.65 -01.35
189.52 -01.34
191.42 -01.31
193.33 -01.28
195.27 -01.24
197.22 -01.20
199.19 -01.17
201.18 -01.12
203.19 -01.06
205.23 -01.00
207.28 -00.95
209.35 -00.89
211.44 -00.84
213.56 -00.80
215.69 -00.76
217.85 -00.73
220.03 -00.69
222.23 -00.66
224.45 -00.62
226.70 -00.59
228.96 -00.56
231.25 -00.53
233.57 -00.51
235.90 -00.48
238.26 -00.45
240.64 -00.43
243.05 -00.40
245.48 -00.38
247.93 -00.36
250.41 -00.34
252.92 -00.29
255.45 -00.25
258.00 -00.22
260.58 -00.18
263.19 -00.14
265.82 -00.11
268.48 -00.09
271.16 -00.07
273.87 -00.05
276.61 -00.03
279.38 -00.01
282.17 00.02
284.99 00.04
287.84 00.06
290.72 00.09
293.63 00.11
296.57 00.14
299.53 00.16
302.53 00.19
305.55 00.22
308.61 00.24
311.69 00.27
314.81 00.30
317.96 00.33
321.14 00.36
324.35 00.38
327.59 00.41
330.87 00.44
334.18 00.48
337.52 00.51
340.90 00.53
344.30 00.56
347.75 00.59
351.23 00.63
354.74 00.66
358.28 00.67
361.87 00.68
365.49 00.68
369.14 00.69
372.83 00.70
376.56 00.70
380.33 00.72
384.13 00.74
387.97 00.75
391.85 00.75
395.77 00.76
399.73 00.76
403.72 00.75
407.76 00.73
411.84 00.73
415.96 00.71
420.12 00.69
424.32 00.68
428.56 00.66
432.85 00.64
437.18 00.62
441.55 00.60
445.96 00.59
450.42 00.57
454.93 00.58
459.48 00.59
464.07 00.60
468.71 00.61
473.40 00.63
478.13 00.65
482.91 00.66
487.74 00.68
492.62 00.70
497.55 00.72
502.52 00.75
507.55 00.78
512.62 00.81
517.75 00.84
522.93 00.87
528.16 00.89
533.44 00.91
538.77 00.91
544.16 00.90
549.60 00.89
555.10 00.87
560.65 00.84
566.25 00.81
571.92 00.76
577.64 00.72
583.41 00.66
589.25 00.61
595.14 00.55
601.09 00.48
607.10 00.40
613.17 00.32
619.30 00.25
625.50 00.18
631.75 00.12
638.07 00.09
644.45 00.06
650.89 00.05
657.40 00.06
663.98 00.07
670.62 00.11
677.32 00.13
684.10 00.18
690.94 00.24
697.85 00.31
704.83 00.38
711.87 00.47
718.99 00.58
726.18 00.69
733.44 00.80
740.78 00.91
748.19 01.01
755.67 01.09
763.23 01.16
770.86 01.23
778.57 01.27
786.35 01.31
794.22 01.33
802.16 01.35
810.18 01.36
818.28 01.36
826.46 01.35
834.73 01.33
843.08 01.30
851.51 01.26
860.02 01.20
868.62 01.14
877.31 01.08
886.08 01.01
894.94 00.93
903.89 00.87
912.93 00.81
922.06 00.74
931.28 00.68
940.59 00.61
950.00 00.53
959.50 00.46
969.09 00.38
978.78 00.30
988.57 00.22
998.46 00.14
1008.44 00.06
1018.53 -00.02
1028.71 -00.10
1039.00 -00.17
1049.39 -00.24
1059.88 -00.30
1070.48 -00.36
1081.19 -00.42
1092.00 -00.47
1102.92 -00.52
1113.95 -00.56
1125.09 -00.61
1136.34 -00.65
1147.70 -00.70
1159.18 -00.75
1170.77 -00.80
1182.48 -00.85
1194.30 -00.92
1206.25 -00.98
1218.31 -01.06
1230.49 -01.14
1242.80 -01.23
1255.22 -01.33
1267.78 -01.43
1280.45 -01.53
1293.26 -01.63
1306.19 -01.73
1319.25 -01.83
1332.45 -01.92
1345.77 -02.02
1359.23 -02.10
1372.82 -02.18
1386.55 -02.26
1400.41 -02.33
1414.42 -02.40
1428.56 -02.46
1442.85 -02.53
1457.28 -02.59
1471.85 -02.65
1486.57 -02.70
1501.43 -02.76
1516.45 -02.84
1531.61 -02.90
1546.93 -02.97
1562.40 -03.03
1578.02 -03.09
1593.80 -03.14
1609.74 -03.19
1625.84 -03.22
1642.10 -03.26
1658.52 -03.29
1675.10 -03.32
1691.85 -03.35
1708.77 -03.38
1725.86 -03.42
1743.12 -03.44
1760.55 -03.47
1778.15 -03.49
1795.94 -03.50
1813.90 -03.50
1832.03 -03.49
1850.36 -03.48
1868.86 -03.46
1887.55 -03.44
1906.42 -03.41
1925.49 -03.39
1944.74 -03.38
1964.19 -03.35
1983.83 -03.33
2003.67 -03.32
2023.71 -03.38
2043.94 -03.42
2064.38 -03.48
2085.03 -03.54
2105.88 -03.60
2126.94 -03.64
2148.20 -03.64
2169.69 -03.65
2191.38 -03.66
2213.30 -03.67
2235.43 -03.70
2257.78 -03.77
2280.36 -03.86
2303.17 -03.96
2326.20 -04.08
2349.46 -04.20
2372.95 -04.26
2396.68 -04.26
2420.65 -04.29
2444.86 -04.32
2469.31 -04.38
2494.00 -04.44
2518.94 -04.56
2544.13 -04.71
2569.57 -04.89
2595.27 -05.10
2621.22 -05.35
2647.43 -05.64
2673.90 -05.96
2700.64 -06.33
2727.65 -06.76
2754.93 -07.25
2782.48 -07.80
2810.30 -08.45
2838.40 -09.23
2866.79 -10.07
2895.46 -10.95
2924.41 -11.85
2953.65 -12.75
2983.19 -13.58
3013.02 -14.34
3043.15 -14.96
3073.58 -15.36
3104.32 -15.57
3135.36 -15.57
3166.72 -15.44
3198.38 -15.24
3230.37 -15.01
3262.67 -14.77
3295.30 -14.56
3328.25 -14.35
3361.53 -14.17
3395.15 -13.98
3429.10 -13.82
3463.39 -13.68
3498.03 -13.55
3533.01 -13.45
3568.34 -13.37
3604.02 -13.32
3640.06 -13.26
3676.46 -13.20
3713.22 -13.10
3750.36 -12.98
3787.86 -12.75
3825.74 -12.48
3864.00 -12.18
3902.64 -11.84
3941.66 -11.47
3981.08 -11.07
4020.89 -10.75
4061.10 -10.48
4101.71 -10.16
4142.73 -09.79
4184.15 -09.37
4226.00 -08.89
4268.26 -08.36
4310.94 -07.83
4354.05 -07.45
4397.59 -07.25
4441.56 -07.24
4485.98 -07.41
4530.84 -07.54
4576.15 -07.71
4621.91 -07.96
4668.13 -08.30
4714.81 -08.74
4761.96 -09.16
4809.58 -09.28
4857.67 -09.48
4906.25 -09.69
4955.31 -09.76
5004.87 -09.60
5054.91 -08.92
5105.46 -08.15
5156.52 -07.36
5208.08 -06.57
5260.16 -05.84
5312.77 -05.20
5365.89 -04.79
5419.55 -04.46
5473.75 -04.20
5528.49 -04.03
5583.77 -03.94
5639.61 -04.19
5696.00 -04.59
5752.96 -04.99
5810.49 -05.36
5868.60 -05.67
5927.28 -05.92
5986.56 -06.10
6046.42 -06.26
6106.89 -06.39
6167.96 -06.44
6229.64 -06.43
6291.93 -06.33
6354.85 -06.14
6418.40 -05.81
6482.58 -05.35
6547.41 -04.71
6612.88 -03.88
6679.01 -02.88
6745.80 -01.87
6813.26 -00.90
6881.39 -00.05
6950.21 00.65
7019.71 01.15
7089.91 01.49
7160.81 01.65
7232.41 01.71
7304.74 01.69
7377.79 01.56
7451.56 01.33
7526.08 01.02
7601.34 00.71
7677.35 00.27
7754.13 -00.20
7831.67 -00.62
7909.98 -00.89
7989.08 -00.97
8068.98 -00.95
8149.67 -00.77
8231.16 -00.49
8313.47 -00.18
8396.61 00.11
8480.57 00.33
8565.38 00.62
8651.03 00.86
8737.54 01.01
8824.92 01.06
8913.17 01.01
9002.30 00.85
9092.32 00.54
9183.25 00.07
9275.08 -00.59
9367.83 -01.45
9461.51 -02.49
9556.12 -03.65
9651.68 -04.88
9748.20 -06.06
9845.68 -07.08
9944.14 -07.85
10043.58 -08.23
10144.02 -08.20
10245.46 -07.92
10347.91 -07.48
10451.39 -06.95
10555.91 -06.38
10661.46 -05.97
10768.08 -05.70
10875.76 -05.48
10984.52 -05.34
11094.36 -05.30
11205.31 -05.35
11317.36 -05.52
11430.53 -05.79
11544.84 -06.14
11660.29 -06.53
11776.89 -06.94
11894.66 -07.38
12013.60 -07.81
12133.74 -08.12
12255.08 -08.19
12377.63 -07.98
12501.41 -07.55
12626.42 -07.05
12752.68 -06.49
12880.21 -05.93
13009.01 -05.42
13139.10 -05.01
13270.49 -04.76
13403.20 -04.68
13537.23 -04.70
13672.60 -04.85
13809.33 -05.11
13947.42 -05.46
14086.90 -05.90
14227.77 -06.44
14370.04 -07.13
14513.74 -07.95
14658.88 -08.85
14805.47 -09.52
14953.52 -09.68
15103.06 -09.38
15254.09 -08.81
15406.63 -08.15
15560.70 -07.48
15716.30 -06.81
15873.47 -06.09
16032.20 -05.31
16192.52 -04.51
16354.45 -03.80
16517.99 -03.25
16683.17 -02.88
16850.01 -02.69
17018.51 -02.58
17188.69 -02.21
17360.58 -01.93
17534.18 -01.75
17709.53 -01.69
17886.62 -01.78
18065.49 -02.10
18246.14 -02.66
18428.60 -03.43
18612.89 -04.31
18799.02 -05.18
18987.01 -05.95
19176.88 -06.57
19368.65 -06.97
19562.33 -07.12
19757.96 -07.09
19955.54 -06.99
20000.00 -06.97
