20.00 -16.14
20.20 -16.02
20.40 -15.91
20.61 -15.78
20.81 -15.66
21.02 -15.64
21.23 -15.51
21.44 -15.39
21.66 -15.26
21.87 -15.14
22.09 -15.11
22.31 -14.98
22.54 -14.84
22.76 -14.71
22.99 -14.68
23.22 -14.54
23.45 -14.41
23.69 -14.27
23.92 -14.13
24.16 -14.09
24.40 -13.95
24.65 -13.81
24.89 -13.67
25.14 -13.53
25.39 -13.38
25.65 -13.33
25.91 -13.18
26.16 -13.04
26.43 -12.89
26.69 -12.74
26.96 -12.58
27.23 -12.43
27.50 -12.28
27.77 -12.23
28.05 -12.07
28.33 -11.91
28.62 -11.75
28.90 -11.69
29.19 -11.53
29.48 -11.37
29.78 -11.20
30.08 -11.13
30.38 -10.97
30.68 -10.80
30.99 -10.74
31.30 -10.57
31.61 -10.41
31.93 -10.25
32.24 -10.20
32.57 -10.04
32.89 -09.89
33.22 -09.74
33.55 -09.59
33.89 -09.44
34.23 -09.30
34.57 -09.16
34.92 -09.01
35.27 -08.87
35.62 -08.73
35.97 -08.59
36.33 -08.45
36.70 -08.31
37.06 -08.08
37.43 -07.94
37.81 -07.80
38.19 -07.66
38.57 -07.53
38.95 -07.39
39.34 -07.16
39.74 -07.13
40.14 -06.99
40.54 -06.86
40.94 -06.74
41.35 -06.71
41.76 -06.58
42.18 -06.45
42.60 -06.23
43.03 -06.20
43.46 -06.07
43.90 -05.95
44.33 -05.83
44.78 -05.70
45.23 -05.48
45.68 -05.36
46.13 -05.24
46.60 -05.13
47.06 -05.01
47.53 -04.90
48.01 -04.89
48.49 -04.78
48.97 -04.67
49.46 -04.57
49.96 -04.46
50.46 -04.36
50.96 -04.27
51.47 -04.08
51.99 -03.99
52.51 -03.91
53.03 -03.84
53.56 -03.77
54.10 -03.70
54.64 -03.65
55.18 -03.59
55.74 -03.54
56.29 -03.50
56.86 -03.45
57.42 -03.42
58.00 -03.38
58.58 -03.24
59.16 -03.20
59.76 -03.07
60.35 -03.03
60.96 -03.00
61.57 -02.97
62.18 -02.94
62.80 -02.80
63.43 -02.77
64.07 -02.84
64.71 -02.82
65.35 -02.79
66.01 -02.76
66.67 -02.73
67.33 -02.70
68.01 -02.68
68.69 -02.55
69.37 -02.52
70.07 -02.49
70.77 -02.47
71.48 -02.44
72.19 -02.41
72.91 -02.38
73.64 -02.35
74.38 -02.32
75.12 -02.29
75.87 -02.25
76.63 -02.22
77.40 -02.19
78.17 -02.15
78.95 -02.11
79.74 -01.98
80.54 -01.94
81.35 -01.90
82.16 -01.87
82.98 -01.84
83.81 -01.81
84.65 -01.80
85.50 -01.68
86.35 -01.68
87.22 -01.68
88.09 -01.58
88.97 -01.59
89.86 -01.61
90.76 -01.64
91.66 -01.67
92.58 -01.70
93.51 -01.82
94.44 -01.85
95.39 -01.88
96.34 -01.91
97.30 -01.93
98.28 -01.95
99.26 -01.97
100.25 -01.99
101.25 -02.01
102.27 -01.93
103.29 -01.95
104.32 -01.97
105.37 -01.99
106.42 -02.01
107.48 -02.03
108.56 -02.06
109.64 -02.08
110.74 -02.11
111.85 -02.13
112.97 -02.16
114.10 -02.18
115.24 -02.21
116.39 -02.24
117.55 -02.26
118.73 -02.28
119.92 -02.31
121.12 -02.33
122.33 -02.35
123.55 -02.47
124.79 -02.49
126.03 -02.51
127.29 -02.53
128.57 -02.56
129.85 -02.58
131.15 -02.60
132.46 -02.62
133.79 -02.65
135.12 -02.57
136.48 -02.59
137.84 -02.62
139.22 -02.64
140.61 -02.66
142.02 -02.68
143.44 -02.71
144.87 -02.73
146.32 -02.75
147.78 -02.77
149.26 -02.79
150.75 -02.81
152.26 -02.83
153.78 -02.85
155.32 -02.97
156.88 -02.99
158.44 -03.01
160.03 -03.03
161.63 -03.04
163.24 -03.06
164.88 -02.97
166.53 -02.98
168.19 -02.99
169.87 -03.00
171.57 -03.01
173.29 -03.01
175.02 -03.02
176.77 -03.02
178.54 -02.92
180.32 -02.92
182.13 -03.03
183.95 -03.03
185.79 -03.03
187.65 -03.02
189.52 -03.12
191.42 -03.12
193.33 -03.11
195.27 -03.11
197.22 -03.10
199.19 -03.10
201.18 -03.09
203.19 -03.08
205.23 -03.07
207.28 -03.06
209.35 -03.05
211.44 -03.04
213.56 -03.03
215.69 -03.01
217.85 -03.00
220.03 -02.99
222.23 -02.98
224.45 -02.97
226.70 -02.95
228.96 -02.94
231.25 -02.93
233.57 -02.92
235.90 -02.91
238.26 -02.89
240.64 -02.88
243.05 -02.87
245.48 -02.86
247.93 -02.85
250.41 -02.84
252.92 -02.74
255.45 -02.73
258.00 -02.72
260.58 -02.71
263.19 -02.71
265.82 -02.60
268.48 -02.60
271.16 -02.59
273.87 -02.59
276.61 -02.58
279.38 -02.58
282.17 -02.58
284.99 -02.57
287.84 -02.57
290.72 -02.57
293.63 -02.57
296.57 -02.57
299.53 -02.57
302.53 -02.57
305.55 -02.57
308.61 -02.58
311.69 -02.58
314.81 -02.49
317.96 -02.50
321.14 -02.51
324.35 -02.52
327.59 -02.53
330.87 -02.54
334.18 -02.54
337.52 -02.55
340.90 -02.56
344.30 -02.56
347.75 -02.56
351.23 -02.56
354.74 -02.45
358.28 -02.54
361.87 -02.53
365.49 -02.52
369.14 -02.50
372.83 -02.48
376.56 -02.47
380.33 -02.45
384.13 -02.42
387.97 -02.40
391.85 -02.38
395.77 -02.36
399.73 -02.23
403.72 -02.31
407.76 -02.28
411.84 -02.25
415.96 -02.23
420.12 -02.20
424.32 -02.17
428.56 -02.14
432.85 -02.11
437.18 -02.08
441.55 -02.15
445.96 -02.11
450.42 -02.08
454.93 -02.05
459.48 -02.02
464.07 -01.98
468.71 -01.94
473.40 -01.89
478.13 -01.84
482.91 -01.79
487.74 -01.74
492.62 -01.68
497.55 -01.63
502.52 -01.58
507.55 -01.53
512.62 -01.49
517.75 -01.35
522.93 -01.31
528.16 -01.28
533.44 -01.25
538.77 -01.23
544.16 -01.22
549.60 -01.21
555.10 -01.19
560.65 -01.19
566.25 -01.18
571.92 -01.18
577.64 -01.18
583.41 -01.18
589.25 -01.19
595.14 -01.19
601.09 -01.19
607.10 -01.19
613.17 -01.19
619.30 -01.30
625.50 -01.29
631.75 -01.29
638.07 -01.30
644.45 -01.31
650.89 -01.33
657.40 -01.36
663.98 -01.41
670.62 -01.46
677.32 -01.51
684.10 -01.55
690.94 -01.58
697.85 -01.71
704.83 -01.73
711.87 -01.75
718.99 -01.77
726.18 -01.78
733.44 -01.77
740.78 -01.75
748.19 -01.72
755.67 -01.70
763.23 -01.68
770.86 -01.67
778.57 -01.76
786.35 -01.75
794.22 -01.72
802.16 -01.68
810.18 -01.62
818.28 -01.55
826.46 -01.48
834.73 -01.40
843.08 -01.32
851.51 -01.23
860.02 -01.14
868.62 -01.04
877.31 -01.05
886.08 -00.95
894.94 -00.86
903.89 -00.76
912.93 -00.67
922.06 -00.58
931.28 -00.48
940.59 -00.38
950.00 -00.28
959.50 -00.17
969.09 -00.06
978.78 00.05
988.57 00.16
998.46 00.28
1008.44 00.39
1018.53 00.50
1028.71 00.61
1039.00 00.72
1049.39 00.83
1059.88 00.94
1070.48 01.05
1081.19 01.15
1092.00 01.25
1102.92 01.35
1113.95 01.45
1125.09 01.55
1136.34 01.65
1147.70 01.76
1159.18 01.86
1170.77 01.97
1182.48 02.07
1194.30 02.17
1206.25 02.27
1218.31 02.38
1230.49 02.48
1242.80 02.58
1255.22 02.68
1267.78 02.77
1280.45 02.85
1293.26 02.92
1306.19 02.98
1319.25 03.04
1332.45 03.08
1345.77 03.11
1359.23 03.12
1372.82 03.11
1386.55 03.08
1400.41 03.05
1414.42 03.00
1428.56 02.94
1442.85 02.88
1457.28 02.81
1471.85 02.74
1486.57 02.66
1501.43 02.58
1516.45 02.50
1531.61 02.42
1546.93 02.23
1562.40 02.12
1578.02 02.01
1593.80 01.87
1609.74 01.73
1625.84 01.58
1642.10 01.42
1658.52 01.27
1675.10 01.12
1691.85 00.97
1708.77 00.83
1725.86 00.70
1743.12 00.59
1760.55 00.38
1778.15 00.27
1795.94 00.16
1813.90 00.04
1832.03 -00.11
1850.36 -00.37
1868.86 -00.56
1887.55 -00.77
1906.42 -00.98
1925.49 -01.30
1944.74 -01.61
1964.19 -01.81
1983.83 -02.10
2003.67 -02.27
2023.71 -02.62
2043.94 -02.86
2064.38 -03.18
2085.03 -03.37
2105.88 -03.66
2126.94 -03.83
2148.20 -04.00
2169.69 -04.06
2191.38 -04.21
2213.30 -04.25
2235.43 -04.38
2257.78 -04.50
2280.36 -04.62
2303.17 -04.74
2326.20 -04.86
2349.46 -04.99
2372.95 -05.01
2396.68 -05.04
2420.65 -05.09
2444.86 -05.06
2469.31 -05.17
2494.00 -05.29
2518.94 -05.52
2544.13 -05.65
2569.57 -05.88
2595.27 -05.98
2621.22 -06.05
2647.43 -06.17
2673.90 -06.15
2700.64 -06.05
2727.65 -05.86
2754.93 -05.66
2782.48 -05.25
2810.30 -04.86
2838.40 -04.32
2866.79 -03.97
2895.46 -03.62
2924.41 -03.29
2953.65 -02.98
2983.19 -02.60
3013.02 -02.37
3043.15 -02.30
3073.58 -02.18
3104.32 -02.12
3135.36 -02.11
3166.72 -02.22
3198.38 -02.36
3230.37 -02.43
3262.67 -02.52
3295.30 -02.75
3328.25 -02.91
3361.53 -03.08
3395.15 -03.16
3429.10 -03.42
3463.39 -03.47
3498.03 -03.61
3533.01 -03.73
3568.34 -03.83
3604.02 -03.99
3640.06 -03.99
3676.46 -04.00
3713.22 -03.84
3750.36 -03.69
3787.86 -03.28
3825.74 -02.91
3864.00 -02.81
3902.64 -02.60
3941.66 -02.40
3981.08 -02.31
4020.89 -02.25
4061.10 -02.23
4101.71 -02.23
4142.73 -02.25
4184.15 -02.28
4226.00 -02.42
4268.26 -02.39
4310.94 -02.48
4354.05 -02.49
4397.59 -02.52
4441.56 -02.57
4485.98 -02.74
4530.84 -02.72
4576.15 -02.63
4621.91 -02.55
4668.13 -02.50
4714.81 -02.49
4761.96 -02.31
4809.58 -01.47
4857.67 -00.80
4906.25 -00.08
4955.31 00.29
5004.87 00.80
5054.91 01.25
5105.46 01.65
5156.52 02.18
5208.08 02.63
5260.16 03.11
5312.77 03.41
5365.89 03.45
5419.55 03.33
5473.75 03.17
5528.49 02.98
5583.77 02.96
5639.61 02.61
5696.00 01.87
5752.96 01.15
5810.49 00.82
5868.60 00.54
5927.28 00.39
5986.56 00.47
6046.42 00.52
6106.89 00.53
6167.96 00.65
6229.64 00.77
6291.93 00.88
6354.85 00.83
6418.40 00.83
6482.58 00.75
6547.41 00.59
6612.88 00.36
6679.01 -00.04
6745.80 -00.68
6813.26 -01.05
6881.39 -01.63
6950.21 -02.20
7019.71 -02.73
7089.91 -03.21
7160.81 -03.70
7232.41 -03.99
7304.74 -04.30
7377.79 -04.44
7451.56 -04.62
7526.08 -04.64
7601.34 -04.42
7677.35 -04.26
7754.13 -04.07
7831.67 -03.87
7909.98 -03.57
7989.08 -03.37
8068.98 -03.18
8149.67 -02.90
8231.16 -02.63
8313.47 -02.49
8396.61 -02.49
8480.57 -02.54
8565.38 -02.83
8651.03 -02.77
8737.54 -02.88
8824.92 -02.94
8913.17 -03.17
9002.30 -03.38
9092.32 -03.77
9183.25 -04.35
9275.08 -05.00
9367.83 -05.71
9461.51 -06.32
9556.12 -06.72
9651.68 -06.97
9748.20 -06.99
9845.68 -06.98
9944.14 -07.15
10043.58 -07.22
10144.02 -07.39
10245.46 -07.49
10347.91 -07.72
10451.39 -07.88
10555.91 -08.15
10661.46 -08.53
10768.08 -08.99
10875.76 -09.41
10984.52 -09.83
11094.36 -09.98
11205.31 -09.88
11317.36 -09.49
11430.53 -08.81
11544.84 -08.03
11660.29 -07.06
11776.89 -06.14
11894.66 -05.38
12013.60 -04.58
12133.74 -03.80
12255.08 -03.05
12377.63 -02.43
12501.41 -01.77
12626.42 -01.28
12752.68 -00.87
12880.21 -00.53
13009.01 -00.24
13139.10 00.10
13270.49 00.21
13403.20 00.37
13537.23 00.37
13672.60 00.38
13809.33 00.20
13947.42 -00.08
14086.90 -00.34
14227.77 -00.76
14370.04 -01.24
14513.74 -01.88
14658.88 -02.48
14805.47 -03.13
14953.52 -03.99
15103.06 -04.57
15254.09 -05.01
15406.63 -05.44
15560.70 -05.46
15716.30 -05.22
15873.47 -04.96
16032.20 -04.61
16192.52 -04.20
16354.45 -03.78
16517.99 -03.31
16683.17 -03.03
16850.01 -02.85
17018.51 -02.68
17188.69 -02.23
17360.58 -02.08
17534.18 -01.93
17709.53 -02.01
17886.62 -02.12
18065.49 -02.24
18246.14 -02.56
18428.60 -03.01
18612.89 -03.50
18799.02 -04.30
18987.01 -05.20
19176.88 -06.28
19368.65 -07.29
19562.33 -08.10
19757.96 -08.72
19955.54 -09.27
20000.00 -09.38
