20.00 -02.06
20.20 -01.99
20.40 -01.92
20.61 -01.85
20.81 -01.79
21.02 -01.73
21.23 -01.67
21.44 -01.61
21.66 -01.54
21.87 -01.49
22.09 -01.42
22.31 -01.37
22.54 -01.31
22.76 -01.27
22.99 -01.22
23.22 -01.18
23.45 -01.14
23.69 -01.10
23.92 -01.04
24.16 -00.99
24.40 -00.93
24.65 -00.86
24.89 -00.82
25.14 -00.76
25.39 -00.69
25.65 -00.63
25.91 -00.56
26.16 -00.51
26.43 -00.45
26.69 -00.39
26.96 -00.34
27.23 -00.29
27.50 -00.24
27.77 -00.20
28.05 -00.15
28.33 -00.08
28.62 -00.01
28.90 00.04
29.19 00.11
29.48 00.17
29.78 00.23
30.08 00.28
30.38 00.29
30.68 00.31
30.99 00.33
31.30 00.34
31.61 00.36
31.93 00.39
32.24 00.41
32.57 00.44
32.89 00.47
33.22 00.51
33.55 00.53
33.89 00.59
34.23 00.65
34.57 00.72
34.92 00.77
35.27 00.83
35.62 00.88
35.97 00.93
36.33 00.99
36.70 01.03
37.06 01.08
37.43 01.13
37.81 01.18
38.19 01.22
38.57 01.27
38.95 01.30
39.34 01.35
39.74 01.38
40.14 01.41
40.54 01.41
40.94 01.40
41.35 01.39
41.76 01.39
42.18 01.37
42.60 01.35
43.03 01.36
43.46 01.36
43.90 01.37
44.33 01.37
44.78 01.36
45.23 01.37
45.68 01.38
46.13 01.38
46.60 01.39
47.06 01.40
47.53 01.40
48.01 01.47
48.49 01.52
48.97 01.58
49.46 01.64
49.96 01.70
50.46 01.77
50.96 01.83
51.47 01.89
51.99 01.97
52.51 02.03
53.03 02.10
53.56 02.12
54.10 02.16
54.64 02.18
55.18 02.21
55.74 02.24
56.29 02.28
56.86 02.31
57.42 02.36
58.00 02.39
58.58 02.44
59.16 02.49
59.76 02.52
60.35 02.57
60.96 02.62
61.57 02.66
62.18 02.71
62.80 02.76
63.43 02.78
64.07 02.78
64.71 02.77
65.35 02.77
66.01 02.77
66.67 02.77
67.33 02.80
68.01 02.82
68.69 02.85
69.37 02.89
70.07 02.93
70.77 02.96
71.48 03.00
72.19 03.04
72.91 03.06
73.64 03.09
74.38 03.11
75.12 03.14
75.87 03.19
76.63 03.24
77.40 03.28
78.17 03.32
78.95 03.36
79.74 03.41
80.54 03.44
81.35 03.47
82.16 03.50
82.98 03.53
83.81 03.56
84.65 03.59
85.50 03.63
86.35 03.68
87.22 03.74
88.09 03.79
88.97 03.84
89.86 03.89
90.76 03.92
91.66 03.93
92.58 03.94
93.51 03.95
94.44 03.96
95.39 03.98
96.34 04.01
97.30 04.04
98.28 04.06
99.26 04.09
100.25 04.10
101.25 04.13
102.27 04.15
103.29 04.16
104.32 04.19
105.37 04.21
106.42 04.23
107.48 04.25
108.56 04.26
109.64 04.28
110.74 04.29
111.85 04.32
112.97 04.33
114.10 04.35
115.24 04.38
116.39 04.39
117.55 04.42
118.73 04.42
119.92 04.42
121.12 04.41
122.33 04.41
123.55 04.41
124.79 04.40
126.03 04.42
127.29 04.42
128.57 04.44
129.85 04.45
131.15 04.47
132.46 04.47
133.79 04.48
135.12 04.49
136.48 04.49
137.84 04.50
139.22 04.51
140.61 04.51
142.02 04.52
143.44 04.52
144.87 04.51
146.32 04.52
147.78 04.51
149.26 04.52
150.75 04.50
152.26 04.48
153.78 04.46
155.32 04.45
156.88 04.43
158.44 04.41
160.03 04.39
161.63 04.40
163.24 04.40
164.88 04.41
166.53 04.42
168.19 04.41
169.87 04.42
171.57 04.41
173.29 04.39
175.02 04.38
176.77 04.37
178.54 04.35
180.32 04.34
182.13 04.32
183.95 04.30
185.79 04.28
187.65 04.25
189.52 04.24
191.42 04.23
193.33 04.21
195.27 04.19
197.22 04.19
199.19 04.17
201.18 04.16
203.19 04.17
205.23 04.16
207.28 04.16
209.35 04.15
211.44 04.16
213.56 04.14
215.69 04.12
217.85 04.11
220.03 04.09
222.23 04.07
224.45 04.05
226.70 04.02
228.96 04.00
231.25 03.99
233.57 03.96
235.90 03.94
238.26 03.91
240.64 03.89
243.05 03.87
245.48 03.84
247.93 03.82
250.41 03.79
252.92 03.78
255.45 03.77
258.00 03.76
260.58 03.75
263.19 03.73
265.82 03.72
268.48 03.69
271.16 03.67
273.87 03.64
276.61 03.62
279.38 03.59
282.17 03.56
284.99 03.54
287.84 03.52
290.72 03.50
293.63 03.47
296.57 03.45
299.53 03.42
302.53 03.39
305.55 03.37
308.61 03.35
311.69 03.33
314.81 03.30
317.96 03.27
321.14 03.24
324.35 03.21
327.59 03.19
330.87 03.16
334.18 03.13
337.52 03.10
340.90 03.08
344.30 03.05
347.75 03.03
351.23 03.01
354.74 02.99
358.28 02.95
361.87 02.90
365.49 02.85
369.14 02.82
372.83 02.77
376.56 02.73
380.33 02.71
384.13 02.69
387.97 02.66
391.85 02.64
395.77 02.62
399.73 02.60
403.72 02.56
407.76 02.52
411.84 02.49
415.96 02.45
420.12 02.41
424.32 02.38
428.56 02.33
432.85 02.29
437.18 02.24
441.55 02.20
445.96 02.15
450.42 02.11
454.93 02.07
459.48 02.04
464.07 02.01
468.71 01.98
473.40 01.95
478.13 01.92
482.91 01.89
487.74 01.87
492.62 01.85
497.55 01.81
502.52 01.80
507.55 01.79
512.62 01.79
517.75 01.78
522.93 01.78
528.16 01.77
533.44 01.75
538.77 01.72
544.16 01.70
549.60 01.67
555.10 01.64
560.65 01.62
566.25 01.59
571.92 01.57
577.64 01.54
583.41 01.52
589.25 01.49
595.14 01.46
601.09 01.43
607.10 01.38
613.17 01.33
619.30 01.27
625.50 01.22
631.75 01.18
638.07 01.14
644.45 01.10
650.89 01.06
657.40 01.03
663.98 00.99
670.62 00.95
677.32 00.90
684.10 00.87
690.94 00.82
697.85 00.78
704.83 00.74
711.87 00.71
718.99 00.69
726.18 00.66
733.44 00.64
740.78 00.62
748.19 00.60
755.67 00.58
763.23 00.58
770.86 00.56
778.57 00.56
786.35 00.54
794.22 00.54
802.16 00.53
810.18 00.52
818.28 00.52
826.46 00.52
834.73 00.52
843.08 00.51
851.51 00.51
860.02 00.46
868.62 00.42
877.31 00.38
886.08 00.34
894.94 00.28
903.89 00.24
912.93 00.20
922.06 00.16
931.28 00.12
940.59 00.08
950.00 00.03
959.50 -00.01
969.09 -00.04
978.78 -00.08
988.57 -00.11
998.46 -00.15
1008.44 -00.19
1018.53 -00.21
1028.71 -00.25
1039.00 -00.27
1049.39 -00.31
1059.88 -00.34
1070.48 -00.40
1081.19 -00.45
1092.00 -00.52
1102.92 -00.59
1113.95 -00.66
1125.09 -00.73
1136.34 -00.80
1147.70 -00.90
1159.18 -00.99
1170.77 -01.09
1182.48 -01.19
1194.30 -01.28
1206.25 -01.35
1218.31 -01.45
1230.49 -01.53
1242.80 -01.63
1255.22 -01.73
1267.78 -01.82
1280.45 -01.91
1293.26 -02.00
1306.19 -02.08
1319.25 -02.17
1332.45 -02.26
1345.77 -02.36
1359.23 -02.45
1372.82 -02.53
1386.55 -02.61
1400.41 -02.69
1414.42 -02.75
1428.56 -02.81
1442.85 -02.85
1457.28 -02.91
1471.85 -02.96
1486.57 -03.03
1501.43 -03.08
1516.45 -03.18
1531.61 -03.28
1546.93 -03.37
1562.40 -03.46
1578.02 -03.54
1593.80 -03.64
1609.74 -03.71
1625.84 -03.80
1642.10 -03.87
1658.52 -03.93
1675.10 -04.01
1691.85 -04.08
1708.77 -04.18
1725.86 -04.30
1743.12 -04.43
1760.55 -04.57
1778.15 -04.71
1795.94 -04.85
1813.90 -04.94
1832.03 -04.98
1850.36 -05.02
1868.86 -05.05
1887.55 -05.06
1906.42 -05.06
1925.49 -05.05
1944.74 -05.05
1964.19 -05.03
1983.83 -05.01
2003.67 -05.01
2023.71 -05.07
2043.94 -05.13
2064.38 -05.19
2085.03 -05.24
2105.88 -05.28
2126.94 -05.30
2148.20 -05.28
2169.69 -05.26
2191.38 -05.23
2213.30 -05.20
2235.43 -05.17
2257.78 -05.25
2280.36 -05.36
2303.17 -05.50
2326.20 -05.66
2349.46 -05.83
2372.95 -05.95
2396.68 -06.00
2420.65 -06.05
2444.86 -06.09
2469.31 -06.15
2494.00 -06.21
2518.94 -06.28
2544.13 -06.34
2569.57 -06.38
2595.27 -06.42
2621.22 -06.44
2647.43 -06.47
2673.90 -06.49
2700.64 -06.50
2727.65 -06.51
2754.93 -06.51
2782.48 -06.50
2810.30 -06.53
2838.40 -06.63
2866.79 -06.73
2895.46 -06.83
2924.41 -06.91
2953.65 -06.99
2983.19 -07.07
3013.02 -07.16
3043.15 -07.29
3073.58 -07.39
3104.32 -07.48
3135.36 -07.56
3166.72 -07.62
3198.38 -07.64
3230.37 -07.66
3262.67 -07.70
3295.30 -07.72
3328.25 -07.74
3361.53 -07.74
3395.15 -07.72
3429.10 -07.70
3463.39 -07.67
3498.03 -07.64
3533.01 -07.60
3568.34 -07.58
3604.02 -07.60
3640.06 -07.60
3676.46 -07.57
3713.22 -07.49
3750.36 -07.33
3787.86 -07.08
3825.74 -06.75
3864.00 -06.37
3902.64 -05.94
3941.66 -05.47
3981.08 -04.99
4020.89 -04.59
4061.10 -04.29
4101.71 -04.00
4142.73 -03.75
4184.15 -03.55
4226.00 -03.40
4268.26 -03.18
4310.94 -02.86
4354.05 -02.58
4397.59 -02.36
4441.56 -02.20
4485.98 -02.10
4530.84 -01.79
4576.15 -01.39
4621.91 -01.04
4668.13 -00.74
4714.81 -00.46
4761.96 -00.12
4809.58 00.50
4857.67 01.11
4906.25 01.71
4955.31 02.30
5004.87 02.90
5054.91 03.62
5105.46 04.33
5156.52 05.00
5208.08 05.63
5260.16 06.22
5312.77 06.73
5365.89 07.07
5419.55 07.37
5473.75 07.59
5528.49 07.77
5583.77 07.89
5639.61 07.70
5696.00 07.39
5752.96 07.04
5810.49 06.68
5868.60 06.32
5927.28 05.97
5986.56 05.61
6046.42 05.14
6106.89 04.65
6167.96 04.13
6229.64 03.62
6291.93 03.11
6354.85 02.67
6418.40 02.28
6482.58 01.95
6547.41 01.72
6612.88 01.56
6679.01 01.51
6745.80 01.39
6813.26 01.28
6881.39 01.25
6950.21 01.31
7019.71 01.45
7089.91 01.68
7160.81 01.94
7232.41 02.28
7304.74 02.75
7377.79 03.32
7451.56 04.01
7526.08 04.88
7601.34 05.97
7677.35 06.95
7754.13 07.77
7831.67 08.40
7909.98 08.86
7989.08 09.16
8068.98 09.25
8149.67 09.21
8231.16 09.06
8313.47 08.80
8396.61 08.38
8480.57 07.70
8565.38 06.91
8651.03 05.88
8737.54 04.69
8824.92 03.49
8913.17 02.42
9002.30 01.52
9092.32 00.73
9183.25 00.06
9275.08 -00.48
9367.83 -00.95
9461.51 -01.36
9556.12 -01.74
9651.68 -02.10
9748.20 -02.42
9845.68 -02.72
9944.14 -02.94
10043.58 -02.97
10144.02 -02.71
10245.46 -02.29
10347.91 -01.73
10451.39 -01.04
10555.91 -00.29
10661.46 00.31
10768.08 00.77
10875.76 01.22
10984.52 01.66
11094.36 02.05
11205.31 02.41
11317.36 02.61
11430.53 02.74
11544.84 02.78
11660.29 02.76
11776.89 02.66
11894.66 02.76
12013.60 02.91
12133.74 03.02
12255.08 03.12
12377.63 03.22
12501.41 03.31
12626.42 03.29
12752.68 03.30
12880.21 03.36
13009.01 03.45
13139.10 03.60
13270.49 03.56
13403.20 03.37
13537.23 03.15
13672.60 02.91
13809.33 02.62
13947.42 02.29
14086.90 01.97
14227.77 01.61
14370.04 01.18
14513.74 00.67
14658.88 00.11
14805.47 -00.47
14953.52 -01.06
15103.06 -01.56
15254.09 -02.02
15406.63 -02.52
15560.70 -03.03
15716.30 -03.50
15873.47 -03.85
16032.20 -03.99
16192.52 -03.92
16354.45 -03.68
16517.99 -03.35
16683.17 -03.00
16850.01 -02.65
17018.51 -02.22
17188.69 -01.32
17360.58 -00.41
17534.18 00.48
17709.53 01.29
17886.62 02.02
18065.49 02.49
18246.14 02.62
18428.60 02.67
18612.89 02.65
18799.02 02.58
18987.01 02.42
19176.88 02.19
19368.65 01.85
19562.33 01.37
19757.96 00.76
19955.54 -00.03
20000.00 -00.23
