20.00 -00.37
20.20 -00.35
20.40 -00.32
20.61 -00.29
20.81 -00.27
21.02 -00.24
21.23 -00.22
21.44 -00.18
21.66 -00.14
21.87 -00.10
22.09 -00.06
22.31 -00.02
22.54 00.00
22.76 00.02
22.99 00.03
23.22 00.05
23.45 00.06
23.69 00.08
23.92 00.09
24.16 00.11
24.40 00.13
24.65 00.15
24.89 00.15
25.14 00.18
25.39 00.21
25.65 00.24
25.91 00.27
26.16 00.30
26.43 00.32
26.69 00.35
26.96 00.38
27.23 00.40
27.50 00.42
27.77 00.44
28.05 00.47
28.33 00.47
28.62 00.48
28.90 00.49
29.19 00.50
29.48 00.52
29.78 00.52
30.08 00.53
30.38 00.52
30.68 00.53
30.99 00.52
31.30 00.52
31.61 00.53
31.93 00.54
32.24 00.56
32.57 00.57
32.89 00.57
33.22 00.59
33.55 00.60
33.89 00.62
34.23 00.65
34.57 00.67
34.92 00.69
35.27 00.73
35.62 00.75
35.97 00.78
36.33 00.82
36.70 00.85
37.06 00.89
37.43 00.92
37.81 00.94
38.19 00.96
38.57 00.98
38.95 00.99
39.34 01.00
39.74 01.02
40.14 01.02
40.54 01.01
40.94 01.00
41.35 00.99
41.76 00.98
42.18 00.96
42.60 00.95
43.03 00.97
43.46 00.98
43.90 00.99
44.33 01.01
44.78 01.02
45.23 01.02
45.68 01.02
46.13 01.01
46.60 01.00
47.06 01.00
47.53 01.00
48.01 01.01
48.49 01.03
48.97 01.05
49.46 01.07
49.96 01.09
50.46 01.10
50.96 01.12
51.47 01.13
51.99 01.14
52.51 01.15
53.03 01.16
53.56 01.16
54.10 01.17
54.64 01.17
55.18 01.17
55.74 01.18
56.29 01.20
56.86 01.23
57.42 01.24
58.00 01.26
58.58 01.30
59.16 01.32
59.76 01.35
60.35 01.37
60.96 01.41
61.57 01.42
62.18 01.45
62.80 01.47
63.43 01.47
64.07 01.45
64.71 01.44
65.35 01.43
66.01 01.41
66.67 01.41
67.33 01.40
68.01 01.40
68.69 01.41
69.37 01.41
70.07 01.41
70.77 01.40
71.48 01.40
72.19 01.40
72.91 01.41
73.64 01.42
74.38 01.43
75.12 01.45
75.87 01.49
76.63 01.52
77.40 01.56
78.17 01.59
78.95 01.62
79.74 01.63
80.54 01.65
81.35 01.66
82.16 01.66
82.98 01.67
83.81 01.68
84.65 01.68
85.50 01.69
86.35 01.70
87.22 01.71
88.09 01.71
88.97 01.73
89.86 01.73
90.76 01.71
91.66 01.68
92.58 01.67
93.51 01.65
94.44 01.66
95.39 01.66
96.34 01.68
97.30 01.68
98.28 01.66
99.26 01.65
100.25 01.63
101.25 01.61
102.27 01.62
103.29 01.63
104.32 01.63
105.37 01.64
106.42 01.63
107.48 01.62
108.56 01.61
109.64 01.61
110.74 01.62
111.85 01.62
112.97 01.62
114.10 01.62
115.24 01.61
116.39 01.60
117.55 01.59
118.73 01.57
119.92 01.54
121.12 01.51
122.33 01.49
123.55 01.47
124.79 01.44
126.03 01.42
127.29 01.42
128.57 01.41
129.85 01.39
131.15 01.39
132.46 01.38
133.79 01.36
135.12 01.36
136.48 01.34
137.84 01.32
139.22 01.32
140.61 01.30
142.02 01.29
143.44 01.29
144.87 01.28
146.32 01.27
147.78 01.26
149.26 01.24
150.75 01.21
152.26 01.19
153.78 01.16
155.32 01.14
156.88 01.10
158.44 01.08
160.03 01.06
161.63 01.06
163.24 01.06
164.88 01.06
166.53 01.06
168.19 01.06
169.87 01.06
171.57 01.04
173.29 01.03
175.02 01.00
176.77 00.98
178.54 00.96
180.32 00.94
182.13 00.90
183.95 00.86
185.79 00.82
187.65 00.78
189.52 00.73
191.42 00.69
193.33 00.65
195.27 00.62
197.22 00.59
199.19 00.57
201.18 00.56
203.19 00.56
205.23 00.55
207.28 00.54
209.35 00.53
211.44 00.52
213.56 00.50
215.69 00.49
217.85 00.47
220.03 00.46
222.23 00.44
224.45 00.41
226.70 00.37
228.96 00.35
231.25 00.32
233.57 00.29
235.90 00.28
238.26 00.27
240.64 00.26
243.05 00.24
245.48 00.22
247.93 00.20
250.41 00.17
252.92 00.16
255.45 00.16
258.00 00.15
260.58 00.15
263.19 00.16
265.82 00.16
268.48 00.14
271.16 00.12
273.87 00.10
276.61 00.08
279.38 00.06
282.17 00.05
284.99 00.03
287.84 00.03
290.72 00.02
293.63 00.01
296.57 00.00
299.53 -00.01
302.53 -00.03
305.55 -00.04
308.61 -00.06
311.69 -00.06
314.81 -00.07
317.96 -00.07
321.14 -00.07
324.35 -00.08
327.59 -00.09
330.87 -00.10
334.18 -00.10
337.52 -00.12
340.90 -00.14
344.30 -00.15
347.75 -00.16
351.23 -00.17
354.74 -00.17
358.28 -00.20
361.87 -00.22
365.49 -00.24
369.14 -00.26
372.83 -00.27
376.56 -00.30
380.33 -00.31
384.13 -00.32
387.97 -00.33
391.85 -00.35
395.77 -00.35
399.73 -00.36
403.72 -00.38
407.76 -00.40
411.84 -00.42
415.96 -00.44
420.12 -00.46
424.32 -00.48
428.56 -00.50
432.85 -00.53
437.18 -00.57
441.55 -00.60
445.96 -00.61
450.42 -00.64
454.93 -00.63
459.48 -00.63
464.07 -00.63
468.71 -00.64
473.40 -00.64
478.13 -00.66
482.91 -00.67
487.74 -00.68
492.62 -00.69
497.55 -00.70
502.52 -00.70
507.55 -00.68
512.62 -00.68
517.75 -00.67
522.93 -00.65
528.16 -00.64
533.44 -00.63
538.77 -00.63
544.16 -00.63
549.60 -00.64
555.10 -00.64
560.65 -00.65
566.25 -00.65
571.92 -00.65
577.64 -00.66
583.41 -00.66
589.25 -00.67
595.14 -00.68
601.09 -00.68
607.10 -00.69
613.17 -00.71
619.30 -00.72
625.50 -00.72
631.75 -00.73
638.07 -00.73
644.45 -00.73
650.89 -00.72
657.40 -00.72
663.98 -00.72
670.62 -00.72
677.32 -00.73
684.10 -00.75
690.94 -00.75
697.85 -00.75
704.83 -00.75
711.87 -00.74
718.99 -00.71
726.18 -00.69
733.44 -00.65
740.78 -00.62
748.19 -00.60
755.67 -00.58
763.23 -00.58
770.86 -00.56
778.57 -00.56
786.35 -00.54
794.22 -00.54
802.16 -00.52
810.18 -00.50
818.28 -00.48
826.46 -00.46
834.73 -00.44
843.08 -00.41
851.51 -00.39
860.02 -00.38
868.62 -00.38
877.31 -00.37
886.08 -00.36
894.94 -00.35
903.89 -00.33
912.93 -00.29
922.06 -00.25
931.28 -00.21
940.59 -00.17
950.00 -00.14
959.50 -00.11
969.09 -00.07
978.78 -00.04
988.57 -00.02
998.46 00.02
1008.44 00.05
1018.53 00.08
1028.71 00.11
1039.00 00.14
1049.39 00.18
1059.88 00.22
1070.48 00.26
1081.19 00.31
1092.00 00.36
1102.92 00.41
1113.95 00.46
1125.09 00.51
1136.34 00.57
1147.70 00.63
1159.18 00.68
1170.77 00.74
1182.48 00.79
1194.30 00.85
1206.25 00.89
1218.31 00.95
1230.49 01.00
1242.80 01.07
1255.22 01.14
1267.78 01.21
1280.45 01.29
1293.26 01.36
1306.19 01.44
1319.25 01.51
1332.45 01.57
1345.77 01.60
1359.23 01.62
1372.82 01.63
1386.55 01.62
1400.41 01.61
1414.42 01.58
1428.56 01.55
1442.85 01.51
1457.28 01.47
1471.85 01.40
1486.57 01.33
1501.43 01.26
1516.45 01.17
1531.61 01.08
1546.93 00.97
1562.40 00.88
1578.02 00.79
1593.80 00.70
1609.74 00.62
1625.84 00.55
1642.10 00.49
1658.52 00.43
1675.10 00.37
1691.85 00.30
1708.77 00.22
1725.86 00.09
1743.12 -00.04
1760.55 -00.19
1778.15 -00.33
1795.94 -00.44
1813.90 -00.52
1832.03 -00.58
1850.36 -00.63
1868.86 -00.70
1887.55 -00.78
1906.42 -00.86
1925.49 -00.97
1944.74 -01.09
1964.19 -01.20
1983.83 -01.30
2003.67 -01.40
2023.71 -01.56
2043.94 -01.68
2064.38 -01.79
2085.03 -01.88
2105.88 -01.96
2126.94 -02.01
2148.20 -02.04
2169.69 -02.10
2191.38 -02.16
2213.30 -02.23
2235.43 -02.31
2257.78 -02.42
2280.36 -02.50
2303.17 -02.55
2326.20 -02.61
2349.46 -02.68
2372.95 -02.68
2396.68 -02.66
2420.65 -02.68
2444.86 -02.68
2469.31 -02.66
2494.00 -02.60
2518.94 -02.49
2544.13 -02.36
2569.57 -02.20
2595.27 -02.04
2621.22 -01.91
2647.43 -01.81
2673.90 -01.71
2700.64 -01.61
2727.65 -01.50
2754.93 -01.37
2782.48 -01.23
2810.30 -01.12
2838.40 -01.11
2866.79 -01.12
2895.46 -01.14
2924.41 -01.17
2953.65 -01.18
2983.19 -01.14
3013.02 -01.12
3043.15 -01.08
3073.58 -01.05
3104.32 -01.08
3135.36 -01.12
3166.72 -01.22
3198.38 -01.33
3230.37 -01.42
3262.67 -01.47
3295.30 -01.50
3328.25 -01.48
3361.53 -01.45
3395.15 -01.41
3429.10 -01.40
3463.39 -01.41
3498.03 -01.43
3533.01 -01.47
3568.34 -01.54
3604.02 -01.66
3640.06 -01.81
3676.46 -02.00
3713.22 -02.25
3750.36 -02.58
3787.86 -02.91
3825.74 -03.33
3864.00 -03.83
3902.64 -04.36
3941.66 -04.84
3981.08 -05.24
4020.89 -05.62
4061.10 -05.89
4101.71 -05.96
4142.73 -05.94
4184.15 -05.84
4226.00 -05.69
4268.26 -05.46
4310.94 -05.18
4354.05 -04.90
4397.59 -04.62
4441.56 -04.31
4485.98 -03.97
4530.84 -03.44
4576.15 -02.86
4621.91 -02.35
4668.13 -01.97
4714.81 -01.82
4761.96 -01.80
4809.58 -01.60
4857.67 -01.64
4906.25 -01.93
4955.31 -02.48
5004.87 -03.16
5054.91 -03.61
5105.46 -04.11
5156.52 -04.62
5208.08 -05.10
5260.16 -05.57
5312.77 -06.05
5365.89 -06.65
5419.55 -07.20
5473.75 -07.61
5528.49 -07.86
5583.77 -07.89
5639.61 -07.98
5696.00 -08.00
5752.96 -07.91
5810.49 -07.84
5868.60 -07.83
5927.28 -07.89
5986.56 -08.05
6046.42 -08.38
6106.89 -08.81
6167.96 -09.29
6229.64 -09.78
6291.93 -10.23
6354.85 -10.51
6418.40 -10.58
6482.58 -10.44
6547.41 -10.07
6612.88 -09.49
6679.01 -08.76
6745.80 -08.11
6813.26 -07.51
6881.39 -06.94
6950.21 -06.45
7019.71 -06.06
7089.91 -05.75
7160.81 -05.57
7232.41 -05.45
7304.74 -05.38
7377.79 -05.35
7451.56 -05.31
7526.08 -05.23
7601.34 -05.03
7677.35 -04.83
7754.13 -04.63
7831.67 -04.46
7909.98 -04.28
7989.08 -04.12
8068.98 -04.04
8149.67 -03.92
8231.16 -03.70
8313.47 -03.34
8396.61 -02.82
8480.57 -02.13
8565.38 -01.21
8651.03 -00.26
8737.54 00.60
8824.92 01.31
8913.17 01.78
9002.30 01.99
9092.32 01.96
9183.25 01.70
9275.08 01.23
9367.83 00.52
9461.51 -00.28
9556.12 -01.07
9651.68 -01.79
9748.20 -02.34
9845.68 -02.63
9944.14 -02.72
10043.58 -02.57
10144.02 -02.24
10245.46 -01.84
10347.91 -01.47
10451.39 -01.17
10555.91 -00.94
10661.46 -00.97
10768.08 -01.16
10875.76 -01.33
10984.52 -01.36
11094.36 -01.16
11205.31 -00.69
11317.36 -00.02
11430.53 00.75
11544.84 01.47
11660.29 02.12
11776.89 02.68
11894.66 03.12
12013.60 03.44
12133.74 03.73
12255.08 04.03
12377.63 04.38
12501.41 04.80
12626.42 05.23
12752.68 05.70
12880.21 06.17
13009.01 06.62
13139.10 07.00
13270.49 07.15
13403.20 07.07
13537.23 06.77
13672.60 06.19
13809.33 05.26
13947.42 03.91
14086.90 02.23
14227.77 00.38
14370.04 -01.44
14513.74 -02.56
14658.88 -02.26
14805.47 -00.97
14953.52 00.84
15103.06 02.60
15254.09 03.97
15406.63 04.96
15560.70 05.65
15716.30 06.06
15873.47 06.24
16032.20 06.20
16192.52 06.08
16354.45 05.88
16517.99 05.60
16683.17 05.23
16850.01 04.73
17018.51 04.17
17188.69 03.94
17360.58 03.70
17534.18 03.50
17709.53 03.43
17886.62 03.34
18065.49 03.06
18246.14 02.51
18428.60 01.66
18612.89 00.26
18799.02 -01.84
18987.01 -04.44
19176.88 -07.09
19368.65 -09.09
19562.33 -09.77
19757.96 -09.65
19955.54 -08.98
20000.00 -08.76
