20.00	04.01
20.20	04.00
20.40	03.98
20.61	03.97
20.81	03.96
21.02	03.94
21.23	03.92
21.44	03.92
21.66	03.92
21.87	03.92
22.09	03.91
22.31	03.91
22.54	03.89
22.76	03.87
22.99	03.84
23.22	03.83
23.45	03.80
23.69	03.78
23.92	03.76
24.16	03.74
24.40	03.72
24.65	03.70
24.89	03.67
25.14	03.66
25.39	03.66
25.65	03.66
25.91	03.65
26.16	03.65
26.43	03.64
26.69	03.64
26.96	03.64
27.23	03.63
27.50	03.63
27.77	03.61
28.05	03.61
28.33	03.59
28.62	03.57
28.90	03.56
29.19	03.54
29.48	03.53
29.78	03.51
30.08	03.48
30.38	03.45
30.68	03.43
30.99	03.40
31.30	03.36
31.61	03.35
31.93	03.34
32.24	03.34
32.57	03.34
32.89	03.32
33.22	03.32
33.55	03.32
33.89	03.32
34.23	03.34
34.57	03.35
34.92	03.35
35.27	03.37
35.62	03.38
35.97	03.38
36.33	03.40
36.70	03.40
37.06	03.42
37.43	03.42
37.81	03.42
38.19	03.42
38.57	03.41
38.95	03.40
39.34	03.39
39.74	03.39
40.14	03.38
40.54	03.35
40.94	03.33
41.35	03.31
41.76	03.29
42.18	03.26
42.60	03.25
43.03	03.26
43.46	03.28
43.90	03.29
44.33	03.30
44.78	03.32
45.23	03.33
45.68	03.32
46.13	03.32
46.60	03.32
47.06	03.32
47.53	03.31
48.01	03.33
48.49	03.35
48.97	03.37
49.46	03.39
49.96	03.41
50.46	03.44
50.96	03.46
51.47	03.48
51.99	03.49
52.51	03.52
53.03	03.54
53.56	03.56
54.10	03.59
54.64	03.60
55.18	03.63
55.74	03.66
56.29	03.69
56.86	03.73
57.42	03.76
58.00	03.80
58.58	03.85
59.16	03.89
59.76	03.93
60.35	03.97
60.96	04.02
61.57	04.06
62.18	04.11
62.80	04.14
63.43	04.17
64.07	04.16
64.71	04.17
65.35	04.16
66.01	04.15
66.67	04.15
67.33	04.14
68.01	04.14
68.69	04.14
69.37	04.14
70.07	04.14
70.77	04.14
71.48	04.14
72.19	04.13
72.91	04.13
73.64	04.13
74.38	04.12
75.12	04.12
75.87	04.14
76.63	04.14
77.40	04.16
78.17	04.16
78.95	04.18
79.74	04.18
80.54	04.19
81.35	04.19
82.16	04.19
82.98	04.18
83.81	04.19
84.65	04.19
85.50	04.20
86.35	04.22
87.22	04.24
88.09	04.26
88.97	04.29
89.86	04.32
90.76	04.31
91.66	04.30
92.58	04.29
93.51	04.28
94.44	04.27
95.39	04.27
96.34	04.28
97.30	04.29
98.28	04.29
99.26	04.30
100.25	04.31
101.25	04.31
102.27	04.33
103.29	04.33
104.32	04.34
105.37	04.35
106.42	04.36
107.48	04.37
108.56	04.38
109.64	04.39
110.74	04.41
111.85	04.42
112.97	04.43
114.10	04.45
115.24	04.46
116.39	04.47
117.55	04.49
118.73	04.49
119.92	04.49
121.12	04.48
122.33	04.48
123.55	04.48
124.79	04.47
126.03	04.48
127.29	04.49
128.57	04.50
129.85	04.51
131.15	04.53
132.46	04.54
133.79	04.55
135.12	04.57
136.48	04.58
137.84	04.59
139.22	04.60
140.61	04.61
142.02	04.62
143.44	04.64
144.87	04.65
146.32	04.65
147.78	04.67
149.26	04.68
150.75	04.68
152.26	04.68
153.78	04.68
155.32	04.68
156.88	04.68
158.44	04.68
160.03	04.68
161.63	04.72
163.24	04.76
164.88	04.79
166.53	04.83
168.19	04.87
169.87	04.90
171.57	04.92
173.29	04.95
175.02	04.97
176.77	04.99
178.54	05.01
180.32	05.03
182.13	05.03
183.95	05.02
185.79	05.01
187.65	05.00
189.52	04.99
191.42	04.99
193.33	04.98
195.27	04.97
197.22	04.95
199.19	04.93
201.18	04.91
203.19	04.90
205.23	04.88
207.28	04.85
209.35	04.82
211.44	04.78
213.56	04.72
215.69	04.66
217.85	04.59
220.03	04.51
222.23	04.43
224.45	04.34
226.70	04.25
228.96	04.16
231.25	04.06
233.57	03.97
235.90	03.89
238.26	03.80
240.64	03.73
243.05	03.66
245.48	03.60
247.93	03.56
250.41	03.52
252.92	03.52
255.45	03.52
258.00	03.52
260.58	03.55
263.19	03.57
265.82	03.60
268.48	03.62
271.16	03.63
273.87	03.66
276.61	03.68
279.38	03.70
282.17	03.72
284.99	03.74
287.84	03.76
290.72	03.77
293.63	03.77
296.57	03.77
299.53	03.77
302.53	03.76
305.55	03.73
308.61	03.70
311.69	03.66
314.81	03.62
317.96	03.56
321.14	03.50
324.35	03.42
327.59	03.36
330.87	03.29
334.18	03.23
337.52	03.17
340.90	03.11
344.30	03.07
347.75	03.04
351.23	03.03
354.74	03.02
358.28	03.00
361.87	03.00
365.49	03.00
369.14	03.00
372.83	03.01
376.56	03.01
380.33	03.03
384.13	03.04
387.97	03.05
391.85	03.04
395.77	03.03
399.73	03.02
403.72	02.97
407.76	02.91
411.84	02.85
415.96	02.77
420.12	02.69
424.32	02.60
428.56	02.50
432.85	02.39
437.18	02.28
441.55	02.17
445.96	02.07
450.42	01.97
454.93	01.89
459.48	01.83
464.07	01.78
468.71	01.73
473.40	01.70
478.13	01.67
482.91	01.65
487.74	01.64
492.62	01.63
497.55	01.63
502.52	01.64
507.55	01.66
512.62	01.68
517.75	01.71
522.93	01.74
528.16	01.76
533.44	01.78
538.77	01.78
544.16	01.78
549.60	01.77
555.10	01.77
560.65	01.76
566.25	01.75
571.92	01.74
577.64	01.73
583.41	01.71
589.25	01.69
595.14	01.67
601.09	01.65
607.10	01.60
613.17	01.55
619.30	01.49
625.50	01.43
631.75	01.35
638.07	01.28
644.45	01.21
650.89	01.13
657.40	01.04
663.98	00.96
670.62	00.88
677.32	00.78
684.10	00.69
690.94	00.60
697.85	00.50
704.83	00.41
711.87	00.33
718.99	00.26
726.18	00.19
733.44	00.13
740.78	00.06
748.19	00.00
755.67	-00.07
763.23	-00.15
770.86	-00.22
778.57	-00.29
786.35	-00.34
794.22	-00.38
802.16	-00.41
810.18	-00.42
818.28	-00.42
826.46	-00.42
834.73	-00.41
843.08	-00.40
851.51	-00.38
860.02	-00.38
868.62	-00.37
877.31	-00.36
886.08	-00.36
894.94	-00.36
903.89	-00.36
912.93	-00.35
922.06	-00.35
931.28	-00.34
940.59	-00.34
950.00	-00.33
959.50	-00.32
969.09	-00.29
978.78	-00.26
988.57	-00.22
998.46	-00.18
1008.44	-00.15
1018.53	-00.14
1028.71	-00.14
1039.00	-00.17
1049.39	-00.23
1059.88	-00.31
1070.48	-00.41
1081.19	-00.54
1092.00	-00.68
1102.92	-00.84
1113.95	-01.00
1125.09	-01.15
1136.34	-01.27
1147.70	-01.36
1159.18	-01.41
1170.77	-01.41
1182.48	-01.39
1194.30	-01.34
1206.25	-01.28
1218.31	-01.21
1230.49	-01.14
1242.80	-01.07
1255.22	-01.02
1267.78	-00.98
1280.45	-00.97
1293.26	-00.97
1306.19	-00.99
1319.25	-01.03
1332.45	-01.07
1345.77	-01.12
1359.23	-01.16
1372.82	-01.21
1386.55	-01.27
1400.41	-01.34
1414.42	-01.41
1428.56	-01.49
1442.85	-01.58
1457.28	-01.66
1471.85	-01.75
1486.57	-01.84
1501.43	-01.93
1516.45	-02.05
1531.61	-02.17
1546.93	-02.29
1562.40	-02.39
1578.02	-02.49
1593.80	-02.55
1609.74	-02.60
1625.84	-02.63
1642.10	-02.65
1658.52	-02.67
1675.10	-02.70
1691.85	-02.73
1708.77	-02.78
1725.86	-02.83
1743.12	-02.88
1760.55	-02.95
1778.15	-03.02
1795.94	-03.09
1813.90	-03.15
1832.03	-03.21
1850.36	-03.27
1868.86	-03.31
1887.55	-03.34
1906.42	-03.35
1925.49	-03.36
1944.74	-03.36
1964.19	-03.36
1983.83	-03.34
2003.67	-03.33
2023.71	-03.39
2043.94	-03.43
2064.38	-03.48
2085.03	-03.53
2105.88	-03.56
2126.94	-03.57
2148.20	-03.54
2169.69	-03.51
2191.38	-03.49
2213.30	-03.46
2235.43	-03.44
2257.78	-03.46
2280.36	-03.50
2303.17	-03.53
2326.20	-03.58
2349.46	-03.63
2372.95	-03.62
2396.68	-03.58
2420.65	-03.56
2444.86	-03.55
2469.31	-03.57
2494.00	-03.59
2518.94	-03.65
2544.13	-03.73
2569.57	-03.82
2595.27	-03.91
2621.22	-04.01
2647.43	-04.10
2673.90	-04.18
2700.64	-04.23
2727.65	-04.26
2754.93	-04.29
2782.48	-04.28
2810.30	-04.31
2838.40	-04.40
2866.79	-04.48
2895.46	-04.55
2924.41	-04.61
2953.65	-04.66
2983.19	-04.68
3013.02	-04.71
3043.15	-04.76
3073.58	-04.79
3104.32	-04.82
3135.36	-04.84
3166.72	-04.87
3198.38	-04.89
3230.37	-04.90
3262.67	-04.89
3295.30	-04.87
3328.25	-04.83
3361.53	-04.79
3395.15	-04.72
3429.10	-04.65
3463.39	-04.58
3498.03	-04.49
3533.01	-04.41
3568.34	-04.34
3604.02	-04.30
3640.06	-04.26
3676.46	-04.21
3713.22	-04.15
3750.36	-04.07
3787.86	-03.90
3825.74	-03.70
3864.00	-03.48
3902.64	-03.24
3941.66	-02.98
3981.08	-02.71
4020.89	-02.52
4061.10	-02.43
4101.71	-02.34
4142.73	-02.29
4184.15	-02.29
4226.00	-02.32
4268.26	-02.38
4310.94	-02.44
4354.05	-02.59
4397.59	-02.82
4441.56	-03.13
4485.98	-03.54
4530.84	-03.87
4576.15	-04.22
4621.91	-04.65
4668.13	-05.16
4714.81	-05.76
4761.96	-06.28
4809.58	-06.45
4857.67	-06.67
4906.25	-06.91
4955.31	-07.17
5004.87	-07.38
5054.91	-07.24
5105.46	-07.06
5156.52	-06.85
5208.08	-06.60
5260.16	-06.32
5312.77	-06.06
5365.89	-05.96
5419.55	-05.85
5473.75	-05.71
5528.49	-05.57
5583.77	-05.42
5639.61	-05.52
5696.00	-05.72
5752.96	-05.89
5810.49	-06.03
5868.60	-06.14
5927.28	-06.21
5986.56	-06.25
6046.42	-06.30
6106.89	-06.33
6167.96	-06.31
6229.64	-06.26
6291.93	-06.17
6354.85	-06.06
6418.40	-05.91
6482.58	-05.74
6547.41	-05.53
6612.88	-05.27
6679.01	-04.94
6745.80	-04.66
6813.26	-04.37
6881.39	-04.00
6950.21	-03.55
7019.71	-03.03
7089.91	-02.46
7160.81	-01.91
7232.41	-01.36
7304.74	-00.85
7377.79	-00.40
7451.56	00.00
7526.08	00.36
7601.34	00.77
7677.35	01.11
7754.13	01.40
7831.67	01.62
7909.98	01.79
7989.08	01.90
8068.98	01.86
8149.67	01.75
8231.16	01.60
8313.47	01.42
8396.61	01.22
8480.57	01.00
8565.38	00.93
8651.03	00.87
8737.54	00.80
8824.92	00.67
8913.17	00.51
9002.30	00.31
9092.32	00.07
9183.25	-00.20
9275.08	-00.49
9367.83	-00.80
9461.51	-01.10
9556.12	-01.36
9651.68	-01.58
9748.20	-01.74
9845.68	-01.85
9944.14	-01.93
10043.58	-01.93
10144.02	-01.86
10245.46	-01.81
10347.91	-01.79
10451.39	-01.83
10555.91	-01.94
10661.46	-02.29
10768.08	-02.83
10875.76	-03.46
10984.52	-04.20
11094.36	-05.03
11205.31	-05.92
11317.36	-06.81
11430.53	-07.53
11544.84	-07.90
11660.29	-07.76
11776.89	-07.13
11894.66	-06.15
12013.60	-04.96
12133.74	-03.63
12255.08	-02.26
12377.63	-00.94
12501.41	00.25
12626.42	01.25
12752.68	02.13
12880.21	02.87
13009.01	03.49
13139.10	03.96
13270.49	04.26
13403.20	04.38
13537.23	04.38
13672.60	04.24
13809.33	03.98
13947.42	03.62
14086.90	03.22
14227.77	02.84
14370.04	02.56
14513.74	02.39
14658.88	02.32
14805.47	02.34
14953.52	02.43
15103.06	02.51
15254.09	02.60
15406.63	02.66
15560.70	02.68
15716.30	02.64
15873.47	02.59
16032.20	02.54
16192.52	02.50
16354.45	02.44
16517.99	02.35
16683.17	02.23
16850.01	02.08
17018.51	01.94
17188.69	02.17
17360.58	02.41
17534.18	02.60
17709.53	02.64
17886.62	02.43
18065.49	01.81
18246.14	00.69
18428.60	-00.85
18612.89	-02.65
18799.02	-04.34
18987.01	-05.43
19176.88	-05.80
19368.65	-05.69
19562.33	-05.47
19757.96	-05.29
19955.54	-05.20
20000.00	-05.18
