20.00 02.63
20.20 02.62
20.40 02.62
20.61 02.61
20.81 02.60
21.02 02.60
21.23 02.59
21.44 02.59
21.66 02.60
21.87 02.60
22.09 02.60
22.31 02.61
22.54 02.60
22.76 02.58
22.99 02.56
23.22 02.54
23.45 02.52
23.69 02.51
23.92 02.49
24.16 02.48
24.40 02.46
24.65 02.45
24.89 02.42
25.14 02.42
25.39 02.42
25.65 02.43
25.91 02.42
26.16 02.43
26.43 02.42
26.69 02.42
26.96 02.43
27.23 02.42
27.50 02.42
27.77 02.41
28.05 02.42
28.33 02.40
28.62 02.38
28.90 02.37
29.19 02.35
29.48 02.34
29.78 02.32
30.08 02.30
30.38 02.27
30.68 02.25
30.99 02.22
31.30 02.19
31.61 02.17
31.93 02.16
32.24 02.16
32.57 02.16
32.89 02.14
33.22 02.14
33.55 02.14
33.89 02.14
34.23 02.16
34.57 02.16
34.92 02.17
35.27 02.18
35.62 02.18
35.97 02.19
36.33 02.20
36.70 02.20
37.06 02.21
37.43 02.22
37.81 02.21
38.19 02.20
38.57 02.19
38.95 02.18
39.34 02.17
39.74 02.16
40.14 02.15
40.54 02.12
40.94 02.10
41.35 02.07
41.76 02.05
42.18 02.02
42.60 02.01
43.03 02.02
43.46 02.04
43.90 02.05
44.33 02.06
44.78 02.08
45.23 02.08
45.68 02.08
46.13 02.08
46.60 02.08
47.06 02.07
47.53 02.07
48.01 02.09
48.49 02.11
48.97 02.13
49.46 02.15
49.96 02.17
50.46 02.19
50.96 02.21
51.47 02.23
51.99 02.25
52.51 02.27
53.03 02.29
53.56 02.31
54.10 02.34
54.64 02.35
55.18 02.38
55.74 02.40
56.29 02.44
56.86 02.48
57.42 02.50
58.00 02.54
58.58 02.59
59.16 02.63
59.76 02.67
60.35 02.70
60.96 02.75
61.57 02.79
62.18 02.84
62.80 02.88
63.43 02.90
64.07 02.91
64.71 02.92
65.35 02.92
66.01 02.92
66.67 02.93
67.33 02.94
68.01 02.96
68.69 02.97
69.37 02.99
70.07 03.00
70.77 03.01
71.48 03.03
72.19 03.03
72.91 03.04
73.64 03.05
74.38 03.05
75.12 03.06
75.87 03.08
76.63 03.09
77.40 03.11
78.17 03.12
78.95 03.13
79.74 03.14
80.54 03.14
81.35 03.15
82.16 03.14
82.98 03.14
83.81 03.14
84.65 03.14
85.50 03.14
86.35 03.16
87.22 03.17
88.09 03.18
88.97 03.21
89.86 03.22
90.76 03.21
91.66 03.18
92.58 03.16
93.51 03.14
94.44 03.12
95.39 03.10
96.34 03.11
97.30 03.10
98.28 03.10
99.26 03.10
100.25 03.10
101.25 03.09
102.27 03.10
103.29 03.09
104.32 03.09
105.37 03.09
106.42 03.09
107.48 03.08
108.56 03.09
109.64 03.08
110.74 03.09
111.85 03.08
112.97 03.08
114.10 03.09
115.24 03.08
116.39 03.08
117.55 03.08
118.73 03.07
119.92 03.06
121.12 03.04
122.33 03.02
123.55 03.01
124.79 02.99
126.03 02.99
127.29 03.00
128.57 03.00
129.85 03.00
131.15 03.01
132.46 03.01
133.79 03.02
135.12 03.03
136.48 03.03
137.84 03.04
139.22 03.05
140.61 03.05
142.02 03.05
143.44 03.07
144.87 03.07
146.32 03.07
147.78 03.09
149.26 03.09
150.75 03.09
152.26 03.08
153.78 03.08
155.32 03.07
156.88 03.06
158.44 03.05
160.03 03.05
161.63 03.07
163.24 03.09
164.88 03.11
166.53 03.13
168.19 03.15
169.87 03.17
171.57 03.17
173.29 03.18
175.02 03.17
176.77 03.17
178.54 03.18
180.32 03.17
182.13 03.15
183.95 03.12
185.79 03.10
187.65 03.08
189.52 03.05
191.42 03.04
193.33 03.03
195.27 03.02
197.22 03.01
199.19 03.00
201.18 03.00
203.19 03.01
205.23 03.03
207.28 03.04
209.35 03.06
211.44 03.07
213.56 03.08
215.69 03.08
217.85 03.09
220.03 03.09
222.23 03.09
224.45 03.08
226.70 03.07
228.96 03.06
231.25 03.03
233.57 03.00
235.90 02.97
238.26 02.93
240.64 02.89
243.05 02.84
245.48 02.80
247.93 02.76
250.41 02.72
252.92 02.71
255.45 02.70
258.00 02.70
260.58 02.72
263.19 02.74
265.82 02.77
268.48 02.78
271.16 02.81
273.87 02.83
276.61 02.86
279.38 02.88
282.17 02.92
284.99 02.94
287.84 02.97
290.72 03.00
293.63 03.01
296.57 03.04
299.53 03.06
302.53 03.08
305.55 03.10
308.61 03.12
311.69 03.14
314.81 03.16
317.96 03.17
321.14 03.19
324.35 03.19
327.59 03.21
330.87 03.22
334.18 03.23
337.52 03.24
340.90 03.24
344.30 03.25
347.75 03.25
351.23 03.26
354.74 03.25
358.28 03.23
361.87 03.20
365.49 03.16
369.14 03.13
372.83 03.10
376.56 03.06
380.33 03.04
384.13 03.02
387.97 03.00
391.85 02.98
395.77 02.96
399.73 02.95
403.72 02.92
407.76 02.90
411.84 02.88
415.96 02.86
420.12 02.84
424.32 02.82
428.56 02.80
432.85 02.77
437.18 02.73
441.55 02.70
445.96 02.67
450.42 02.63
454.93 02.60
459.48 02.56
464.07 02.52
468.71 02.47
473.40 02.42
478.13 02.37
482.91 02.31
487.74 02.26
492.62 02.22
497.55 02.17
502.52 02.14
507.55 02.11
512.62 02.06
517.75 02.02
522.93 01.96
528.16 01.89
533.44 01.80
538.77 01.68
544.16 01.56
549.60 01.42
555.10 01.26
560.65 01.11
566.25 00.95
571.92 00.79
577.64 00.65
583.41 00.51
589.25 00.40
595.14 00.30
601.09 00.21
607.10 00.12
613.17 00.04
619.30 -00.03
625.50 -00.08
631.75 -00.11
638.07 -00.11
644.45 -00.09
650.89 -00.06
657.40 -00.02
663.98 00.04
670.62 00.10
677.32 00.14
684.10 00.18
690.94 00.22
697.85 00.26
704.83 00.29
711.87 00.32
718.99 00.37
726.18 00.41
733.44 00.44
740.78 00.47
748.19 00.50
755.67 00.51
763.23 00.51
770.86 00.52
778.57 00.50
786.35 00.49
794.22 00.46
802.16 00.44
810.18 00.43
818.28 00.41
826.46 00.41
834.73 00.40
843.08 00.40
851.51 00.40
860.02 00.39
868.62 00.38
877.31 00.39
886.08 00.38
894.94 00.36
903.89 00.35
912.93 00.34
922.06 00.32
931.28 00.29
940.59 00.26
950.00 00.23
959.50 00.20
969.09 00.18
978.78 00.16
988.57 00.15
998.46 00.14
1008.44 00.14
1018.53 00.14
1028.71 00.14
1039.00 00.14
1049.39 00.13
1059.88 00.11
1070.48 00.09
1081.19 00.06
1092.00 00.03
1102.92 -00.01
1113.95 -00.05
1125.09 -00.11
1136.34 -00.18
1147.70 -00.28
1159.18 -00.39
1170.77 -00.52
1182.48 -00.66
1194.30 -00.80
1206.25 -00.94
1218.31 -01.10
1230.49 -01.26
1242.80 -01.42
1255.22 -01.58
1267.78 -01.71
1280.45 -01.82
1293.26 -01.90
1306.19 -01.96
1319.25 -02.01
1332.45 -02.04
1345.77 -02.06
1359.23 -02.05
1372.82 -02.02
1386.55 -01.97
1400.41 -01.91
1414.42 -01.85
1428.56 -01.80
1442.85 -01.76
1457.28 -01.72
1471.85 -01.70
1486.57 -01.70
1501.43 -01.74
1516.45 -01.82
1531.61 -01.92
1546.93 -02.04
1562.40 -02.15
1578.02 -02.29
1593.80 -02.41
1609.74 -02.52
1625.84 -02.62
1642.10 -02.70
1658.52 -02.77
1675.10 -02.83
1691.85 -02.88
1708.77 -02.94
1725.86 -03.01
1743.12 -03.06
1760.55 -03.13
1778.15 -03.20
1795.94 -03.29
1813.90 -03.39
1832.03 -03.50
1850.36 -03.63
1868.86 -03.78
1887.55 -03.94
1906.42 -04.12
1925.49 -04.34
1944.74 -04.58
1964.19 -04.82
1983.83 -05.05
2003.67 -05.26
2023.71 -05.51
2043.94 -05.70
2064.38 -05.89
2085.03 -06.06
2105.88 -06.22
2126.94 -06.35
2148.20 -06.43
2169.69 -06.49
2191.38 -06.56
2213.30 -06.62
2235.43 -06.71
2257.78 -06.85
2280.36 -07.01
2303.17 -07.17
2326.20 -07.33
2349.46 -07.47
2372.95 -07.52
2396.68 -07.48
2420.65 -07.47
2444.86 -07.46
2469.31 -07.49
2494.00 -07.52
2518.94 -07.58
2544.13 -07.64
2569.57 -07.69
2595.27 -07.73
2621.22 -07.76
2647.43 -07.77
2673.90 -07.77
2700.64 -07.75
2727.65 -07.70
2754.93 -07.63
2782.48 -07.53
2810.30 -07.46
2838.40 -07.49
2866.79 -07.55
2895.46 -07.64
2924.41 -07.75
2953.65 -07.85
2983.19 -07.94
3013.02 -08.05
3043.15 -08.19
3073.58 -08.33
3104.32 -08.50
3135.36 -08.66
3166.72 -08.84
3198.38 -09.02
3230.37 -09.19
3262.67 -09.35
3295.30 -09.49
3328.25 -09.63
3361.53 -09.73
3395.15 -09.76
3429.10 -09.73
3463.39 -09.65
3498.03 -09.52
3533.01 -09.35
3568.34 -09.18
3604.02 -09.01
3640.06 -08.80
3676.46 -08.56
3713.22 -08.27
3750.36 -07.96
3787.86 -07.55
3825.74 -07.14
3864.00 -06.71
3902.64 -06.27
3941.66 -05.80
3981.08 -05.28
4020.89 -04.83
4061.10 -04.44
4101.71 -04.05
4142.73 -03.69
4184.15 -03.40
4226.00 -03.13
4268.26 -02.84
4310.94 -02.59
4354.05 -02.45
4397.59 -02.46
4441.56 -02.60
4485.98 -02.88
4530.84 -03.10
4576.15 -03.37
4621.91 -03.73
4668.13 -04.20
4714.81 -04.79
4761.96 -05.38
4809.58 -05.68
4857.67 -06.14
4906.25 -06.69
4955.31 -07.22
5004.87 -07.68
5054.91 -07.72
5105.46 -07.66
5156.52 -07.47
5208.08 -07.15
5260.16 -06.71
5312.77 -06.26
5365.89 -05.93
5419.55 -05.59
5473.75 -05.20
5528.49 -04.79
5583.77 -04.40
5639.61 -04.32
5696.00 -04.40
5752.96 -04.48
5810.49 -04.54
5868.60 -04.53
5927.28 -04.45
5986.56 -04.30
6046.42 -04.18
6106.89 -04.05
6167.96 -03.91
6229.64 -03.75
6291.93 -03.55
6354.85 -03.32
6418.40 -03.04
6482.58 -02.77
6547.41 -02.54
6612.88 -02.38
6679.01 -02.28
6745.80 -02.31
6813.26 -02.37
6881.39 -02.42
6950.21 -02.50
7019.71 -02.65
7089.91 -02.87
7160.81 -03.21
7232.41 -03.59
7304.74 -03.96
7377.79 -04.26
7451.56 -04.45
7526.08 -04.56
7601.34 -04.57
7677.35 -04.58
7754.13 -04.56
7831.67 -04.52
7909.98 -04.44
7989.08 -04.36
8068.98 -04.41
8149.67 -04.51
8231.16 -04.65
8313.47 -04.87
8396.61 -05.19
8480.57 -05.56
8565.38 -05.82
8651.03 -06.06
8737.54 -06.34
8824.92 -06.66
8913.17 -06.94
9002.30 -07.15
9092.32 -07.35
9183.25 -07.44
9275.08 -07.39
9367.83 -07.21
9461.51 -06.91
9556.12 -06.47
9651.68 -05.92
9748.20 -05.27
9845.68 -04.56
9944.14 -03.85
10043.58 -03.09
10144.02 -02.33
10245.46 -01.66
10347.91 -01.08
10451.39 -00.60
10555.91 -00.22
10661.46 -00.10
10768.08 -00.20
10875.76 -00.40
10984.52 -00.72
11094.36 -01.15
11205.31 -01.68
11317.36 -02.29
11430.53 -02.88
11544.84 -03.34
11660.29 -03.54
11776.89 -03.46
11894.66 -03.18
12013.60 -02.76
12133.74 -02.23
12255.08 -01.56
12377.63 -00.79
12501.41 00.00
12626.42 00.69
12752.68 01.29
12880.21 01.81
13009.01 02.22
13139.10 02.54
13270.49 02.72
13403.20 02.79
13537.23 02.78
13672.60 02.66
13809.33 02.42
13947.42 02.05
14086.90 01.55
14227.77 00.94
14370.04 00.27
14513.74 -00.44
14658.88 -01.13
14805.47 -01.75
14953.52 -02.28
15103.06 -02.76
15254.09 -03.16
15406.63 -03.44
15560.70 -03.59
15716.30 -03.58
15873.47 -03.43
16032.20 -03.23
16192.52 -03.04
16354.45 -02.96
16517.99 -02.99
16683.17 -03.08
16850.01 -03.23
17018.51 -03.36
17188.69 -03.15
17360.58 -02.97
17534.18 -02.90
17709.53 -02.98
17886.62 -03.24
18065.49 -03.66
18246.14 -04.16
18428.60 -04.59
18612.89 -04.90
18799.02 -05.14
18987.01 -05.35
19176.88 -05.59
19368.65 -05.89
19562.33 -06.29
19757.96 -06.83
19955.54 -07.54
20000.00 -07.72
