20.00 02.98
20.20 02.97
20.40 02.96
20.61 02.95
20.81 02.94
21.02 02.93
21.23 02.92
21.44 02.90
21.66 02.90
21.87 02.88
22.09 02.88
22.31 02.86
22.54 02.84
22.76 02.82
22.99 02.79
23.22 02.76
23.45 02.73
23.69 02.71
23.92 02.70
24.16 02.68
24.40 02.67
24.65 02.66
24.89 02.64
25.14 02.63
25.39 02.64
25.65 02.63
25.91 02.63
26.16 02.62
26.43 02.61
26.69 02.60
26.96 02.59
27.23 02.57
27.50 02.56
27.77 02.54
28.05 02.53
28.33 02.52
28.62 02.53
28.90 02.53
29.19 02.54
29.48 02.54
29.78 02.53
30.08 02.53
30.38 02.49
30.68 02.45
30.99 02.41
31.30 02.36
31.61 02.33
31.93 02.30
32.24 02.28
32.57 02.25
32.89 02.23
33.22 02.21
33.55 02.19
33.89 02.19
34.23 02.19
34.57 02.21
34.92 02.21
35.27 02.21
35.62 02.21
35.97 02.21
36.33 02.21
36.70 02.21
37.06 02.21
37.43 02.21
37.81 02.21
38.19 02.20
38.57 02.20
38.95 02.19
39.34 02.20
39.74 02.19
40.14 02.17
40.54 02.13
40.94 02.09
41.35 02.04
41.76 02.01
42.18 01.96
42.60 01.92
43.03 01.91
43.46 01.88
43.90 01.87
44.33 01.85
44.78 01.83
45.23 01.82
45.68 01.82
46.13 01.81
46.60 01.80
47.06 01.81
47.53 01.80
48.01 01.85
48.49 01.89
48.97 01.94
49.46 01.98
49.96 02.04
50.46 02.09
50.96 02.14
51.47 02.19
51.99 02.26
52.51 02.31
53.03 02.36
53.56 02.38
54.10 02.40
54.64 02.41
55.18 02.43
55.74 02.45
56.29 02.47
56.86 02.50
57.42 02.53
58.00 02.56
58.58 02.59
59.16 02.63
59.76 02.65
60.35 02.69
60.96 02.72
61.57 02.76
62.18 02.79
62.80 02.83
63.43 02.83
64.07 02.81
64.71 02.79
65.35 02.76
66.01 02.75
66.67 02.72
67.33 02.72
68.01 02.72
68.69 02.72
69.37 02.73
70.07 02.74
70.77 02.74
71.48 02.75
72.19 02.75
72.91 02.75
73.64 02.75
74.38 02.75
75.12 02.75
75.87 02.77
76.63 02.80
77.40 02.82
78.17 02.84
78.95 02.85
79.74 02.88
80.54 02.89
81.35 02.90
82.16 02.90
82.98 02.92
83.81 02.92
84.65 02.93
85.50 02.95
86.35 02.99
87.22 03.02
88.09 03.05
88.97 03.08
89.86 03.11
90.76 03.11
91.66 03.10
92.58 03.09
93.51 03.09
94.44 03.07
95.39 03.08
96.34 03.09
97.30 03.10
98.28 03.11
99.26 03.12
100.25 03.13
101.25 03.14
102.27 03.15
103.29 03.15
104.32 03.17
105.37 03.17
106.42 03.17
107.48 03.18
108.56 03.17
109.64 03.17
110.74 03.17
111.85 03.17
112.97 03.16
114.10 03.17
115.24 03.17
116.39 03.17
117.55 03.17
118.73 03.16
119.92 03.15
121.12 03.12
122.33 03.11
123.55 03.10
124.79 03.08
126.03 03.09
127.29 03.09
128.57 03.10
129.85 03.10
131.15 03.11
132.46 03.10
133.79 03.11
135.12 03.11
136.48 03.10
137.84 03.11
139.22 03.11
140.61 03.11
142.02 03.11
143.44 03.11
144.87 03.11
146.32 03.12
147.78 03.12
149.26 03.13
150.75 03.13
152.26 03.12
153.78 03.11
155.32 03.11
156.88 03.10
158.44 03.09
160.03 03.07
161.63 03.09
163.24 03.10
164.88 03.11
166.53 03.12
168.19 03.12
169.87 03.13
171.57 03.12
173.29 03.10
175.02 03.09
176.77 03.08
178.54 03.07
180.32 03.07
182.13 03.07
183.95 03.06
185.79 03.06
187.65 03.05
189.52 03.05
191.42 03.07
193.33 03.07
195.27 03.07
197.22 03.08
199.19 03.08
201.18 03.08
203.19 03.09
205.23 03.09
207.28 03.10
209.35 03.09
211.44 03.10
213.56 03.08
215.69 03.06
217.85 03.05
220.03 03.03
222.23 03.01
224.45 02.98
226.70 02.95
228.96 02.92
231.25 02.89
233.57 02.85
235.90 02.79
238.26 02.73
240.64 02.68
243.05 02.60
245.48 02.52
247.93 02.45
250.41 02.36
252.92 02.29
255.45 02.23
258.00 02.18
260.58 02.14
263.19 02.09
265.82 02.07
268.48 02.04
271.16 02.03
273.87 02.02
276.61 02.03
279.38 02.04
282.17 02.06
284.99 02.08
287.84 02.10
290.72 02.13
293.63 02.16
296.57 02.18
299.53 02.20
302.53 02.22
305.55 02.24
308.61 02.26
311.69 02.28
314.81 02.29
317.96 02.30
321.14 02.31
324.35 02.31
327.59 02.32
330.87 02.32
334.18 02.32
337.52 02.32
340.90 02.33
344.30 02.33
347.75 02.34
351.23 02.35
354.74 02.36
358.28 02.35
361.87 02.34
365.49 02.32
369.14 02.31
372.83 02.30
376.56 02.29
380.33 02.28
384.13 02.29
387.97 02.28
391.85 02.26
395.77 02.25
399.73 02.23
403.72 02.20
407.76 02.16
411.84 02.13
415.96 02.10
420.12 02.05
424.32 02.03
428.56 01.99
432.85 01.97
437.18 01.95
441.55 01.94
445.96 01.93
450.42 01.92
454.93 01.92
459.48 01.92
464.07 01.91
468.71 01.90
473.40 01.86
478.13 01.83
482.91 01.77
487.74 01.70
492.62 01.61
497.55 01.49
502.52 01.39
507.55 01.29
512.62 01.20
517.75 01.10
522.93 01.02
528.16 00.93
533.44 00.85
538.77 00.76
544.16 00.70
549.60 00.65
555.10 00.61
560.65 00.60
566.25 00.59
571.92 00.59
577.64 00.59
583.41 00.60
589.25 00.61
595.14 00.63
601.09 00.65
607.10 00.65
613.17 00.66
619.30 00.67
625.50 00.67
631.75 00.69
638.07 00.71
644.45 00.73
650.89 00.75
657.40 00.77
663.98 00.78
670.62 00.80
677.32 00.79
684.10 00.80
690.94 00.80
697.85 00.80
704.83 00.80
711.87 00.80
718.99 00.81
726.18 00.82
733.44 00.82
740.78 00.82
748.19 00.82
755.67 00.82
763.23 00.83
770.86 00.82
778.57 00.81
786.35 00.79
794.22 00.77
802.16 00.73
810.18 00.70
818.28 00.66
826.46 00.63
834.73 00.60
843.08 00.58
851.51 00.56
860.02 00.50
868.62 00.46
877.31 00.43
886.08 00.40
894.94 00.38
903.89 00.38
912.93 00.38
922.06 00.38
931.28 00.37
940.59 00.35
950.00 00.32
959.50 00.27
969.09 00.23
978.78 00.17
988.57 00.12
998.46 00.05
1008.44 -00.02
1018.53 -00.08
1028.71 -00.16
1039.00 -00.24
1049.39 -00.34
1059.88 -00.43
1070.48 -00.54
1081.19 -00.64
1092.00 -00.74
1102.92 -00.83
1113.95 -00.91
1125.09 -01.00
1136.34 -01.08
1147.70 -01.15
1159.18 -01.21
1170.77 -01.26
1182.48 -01.32
1194.30 -01.38
1206.25 -01.44
1218.31 -01.53
1230.49 -01.60
1242.80 -01.68
1255.22 -01.73
1267.78 -01.76
1280.45 -01.78
1293.26 -01.80
1306.19 -01.79
1319.25 -01.76
1332.45 -01.72
1345.77 -01.64
1359.23 -01.55
1372.82 -01.46
1386.55 -01.38
1400.41 -01.31
1414.42 -01.25
1428.56 -01.22
1442.85 -01.17
1457.28 -01.14
1471.85 -01.10
1486.57 -01.08
1501.43 -01.07
1516.45 -01.10
1531.61 -01.17
1546.93 -01.24
1562.40 -01.33
1578.02 -01.42
1593.80 -01.53
1609.74 -01.64
1625.84 -01.78
1642.10 -01.93
1658.52 -02.10
1675.10 -02.30
1691.85 -02.49
1708.77 -02.69
1725.86 -02.91
1743.12 -03.12
1760.55 -03.33
1778.15 -03.53
1795.94 -03.74
1813.90 -03.90
1832.03 -04.02
1850.36 -04.15
1868.86 -04.28
1887.55 -04.39
1906.42 -04.50
1925.49 -04.62
1944.74 -04.75
1964.19 -04.87
1983.83 -04.98
2003.67 -05.09
2023.71 -05.24
2043.94 -05.38
2064.38 -05.52
2085.03 -05.64
2105.88 -05.76
2126.94 -05.86
2148.20 -05.93
2169.69 -06.01
2191.38 -06.07
2213.30 -06.15
2235.43 -06.23
2257.78 -06.41
2280.36 -06.63
2303.17 -06.84
2326.20 -07.06
2349.46 -07.27
2372.95 -07.40
2396.68 -07.46
2420.65 -07.49
2444.86 -07.51
2469.31 -07.53
2494.00 -07.53
2518.94 -07.53
2544.13 -07.52
2569.57 -07.48
2595.27 -07.43
2621.22 -07.36
2647.43 -07.30
2673.90 -07.23
2700.64 -07.14
2727.65 -07.05
2754.93 -06.98
2782.48 -06.93
2810.30 -06.95
2838.40 -07.05
2866.79 -07.15
2895.46 -07.23
2924.41 -07.28
2953.65 -07.35
2983.19 -07.41
3013.02 -07.49
3043.15 -07.59
3073.58 -07.66
3104.32 -07.69
3135.36 -07.70
3166.72 -07.69
3198.38 -07.66
3230.37 -07.64
3262.67 -07.64
3295.30 -07.62
3328.25 -07.60
3361.53 -07.56
3395.15 -07.50
3429.10 -07.43
3463.39 -07.33
3498.03 -07.20
3533.01 -07.07
3568.34 -06.99
3604.02 -06.99
3640.06 -07.00
3676.46 -06.97
3713.22 -06.90
3750.36 -06.79
3787.86 -06.91
3825.74 -07.01
3864.00 -07.09
3902.64 -07.16
3941.66 -07.17
3981.08 -07.08
4020.89 -06.79
4061.10 -06.29
4101.71 -05.71
4142.73 -05.15
4184.15 -04.72
4226.00 -04.48
4268.26 -04.19
4310.94 -03.75
4354.05 -03.46
4397.59 -03.28
4441.56 -03.22
4485.98 -03.26
4530.84 -03.41
4576.15 -03.68
4621.91 -04.15
4668.13 -04.81
4714.81 -05.66
4761.96 -06.56
4809.58 -07.23
4857.67 -07.84
4906.25 -08.32
4955.31 -08.62
5004.87 -08.69
5054.91 -08.40
5105.46 -07.93
5156.52 -07.38
5208.08 -06.78
5260.16 -06.18
5312.77 -05.60
5365.89 -05.11
5419.55 -04.60
5473.75 -04.11
5528.49 -03.64
5583.77 -03.22
5639.61 -03.09
5696.00 -03.08
5752.96 -03.07
5810.49 -03.02
5868.60 -02.93
5927.28 -02.86
5986.56 -02.79
6046.42 -02.83
6106.89 -02.87
6167.96 -02.89
6229.64 -02.84
6291.93 -02.74
6354.85 -02.57
6418.40 -02.35
6482.58 -02.12
6547.41 -01.87
6612.88 -01.61
6679.01 -01.32
6745.80 -01.18
6813.26 -01.16
6881.39 -01.19
6950.21 -01.26
7019.71 -01.40
7089.91 -01.56
7160.81 -01.81
7232.41 -02.08
7304.74 -02.38
7377.79 -02.71
7451.56 -03.07
7526.08 -03.34
7601.34 -03.40
7677.35 -03.46
7754.13 -03.49
7831.67 -03.52
7909.98 -03.57
7989.08 -03.66
8068.98 -03.89
8149.67 -04.18
8231.16 -04.48
8313.47 -04.81
8396.61 -05.19
8480.57 -05.70
8565.38 -06.12
8651.03 -06.55
8737.54 -06.97
8824.92 -07.34
8913.17 -07.62
9002.30 -07.81
9092.32 -08.00
9183.25 -08.16
9275.08 -08.25
9367.83 -08.20
9461.51 -07.96
9556.12 -07.52
9651.68 -06.94
9748.20 -06.27
9845.68 -05.61
9944.14 -04.96
10043.58 -04.22
10144.02 -03.40
10245.46 -02.62
10347.91 -01.91
10451.39 -01.27
10555.91 -00.72
10661.46 -00.46
10768.08 -00.43
10875.76 -00.48
10984.52 -00.61
11094.36 -00.80
11205.31 -01.07
11317.36 -01.48
11430.53 -01.94
11544.84 -02.46
11660.29 -02.96
11776.89 -03.37
11894.66 -03.35
12013.60 -03.01
12133.74 -02.50
12255.08 -01.88
12377.63 -01.20
12501.41 -00.47
12626.42 00.18
12752.68 00.85
12880.21 01.50
13009.01 02.07
13139.10 02.55
13270.49 02.71
13403.20 02.61
13537.23 02.42
13672.60 02.20
13809.33 01.93
13947.42 01.62
14086.90 01.31
14227.77 00.93
14370.04 00.44
14513.74 -00.10
14658.88 -00.64
14805.47 -01.08
14953.52 -01.37
15103.06 -01.38
15254.09 -01.21
15406.63 -01.00
15560.70 -00.82
15716.30 -00.69
15873.47 -00.64
16032.20 -00.66
16192.52 -00.74
16354.45 -00.87
16517.99 -01.05
16683.17 -01.32
16850.01 -01.70
17018.51 -02.17
17188.69 -02.36
17360.58 -02.67
17534.18 -02.95
17709.53 -03.06
17886.62 -02.98
18065.49 -02.88
18246.14 -02.98
18428.60 -03.16
18612.89 -03.49
18799.02 -03.99
18987.01 -04.63
19176.88 -05.33
19368.65 -06.06
19562.33 -06.81
19757.96 -07.55
19955.54 -08.34
20000.00 -08.53
