20.00 04.77
20.20 04.76
20.40 04.75
20.61 04.73
20.81 04.71
21.02 04.70
21.23 04.68
21.44 04.66
21.66 04.66
21.87 04.64
22.09 04.63
22.31 04.61
22.54 04.59
22.76 04.56
22.99 04.53
23.22 04.50
23.45 04.47
23.69 04.44
23.92 04.43
24.16 04.41
24.40 04.40
24.65 04.39
24.89 04.37
25.14 04.36
25.39 04.36
25.65 04.35
25.91 04.35
26.16 04.33
26.43 04.32
26.69 04.31
26.96 04.30
27.23 04.28
27.50 04.26
27.77 04.24
28.05 04.23
28.33 04.22
28.62 04.23
28.90 04.23
29.19 04.23
29.48 04.23
29.78 04.22
30.08 04.22
30.38 04.17
30.68 04.13
30.99 04.09
31.30 04.04
31.61 04.01
31.93 03.98
32.24 03.95
32.57 03.93
32.89 03.90
33.22 03.88
33.55 03.85
33.89 03.85
34.23 03.85
34.57 03.87
34.92 03.87
35.27 03.87
35.62 03.86
35.97 03.86
36.33 03.86
36.70 03.85
37.06 03.85
37.43 03.85
37.81 03.85
38.19 03.83
38.57 03.83
38.95 03.82
39.34 03.82
39.74 03.81
40.14 03.79
40.54 03.75
40.94 03.70
41.35 03.65
41.76 03.61
42.18 03.57
42.60 03.52
43.03 03.51
43.46 03.49
43.90 03.48
44.33 03.46
44.78 03.44
45.23 03.43
45.68 03.44
46.13 03.43
46.60 03.42
47.06 03.43
47.53 03.42
48.01 03.48
48.49 03.52
48.97 03.58
49.46 03.62
49.96 03.68
50.46 03.73
50.96 03.79
51.47 03.84
51.99 03.91
52.51 03.96
53.03 04.02
53.56 04.03
54.10 04.06
54.64 04.08
55.18 04.09
55.74 04.12
56.29 04.14
56.86 04.17
57.42 04.20
58.00 04.23
58.58 04.26
59.16 04.30
59.76 04.32
60.35 04.36
60.96 04.39
61.57 04.42
62.18 04.46
62.80 04.49
63.43 04.49
64.07 04.46
64.71 04.43
65.35 04.40
66.01 04.37
66.67 04.34
67.33 04.32
68.01 04.30
68.69 04.29
69.37 04.28
70.07 04.27
70.77 04.27
71.48 04.26
72.19 04.24
72.91 04.22
73.64 04.21
74.38 04.19
75.12 04.18
75.87 04.19
76.63 04.21
77.40 04.22
78.17 04.22
78.95 04.23
79.74 04.25
80.54 04.24
81.35 04.25
82.16 04.25
82.98 04.26
83.81 04.26
84.65 04.26
85.50 04.28
86.35 04.31
87.22 04.34
88.09 04.37
88.97 04.40
89.86 04.44
90.76 04.45
91.66 04.44
92.58 04.43
93.51 04.44
94.44 04.43
95.39 04.44
96.34 04.46
97.30 04.48
98.28 04.49
99.26 04.52
100.25 04.53
101.25 04.56
102.27 04.57
103.29 04.59
104.32 04.61
105.37 04.63
106.42 04.65
107.48 04.66
108.56 04.67
109.64 04.69
110.74 04.70
111.85 04.73
112.97 04.74
114.10 04.76
115.24 04.79
116.39 04.80
117.55 04.83
118.73 04.84
119.92 04.84
121.12 04.84
122.33 04.85
123.55 04.86
124.79 04.86
126.03 04.89
127.29 04.91
128.57 04.94
129.85 04.96
131.15 04.99
132.46 05.01
133.79 05.04
135.12 05.07
136.48 05.09
137.84 05.11
139.22 05.14
140.61 05.16
142.02 05.18
143.44 05.20
144.87 05.21
146.32 05.23
147.78 05.24
149.26 05.26
150.75 05.25
152.26 05.25
153.78 05.24
155.32 05.22
156.88 05.21
158.44 05.18
160.03 05.16
161.63 05.15
163.24 05.14
164.88 05.12
166.53 05.10
168.19 05.06
169.87 05.02
171.57 04.95
173.29 04.87
175.02 04.78
176.77 04.69
178.54 04.57
180.32 04.46
182.13 04.33
183.95 04.19
185.79 04.05
187.65 03.89
189.52 03.75
191.42 03.62
193.33 03.48
195.27 03.34
197.22 03.24
199.19 03.13
201.18 03.05
203.19 03.01
205.23 02.97
207.28 02.96
209.35 02.95
211.44 02.98
213.56 02.99
215.69 03.02
217.85 03.07
220.03 03.12
222.23 03.17
224.45 03.22
226.70 03.27
228.96 03.32
231.25 03.38
233.57 03.43
235.90 03.47
238.26 03.51
240.64 03.55
243.05 03.57
245.48 03.59
247.93 03.61
250.41 03.62
252.92 03.64
255.45 03.64
258.00 03.65
260.58 03.64
263.19 03.61
265.82 03.59
268.48 03.54
271.16 03.49
273.87 03.43
276.61 03.37
279.38 03.30
282.17 03.23
284.99 03.17
287.84 03.11
290.72 03.06
293.63 03.01
296.57 02.97
299.53 02.93
302.53 02.89
305.55 02.87
308.61 02.84
311.69 02.82
314.81 02.80
317.96 02.77
321.14 02.75
324.35 02.72
327.59 02.70
330.87 02.67
334.18 02.63
337.52 02.60
340.90 02.58
344.30 02.55
347.75 02.53
351.23 02.50
354.74 02.48
358.28 02.44
361.87 02.39
365.49 02.34
369.14 02.29
372.83 02.24
376.56 02.20
380.33 02.16
384.13 02.14
387.97 02.11
391.85 02.07
395.77 02.05
399.73 02.03
403.72 01.99
407.76 01.96
411.84 01.92
415.96 01.90
420.12 01.86
424.32 01.84
428.56 01.81
432.85 01.78
437.18 01.76
441.55 01.74
445.96 01.72
450.42 01.69
454.93 01.67
459.48 01.65
464.07 01.60
468.71 01.54
473.40 01.46
478.13 01.38
482.91 01.28
487.74 01.18
492.62 01.07
497.55 00.97
502.52 00.89
507.55 00.84
512.62 00.81
517.75 00.79
522.93 00.80
528.16 00.82
533.44 00.85
538.77 00.86
544.16 00.88
549.60 00.89
555.10 00.89
560.65 00.88
566.25 00.86
571.92 00.83
577.64 00.78
583.41 00.74
589.25 00.68
595.14 00.64
601.09 00.59
607.10 00.53
613.17 00.48
619.30 00.44
625.50 00.40
631.75 00.38
638.07 00.36
644.45 00.37
650.89 00.38
657.40 00.40
663.98 00.41
670.62 00.44
677.32 00.44
684.10 00.45
690.94 00.43
697.85 00.42
704.83 00.37
711.87 00.33
718.99 00.27
726.18 00.21
733.44 00.13
740.78 00.03
748.19 -00.08
755.67 -00.18
763.23 -00.28
770.86 -00.37
778.57 -00.43
786.35 -00.48
794.22 -00.49
802.16 -00.48
810.18 -00.44
818.28 -00.38
826.46 -00.31
834.73 -00.24
843.08 -00.16
851.51 -00.09
860.02 -00.06
868.62 -00.02
877.31 00.00
886.08 00.02
894.94 00.01
903.89 00.02
912.93 00.02
922.06 00.02
931.28 00.01
940.59 00.02
950.00 00.01
959.50 00.01
969.09 00.02
978.78 00.02
988.57 00.04
998.46 00.04
1008.44 00.05
1018.53 00.07
1028.71 00.07
1039.00 00.09
1049.39 00.09
1059.88 00.11
1070.48 00.10
1081.19 00.10
1092.00 00.09
1102.92 00.06
1113.95 00.03
1125.09 00.00
1136.34 -00.05
1147.70 -00.12
1159.18 -00.17
1170.77 -00.23
1182.48 -00.29
1194.30 -00.35
1206.25 -00.41
1218.31 -00.48
1230.49 -00.55
1242.80 -00.62
1255.22 -00.68
1267.78 -00.72
1280.45 -00.77
1293.26 -00.83
1306.19 -00.87
1319.25 -00.92
1332.45 -00.98
1345.77 -01.01
1359.23 -01.03
1372.82 -01.04
1386.55 -01.05
1400.41 -01.05
1414.42 -01.05
1428.56 -01.05
1442.85 -01.04
1457.28 -01.04
1471.85 -01.04
1486.57 -01.05
1501.43 -01.06
1516.45 -01.13
1531.61 -01.21
1546.93 -01.29
1562.40 -01.38
1578.02 -01.47
1593.80 -01.57
1609.74 -01.67
1625.84 -01.78
1642.10 -01.89
1658.52 -02.00
1675.10 -02.12
1691.85 -02.23
1708.77 -02.36
1725.86 -02.50
1743.12 -02.63
1760.55 -02.75
1778.15 -02.87
1795.94 -02.98
1813.90 -03.03
1832.03 -03.06
1850.36 -03.09
1868.86 -03.12
1887.55 -03.14
1906.42 -03.15
1925.49 -03.16
1944.74 -03.18
1964.19 -03.20
1983.83 -03.22
2003.67 -03.24
2023.71 -03.29
2043.94 -03.34
2064.38 -03.38
2085.03 -03.41
2105.88 -03.43
2126.94 -03.42
2148.20 -03.38
2169.69 -03.34
2191.38 -03.29
2213.30 -03.26
2235.43 -03.22
2257.78 -03.28
2280.36 -03.37
2303.17 -03.46
2326.20 -03.54
2349.46 -03.62
2372.95 -03.62
2396.68 -03.57
2420.65 -03.51
2444.86 -03.45
2469.31 -03.40
2494.00 -03.35
2518.94 -03.32
2544.13 -03.29
2569.57 -03.27
2595.27 -03.27
2621.22 -03.28
2647.43 -03.32
2673.90 -03.34
2700.64 -03.37
2727.65 -03.39
2754.93 -03.42
2782.48 -03.44
2810.30 -03.52
2838.40 -03.67
2866.79 -03.82
2895.46 -03.96
2924.41 -04.08
2953.65 -04.19
2983.19 -04.28
3013.02 -04.37
3043.15 -04.49
3073.58 -04.57
3104.32 -04.62
3135.36 -04.66
3166.72 -04.66
3198.38 -04.63
3230.37 -04.59
3262.67 -04.54
3295.30 -04.47
3328.25 -04.40
3361.53 -04.30
3395.15 -04.17
3429.10 -04.05
3463.39 -03.92
3498.03 -03.79
3533.01 -03.65
3568.34 -03.56
3604.02 -03.51
3640.06 -03.46
3676.46 -03.40
3713.22 -03.32
3750.36 -03.23
3787.86 -03.09
3825.74 -02.93
3864.00 -02.76
3902.64 -02.58
3941.66 -02.37
3981.08 -02.17
4020.89 -02.06
4061.10 -02.06
4101.71 -02.09
4142.73 -02.19
4184.15 -02.34
4226.00 -02.57
4268.26 -02.78
4310.94 -02.93
4354.05 -03.16
4397.59 -03.47
4441.56 -03.88
4485.98 -04.38
4530.84 -04.69
4576.15 -04.94
4621.91 -05.29
4668.13 -05.72
4714.81 -06.20
4761.96 -06.66
4809.58 -06.87
4857.67 -07.11
4906.25 -07.35
4955.31 -07.58
5004.87 -07.76
5054.91 -07.76
5105.46 -07.71
5156.52 -07.63
5208.08 -07.51
5260.16 -07.37
5312.77 -07.24
5365.89 -07.21
5419.55 -07.15
5473.75 -07.08
5528.49 -06.97
5583.77 -06.86
5639.61 -06.96
5696.00 -07.13
5752.96 -07.27
5810.49 -07.38
5868.60 -07.44
5927.28 -07.44
5986.56 -07.40
6046.42 -07.40
6106.89 -07.37
6167.96 -07.30
6229.64 -07.16
6291.93 -06.99
6354.85 -06.75
6418.40 -06.48
6482.58 -06.18
6547.41 -05.85
6612.88 -05.49
6679.01 -05.09
6745.80 -04.81
6813.26 -04.57
6881.39 -04.27
6950.21 -03.91
7019.71 -03.51
7089.91 -03.06
7160.81 -02.68
7232.41 -02.32
7304.74 -02.00
7377.79 -01.75
7451.56 -01.57
7526.08 -01.36
7601.34 -01.03
7677.35 -00.78
7754.13 -00.59
7831.67 -00.46
7909.98 -00.38
7989.08 -00.34
8068.98 -00.41
8149.67 -00.48
8231.16 -00.52
8313.47 -00.50
8396.61 -00.43
8480.57 -00.34
8565.38 -00.10
8651.03 00.16
8737.54 00.40
8824.92 00.58
8913.17 00.70
9002.30 00.75
9092.32 00.64
9183.25 00.44
9275.08 00.17
9367.83 -00.17
9461.51 -00.55
9556.12 -00.95
9651.68 -01.32
9748.20 -01.64
9845.68 -01.90
9944.14 -02.07
10043.58 -02.08
10144.02 -01.93
10245.46 -01.77
10347.91 -01.65
10451.39 -01.57
10555.91 -01.57
10661.46 -01.86
10768.08 -02.41
10875.76 -03.09
10984.52 -03.89
11094.36 -04.81
11205.31 -05.82
11317.36 -06.95
11430.53 -08.08
11544.84 -09.17
11660.29 -10.06
11776.89 -10.54
11894.66 -10.04
12013.60 -08.60
12133.74 -06.61
12255.08 -04.50
12377.63 -02.55
12501.41 -00.84
12626.42 00.51
12752.68 01.68
12880.21 02.69
13009.01 03.57
13139.10 04.33
13270.49 04.74
13403.20 04.86
13537.23 04.84
13672.60 04.72
13809.33 04.52
13947.42 04.27
14086.90 04.08
14227.77 03.96
14370.04 03.92
14513.74 04.00
14658.88 04.20
14805.47 04.49
14953.52 04.79
15103.06 05.17
15254.09 05.51
15406.63 05.74
15560.70 05.84
15716.30 05.83
15873.47 05.69
16032.20 05.43
16192.52 05.01
16354.45 04.40
16517.99 03.60
16683.17 02.58
16850.01 01.35
17018.51 -00.02
17188.69 -01.08
17360.58 -02.08
17534.18 -02.69
17709.53 -02.73
17886.62 -02.48
18065.49 -02.29
18246.14 -02.39
18428.60 -02.57
18612.89 -02.85
18799.02 -03.21
18987.01 -03.54
19176.88 -03.71
19368.65 -03.70
19562.33 -03.66
19757.96 -03.69
19955.54 -03.88
20000.00 -03.94
