20.00	02.32
20.20	02.32
20.40	02.32
20.61	02.31
20.81	02.31
21.02	02.30
21.23	02.30
21.44	02.32
21.66	02.32
21.87	02.32
22.09	02.32
22.31	02.30
22.54	02.28
22.76	02.24
22.99	02.21
23.22	02.17
23.45	02.13
23.69	02.09
23.92	02.05
24.16	02.01
24.40	01.97
24.65	01.91
24.89	01.87
25.14	01.84
25.39	01.81
25.65	01.76
25.91	01.73
26.16	01.68
26.43	01.64
26.69	01.61
26.96	01.56
27.23	01.52
27.50	01.47
27.77	01.44
28.05	01.38
28.33	01.33
28.62	01.29
28.90	01.24
29.19	01.20
29.48	01.16
29.78	01.12
30.08	01.08
30.38	01.05
30.68	01.01
30.99	00.99
31.30	00.99
31.61	01.00
31.93	01.02
32.24	01.06
32.57	01.09
32.89	01.13
33.22	01.19
33.55	01.26
33.89	01.34
34.23	01.42
34.57	01.50
34.92	01.60
35.27	01.68
35.62	01.77
35.97	01.87
36.33	01.97
36.70	02.07
37.06	02.17
37.43	02.26
37.81	02.34
38.19	02.43
38.57	02.51
38.95	02.60
39.34	02.69
39.74	02.76
40.14	02.83
40.54	02.89
40.94	02.95
41.35	03.01
41.76	03.06
42.18	03.13
42.60	03.22
43.03	03.30
43.46	03.39
43.90	03.47
44.33	03.56
44.78	03.64
45.23	03.70
45.68	03.76
46.13	03.82
46.60	03.88
47.06	03.94
47.53	04.02
48.01	04.09
48.49	04.16
48.97	04.23
49.46	04.30
49.96	04.37
50.46	04.43
50.96	04.49
51.47	04.53
51.99	04.58
52.51	04.61
53.03	04.63
53.56	04.65
54.10	04.64
54.64	04.63
55.18	04.61
55.74	04.58
56.29	04.54
56.86	04.49
57.42	04.43
58.00	04.38
58.58	04.32
59.16	04.25
59.76	04.19
60.35	04.14
60.96	04.09
61.57	04.06
62.18	04.04
62.80	04.02
63.43	04.01
64.07	04.02
64.71	04.04
65.35	04.08
66.01	04.15
66.67	04.23
67.33	04.34
68.01	04.45
68.69	04.57
69.37	04.70
70.07	04.82
70.77	04.94
71.48	05.05
72.19	05.15
72.91	05.23
73.64	05.31
74.38	05.37
75.12	05.43
75.87	05.48
76.63	05.52
77.40	05.55
78.17	05.58
78.95	05.59
79.74	05.59
80.54	05.60
81.35	05.59
82.16	05.59
82.98	05.59
83.81	05.59
84.65	05.59
85.50	05.60
86.35	05.61
87.22	05.62
88.09	05.64
88.97	05.65
89.86	05.63
90.76	05.60
91.66	05.58
92.58	05.55
93.51	05.53
94.44	05.52
95.39	05.52
96.34	05.52
97.30	05.52
98.28	05.53
99.26	05.54
100.25	05.54
101.25	05.56
102.27	05.56
103.29	05.57
104.32	05.58
105.37	05.58
106.42	05.58
107.48	05.59
108.56	05.59
109.64	05.59
110.74	05.59
111.85	05.58
112.97	05.58
114.10	05.56
115.24	05.55
116.39	05.54
117.55	05.51
118.73	05.48
119.92	05.44
121.12	05.41
122.33	05.38
123.55	05.34
124.79	05.31
126.03	05.30
127.29	05.28
128.57	05.25
129.85	05.24
131.15	05.22
132.46	05.19
133.79	05.18
135.12	05.16
136.48	05.14
137.84	05.13
139.22	05.11
140.61	05.09
142.02	05.09
143.44	05.07
144.87	05.05
146.32	05.05
147.78	05.03
149.26	05.00
150.75	04.97
152.26	04.95
153.78	04.92
155.32	04.89
156.88	04.87
158.44	04.85
160.03	04.86
161.63	04.87
163.24	04.89
164.88	04.91
166.53	04.93
168.19	04.95
169.87	04.95
171.57	04.96
173.29	04.96
175.02	04.96
176.77	04.97
178.54	04.97
180.32	04.95
182.13	04.93
183.95	04.91
185.79	04.89
187.65	04.86
189.52	04.85
191.42	04.84
193.33	04.82
195.27	04.80
197.22	04.79
199.19	04.78
201.18	04.78
203.19	04.78
205.23	04.78
207.28	04.78
209.35	04.78
211.44	04.76
213.56	04.75
215.69	04.74
217.85	04.73
220.03	04.72
222.23	04.70
224.45	04.69
226.70	04.68
228.96	04.67
231.25	04.65
233.57	04.63
235.90	04.62
238.26	04.60
240.64	04.58
243.05	04.56
245.48	04.54
247.93	04.52
250.41	04.52
252.92	04.51
255.45	04.50
258.00	04.50
260.58	04.49
263.19	04.48
265.82	04.45
268.48	04.43
271.16	04.40
273.87	04.38
276.61	04.35
279.38	04.33
282.17	04.31
284.99	04.29
287.84	04.27
290.72	04.23
293.63	04.21
296.57	04.18
299.53	04.15
302.53	04.13
305.55	04.10
308.61	04.07
311.69	04.04
314.81	04.01
317.96	03.98
321.14	03.94
324.35	03.91
327.59	03.89
330.87	03.86
334.18	03.83
337.52	03.80
340.90	03.77
344.30	03.74
347.75	03.70
351.23	03.67
354.74	03.61
358.28	03.54
361.87	03.48
365.49	03.41
369.14	03.34
372.83	03.26
376.56	03.20
380.33	03.13
384.13	03.06
387.97	02.98
391.85	02.90
395.77	02.82
399.73	02.73
403.72	02.63
407.76	02.54
411.84	02.45
415.96	02.36
420.12	02.27
424.32	02.18
428.56	02.08
432.85	01.99
437.18	01.90
441.55	01.83
445.96	01.74
450.42	01.68
454.93	01.62
459.48	01.56
464.07	01.50
468.71	01.44
473.40	01.39
478.13	01.35
482.91	01.31
487.74	01.27
492.62	01.24
497.55	01.22
502.52	01.22
507.55	01.21
512.62	01.22
517.75	01.23
522.93	01.23
528.16	01.23
533.44	01.23
538.77	01.23
544.16	01.23
549.60	01.24
555.10	01.24
560.65	01.25
566.25	01.25
571.92	01.26
577.64	01.26
583.41	01.25
589.25	01.24
595.14	01.22
601.09	01.17
607.10	01.11
613.17	01.04
619.30	00.96
625.50	00.87
631.75	00.79
638.07	00.71
644.45	00.63
650.89	00.55
657.40	00.49
663.98	00.43
670.62	00.37
677.32	00.33
684.10	00.31
690.94	00.29
697.85	00.29
704.83	00.30
711.87	00.32
718.99	00.35
726.18	00.37
733.44	00.39
740.78	00.40
748.19	00.38
755.67	00.35
763.23	00.32
770.86	00.26
778.57	00.21
786.35	00.13
794.22	00.05
802.16	-00.02
810.18	-00.09
818.28	-00.16
826.46	-00.23
834.73	-00.30
843.08	-00.37
851.51	-00.44
860.02	-00.51
868.62	-00.55
877.31	-00.58
886.08	-00.61
894.94	-00.61
903.89	-00.60
912.93	-00.57
922.06	-00.53
931.28	-00.48
940.59	-00.41
950.00	-00.33
959.50	-00.25
969.09	-00.19
978.78	-00.16
988.57	-00.16
998.46	-00.19
1008.44	-00.22
1018.53	-00.27
1028.71	-00.33
1039.00	-00.40
1049.39	-00.48
1059.88	-00.57
1070.48	-00.66
1081.19	-00.72
1092.00	-00.77
1102.92	-00.78
1113.95	-00.77
1125.09	-00.75
1136.34	-00.72
1147.70	-00.69
1159.18	-00.67
1170.77	-00.65
1182.48	-00.65
1194.30	-00.66
1206.25	-00.70
1218.31	-00.75
1230.49	-00.82
1242.80	-00.90
1255.22	-00.99
1267.78	-01.08
1280.45	-01.16
1293.26	-01.22
1306.19	-01.26
1319.25	-01.26
1332.45	-01.24
1345.77	-01.18
1359.23	-01.10
1372.82	-00.99
1386.55	-00.87
1400.41	-00.73
1414.42	-00.59
1428.56	-00.47
1442.85	-00.38
1457.28	-00.33
1471.85	-00.29
1486.57	-00.27
1501.43	-00.27
1516.45	-00.27
1531.61	-00.28
1546.93	-00.29
1562.40	-00.32
1578.02	-00.35
1593.80	-00.37
1609.74	-00.37
1625.84	-00.36
1642.10	-00.35
1658.52	-00.34
1675.10	-00.34
1691.85	-00.36
1708.77	-00.40
1725.86	-00.42
1743.12	-00.45
1760.55	-00.48
1778.15	-00.51
1795.94	-00.55
1813.90	-00.59
1832.03	-00.65
1850.36	-00.72
1868.86	-00.80
1887.55	-00.89
1906.42	-01.01
1925.49	-01.13
1944.74	-01.19
1964.19	-01.18
1983.83	-01.10
2003.67	-01.06
2023.71	-00.99
2043.94	-00.93
2064.38	-00.88
2085.03	-00.83
2105.88	-00.78
2126.94	-00.71
2148.20	-00.67
2169.69	-00.70
2191.38	-00.79
2213.30	-00.95
2235.43	-01.20
2257.78	-01.49
2280.36	-01.79
2303.17	-02.10
2326.20	-02.41
2349.46	-02.65
2372.95	-02.81
2396.68	-02.96
2420.65	-03.07
2444.86	-03.17
2469.31	-03.23
2494.00	-03.32
2518.94	-03.41
2544.13	-03.49
2569.57	-03.54
2595.27	-03.58
2621.22	-03.60
2647.43	-03.64
2673.90	-03.71
2700.64	-03.81
2727.65	-03.95
2754.93	-04.08
2782.48	-04.26
2810.30	-04.50
2838.40	-04.73
2866.79	-04.95
2895.46	-05.15
2924.41	-05.29
2953.65	-05.35
2983.19	-05.35
3013.02	-05.26
3043.15	-05.07
3073.58	-04.83
3104.32	-04.56
3135.36	-04.29
3166.72	-04.02
3198.38	-03.79
3230.37	-03.58
3262.67	-03.41
3295.30	-03.27
3328.25	-03.17
3361.53	-03.06
3395.15	-02.96
3429.10	-02.85
3463.39	-02.75
3498.03	-02.67
3533.01	-02.63
3568.34	-02.63
3604.02	-02.65
3640.06	-02.69
3676.46	-02.71
3713.22	-02.75
3750.36	-02.86
3787.86	-02.97
3825.74	-03.10
3864.00	-03.25
3902.64	-03.41
3941.66	-03.57
3981.08	-03.74
4020.89	-03.92
4061.10	-04.08
4101.71	-04.22
4142.73	-04.34
4184.15	-04.44
4226.00	-04.57
4268.26	-04.76
4310.94	-04.96
4354.05	-05.18
4397.59	-05.42
4441.56	-05.69
4485.98	-05.60
4530.84	-05.35
4576.15	-05.14
4621.91	-04.96
4668.13	-04.82
4714.81	-04.53
4761.96	-03.73
4809.58	-02.98
4857.67	-02.26
4906.25	-01.59
4955.31	-00.94
5004.87	-00.33
5054.91	00.28
5105.46	00.88
5156.52	01.49
5208.08	02.08
5260.16	02.58
5312.77	02.81
5365.89	03.04
5419.55	03.28
5473.75	03.53
5528.49	03.80
5583.77	03.90
5639.61	03.97
5696.00	04.01
5752.96	04.04
5810.49	04.02
5868.60	03.95
5927.28	03.84
5986.56	03.66
6046.42	03.44
6106.89	03.19
6167.96	02.88
6229.64	02.52
6291.93	02.04
6354.85	01.47
6418.40	00.79
6482.58	00.10
6547.41	-00.53
6612.88	-01.01
6679.01	-01.45
6745.80	-01.81
6813.26	-02.04
6881.39	-02.19
6950.21	-02.31
7019.71	-02.41
7089.91	-02.54
7160.81	-02.67
7232.41	-02.82
7304.74	-03.01
7377.79	-03.20
7451.56	-03.33
7526.08	-03.33
7601.34	-03.33
7677.35	-03.34
7754.13	-03.37
7831.67	-03.43
7909.98	-03.54
7989.08	-03.79
8068.98	-04.08
8149.67	-04.39
8231.16	-04.69
8313.47	-04.97
8396.61	-05.17
8480.57	-05.07
8565.38	-04.80
8651.03	-04.42
8737.54	-03.96
8824.92	-03.43
8913.17	-02.84
9002.30	-02.23
9092.32	-01.59
9183.25	-00.97
9275.08	-00.37
9367.83	00.17
9461.51	00.69
9556.12	01.15
9651.68	01.57
9748.20	01.94
9845.68	02.24
9944.14	02.57
10043.58	02.91
10144.02	03.20
10245.46	03.45
10347.91	03.66
10451.39	03.85
10555.91	03.86
10661.46	03.76
10768.08	03.66
10875.76	03.59
10984.52	03.53
11094.36	03.52
11205.31	03.52
11317.36	03.54
11430.53	03.59
11544.84	03.66
11660.29	03.75
11776.89	03.85
11894.66	03.94
12013.60	04.03
12133.74	04.10
12255.08	04.15
12377.63	04.15
12501.41	04.04
12626.42	03.89
12752.68	03.69
12880.21	03.44
13009.01	03.11
13139.10	02.66
13270.49	02.10
13403.20	01.47
13537.23	00.75
13672.60	-00.04
13809.33	-00.87
13947.42	-01.74
14086.90	-02.61
14227.77	-03.43
14370.04	-04.10
14513.74	-04.49
14658.88	-04.55
14805.47	-04.36
14953.52	-04.08
15103.06	-03.74
15254.09	-03.37
15406.63	-03.00
15560.70	-02.65
15716.30	-02.29
15873.47	-01.94
16032.20	-01.59
16192.52	-01.30
16354.45	-01.10
16517.99	-00.98
16683.17	-00.96
16850.01	-00.97
17018.51	-00.67
17188.69	-00.45
17360.58	-00.31
17534.18	-00.30
17709.53	-00.40
17886.62	-00.66
18065.49	-01.06
18246.14	-01.56
18428.60	-02.11
18612.89	-02.67
18799.02	-03.23
18987.01	-03.79
19176.88	-04.35
19368.65	-04.88
19562.33	-05.41
19757.96	-05.97
19955.54	-06.09
20000.00	20.94
