20.00 02.63
20.20 02.62
20.40 02.61
20.61 02.60
20.81 02.59
21.02 02.58
21.23 02.57
21.44 02.56
21.66 02.56
21.87 02.55
22.09 02.55
22.31 02.53
22.54 02.52
22.76 02.50
22.99 02.47
23.22 02.45
23.45 02.43
23.69 02.40
23.92 02.40
24.16 02.38
24.40 02.37
24.65 02.37
24.89 02.35
25.14 02.35
25.39 02.35
25.65 02.34
25.91 02.35
26.16 02.34
26.43 02.34
26.69 02.33
26.96 02.32
27.23 02.31
27.50 02.30
27.77 02.29
28.05 02.28
28.33 02.29
28.62 02.30
28.90 02.31
29.19 02.33
29.48 02.33
29.78 02.34
30.08 02.35
30.38 02.32
30.68 02.30
30.99 02.27
31.30 02.24
31.61 02.23
31.93 02.22
32.24 02.21
32.57 02.21
32.89 02.21
33.22 02.21
33.55 02.21
33.89 02.24
34.23 02.27
34.57 02.31
34.92 02.34
35.27 02.38
35.62 02.41
35.97 02.44
36.33 02.48
36.70 02.51
37.06 02.54
37.43 02.58
37.81 02.62
38.19 02.65
38.57 02.68
38.95 02.71
39.34 02.75
39.74 02.78
40.14 02.79
40.54 02.79
40.94 02.78
41.35 02.76
41.76 02.75
42.18 02.73
42.60 02.70
43.03 02.70
43.46 02.69
43.90 02.69
44.33 02.67
44.78 02.65
45.23 02.64
45.68 02.64
46.13 02.62
46.60 02.61
47.06 02.60
47.53 02.58
48.01 02.63
48.49 02.66
48.97 02.70
49.46 02.73
49.96 02.77
50.46 02.81
50.96 02.85
51.47 02.88
51.99 02.93
52.51 02.97
53.03 03.00
53.56 03.00
54.10 03.00
54.64 03.00
55.18 02.99
55.74 02.99
56.29 02.99
56.86 02.99
57.42 03.01
58.00 03.01
58.58 03.02
59.16 03.03
59.76 03.03
60.35 03.04
60.96 03.05
61.57 03.06
62.18 03.07
62.80 03.08
63.43 03.06
64.07 03.01
64.71 02.97
65.35 02.92
66.01 02.89
66.67 02.84
67.33 02.81
68.01 02.79
68.69 02.77
69.37 02.76
70.07 02.74
70.77 02.73
71.48 02.71
72.19 02.70
72.91 02.67
73.64 02.66
74.38 02.63
75.12 02.62
75.87 02.62
76.63 02.64
77.40 02.64
78.17 02.65
78.95 02.65
79.74 02.67
80.54 02.66
81.35 02.66
82.16 02.66
82.98 02.66
83.81 02.66
84.65 02.66
85.50 02.68
86.35 02.70
87.22 02.72
88.09 02.75
88.97 02.77
89.86 02.80
90.76 02.80
91.66 02.79
92.58 02.77
93.51 02.76
94.44 02.75
95.39 02.75
96.34 02.76
97.30 02.77
98.28 02.78
99.26 02.79
100.25 02.80
101.25 02.81
102.27 02.82
103.29 02.82
104.32 02.84
105.37 02.85
106.42 02.85
107.48 02.86
108.56 02.86
109.64 02.87
110.74 02.87
111.85 02.87
112.97 02.87
114.10 02.88
115.24 02.89
116.39 02.89
117.55 02.90
118.73 02.89
119.92 02.88
121.12 02.86
122.33 02.85
123.55 02.84
124.79 02.81
126.03 02.82
127.29 02.82
128.57 02.83
129.85 02.84
131.15 02.84
132.46 02.84
133.79 02.85
135.12 02.86
136.48 02.86
137.84 02.86
139.22 02.87
140.61 02.87
142.02 02.88
143.44 02.88
144.87 02.88
146.32 02.88
147.78 02.88
149.26 02.89
150.75 02.88
152.26 02.87
153.78 02.86
155.32 02.85
156.88 02.83
158.44 02.82
160.03 02.81
161.63 02.82
163.24 02.83
164.88 02.84
166.53 02.86
168.19 02.86
169.87 02.87
171.57 02.86
173.29 02.85
175.02 02.84
176.77 02.83
178.54 02.81
180.32 02.80
182.13 02.79
183.95 02.77
185.79 02.76
187.65 02.73
189.52 02.72
191.42 02.72
193.33 02.71
195.27 02.70
197.22 02.70
199.19 02.69
201.18 02.70
203.19 02.71
205.23 02.71
207.28 02.72
209.35 02.72
211.44 02.73
213.56 02.72
215.69 02.71
217.85 02.71
220.03 02.69
222.23 02.67
224.45 02.65
226.70 02.62
228.96 02.60
231.25 02.58
233.57 02.55
235.90 02.52
238.26 02.48
240.64 02.46
243.05 02.42
245.48 02.38
247.93 02.35
250.41 02.31
252.92 02.29
255.45 02.27
258.00 02.25
260.58 02.23
263.19 02.20
265.82 02.19
268.48 02.15
271.16 02.13
273.87 02.09
276.61 02.07
279.38 02.04
282.17 02.02
284.99 02.00
287.84 01.98
290.72 01.97
293.63 01.95
296.57 01.93
299.53 01.91
302.53 01.89
305.55 01.88
308.61 01.86
311.69 01.86
314.81 01.84
317.96 01.82
321.14 01.81
324.35 01.79
327.59 01.80
330.87 01.79
334.18 01.79
337.52 01.79
340.90 01.80
344.30 01.81
347.75 01.83
351.23 01.85
354.74 01.89
358.28 01.90
361.87 01.91
365.49 01.93
369.14 01.96
372.83 01.98
376.56 02.01
380.33 02.06
384.13 02.12
387.97 02.16
391.85 02.21
395.77 02.27
399.73 02.31
403.72 02.35
407.76 02.37
411.84 02.40
415.96 02.42
420.12 02.43
424.32 02.44
428.56 02.45
432.85 02.44
437.18 02.44
441.55 02.42
445.96 02.41
450.42 02.39
454.93 02.38
459.48 02.38
464.07 02.36
468.71 02.35
473.40 02.32
478.13 02.30
482.91 02.27
487.74 02.24
492.62 02.21
497.55 02.17
502.52 02.14
507.55 02.11
512.62 02.09
517.75 02.05
522.93 02.02
528.16 01.97
533.44 01.93
538.77 01.85
544.16 01.79
549.60 01.71
555.10 01.63
560.65 01.56
566.25 01.48
571.92 01.42
577.64 01.35
583.41 01.29
589.25 01.23
595.14 01.18
601.09 01.14
607.10 01.09
613.17 01.06
619.30 01.03
625.50 01.02
631.75 01.02
638.07 01.03
644.45 01.06
650.89 01.08
657.40 01.11
663.98 01.13
670.62 01.17
677.32 01.18
684.10 01.21
690.94 01.22
697.85 01.24
704.83 01.24
711.87 01.25
718.99 01.27
726.18 01.28
733.44 01.28
740.78 01.28
748.19 01.27
755.67 01.26
763.23 01.25
770.86 01.22
778.57 01.20
786.35 01.15
794.22 01.10
802.16 01.04
810.18 00.98
818.28 00.91
826.46 00.84
834.73 00.75
843.08 00.66
851.51 00.57
860.02 00.43
868.62 00.29
877.31 00.14
886.08 -00.02
894.94 -00.19
903.89 -00.36
912.93 -00.54
922.06 -00.71
931.28 -00.89
940.59 -01.06
950.00 -01.23
959.50 -01.39
969.09 -01.53
978.78 -01.66
988.57 -01.76
998.46 -01.85
1008.44 -01.91
1018.53 -01.94
1028.71 -01.98
1039.00 -01.99
1049.39 -02.01
1059.88 -02.02
1070.48 -02.04
1081.19 -02.04
1092.00 -02.06
1102.92 -02.06
1113.95 -02.06
1125.09 -02.05
1136.34 -02.04
1147.70 -02.03
1159.18 -01.99
1170.77 -01.94
1182.48 -01.88
1194.30 -01.81
1206.25 -01.71
1218.31 -01.63
1230.49 -01.53
1242.80 -01.45
1255.22 -01.37
1267.78 -01.28
1280.45 -01.21
1293.26 -01.15
1306.19 -01.09
1319.25 -01.05
1332.45 -01.02
1345.77 -01.01
1359.23 -01.00
1372.82 -00.99
1386.55 -00.97
1400.41 -00.95
1414.42 -00.92
1428.56 -00.88
1442.85 -00.84
1457.28 -00.80
1471.85 -00.75
1486.57 -00.72
1501.43 -00.68
1516.45 -00.68
1531.61 -00.70
1546.93 -00.71
1562.40 -00.73
1578.02 -00.76
1593.80 -00.81
1609.74 -00.86
1625.84 -00.93
1642.10 -00.99
1658.52 -01.05
1675.10 -01.14
1691.85 -01.24
1708.77 -01.37
1725.86 -01.53
1743.12 -01.70
1760.55 -01.87
1778.15 -02.02
1795.94 -02.19
1813.90 -02.29
1832.03 -02.38
1850.36 -02.47
1868.86 -02.54
1887.55 -02.59
1906.42 -02.63
1925.49 -02.67
1944.74 -02.71
1964.19 -02.75
1983.83 -02.79
2003.67 -02.85
2023.71 -02.95
2043.94 -03.07
2064.38 -03.18
2085.03 -03.31
2105.88 -03.43
2126.94 -03.55
2148.20 -03.63
2169.69 -03.70
2191.38 -03.75
2213.30 -03.81
2235.43 -03.86
2257.78 -03.99
2280.36 -04.14
2303.17 -04.27
2326.20 -04.39
2349.46 -04.49
2372.95 -04.52
2396.68 -04.49
2420.65 -04.45
2444.86 -04.43
2469.31 -04.44
2494.00 -04.47
2518.94 -04.55
2544.13 -04.65
2569.57 -04.78
2595.27 -04.95
2621.22 -05.15
2647.43 -05.38
2673.90 -05.62
2700.64 -05.87
2727.65 -06.12
2754.93 -06.37
2782.48 -06.59
2810.30 -06.83
2838.40 -07.12
2866.79 -07.40
2895.46 -07.67
2924.41 -07.92
2953.65 -08.16
2983.19 -08.38
3013.02 -08.59
3043.15 -08.82
3073.58 -08.98
3104.32 -09.08
3135.36 -09.10
3166.72 -09.08
3198.38 -09.01
3230.37 -08.94
3262.67 -08.89
3295.30 -08.82
3328.25 -08.73
3361.53 -08.60
3395.15 -08.45
3429.10 -08.32
3463.39 -08.23
3498.03 -08.20
3533.01 -08.20
3568.34 -08.26
3604.02 -08.37
3640.06 -08.45
3676.46 -08.50
3713.22 -08.54
3750.36 -08.58
3787.86 -08.58
3825.74 -08.56
3864.00 -08.50
3902.64 -08.42
3941.66 -08.28
3981.08 -08.12
4020.89 -07.99
4061.10 -07.88
4101.71 -07.69
4142.73 -07.44
4184.15 -07.17
4226.00 -06.94
4268.26 -06.69
4310.94 -06.41
4354.05 -06.27
4397.59 -06.25
4441.56 -06.37
4485.98 -06.59
4530.84 -06.64
4576.15 -06.66
4621.91 -06.80
4668.13 -07.07
4714.81 -07.48
4761.96 -07.94
4809.58 -08.25
4857.67 -08.65
4906.25 -09.08
4955.31 -09.46
5004.87 -09.73
5054.91 -09.74
5105.46 -09.61
5156.52 -09.36
5208.08 -08.98
5260.16 -08.48
5312.77 -07.94
5365.89 -07.47
5419.55 -06.95
5473.75 -06.45
5528.49 -05.96
5583.77 -05.52
5639.61 -05.37
5696.00 -05.36
5752.96 -05.39
5810.49 -05.46
5868.60 -05.55
5927.28 -05.66
5986.56 -05.77
6046.42 -05.98
6106.89 -06.20
6167.96 -06.41
6229.64 -06.58
6291.93 -06.71
6354.85 -06.76
6418.40 -06.73
6482.58 -06.63
6547.41 -06.45
6612.88 -06.25
6679.01 -06.02
6745.80 -05.94
6813.26 -05.90
6881.39 -05.82
6950.21 -05.65
7019.71 -05.43
7089.91 -05.15
7160.81 -04.88
7232.41 -04.56
7304.74 -04.19
7377.79 -03.77
7451.56 -03.33
7526.08 -02.79
7601.34 -02.11
7677.35 -01.53
7754.13 -01.05
7831.67 -00.71
7909.98 -00.49
7989.08 -00.39
8068.98 -00.51
8149.67 -00.77
8231.16 -01.16
8313.47 -01.68
8396.61 -02.34
8480.57 -03.14
8565.38 -03.86
8651.03 -04.48
8737.54 -04.83
8824.92 -04.82
8913.17 -04.46
9002.30 -03.87
9092.32 -03.25
9183.25 -02.64
9275.08 -02.08
9367.83 -01.60
9461.51 -01.22
9556.12 -00.95
9651.68 -00.79
9748.20 -00.72
9845.68 -00.76
9944.14 -00.87
10043.58 -00.95
10144.02 -00.95
10245.46 -00.99
10347.91 -01.06
10451.39 -01.16
10555.91 -01.29
10661.46 -01.60
10768.08 -02.01
10875.76 -02.29
10984.52 -02.40
11094.36 -02.32
11205.31 -02.12
11317.36 -01.94
11430.53 -01.76
11544.84 -01.63
11660.29 -01.52
11776.89 -01.43
11894.66 -01.06
12013.60 -00.58
12133.74 -00.09
12255.08 00.43
12377.63 00.95
12501.41 01.44
12626.42 01.77
12752.68 02.08
12880.21 02.40
13009.01 02.75
13139.10 03.13
13270.49 03.30
13403.20 03.29
13537.23 03.22
13672.60 03.08
13809.33 02.86
13947.42 02.59
14086.90 02.40
14227.77 02.28
14370.04 02.20
14513.74 02.14
14658.88 02.04
14805.47 01.89
14953.52 01.70
15103.06 01.60
15254.09 01.62
15406.63 01.76
15560.70 02.01
15716.30 02.33
15873.47 02.61
16032.20 02.82
16192.52 02.94
16354.45 02.98
16517.99 02.98
16683.17 02.93
16850.01 02.83
17018.51 02.70
17188.69 02.90
17360.58 02.96
17534.18 02.86
17709.53 02.67
17886.62 02.45
18065.49 02.10
18246.14 01.57
18428.60 01.10
18612.89 00.68
18799.02 00.30
18987.01 -00.08
19176.88 -00.47
19368.65 -00.91
19562.33 -01.44
19757.96 -02.06
19955.54 -02.81
20000.00 -02.99
