20.00 01.82
20.20 01.83
20.40 01.83
20.61 01.83
20.81 01.82
21.02 01.81
21.23 01.80
21.44 01.79
21.66 01.79
21.87 01.77
22.09 01.76
22.31 01.74
22.54 01.72
22.76 01.69
22.99 01.65
23.22 01.62
23.45 01.59
23.69 01.55
23.92 01.54
24.16 01.51
24.40 01.49
24.65 01.48
24.89 01.45
25.14 01.43
25.39 01.42
25.65 01.40
25.91 01.38
26.16 01.36
26.43 01.34
26.69 01.31
26.96 01.29
27.23 01.25
27.50 01.22
27.77 01.18
28.05 01.15
28.33 01.13
28.62 01.12
28.90 01.10
29.19 01.08
29.48 01.06
29.78 01.03
30.08 01.00
30.38 00.93
30.68 00.87
30.99 00.80
31.30 00.73
31.61 00.66
31.93 00.61
32.24 00.55
32.57 00.49
32.89 00.43
33.22 00.38
33.55 00.32
33.89 00.29
34.23 00.26
34.57 00.23
34.92 00.20
35.27 00.16
35.62 00.12
35.97 00.08
36.33 00.04
36.70 -00.02
37.06 -00.06
37.43 -00.11
37.81 -00.15
38.19 -00.21
38.57 -00.25
38.95 -00.31
39.34 -00.35
39.74 -00.41
40.14 -00.47
40.54 -00.56
40.94 -00.65
41.35 -00.74
41.76 -00.82
42.18 -00.91
42.60 -01.00
43.03 -01.06
43.46 -01.12
43.90 -01.18
44.33 -01.25
44.78 -01.31
45.23 -01.36
45.68 -01.41
46.13 -01.46
46.60 -01.51
47.06 -01.55
47.53 -01.60
48.01 -01.58
48.49 -01.58
48.97 -01.56
49.46 -01.55
49.96 -01.53
50.46 -01.51
50.96 -01.49
51.47 -01.46
51.99 -01.41
52.51 -01.37
53.03 -01.32
53.56 -01.31
54.10 -01.27
54.64 -01.24
55.18 -01.20
55.74 -01.14
56.29 -01.07
56.86 -00.99
57.42 -00.90
58.00 -00.82
58.58 -00.72
59.16 -00.62
59.76 -00.53
60.35 -00.43
60.96 -00.33
61.57 -00.24
62.18 -00.14
62.80 -00.06
63.43 00.00
64.07 00.01
64.71 00.03
65.35 00.04
66.01 00.06
66.67 00.06
67.33 00.08
68.01 00.10
68.69 00.12
69.37 00.14
70.07 00.16
70.77 00.18
71.48 00.20
72.19 00.21
72.91 00.22
73.64 00.23
74.38 00.23
75.12 00.24
75.87 00.27
76.63 00.30
77.40 00.32
78.17 00.35
78.95 00.37
79.74 00.39
80.54 00.40
81.35 00.41
82.16 00.41
82.98 00.42
83.81 00.41
84.65 00.41
85.50 00.42
86.35 00.43
87.22 00.44
88.09 00.44
88.97 00.44
89.86 00.44
90.76 00.42
91.66 00.37
92.58 00.33
93.51 00.29
94.44 00.24
95.39 00.21
96.34 00.18
97.30 00.16
98.28 00.13
99.26 00.11
100.25 00.08
101.25 00.06
102.27 00.02
103.29 -00.01
104.32 -00.03
105.37 -00.06
106.42 -00.09
107.48 -00.12
108.56 -00.16
109.64 -00.19
110.74 -00.23
111.85 -00.26
112.97 -00.29
114.10 -00.31
115.24 -00.33
116.39 -00.35
117.55 -00.37
118.73 -00.40
119.92 -00.43
121.12 -00.47
122.33 -00.50
123.55 -00.52
124.79 -00.56
126.03 -00.56
127.29 -00.58
128.57 -00.58
129.85 -00.58
131.15 -00.59
132.46 -00.60
133.79 -00.61
135.12 -00.61
136.48 -00.63
137.84 -00.63
139.22 -00.64
140.61 -00.66
142.02 -00.66
143.44 -00.68
144.87 -00.69
146.32 -00.69
147.78 -00.71
149.26 -00.71
150.75 -00.73
152.26 -00.74
153.78 -00.76
155.32 -00.77
156.88 -00.78
158.44 -00.78
160.03 -00.79
161.63 -00.75
163.24 -00.73
164.88 -00.69
166.53 -00.65
168.19 -00.61
169.87 -00.55
171.57 -00.52
173.29 -00.49
175.02 -00.44
176.77 -00.39
178.54 -00.35
180.32 -00.29
182.13 -00.24
183.95 -00.18
185.79 -00.13
187.65 -00.08
189.52 -00.02
191.42 00.05
193.33 00.11
195.27 00.17
197.22 00.24
199.19 00.30
201.18 00.37
203.19 00.45
205.23 00.52
207.28 00.59
209.35 00.65
211.44 00.72
213.56 00.77
215.69 00.81
217.85 00.86
220.03 00.90
222.23 00.93
224.45 00.96
226.70 00.99
228.96 01.02
231.25 01.06
233.57 01.08
235.90 01.10
238.26 01.13
240.64 01.15
243.05 01.17
245.48 01.19
247.93 01.21
250.41 01.23
252.92 01.26
255.45 01.29
258.00 01.32
260.58 01.35
263.19 01.36
265.82 01.39
268.48 01.39
271.16 01.40
273.87 01.40
276.61 01.41
279.38 01.40
282.17 01.41
284.99 01.41
287.84 01.41
290.72 01.42
293.63 01.42
296.57 01.42
299.53 01.41
302.53 01.41
305.55 01.42
308.61 01.41
311.69 01.42
314.81 01.41
317.96 01.40
321.14 01.40
324.35 01.39
327.59 01.39
330.87 01.39
334.18 01.38
337.52 01.37
340.90 01.38
344.30 01.37
347.75 01.37
351.23 01.37
354.74 01.37
358.28 01.35
361.87 01.33
365.49 01.30
369.14 01.28
372.83 01.26
376.56 01.24
380.33 01.23
384.13 01.24
387.97 01.23
391.85 01.22
395.77 01.23
399.73 01.22
403.72 01.20
407.76 01.19
411.84 01.17
415.96 01.15
420.12 01.12
424.32 01.10
428.56 01.07
432.85 01.04
437.18 01.01
441.55 00.98
445.96 00.95
450.42 00.92
454.93 00.89
459.48 00.88
464.07 00.86
468.71 00.84
473.40 00.82
478.13 00.80
482.91 00.78
487.74 00.77
492.62 00.75
497.55 00.73
502.52 00.73
507.55 00.73
512.62 00.75
517.75 00.75
522.93 00.77
528.16 00.77
533.44 00.78
538.77 00.77
544.16 00.78
549.60 00.77
555.10 00.76
560.65 00.77
566.25 00.76
571.92 00.77
577.64 00.76
583.41 00.76
589.25 00.75
595.14 00.74
601.09 00.73
607.10 00.69
613.17 00.66
619.30 00.62
625.50 00.58
631.75 00.55
638.07 00.51
644.45 00.49
650.89 00.45
657.40 00.42
663.98 00.39
670.62 00.36
677.32 00.31
684.10 00.27
690.94 00.22
697.85 00.18
704.83 00.13
711.87 00.09
718.99 00.06
726.18 00.03
733.44 00.01
740.78 -00.02
748.19 -00.05
755.67 -00.06
763.23 -00.07
770.86 -00.09
778.57 -00.09
786.35 -00.11
794.22 -00.12
802.16 -00.13
810.18 -00.14
818.28 -00.15
826.46 -00.16
834.73 -00.17
843.08 -00.17
851.51 -00.18
860.02 -00.23
868.62 -00.27
877.31 -00.31
886.08 -00.34
894.94 -00.38
903.89 -00.40
912.93 -00.41
922.06 -00.41
931.28 -00.41
940.59 -00.39
950.00 -00.38
959.50 -00.37
969.09 -00.34
978.78 -00.32
988.57 -00.31
998.46 -00.31
1008.44 -00.31
1018.53 -00.32
1028.71 -00.34
1039.00 -00.37
1049.39 -00.41
1059.88 -00.46
1070.48 -00.53
1081.19 -00.59
1092.00 -00.66
1102.92 -00.73
1113.95 -00.79
1125.09 -00.83
1136.34 -00.87
1147.70 -00.91
1159.18 -00.92
1170.77 -00.92
1182.48 -00.91
1194.30 -00.86
1206.25 -00.80
1218.31 -00.73
1230.49 -00.64
1242.80 -00.56
1255.22 -00.46
1267.78 -00.35
1280.45 -00.25
1293.26 -00.17
1306.19 -00.08
1319.25 -00.01
1332.45 00.04
1345.77 00.07
1359.23 00.09
1372.82 00.11
1386.55 00.11
1400.41 00.10
1414.42 00.11
1428.56 00.10
1442.85 00.10
1457.28 00.09
1471.85 00.09
1486.57 00.09
1501.43 00.11
1516.45 00.09
1531.61 00.08
1546.93 00.08
1562.40 00.08
1578.02 00.09
1593.80 00.09
1609.74 00.11
1625.84 00.12
1642.10 00.14
1658.52 00.16
1675.10 00.16
1691.85 00.16
1708.77 00.13
1725.86 00.08
1743.12 00.01
1760.55 -00.07
1778.15 -00.16
1795.94 -00.27
1813.90 -00.36
1832.03 -00.45
1850.36 -00.57
1868.86 -00.72
1887.55 -00.89
1906.42 -01.09
1925.49 -01.33
1944.74 -01.61
1964.19 -01.89
1983.83 -02.20
2003.67 -02.53
2023.71 -02.90
2043.94 -03.27
2064.38 -03.61
2085.03 -03.90
2105.88 -04.15
2126.94 -04.33
2148.20 -04.41
2169.69 -04.45
2191.38 -04.43
2213.30 -04.39
2235.43 -04.32
2257.78 -04.33
2280.36 -04.37
2303.17 -04.40
2326.20 -04.42
2349.46 -04.44
2372.95 -04.39
2396.68 -04.28
2420.65 -04.16
2444.86 -04.04
2469.31 -03.92
2494.00 -03.79
2518.94 -03.66
2544.13 -03.53
2569.57 -03.39
2595.27 -03.27
2621.22 -03.16
2647.43 -03.07
2673.90 -02.99
2700.64 -02.92
2727.65 -02.88
2754.93 -02.86
2782.48 -02.86
2810.30 -02.93
2838.40 -03.11
2866.79 -03.30
2895.46 -03.51
2924.41 -03.73
2953.65 -03.96
2983.19 -04.20
3013.02 -04.47
3043.15 -04.84
3073.58 -05.26
3104.32 -05.77
3135.36 -06.39
3166.72 -07.09
3198.38 -07.83
3230.37 -08.60
3262.67 -09.32
3295.30 -09.92
3328.25 -10.39
3361.53 -10.72
3395.15 -10.91
3429.10 -10.98
3463.39 -10.92
3498.03 -10.78
3533.01 -10.62
3568.34 -10.54
3604.02 -10.59
3640.06 -10.75
3676.46 -11.00
3713.22 -11.34
3750.36 -11.70
3787.86 -12.04
3825.74 -12.33
3864.00 -12.57
3902.64 -12.79
3941.66 -12.99
3981.08 -13.20
4020.89 -13.51
4061.10 -13.89
4101.71 -14.15
4142.73 -14.18
4184.15 -13.75
4226.00 -12.76
4268.26 -11.30
4310.94 -09.62
4354.05 -08.14
4397.59 -07.02
4441.56 -06.29
4485.98 -05.89
4530.84 -05.46
4576.15 -05.08
4621.91 -04.84
4668.13 -04.71
4714.81 -04.67
4761.96 -04.69
4809.58 -04.63
4857.67 -04.82
4906.25 -05.32
4955.31 -06.12
5004.87 -07.06
5054.91 -07.86
5105.46 -08.54
5156.52 -09.06
5208.08 -09.40
5260.16 -09.60
5312.77 -09.72
5365.89 -09.83
5419.55 -09.81
5473.75 -09.70
5528.49 -09.50
5583.77 -09.24
5639.61 -09.16
5696.00 -09.13
5752.96 -09.06
5810.49 -08.97
5868.60 -08.85
5927.28 -08.72
5986.56 -08.58
6046.42 -08.52
6106.89 -08.46
6167.96 -08.40
6229.64 -08.33
6291.93 -08.23
6354.85 -08.07
6418.40 -07.85
6482.58 -07.55
6547.41 -07.17
6612.88 -06.76
6679.01 -06.33
6745.80 -06.04
6813.26 -05.83
6881.39 -05.61
6950.21 -05.33
7019.71 -05.04
7089.91 -04.72
7160.81 -04.50
7232.41 -04.35
7304.74 -04.25
7377.79 -04.22
7451.56 -04.22
7526.08 -04.14
7601.34 -03.86
7677.35 -03.59
7754.13 -03.29
7831.67 -02.95
7909.98 -02.54
7989.08 -02.03
8068.98 -01.50
8149.67 -00.89
8231.16 -00.23
8313.47 00.39
8396.61 00.91
8480.57 01.26
8565.38 01.63
8651.03 01.92
8737.54 02.11
8824.92 02.22
8913.17 02.22
9002.30 02.08
9092.32 01.71
9183.25 01.13
9275.08 00.36
9367.83 -00.60
9461.51 -01.66
9556.12 -02.71
9651.68 -03.67
9748.20 -04.54
9845.68 -05.33
9944.14 -06.04
10043.58 -06.58
10144.02 -06.81
10245.46 -06.76
10347.91 -06.35
10451.39 -05.60
10555.91 -04.66
10661.46 -03.85
10768.08 -03.21
10875.76 -02.65
10984.52 -02.16
11094.36 -01.72
11205.31 -01.24
11317.36 -00.80
11430.53 -00.32
11544.84 00.13
11660.29 00.54
11776.89 00.90
11894.66 01.48
12013.60 02.10
12133.74 02.70
12255.08 03.28
12377.63 03.83
12501.41 04.30
12626.42 04.52
12752.68 04.64
12880.21 04.66
13009.01 04.60
13139.10 04.47
13270.49 04.09
13403.20 03.49
13537.23 02.82
13672.60 02.09
13809.33 01.27
13947.42 00.39
14086.90 -00.45
14227.77 -01.25
14370.04 -02.03
14513.74 -02.80
14658.88 -03.56
14805.47 -04.31
14953.52 -05.08
15103.06 -05.78
15254.09 -06.40
15406.63 -06.88
15560.70 -07.16
15716.30 -07.22
15873.47 -07.11
16032.20 -06.86
16192.52 -06.58
16354.45 -06.34
16517.99 -06.21
16683.17 -06.17
16850.01 -06.15
17018.51 -06.01
17188.69 -05.35
17360.58 -04.63
17534.18 -03.93
17709.53 -03.29
17886.62 -02.74
18065.49 -02.44
18246.14 -02.44
18428.60 -02.42
18612.89 -02.33
18799.02 -02.20
18987.01 -02.12
19176.88 -02.13
19368.65 -02.25
19562.33 -02.47
19757.96 -02.72
19955.54 -03.00
20000.00 -03.07
