20.00 00.48
20.20 00.52
20.40 00.56
20.61 00.59
20.81 00.62
21.02 00.66
21.23 00.69
21.44 00.73
21.66 00.77
21.87 00.82
22.09 00.85
22.31 00.90
22.54 00.92
22.76 00.95
22.99 00.96
23.22 00.98
23.45 00.99
23.69 01.01
23.92 01.03
24.16 01.05
24.40 01.06
24.65 01.08
24.89 01.09
25.14 01.11
25.39 01.14
25.65 01.18
25.91 01.20
26.16 01.23
26.43 01.25
26.69 01.27
26.96 01.30
27.23 01.32
27.50 01.34
27.77 01.35
28.05 01.37
28.33 01.37
28.62 01.37
28.90 01.38
29.19 01.37
29.48 01.37
29.78 01.37
30.08 01.35
30.38 01.33
30.68 01.32
30.99 01.29
31.30 01.26
31.61 01.24
31.93 01.23
32.24 01.22
32.57 01.21
32.89 01.18
33.22 01.17
33.55 01.15
33.89 01.13
34.23 01.13
34.57 01.11
34.92 01.09
35.27 01.09
35.62 01.07
35.97 01.05
36.33 01.03
36.70 01.01
37.06 01.00
37.43 00.98
37.81 00.94
38.19 00.91
38.57 00.88
38.95 00.83
39.34 00.80
39.74 00.77
40.14 00.73
40.54 00.67
40.94 00.62
41.35 00.58
41.76 00.53
42.18 00.47
42.60 00.43
43.03 00.41
43.46 00.40
43.90 00.38
44.33 00.37
44.78 00.35
45.23 00.33
45.68 00.29
46.13 00.26
46.60 00.22
47.06 00.19
47.53 00.16
48.01 00.15
48.49 00.14
48.97 00.13
49.46 00.13
49.96 00.12
50.46 00.12
50.96 00.11
51.47 00.11
51.99 00.11
52.51 00.12
53.03 00.14
53.56 00.17
54.10 00.21
54.64 00.24
55.18 00.30
55.74 00.36
56.29 00.45
56.86 00.54
57.42 00.62
58.00 00.73
58.58 00.84
59.16 00.95
59.76 01.06
60.35 01.17
60.96 01.28
61.57 01.38
62.18 01.49
62.80 01.58
63.43 01.65
64.07 01.69
64.71 01.74
65.35 01.78
66.01 01.80
66.67 01.83
67.33 01.86
68.01 01.89
68.69 01.92
69.37 01.95
70.07 01.97
70.77 02.00
71.48 02.02
72.19 02.04
72.91 02.05
73.64 02.07
74.38 02.08
75.12 02.09
75.87 02.12
76.63 02.13
77.40 02.16
78.17 02.17
78.95 02.20
79.74 02.21
80.54 02.22
81.35 02.23
82.16 02.24
82.98 02.24
83.81 02.25
84.65 02.26
85.50 02.27
86.35 02.30
87.22 02.33
88.09 02.36
88.97 02.40
89.86 02.43
90.76 02.43
91.66 02.42
92.58 02.42
93.51 02.41
94.44 02.41
95.39 02.41
96.34 02.43
97.30 02.44
98.28 02.44
99.26 02.46
100.25 02.46
101.25 02.46
102.27 02.48
103.29 02.48
104.32 02.48
105.37 02.49
106.42 02.49
107.48 02.49
108.56 02.49
109.64 02.49
110.74 02.50
111.85 02.50
112.97 02.50
114.10 02.50
115.24 02.50
116.39 02.50
117.55 02.51
118.73 02.49
119.92 02.48
121.12 02.46
122.33 02.45
123.55 02.44
124.79 02.42
126.03 02.42
127.29 02.43
128.57 02.43
129.85 02.43
131.15 02.44
132.46 02.44
133.79 02.44
135.12 02.45
136.48 02.45
137.84 02.45
139.22 02.46
140.61 02.46
142.02 02.46
143.44 02.46
144.87 02.46
146.32 02.46
147.78 02.46
149.26 02.46
150.75 02.44
152.26 02.43
153.78 02.41
155.32 02.40
156.88 02.37
158.44 02.35
160.03 02.33
161.63 02.35
163.24 02.36
164.88 02.37
166.53 02.39
168.19 02.40
169.87 02.41
171.57 02.40
173.29 02.40
175.02 02.39
176.77 02.38
178.54 02.38
180.32 02.37
182.13 02.34
183.95 02.31
185.79 02.28
187.65 02.25
189.52 02.22
191.42 02.20
193.33 02.18
195.27 02.16
197.22 02.14
199.19 02.12
201.18 02.11
203.19 02.10
205.23 02.10
207.28 02.10
209.35 02.10
211.44 02.10
213.56 02.09
215.69 02.07
217.85 02.06
220.03 02.06
222.23 02.05
224.45 02.04
226.70 02.03
228.96 02.02
231.25 02.01
233.57 02.00
235.90 01.99
238.26 01.98
240.64 01.97
243.05 01.95
245.48 01.94
247.93 01.93
250.41 01.92
252.92 01.92
255.45 01.93
258.00 01.93
260.58 01.93
263.19 01.94
265.82 01.94
268.48 01.92
271.16 01.91
273.87 01.90
276.61 01.89
279.38 01.87
282.17 01.87
284.99 01.86
287.84 01.86
290.72 01.85
293.63 01.84
296.57 01.84
299.53 01.83
302.53 01.83
305.55 01.82
308.61 01.82
311.69 01.81
314.81 01.81
317.96 01.80
321.14 01.79
324.35 01.77
327.59 01.77
330.87 01.76
334.18 01.75
337.52 01.74
340.90 01.72
344.30 01.72
347.75 01.71
351.23 01.70
354.74 01.69
358.28 01.66
361.87 01.63
365.49 01.61
369.14 01.58
372.83 01.56
376.56 01.54
380.33 01.53
384.13 01.53
387.97 01.52
391.85 01.51
395.77 01.51
399.73 01.51
403.72 01.48
407.76 01.46
411.84 01.45
415.96 01.42
420.12 01.40
424.32 01.38
428.56 01.35
432.85 01.32
437.18 01.28
441.55 01.25
445.96 01.22
450.42 01.19
454.93 01.17
459.48 01.16
464.07 01.14
468.71 01.13
473.40 01.11
478.13 01.09
482.91 01.08
487.74 01.06
492.62 01.05
497.55 01.03
502.52 01.03
507.55 01.03
512.62 01.03
517.75 01.03
522.93 01.04
528.16 01.03
533.44 01.03
538.77 01.01
544.16 01.00
549.60 00.98
555.10 00.97
560.65 00.95
566.25 00.94
571.92 00.92
577.64 00.91
583.41 00.89
589.25 00.88
595.14 00.86
601.09 00.85
607.10 00.82
613.17 00.78
619.30 00.75
625.50 00.72
631.75 00.68
638.07 00.67
644.45 00.66
650.89 00.65
657.40 00.63
663.98 00.62
670.62 00.61
677.32 00.58
684.10 00.55
690.94 00.52
697.85 00.49
704.83 00.46
711.87 00.44
718.99 00.43
726.18 00.42
733.44 00.40
740.78 00.39
748.19 00.37
755.67 00.35
763.23 00.32
770.86 00.29
778.57 00.26
786.35 00.23
794.22 00.20
802.16 00.18
810.18 00.16
818.28 00.15
826.46 00.13
834.73 00.12
843.08 00.10
851.51 00.08
860.02 00.04
868.62 00.00
877.31 -00.03
886.08 -00.07
894.94 -00.11
903.89 -00.14
912.93 -00.17
922.06 -00.19
931.28 -00.22
940.59 -00.24
950.00 -00.26
959.50 -00.28
969.09 -00.30
978.78 -00.32
988.57 -00.33
998.46 -00.35
1008.44 -00.36
1018.53 -00.37
1028.71 -00.39
1039.00 -00.40
1049.39 -00.43
1059.88 -00.45
1070.48 -00.48
1081.19 -00.51
1092.00 -00.55
1102.92 -00.59
1113.95 -00.64
1125.09 -00.69
1136.34 -00.74
1147.70 -00.79
1159.18 -00.83
1170.77 -00.87
1182.48 -00.90
1194.30 -00.93
1206.25 -00.94
1218.31 -00.94
1230.49 -00.94
1242.80 -00.94
1255.22 -00.93
1267.78 -00.91
1280.45 -00.89
1293.26 -00.86
1306.19 -00.85
1319.25 -00.83
1332.45 -00.83
1345.77 -00.84
1359.23 -00.85
1372.82 -00.86
1386.55 -00.88
1400.41 -00.90
1414.42 -00.91
1428.56 -00.93
1442.85 -00.96
1457.28 -00.98
1471.85 -01.01
1486.57 -01.03
1501.43 -01.05
1516.45 -01.09
1531.61 -01.13
1546.93 -01.18
1562.40 -01.23
1578.02 -01.30
1593.80 -01.35
1609.74 -01.41
1625.84 -01.46
1642.10 -01.50
1658.52 -01.56
1675.10 -01.62
1691.85 -01.67
1708.77 -01.73
1725.86 -01.81
1743.12 -01.87
1760.55 -01.94
1778.15 -02.00
1795.94 -02.06
1813.90 -02.11
1832.03 -02.16
1850.36 -02.21
1868.86 -02.25
1887.55 -02.29
1906.42 -02.33
1925.49 -02.39
1944.74 -02.44
1964.19 -02.49
1983.83 -02.55
2003.67 -02.61
2023.71 -02.73
2043.94 -02.84
2064.38 -02.94
2085.03 -03.04
2105.88 -03.13
2126.94 -03.20
2148.20 -03.23
2169.69 -03.25
2191.38 -03.29
2213.30 -03.31
2235.43 -03.36
2257.78 -03.46
2280.36 -03.58
2303.17 -03.71
2326.20 -03.86
2349.46 -04.02
2372.95 -04.11
2396.68 -04.15
2420.65 -04.19
2444.86 -04.22
2469.31 -04.26
2494.00 -04.29
2518.94 -04.34
2544.13 -04.39
2569.57 -04.43
2595.27 -04.46
2621.22 -04.48
2647.43 -04.49
2673.90 -04.48
2700.64 -04.47
2727.65 -04.44
2754.93 -04.42
2782.48 -04.38
2810.30 -04.38
2838.40 -04.44
2866.79 -04.51
2895.46 -04.56
2924.41 -04.63
2953.65 -04.69
2983.19 -04.73
3013.02 -04.79
3043.15 -04.86
3073.58 -04.90
3104.32 -04.92
3135.36 -04.92
3166.72 -04.91
3198.38 -04.88
3230.37 -04.84
3262.67 -04.78
3295.30 -04.71
3328.25 -04.62
3361.53 -04.51
3395.15 -04.35
3429.10 -04.20
3463.39 -04.03
3498.03 -03.86
3533.01 -03.66
3568.34 -03.48
3604.02 -03.31
3640.06 -03.15
3676.46 -02.98
3713.22 -02.80
3750.36 -02.63
3787.86 -02.37
3825.74 -02.10
3864.00 -01.82
3902.64 -01.54
3941.66 -01.24
3981.08 -00.94
4020.89 -00.73
4061.10 -00.60
4101.71 -00.47
4142.73 -00.35
4184.15 -00.24
4226.00 -00.12
4268.26 00.02
4310.94 00.22
4354.05 00.38
4397.59 00.52
4441.56 00.64
4485.98 00.70
4530.84 00.88
4576.15 01.07
4621.91 01.19
4668.13 01.22
4714.81 01.18
4761.96 01.19
4809.58 01.56
4857.67 01.84
4906.25 02.05
4955.31 02.18
5004.87 02.28
5054.91 02.63
5105.46 02.92
5156.52 03.15
5208.08 03.35
5260.16 03.52
5312.77 03.66
5365.89 03.65
5419.55 03.66
5473.75 03.72
5528.49 03.80
5583.77 03.91
5639.61 03.77
5696.00 03.55
5752.96 03.34
5810.49 03.16
5868.60 03.01
5927.28 02.88
5986.56 02.78
6046.42 02.65
6106.89 02.54
6167.96 02.48
6229.64 02.45
6291.93 02.47
6354.85 02.53
6418.40 02.65
6482.58 02.81
6547.41 03.02
6612.88 03.28
6679.01 03.58
6745.80 03.81
6813.26 04.00
6881.39 04.23
6950.21 04.47
7019.71 04.70
7089.91 04.91
7160.81 05.03
7232.41 05.10
7304.74 05.11
7377.79 05.03
7451.56 04.90
7526.08 04.74
7601.34 04.62
7677.35 04.41
7754.13 04.13
7831.67 03.73
7909.98 03.26
7989.08 02.70
8068.98 01.97
8149.67 01.17
8231.16 00.37
8313.47 -00.42
8396.61 -01.16
8480.57 -01.82
8565.38 -02.23
8651.03 -02.47
8737.54 -02.61
8824.92 -02.66
8913.17 -02.64
9002.30 -02.56
9092.32 -02.46
9183.25 -02.34
9275.08 -02.21
9367.83 -02.09
9461.51 -01.95
9556.12 -01.79
9651.68 -01.61
9748.20 -01.40
9845.68 -01.15
9944.14 -00.88
10043.58 -00.47
10144.02 00.06
10245.46 00.66
10347.91 01.30
10451.39 01.96
10555.91 02.62
10661.46 03.10
10768.08 03.41
10875.76 03.67
10984.52 03.85
11094.36 03.97
11205.31 04.03
11317.36 04.00
11430.53 03.90
11544.84 03.72
11660.29 03.48
11776.89 03.20
11894.66 02.89
12013.60 02.58
12133.74 02.31
12255.08 02.09
12377.63 01.92
12501.41 01.76
12626.42 01.56
12752.68 01.36
12880.21 01.17
13009.01 00.95
13139.10 00.71
13270.49 00.39
13403.20 00.00
13537.23 -00.38
13672.60 -00.74
13809.33 -01.01
13947.42 -01.13
14086.90 -01.09
14227.77 -00.92
14370.04 -00.66
14513.74 -00.34
14658.88 00.03
14805.47 00.43
14953.52 00.84
15103.06 01.20
15254.09 01.51
15406.63 01.79
15560.70 02.02
15716.30 02.18
15873.47 02.29
16032.20 02.34
16192.52 02.36
16354.45 02.31
16517.99 02.19
16683.17 01.99
16850.01 01.70
17018.51 01.37
17188.69 01.34
17360.58 01.26
17534.18 01.12
17709.53 00.92
17886.62 00.68
18065.49 00.37
18246.14 -00.05
18428.60 -00.55
18612.89 -01.11
18799.02 -01.70
18987.01 -02.32
19176.88 -02.97
19368.65 -03.62
19562.33 -04.28
19757.96 -04.99
19955.54 -05.75
20000.00 -05.93
