20.00	-00.95
20.20	-00.92
20.40	-00.90
20.61	-00.88
20.81	-00.87
21.02	-00.86
21.23	-00.84
21.44	-00.82
21.66	-00.80
21.87	-00.77
22.09	-00.76
22.31	-00.73
22.54	-00.73
22.76	-00.73
22.99	-00.73
23.22	-00.73
23.45	-00.75
23.69	-00.75
23.92	-00.75
24.16	-00.75
24.40	-00.75
24.65	-00.76
24.89	-00.77
25.14	-00.77
25.39	-00.76
25.65	-00.74
25.91	-00.74
26.16	-00.73
26.43	-00.73
26.69	-00.73
26.96	-00.72
27.23	-00.73
27.50	-00.72
27.77	-00.73
28.05	-00.73
28.33	-00.75
28.62	-00.77
28.90	-00.78
29.19	-00.81
29.48	-00.82
29.78	-00.85
30.08	-00.88
30.38	-00.92
30.68	-00.95
30.99	-01.00
31.30	-01.04
31.61	-01.07
31.93	-01.10
32.24	-01.12
32.57	-01.14
32.89	-01.18
33.22	-01.20
33.55	-01.23
33.89	-01.25
34.23	-01.26
34.57	-01.27
34.92	-01.29
35.27	-01.31
35.62	-01.33
35.97	-01.35
36.33	-01.36
36.70	-01.39
37.06	-01.41
37.43	-01.43
37.81	-01.47
38.19	-01.51
38.57	-01.55
38.95	-01.60
39.34	-01.64
39.74	-01.69
40.14	-01.74
40.54	-01.81
40.94	-01.88
41.35	-01.94
41.76	-02.01
42.18	-02.09
42.60	-02.15
43.03	-02.20
43.46	-02.24
43.90	-02.29
44.33	-02.33
44.78	-02.38
45.23	-02.44
45.68	-02.51
46.13	-02.59
46.60	-02.66
47.06	-02.74
47.53	-02.82
48.01	-02.88
48.49	-02.94
48.97	-03.00
49.46	-03.06
49.96	-03.13
50.46	-03.19
50.96	-03.25
51.47	-03.30
51.99	-03.35
52.51	-03.39
53.03	-03.41
53.56	-03.42
54.10	-03.42
54.64	-03.42
55.18	-03.39
55.74	-03.35
56.29	-03.30
56.86	-03.23
57.42	-03.16
58.00	-03.08
58.58	-02.98
59.16	-02.90
59.76	-02.81
60.35	-02.72
60.96	-02.63
61.57	-02.55
62.18	-02.46
62.80	-02.39
63.43	-02.32
64.07	-02.29
64.71	-02.24
65.35	-02.21
66.01	-02.18
66.67	-02.15
67.33	-02.12
68.01	-02.08
68.69	-02.04
69.37	-02.00
70.07	-01.96
70.77	-01.93
71.48	-01.90
72.19	-01.87
72.91	-01.83
73.64	-01.80
74.38	-01.77
75.12	-01.75
75.87	-01.70
76.63	-01.66
77.40	-01.62
78.17	-01.59
78.95	-01.54
79.74	-01.51
80.54	-01.48
81.35	-01.45
82.16	-01.44
82.98	-01.43
83.81	-01.41
84.65	-01.40
85.50	-01.39
86.35	-01.37
87.22	-01.35
88.09	-01.34
88.97	-01.31
89.86	-01.31
90.76	-01.33
91.66	-01.36
92.58	-01.39
93.51	-01.42
94.44	-01.44
95.39	-01.47
96.34	-01.47
97.30	-01.48
98.28	-01.48
99.26	-01.48
100.25	-01.48
101.25	-01.48
102.27	-01.47
103.29	-01.47
104.32	-01.47
105.37	-01.46
106.42	-01.45
107.48	-01.44
108.56	-01.43
109.64	-01.42
110.74	-01.40
111.85	-01.39
112.97	-01.38
114.10	-01.36
115.24	-01.35
116.39	-01.34
117.55	-01.32
118.73	-01.32
119.92	-01.33
121.12	-01.34
122.33	-01.34
123.55	-01.35
124.79	-01.36
126.03	-01.36
127.29	-01.34
128.57	-01.33
129.85	-01.33
131.15	-01.31
132.46	-01.29
133.79	-01.28
135.12	-01.25
136.48	-01.24
137.84	-01.22
139.22	-01.18
140.61	-01.16
142.02	-01.13
143.44	-01.09
144.87	-01.05
146.32	-01.02
147.78	-00.97
149.26	-00.93
150.75	-00.90
152.26	-00.86
153.78	-00.83
155.32	-00.79
156.88	-00.76
158.44	-00.72
160.03	-00.67
161.63	-00.60
163.24	-00.52
164.88	-00.44
166.53	-00.36
168.19	-00.28
169.87	-00.20
171.57	-00.14
173.29	-00.07
175.02	00.00
176.77	00.06
178.54	00.13
180.32	00.19
182.13	00.23
183.95	00.27
185.79	00.30
187.65	00.34
189.52	00.38
191.42	00.42
193.33	00.46
195.27	00.51
197.22	00.55
199.19	00.59
201.18	00.64
203.19	00.70
205.23	00.76
207.28	00.82
209.35	00.88
211.44	00.93
213.56	00.97
215.69	01.02
217.85	01.06
220.03	01.09
222.23	01.13
224.45	01.17
226.70	01.20
228.96	01.24
231.25	01.27
233.57	01.30
235.90	01.33
238.26	01.36
240.64	01.38
243.05	01.41
245.48	01.43
247.93	01.45
250.41	01.48
252.92	01.51
255.45	01.55
258.00	01.58
260.58	01.61
263.19	01.65
265.82	01.67
268.48	01.68
271.16	01.69
273.87	01.69
276.61	01.70
279.38	01.70
282.17	01.72
284.99	01.72
287.84	01.73
290.72	01.74
293.63	01.74
296.57	01.74
299.53	01.75
302.53	01.76
305.55	01.76
308.61	01.77
311.69	01.77
314.81	01.78
317.96	01.78
321.14	01.78
324.35	01.78
327.59	01.78
330.87	01.78
334.18	01.78
337.52	01.79
340.90	01.78
344.30	01.78
347.75	01.78
351.23	01.78
354.74	01.78
358.28	01.76
361.87	01.75
365.49	01.73
369.14	01.71
372.83	01.70
376.56	01.69
380.33	01.69
384.13	01.69
387.97	01.70
391.85	01.69
395.77	01.70
399.73	01.70
403.72	01.69
407.76	01.68
411.84	01.67
415.96	01.66
420.12	01.64
424.32	01.62
428.56	01.60
432.85	01.57
437.18	01.54
441.55	01.51
445.96	01.49
450.42	01.45
454.93	01.43
459.48	01.42
464.07	01.40
468.71	01.38
473.40	01.35
478.13	01.33
482.91	01.31
487.74	01.29
492.62	01.26
497.55	01.24
502.52	01.22
507.55	01.22
512.62	01.20
517.75	01.20
522.93	01.19
528.16	01.18
533.44	01.17
538.77	01.14
544.16	01.12
549.60	01.09
555.10	01.07
560.65	01.05
566.25	01.02
571.92	01.00
577.64	00.98
583.41	00.96
589.25	00.93
595.14	00.91
601.09	00.89
607.10	00.85
613.17	00.81
619.30	00.77
625.50	00.73
631.75	00.69
638.07	00.67
644.45	00.65
650.89	00.63
657.40	00.61
663.98	00.59
670.62	00.57
677.32	00.53
684.10	00.49
690.94	00.46
697.85	00.41
704.83	00.37
711.87	00.34
718.99	00.31
726.18	00.29
733.44	00.27
740.78	00.24
748.19	00.22
755.67	00.19
763.23	00.14
770.86	00.11
778.57	00.07
786.35	00.05
794.22	00.01
802.16	-00.01
810.18	-00.03
818.28	-00.04
826.46	-00.04
834.73	-00.05
843.08	-00.05
851.51	-00.06
860.02	-00.08
868.62	-00.11
877.31	-00.14
886.08	-00.18
894.94	-00.22
903.89	-00.26
912.93	-00.30
922.06	-00.34
931.28	-00.38
940.59	-00.43
950.00	-00.47
959.50	-00.52
969.09	-00.56
978.78	-00.60
988.57	-00.63
998.46	-00.66
1008.44	-00.68
1018.53	-00.70
1028.71	-00.71
1039.00	-00.72
1049.39	-00.73
1059.88	-00.74
1070.48	-00.75
1081.19	-00.76
1092.00	-00.77
1102.92	-00.77
1113.95	-00.78
1125.09	-00.78
1136.34	-00.79
1147.70	-00.79
1159.18	-00.80
1170.77	-00.80
1182.48	-00.81
1194.30	-00.81
1206.25	-00.81
1218.31	-00.81
1230.49	-00.80
1242.80	-00.80
1255.22	-00.79
1267.78	-00.78
1280.45	-00.76
1293.26	-00.74
1306.19	-00.72
1319.25	-00.69
1332.45	-00.66
1345.77	-00.63
1359.23	-00.59
1372.82	-00.55
1386.55	-00.51
1400.41	-00.47
1414.42	-00.42
1428.56	-00.38
1442.85	-00.34
1457.28	-00.30
1471.85	-00.26
1486.57	-00.22
1501.43	-00.18
1516.45	-00.16
1531.61	-00.13
1546.93	-00.10
1562.40	-00.07
1578.02	-00.04
1593.80	00.00
1609.74	00.04
1625.84	00.09
1642.10	00.14
1658.52	00.19
1675.10	00.23
1691.85	00.27
1708.77	00.29
1725.86	00.29
1743.12	00.29
1760.55	00.26
1778.15	00.22
1795.94	00.16
1813.90	00.08
1832.03	-00.03
1850.36	-00.17
1868.86	-00.34
1887.55	-00.54
1906.42	-00.78
1925.49	-01.07
1944.74	-01.39
1964.19	-01.73
1983.83	-02.10
2003.67	-02.49
2023.71	-02.96
2043.94	-03.42
2064.38	-03.86
2085.03	-04.28
2105.88	-04.65
2126.94	-04.95
2148.20	-05.15
2169.69	-05.30
2191.38	-05.41
2213.30	-05.48
2235.43	-05.51
2257.78	-05.57
2280.36	-05.62
2303.17	-05.65
2326.20	-05.68
2349.46	-05.70
2372.95	-05.65
2396.68	-05.53
2420.65	-05.42
2444.86	-05.29
2469.31	-05.18
2494.00	-05.06
2518.94	-04.98
2544.13	-04.91
2569.57	-04.84
2595.27	-04.77
2621.22	-04.71
2647.43	-04.65
2673.90	-04.58
2700.64	-04.53
2727.65	-04.48
2754.93	-04.45
2782.48	-04.42
2810.30	-04.45
2838.40	-04.58
2866.79	-04.73
2895.46	-04.90
2924.41	-05.10
2953.65	-05.31
2983.19	-05.54
3013.02	-05.85
3043.15	-06.24
3073.58	-06.71
3104.32	-07.28
3135.36	-07.93
3166.72	-08.67
3198.38	-09.41
3230.37	-10.11
3262.67	-10.67
3295.30	-11.06
3328.25	-11.26
3361.53	-11.34
3395.15	-11.29
3429.10	-11.18
3463.39	-11.04
3498.03	-10.88
3533.01	-10.76
3568.34	-10.73
3604.02	-10.84
3640.06	-11.07
3676.46	-11.41
3713.22	-11.83
3750.36	-12.29
3787.86	-12.64
3825.74	-12.92
3864.00	-13.10
3902.64	-13.20
3941.66	-13.25
3981.08	-13.32
4020.89	-13.52
4061.10	-13.85
4101.71	-14.13
4142.73	-14.21
4184.15	-13.90
4226.00	-13.07
4268.26	-11.81
4310.94	-10.31
4354.05	-08.88
4397.59	-07.66
4441.56	-06.72
4485.98	-06.08
4530.84	-05.56
4576.15	-05.19
4621.91	-04.99
4668.13	-04.95
4714.81	-05.04
4761.96	-05.12
4809.58	-04.90
4857.67	-04.86
4906.25	-05.01
4955.31	-05.37
5004.87	-05.90
5054.91	-06.24
5105.46	-06.67
5156.52	-07.11
5208.08	-07.51
5260.16	-07.82
5312.77	-08.03
5365.89	-08.29
5419.55	-08.44
5473.75	-08.49
5528.49	-08.46
5583.77	-08.35
5639.61	-08.44
5696.00	-08.57
5752.96	-08.65
5810.49	-08.68
5868.60	-08.69
5927.28	-08.66
5986.56	-08.60
6046.42	-08.55
6106.89	-08.51
6167.96	-08.43
6229.64	-08.35
6291.93	-08.25
6354.85	-08.15
6418.40	-08.02
6482.58	-07.87
6547.41	-07.66
6612.88	-07.38
6679.01	-07.05
6745.80	-06.79
6813.26	-06.58
6881.39	-06.33
6950.21	-06.04
7019.71	-05.69
7089.91	-05.28
7160.81	-04.91
7232.41	-04.55
7304.74	-04.23
7377.79	-03.96
7451.56	-03.71
7526.08	-03.42
7601.34	-03.00
7677.35	-02.56
7754.13	-02.06
7831.67	-01.51
7909.98	-00.88
7989.08	-00.21
8068.98	00.38
8149.67	00.87
8231.16	01.24
8313.47	01.46
8396.61	01.55
8480.57	01.52
8565.38	01.56
8651.03	01.57
8737.54	01.47
8824.92	01.22
8913.17	00.78
9002.30	00.10
9092.32	-00.84
9183.25	-02.01
9275.08	-03.28
9367.83	-04.47
9461.51	-05.47
9556.12	-06.19
9651.68	-06.70
9748.20	-07.03
9845.68	-07.23
9944.14	-07.37
10043.58	-07.37
10144.02	-07.23
10245.46	-07.01
10347.91	-06.73
10451.39	-06.36
10555.91	-05.89
10661.46	-05.41
10768.08	-04.90
10875.76	-04.29
10984.52	-03.63
11094.36	-02.97
11205.31	-02.31
11317.36	-01.71
11430.53	-01.16
11544.84	-00.66
11660.29	-00.21
11776.89	00.20
11894.66	00.57
12013.60	00.91
12133.74	01.21
12255.08	01.46
12377.63	01.68
12501.41	01.85
12626.42	01.92
12752.68	01.97
12880.21	01.99
13009.01	02.00
13139.10	01.98
13270.49	01.87
13403.20	01.67
13537.23	01.41
13672.60	01.08
13809.33	00.69
13947.42	00.25
14086.90	-00.25
14227.77	-00.80
14370.04	-01.42
14513.74	-02.08
14658.88	-02.77
14805.47	-03.47
14953.52	-04.19
15103.06	-04.96
15254.09	-05.69
15406.63	-06.29
15560.70	-06.64
15716.30	-06.72
15873.47	-06.56
16032.20	-06.26
16192.52	-05.86
16354.45	-05.48
16517.99	-05.17
16683.17	-04.97
16850.01	-04.88
17018.51	-04.84
17188.69	-04.49
17360.58	-04.19
17534.18	-03.95
17709.53	-03.79
17886.62	-03.73
18065.49	-03.83
18246.14	-04.10
18428.60	-04.53
18612.89	-05.10
18799.02	-05.65
18987.01	-06.08
19176.88	-06.36
19368.65	-06.52
19562.33	-06.60
19757.96	-06.68
19955.54	-06.82
20000.00	-06.87
