20.00	02.46
20.20	02.47
20.40	02.47
20.61	02.47
20.81	02.47
21.02	02.47
21.23	02.47
21.44	02.48
21.66	02.48
21.87	02.48
22.09	02.48
22.31	02.46
22.54	02.43
22.76	02.40
22.99	02.37
23.22	02.34
23.45	02.31
23.69	02.28
23.92	02.25
24.16	02.21
24.40	02.18
24.65	02.14
24.89	02.11
25.14	02.09
25.39	02.08
25.65	02.05
25.91	02.03
26.16	02.00
26.43	01.98
26.69	01.96
26.96	01.94
27.23	01.92
27.50	01.89
27.77	01.87
28.05	01.83
28.33	01.79
28.62	01.77
28.90	01.73
29.19	01.71
29.48	01.68
29.78	01.65
30.08	01.61
30.38	01.59
30.68	01.55
30.99	01.52
31.30	01.51
31.61	01.50
31.93	01.50
32.24	01.51
32.57	01.50
32.89	01.51
33.22	01.51
33.55	01.53
33.89	01.56
34.23	01.57
34.57	01.59
34.92	01.62
35.27	01.65
35.62	01.67
35.97	01.70
36.33	01.73
36.70	01.77
37.06	01.80
37.43	01.82
37.81	01.85
38.19	01.87
38.57	01.89
38.95	01.92
39.34	01.95
39.74	01.97
40.14	01.99
40.54	02.01
40.94	02.03
41.35	02.05
41.76	02.07
42.18	02.11
42.60	02.18
43.03	02.25
43.46	02.33
43.90	02.41
44.33	02.51
44.78	02.60
45.23	02.68
45.68	02.77
46.13	02.88
46.60	02.98
47.06	03.08
47.53	03.22
48.01	03.35
48.49	03.48
48.97	03.61
49.46	03.74
49.96	03.87
50.46	03.99
50.96	04.10
51.47	04.19
51.99	04.27
52.51	04.34
53.03	04.39
53.56	04.42
54.10	04.43
54.64	04.43
55.18	04.41
55.74	04.38
56.29	04.34
56.86	04.28
57.42	04.21
58.00	04.15
58.58	04.08
59.16	04.00
59.76	03.93
60.35	03.87
60.96	03.81
61.57	03.77
62.18	03.75
62.80	03.72
63.43	03.70
64.07	03.71
64.71	03.73
65.35	03.77
66.01	03.83
66.67	03.91
67.33	04.02
68.01	04.13
68.69	04.25
69.37	04.37
70.07	04.49
70.77	04.60
71.48	04.71
72.19	04.81
72.91	04.90
73.64	04.98
74.38	05.04
75.12	05.12
75.87	05.18
76.63	05.23
77.40	05.27
78.17	05.31
78.95	05.33
79.74	05.35
80.54	05.37
81.35	05.37
82.16	05.38
82.98	05.38
83.81	05.38
84.65	05.38
85.50	05.39
86.35	05.40
87.22	05.41
88.09	05.43
88.97	05.43
89.86	05.41
90.76	05.37
91.66	05.34
92.58	05.30
93.51	05.28
94.44	05.25
95.39	05.25
96.34	05.23
97.30	05.22
98.28	05.21
99.26	05.20
100.25	05.19
101.25	05.18
102.27	05.17
103.29	05.15
104.32	05.15
105.37	05.13
106.42	05.12
107.48	05.11
108.56	05.09
109.64	05.08
110.74	05.07
111.85	05.05
112.97	05.04
114.10	05.02
115.24	05.01
116.39	05.00
117.55	04.98
118.73	04.96
119.92	04.93
121.12	04.91
122.33	04.90
123.55	04.87
124.79	04.87
126.03	04.87
127.29	04.87
128.57	04.87
129.85	04.87
131.15	04.87
132.46	04.86
133.79	04.86
135.12	04.86
136.48	04.85
137.84	04.85
139.22	04.84
140.61	04.83
142.02	04.83
143.44	04.82
144.87	04.80
146.32	04.80
147.78	04.79
149.26	04.76
150.75	04.74
152.26	04.72
153.78	04.70
155.32	04.67
156.88	04.65
158.44	04.63
160.03	04.65
161.63	04.66
163.24	04.68
164.88	04.69
166.53	04.71
168.19	04.73
169.87	04.73
171.57	04.74
173.29	04.74
175.02	04.74
176.77	04.75
178.54	04.76
180.32	04.74
182.13	04.72
183.95	04.71
185.79	04.69
187.65	04.68
189.52	04.67
191.42	04.67
193.33	04.66
195.27	04.65
197.22	04.64
199.19	04.64
201.18	04.65
203.19	04.66
205.23	04.67
207.28	04.67
209.35	04.68
211.44	04.68
213.56	04.67
215.69	04.67
217.85	04.66
220.03	04.66
222.23	04.65
224.45	04.65
226.70	04.64
228.96	04.63
231.25	04.62
233.57	04.61
235.90	04.60
238.26	04.59
240.64	04.58
243.05	04.56
245.48	04.54
247.93	04.53
250.41	04.53
252.92	04.53
255.45	04.52
258.00	04.52
260.58	04.52
263.19	04.51
265.82	04.49
268.48	04.46
271.16	04.44
273.87	04.42
276.61	04.39
279.38	04.38
282.17	04.35
284.99	04.34
287.84	04.32
290.72	04.29
293.63	04.28
296.57	04.26
299.53	04.24
302.53	04.22
305.55	04.21
308.61	04.19
311.69	04.17
314.81	04.16
317.96	04.14
321.14	04.11
324.35	04.09
327.59	04.07
330.87	04.05
334.18	04.03
337.52	04.00
340.90	03.97
344.30	03.95
347.75	03.93
351.23	03.90
354.74	03.86
358.28	03.81
361.87	03.77
365.49	03.73
369.14	03.70
372.83	03.66
376.56	03.64
380.33	03.62
384.13	03.61
387.97	03.58
391.85	03.57
395.77	03.56
399.73	03.52
403.72	03.49
407.76	03.48
411.84	03.45
415.96	03.42
420.12	03.39
424.32	03.37
428.56	03.33
432.85	03.29
437.18	03.25
441.55	03.23
445.96	03.19
450.42	03.17
454.93	03.15
459.48	03.12
464.07	03.10
468.71	03.07
473.40	03.04
478.13	03.01
482.91	02.98
487.74	02.95
492.62	02.92
497.55	02.89
502.52	02.87
507.55	02.85
512.62	02.83
517.75	02.81
522.93	02.78
528.16	02.75
533.44	02.71
538.77	02.67
544.16	02.62
549.60	02.58
555.10	02.54
560.65	02.50
566.25	02.46
571.92	02.42
577.64	02.37
583.41	02.33
589.25	02.28
595.14	02.23
601.09	02.16
607.10	02.07
613.17	01.98
619.30	01.89
625.50	01.78
631.75	01.68
638.07	01.57
644.45	01.46
650.89	01.34
657.40	01.22
663.98	01.11
670.62	00.98
677.32	00.88
684.10	00.80
690.94	00.74
697.85	00.70
704.83	00.69
711.87	00.72
718.99	00.76
726.18	00.81
733.44	00.87
740.78	00.94
748.19	00.99
755.67	01.02
763.23	01.06
770.86	01.08
778.57	01.10
786.35	01.11
794.22	01.14
802.16	01.18
810.18	01.22
818.28	01.23
826.46	01.23
834.73	01.22
843.08	01.19
851.51	01.14
860.02	01.09
868.62	01.05
877.31	01.00
886.08	00.93
894.94	00.87
903.89	00.82
912.93	00.78
922.06	00.76
931.28	00.76
940.59	00.76
950.00	00.77
959.50	00.77
969.09	00.76
978.78	00.75
988.57	00.73
998.46	00.69
1008.44	00.65
1018.53	00.60
1028.71	00.54
1039.00	00.48
1049.39	00.42
1059.88	00.37
1070.48	00.33
1081.19	00.30
1092.00	00.29
1102.92	00.29
1113.95	00.31
1125.09	00.35
1136.34	00.40
1147.70	00.47
1159.18	00.54
1170.77	00.61
1182.48	00.66
1194.30	00.71
1206.25	00.75
1218.31	00.79
1230.49	00.81
1242.80	00.84
1255.22	00.86
1267.78	00.87
1280.45	00.87
1293.26	00.86
1306.19	00.83
1319.25	00.77
1332.45	00.70
1345.77	00.63
1359.23	00.56
1372.82	00.50
1386.55	00.44
1400.41	00.38
1414.42	00.31
1428.56	00.25
1442.85	00.20
1457.28	00.18
1471.85	00.19
1486.57	00.23
1501.43	00.25
1516.45	00.28
1531.61	00.30
1546.93	00.31
1562.40	00.32
1578.02	00.34
1593.80	00.36
1609.74	00.40
1625.84	00.43
1642.10	00.45
1658.52	00.47
1675.10	00.49
1691.85	00.50
1708.77	00.50
1725.86	00.51
1743.12	00.51
1760.55	00.52
1778.15	00.53
1795.94	00.55
1813.90	00.56
1832.03	00.55
1850.36	00.53
1868.86	00.50
1887.55	00.45
1906.42	00.36
1925.49	00.27
1944.74	00.16
1964.19	00.04
1983.83	-00.12
2003.67	-00.35
2023.71	-00.56
2043.94	-00.74
2064.38	-00.87
2085.03	-00.98
2105.88	-01.06
2126.94	-01.08
2148.20	-01.09
2169.69	-01.11
2191.38	-01.12
2213.30	-01.13
2235.43	-01.19
2257.78	-01.27
2280.36	-01.39
2303.17	-01.55
2326.20	-01.74
2349.46	-01.90
2372.95	-02.00
2396.68	-02.12
2420.65	-02.25
2444.86	-02.38
2469.31	-02.51
2494.00	-02.66
2518.94	-02.82
2544.13	-02.97
2569.57	-03.11
2595.27	-03.23
2621.22	-03.33
2647.43	-03.39
2673.90	-03.42
2700.64	-03.42
2727.65	-03.42
2754.93	-03.40
2782.48	-03.41
2810.30	-03.50
2838.40	-03.59
2866.79	-03.67
2895.46	-03.75
2924.41	-03.83
2953.65	-03.90
2983.19	-03.98
3013.02	-04.04
3043.15	-04.00
3073.58	-03.89
3104.32	-03.66
3135.36	-03.37
3166.72	-03.03
3198.38	-02.67
3230.37	-02.32
3262.67	-01.97
3295.30	-01.63
3328.25	-01.31
3361.53	-00.97
3395.15	-00.68
3429.10	-00.43
3463.39	-00.22
3498.03	-00.06
3533.01	00.05
3568.34	00.12
3604.02	00.18
3640.06	00.22
3676.46	00.27
3713.22	00.29
3750.36	00.22
3787.86	00.16
3825.74	00.11
3864.00	00.05
3902.64	00.00
3941.66	-00.05
3981.08	-00.12
4020.89	-00.23
4061.10	-00.33
4101.71	-00.43
4142.73	-00.55
4184.15	-00.68
4226.00	-00.85
4268.26	-01.10
4310.94	-01.40
4354.05	-01.73
4397.59	-02.10
4441.56	-02.52
4485.98	-02.58
4530.84	-02.50
4576.15	-02.47
4621.91	-02.47
4668.13	-02.50
4714.81	-02.38
4761.96	-01.71
4809.58	-01.08
4857.67	-00.47
4906.25	00.11
4955.31	00.68
5004.87	01.21
5054.91	01.72
5105.46	02.22
5156.52	02.70
5208.08	03.13
5260.16	03.45
5312.77	03.46
5365.89	03.44
5419.55	03.43
5473.75	03.43
5528.49	03.46
5583.77	03.36
5639.61	03.22
5696.00	03.09
5752.96	03.01
5810.49	02.96
5868.60	02.95
5927.28	03.01
5986.56	03.08
6046.42	03.17
6106.89	03.26
6167.96	03.31
6229.64	03.33
6291.93	03.32
6354.85	03.31
6418.40	03.29
6482.58	03.21
6547.41	03.07
6612.88	02.84
6679.01	02.42
6745.80	01.86
6813.26	01.23
6881.39	00.55
6950.21	-00.16
7019.71	-00.87
7089.91	-01.65
7160.81	-02.42
7232.41	-03.05
7304.74	-03.50
7377.79	-03.81
7451.56	-04.09
7526.08	-04.33
7601.34	-04.64
7677.35	-05.00
7754.13	-05.40
7831.67	-05.81
7909.98	-06.22
7989.08	-06.70
8068.98	-07.16
8149.67	-07.52
8231.16	-07.74
8313.47	-07.79
8396.61	-07.72
8480.57	-07.41
8565.38	-07.00
8651.03	-06.52
8737.54	-06.00
8824.92	-05.42
8913.17	-04.80
9002.30	-04.18
9092.32	-03.55
9183.25	-02.94
9275.08	-02.35
9367.83	-01.80
9461.51	-01.25
9556.12	-00.71
9651.68	-00.18
9748.20	00.36
9845.68	00.86
9944.14	01.39
10043.58	01.97
10144.02	02.51
10245.46	03.02
10347.91	03.51
10451.39	04.00
10555.91	04.31
10661.46	04.49
10768.08	04.64
10875.76	04.76
10984.52	04.87
11094.36	05.00
11205.31	05.11
11317.36	05.25
11430.53	05.40
11544.84	05.56
11660.29	05.72
11776.89	05.87
11894.66	06.00
12013.60	06.09
12133.74	06.16
12255.08	06.21
12377.63	06.23
12501.41	06.17
12626.42	06.09
12752.68	06.00
12880.21	05.89
13009.01	05.76
13139.10	05.56
13270.49	05.30
13403.20	05.05
13537.23	04.79
13672.60	04.52
13809.33	04.23
13947.42	03.93
14086.90	03.60
14227.77	03.24
14370.04	02.91
14513.74	02.60
14658.88	02.36
14805.47	02.19
14953.52	02.04
15103.06	01.95
15254.09	01.91
15406.63	01.90
15560.70	01.91
15716.30	01.95
15873.47	02.00
16032.20	02.06
16192.52	02.08
16354.45	02.02
16517.99	01.90
16683.17	01.69
16850.01	01.44
17018.51	01.49
17188.69	01.46
17360.58	01.36
17534.18	01.16
17709.53	00.86
17886.62	00.40
18065.49	-00.22
18246.14	-00.96
18428.60	-01.74
18612.89	-02.50
18799.02	-03.19
18987.01	-03.80
19176.88	-04.34
19368.65	-04.84
19562.33	-05.35
19757.96	-05.88
19955.54	-06.00
20000.00	21.62
