20.00 04.68
20.20 04.66
20.40 04.64
20.61 04.62
20.81 04.60
21.02 04.58
21.23 04.56
21.44 04.55
21.66 04.54
21.87 04.54
22.09 04.52
22.31 04.51
22.54 04.49
22.76 04.46
22.99 04.42
23.22 04.39
23.45 04.35
23.69 04.33
23.92 04.30
24.16 04.27
24.40 04.24
24.65 04.21
24.89 04.16
25.14 04.14
25.39 04.13
25.65 04.12
25.91 04.10
26.16 04.08
26.43 04.06
26.69 04.04
26.96 04.03
27.23 04.00
27.50 03.99
27.77 03.96
28.05 03.94
28.33 03.91
28.62 03.87
28.90 03.84
29.19 03.80
29.48 03.77
29.78 03.73
30.08 03.69
30.38 03.63
30.68 03.59
30.99 03.54
31.30 03.48
31.61 03.45
31.93 03.41
32.24 03.38
32.57 03.36
32.89 03.32
33.22 03.29
33.55 03.26
33.89 03.24
34.23 03.23
34.57 03.20
34.92 03.18
35.27 03.17
35.62 03.14
35.97 03.12
36.33 03.10
36.70 03.08
37.06 03.06
37.43 03.04
37.81 03.00
38.19 02.96
38.57 02.92
38.95 02.88
39.34 02.84
39.74 02.80
40.14 02.76
40.54 02.70
40.94 02.64
41.35 02.59
41.76 02.53
42.18 02.47
42.60 02.42
43.03 02.40
43.46 02.37
43.90 02.35
44.33 02.32
44.78 02.30
45.23 02.26
45.68 02.22
46.13 02.18
46.60 02.13
47.06 02.09
47.53 02.05
48.01 02.02
48.49 02.00
48.97 01.98
49.46 01.96
49.96 01.93
50.46 01.91
50.96 01.89
51.47 01.87
51.99 01.84
52.51 01.82
53.03 01.80
53.56 01.78
54.10 01.76
54.64 01.73
55.18 01.71
55.74 01.69
56.29 01.68
56.86 01.68
57.42 01.66
58.00 01.66
58.58 01.66
59.16 01.66
59.76 01.66
60.35 01.66
60.96 01.68
61.57 01.68
62.18 01.71
62.80 01.73
63.43 01.75
64.07 01.75
64.71 01.78
65.35 01.80
66.01 01.84
66.67 01.89
67.33 01.95
68.01 02.03
68.69 02.12
69.37 02.20
70.07 02.29
70.77 02.38
71.48 02.47
72.19 02.56
72.91 02.65
73.64 02.74
74.38 02.82
75.12 02.91
75.87 03.01
76.63 03.11
77.40 03.21
78.17 03.30
78.95 03.40
79.74 03.49
80.54 03.57
81.35 03.66
82.16 03.73
82.98 03.79
83.81 03.87
84.65 03.92
85.50 03.98
86.35 04.05
87.22 04.10
88.09 04.15
88.97 04.21
89.86 04.25
90.76 04.25
91.66 04.23
92.58 04.22
93.51 04.20
94.44 04.17
95.39 04.15
96.34 04.14
97.30 04.11
98.28 04.09
99.26 04.06
100.25 04.03
101.25 03.99
102.27 03.96
103.29 03.92
104.32 03.88
105.37 03.85
106.42 03.81
107.48 03.76
108.56 03.73
109.64 03.69
110.74 03.66
111.85 03.62
112.97 03.58
114.10 03.55
115.24 03.51
116.39 03.47
117.55 03.44
118.73 03.39
119.92 03.34
121.12 03.28
122.33 03.23
123.55 03.18
124.79 03.12
126.03 03.08
127.29 03.05
128.57 03.01
129.85 02.98
131.15 02.95
132.46 02.91
133.79 02.87
135.12 02.84
136.48 02.80
137.84 02.76
139.22 02.73
140.61 02.69
142.02 02.66
143.44 02.63
144.87 02.60
146.32 02.57
147.78 02.55
149.26 02.52
150.75 02.49
152.26 02.45
153.78 02.42
155.32 02.39
156.88 02.35
158.44 02.31
160.03 02.28
161.63 02.28
163.24 02.28
164.88 02.28
166.53 02.28
168.19 02.28
169.87 02.28
171.57 02.26
173.29 02.25
175.02 02.23
176.77 02.20
178.54 02.19
180.32 02.17
182.13 02.12
183.95 02.07
185.79 02.02
187.65 01.97
189.52 01.92
191.42 01.87
193.33 01.83
195.27 01.77
197.22 01.72
199.19 01.66
201.18 01.60
203.19 01.56
205.23 01.51
207.28 01.46
209.35 01.41
211.44 01.36
213.56 01.31
215.69 01.26
217.85 01.21
220.03 01.16
222.23 01.12
224.45 01.08
226.70 01.04
228.96 01.01
231.25 00.98
233.57 00.96
235.90 00.93
238.26 00.90
240.64 00.87
243.05 00.84
245.48 00.81
247.93 00.79
250.41 00.77
252.92 00.76
255.45 00.76
258.00 00.75
260.58 00.74
263.19 00.73
265.82 00.71
268.48 00.68
271.16 00.65
273.87 00.62
276.61 00.60
279.38 00.57
282.17 00.56
284.99 00.54
287.84 00.53
290.72 00.52
293.63 00.50
296.57 00.50
299.53 00.50
302.53 00.50
305.55 00.50
308.61 00.51
311.69 00.52
314.81 00.53
317.96 00.54
321.14 00.56
324.35 00.56
327.59 00.58
330.87 00.60
334.18 00.62
337.52 00.65
340.90 00.66
344.30 00.69
347.75 00.72
351.23 00.75
354.74 00.78
358.28 00.79
361.87 00.80
365.49 00.81
369.14 00.83
372.83 00.85
376.56 00.87
380.33 00.90
384.13 00.94
387.97 00.98
391.85 01.01
395.77 01.05
399.73 01.09
403.72 01.11
407.76 01.12
411.84 01.15
415.96 01.17
420.12 01.19
424.32 01.21
428.56 01.23
432.85 01.23
437.18 01.24
441.55 01.24
445.96 01.26
450.42 01.26
454.93 01.28
459.48 01.30
464.07 01.33
468.71 01.35
473.40 01.39
478.13 01.43
482.91 01.49
487.74 01.55
492.62 01.62
497.55 01.70
502.52 01.79
507.55 01.90
512.62 01.99
517.75 02.09
522.93 02.18
528.16 02.26
533.44 02.32
538.77 02.37
544.16 02.40
549.60 02.43
555.10 02.44
560.65 02.45
566.25 02.45
571.92 02.46
577.64 02.46
583.41 02.46
589.25 02.45
595.14 02.45
601.09 02.45
607.10 02.43
613.17 02.40
619.30 02.38
625.50 02.35
631.75 02.32
638.07 02.32
644.45 02.31
650.89 02.29
657.40 02.28
663.98 02.26
670.62 02.25
677.32 02.21
684.10 02.17
690.94 02.13
697.85 02.09
704.83 02.04
711.87 02.00
718.99 01.97
726.18 01.94
733.44 01.90
740.78 01.86
748.19 01.82
755.67 01.77
763.23 01.70
770.86 01.64
778.57 01.57
786.35 01.50
794.22 01.42
802.16 01.34
810.18 01.27
818.28 01.19
826.46 01.11
834.73 01.03
843.08 00.94
851.51 00.84
860.02 00.72
868.62 00.60
877.31 00.48
886.08 00.35
894.94 00.21
903.89 00.08
912.93 -00.04
922.06 -00.16
931.28 -00.29
940.59 -00.41
950.00 -00.53
959.50 -00.65
969.09 -00.77
978.78 -00.88
988.57 -01.01
998.46 -01.12
1008.44 -01.24
1018.53 -01.36
1028.71 -01.48
1039.00 -01.59
1049.39 -01.70
1059.88 -01.81
1070.48 -01.91
1081.19 -01.99
1092.00 -02.07
1102.92 -02.12
1113.95 -02.16
1125.09 -02.20
1136.34 -02.22
1147.70 -02.23
1159.18 -02.23
1170.77 -02.24
1182.48 -02.24
1194.30 -02.25
1206.25 -02.27
1218.31 -02.30
1230.49 -02.34
1242.80 -02.39
1255.22 -02.45
1267.78 -02.52
1280.45 -02.60
1293.26 -02.68
1306.19 -02.78
1319.25 -02.88
1332.45 -02.99
1345.77 -03.10
1359.23 -03.23
1372.82 -03.36
1386.55 -03.49
1400.41 -03.64
1414.42 -03.80
1428.56 -03.96
1442.85 -04.13
1457.28 -04.29
1471.85 -04.45
1486.57 -04.60
1501.43 -04.73
1516.45 -04.87
1531.61 -05.00
1546.93 -05.13
1562.40 -05.24
1578.02 -05.35
1593.80 -05.45
1609.74 -05.54
1625.84 -05.63
1642.10 -05.72
1658.52 -05.82
1675.10 -05.93
1691.85 -06.04
1708.77 -06.15
1725.86 -06.27
1743.12 -06.38
1760.55 -06.49
1778.15 -06.60
1795.94 -06.70
1813.90 -06.80
1832.03 -06.89
1850.36 -06.99
1868.86 -07.08
1887.55 -07.16
1906.42 -07.24
1925.49 -07.34
1944.74 -07.42
1964.19 -07.50
1983.83 -07.57
2003.67 -07.66
2023.71 -07.81
2043.94 -07.97
2064.38 -08.13
2085.03 -08.30
2105.88 -08.46
2126.94 -08.60
2148.20 -08.70
2169.69 -08.80
2191.38 -08.90
2213.30 -08.99
2235.43 -09.08
2257.78 -09.19
2280.36 -09.29
2303.17 -09.37
2326.20 -09.44
2349.46 -09.48
2372.95 -09.44
2396.68 -09.33
2420.65 -09.21
2444.86 -09.08
2469.31 -08.96
2494.00 -08.84
2518.94 -08.75
2544.13 -08.68
2569.57 -08.62
2595.27 -08.57
2621.22 -08.54
2647.43 -08.53
2673.90 -08.52
2700.64 -08.53
2727.65 -08.53
2754.93 -08.55
2782.48 -08.54
2810.30 -08.55
2838.40 -08.62
2866.79 -08.67
2895.46 -08.70
2924.41 -08.71
2953.65 -08.68
2983.19 -08.60
3013.02 -08.52
3043.15 -08.45
3073.58 -08.35
3104.32 -08.25
3135.36 -08.13
3166.72 -08.03
3198.38 -07.95
3230.37 -07.89
3262.67 -07.86
3295.30 -07.86
3328.25 -07.88
3361.53 -07.90
3395.15 -07.88
3429.10 -07.85
3463.39 -07.79
3498.03 -07.70
3533.01 -07.58
3568.34 -07.44
3604.02 -07.29
3640.06 -07.12
3676.46 -06.92
3713.22 -06.70
3750.36 -06.46
3787.86 -06.12
3825.74 -05.77
3864.00 -05.39
3902.64 -05.00
3941.66 -04.61
3981.08 -04.22
4020.89 -03.95
4061.10 -03.80
4101.71 -03.70
4142.73 -03.65
4184.15 -03.66
4226.00 -03.73
4268.26 -03.81
4310.94 -03.89
4354.05 -04.03
4397.59 -04.23
4441.56 -04.48
4485.98 -04.79
4530.84 -04.99
4576.15 -05.17
4621.91 -05.37
4668.13 -05.61
4714.81 -05.86
4761.96 -06.00
4809.58 -05.72
4857.67 -05.46
4906.25 -05.20
4955.31 -04.95
5004.87 -04.66
5054.91 -04.04
5105.46 -03.41
5156.52 -02.77
5208.08 -02.14
5260.16 -01.51
5312.77 -00.92
5365.89 -00.50
5419.55 -00.09
5473.75 00.34
5528.49 00.75
5583.77 01.16
5639.61 01.27
5696.00 01.27
5752.96 01.23
5810.49 01.18
5868.60 01.12
5927.28 01.04
5986.56 00.94
6046.42 00.78
6106.89 00.59
6167.96 00.39
6229.64 00.18
6291.93 -00.01
6354.85 -00.21
6418.40 -00.39
6482.58 -00.56
6547.41 -00.70
6612.88 -00.81
6679.01 -00.90
6745.80 -01.09
6813.26 -01.30
6881.39 -01.49
6950.21 -01.65
7019.71 -01.78
7089.91 -01.87
7160.81 -01.98
7232.41 -02.07
7304.74 -02.11
7377.79 -02.14
7451.56 -02.12
7526.08 -02.00
7601.34 -01.73
7677.35 -01.41
7754.13 -01.02
7831.67 -00.57
7909.98 -00.06
7989.08 00.51
8068.98 01.03
8149.67 01.56
8231.16 02.09
8313.47 02.57
8396.61 02.98
8480.57 03.28
8565.38 03.65
8651.03 03.96
8737.54 04.17
8824.92 04.28
8913.17 04.29
9002.30 04.20
9092.32 03.97
9183.25 03.61
9275.08 03.09
9367.83 02.43
9461.51 01.65
9556.12 00.80
9651.68 -00.08
9748.20 -00.94
9845.68 -01.73
9944.14 -02.47
10043.58 -03.04
10144.02 -03.43
10245.46 -03.72
10347.91 -03.90
10451.39 -03.98
10555.91 -03.98
10661.46 -04.05
10768.08 -04.16
10875.76 -04.18
10984.52 -04.13
11094.36 -04.01
11205.31 -03.81
11317.36 -03.60
11430.53 -03.38
11544.84 -03.20
11660.29 -03.06
11776.89 -02.97
11894.66 -02.94
12013.60 -02.96
12133.74 -03.03
12255.08 -03.14
12377.63 -03.29
12501.41 -03.49
12626.42 -03.79
12752.68 -04.08
12880.21 -04.34
13009.01 -04.52
13139.10 -04.62
13270.49 -04.70
13403.20 -04.79
13537.23 -04.88
13672.60 -05.02
13809.33 -05.22
13947.42 -05.48
14086.90 -05.80
14227.77 -06.19
14370.04 -06.64
14513.74 -07.10
14658.88 -07.56
14805.47 -07.98
14953.52 -08.34
15103.06 -08.68
15254.09 -08.95
15406.63 -09.14
15560.70 -09.28
15716.30 -09.37
15873.47 -09.40
16032.20 -09.37
16192.52 -09.24
16354.45 -09.06
16517.99 -08.85
16683.17 -08.63
16850.01 -08.47
17018.51 -08.32
17188.69 -07.89
17360.58 -07.52
17534.18 -07.23
17709.53 -07.02
17886.62 -06.88
18065.49 -06.87
18246.14 -07.01
18428.60 -07.29
18612.89 -07.74
18799.02 -08.33
18987.01 -09.05
19176.88 -09.88
19368.65 -10.76
19562.33 -11.62
19757.96 -12.42
19955.54 -13.13
20000.00 -13.27
