20.00 -00.35
20.20 -00.36
20.40 -00.36
20.61 -00.37
20.81 -00.38
21.02 -00.40
21.23 -00.41
21.44 -00.42
21.66 -00.43
21.87 -00.44
22.09 -00.45
22.31 -00.47
22.54 -00.49
22.76 -00.52
22.99 -00.55
23.22 -00.58
23.45 -00.61
23.69 -00.65
23.92 -00.66
24.16 -00.69
24.40 -00.71
24.65 -00.72
24.89 -00.75
25.14 -00.77
25.39 -00.77
25.65 -00.79
25.91 -00.80
26.16 -00.82
26.43 -00.84
26.69 -00.85
26.96 -00.87
27.23 -00.90
27.50 -00.92
27.77 -00.95
28.05 -00.97
28.33 -00.97
28.62 -00.97
28.90 -00.98
29.19 -00.98
29.48 -00.99
29.78 -01.00
30.08 -01.01
30.38 -01.05
30.68 -01.09
30.99 -01.14
31.30 -01.19
31.61 -01.23
31.93 -01.26
32.24 -01.28
32.57 -01.31
32.89 -01.34
33.22 -01.35
33.55 -01.38
33.89 -01.38
34.23 -01.37
34.57 -01.36
34.92 -01.35
35.27 -01.35
35.62 -01.35
35.97 -01.34
36.33 -01.34
36.70 -01.34
37.06 -01.34
37.43 -01.33
37.81 -01.33
38.19 -01.33
38.57 -01.33
38.95 -01.33
39.34 -01.32
39.74 -01.33
40.14 -01.34
40.54 -01.37
40.94 -01.42
41.35 -01.46
41.76 -01.49
42.18 -01.53
42.60 -01.58
43.03 -01.59
43.46 -01.61
43.90 -01.62
44.33 -01.64
44.78 -01.66
45.23 -01.67
45.68 -01.66
46.13 -01.67
46.60 -01.68
47.06 -01.67
47.53 -01.67
48.01 -01.62
48.49 -01.57
48.97 -01.50
49.46 -01.45
49.96 -01.38
50.46 -01.31
50.96 -01.25
51.47 -01.18
51.99 -01.09
52.51 -01.02
53.03 -00.95
53.56 -00.92
54.10 -00.88
54.64 -00.85
55.18 -00.82
55.74 -00.78
56.29 -00.74
56.86 -00.71
57.42 -00.67
58.00 -00.65
58.58 -00.62
59.16 -00.59
59.76 -00.57
60.35 -00.55
60.96 -00.53
61.57 -00.51
62.18 -00.50
62.80 -00.48
63.43 -00.50
64.07 -00.55
64.71 -00.60
65.35 -00.65
66.01 -00.69
66.67 -00.74
67.33 -00.77
68.01 -00.80
68.69 -00.82
69.37 -00.84
70.07 -00.87
70.77 -00.89
71.48 -00.91
72.19 -00.94
72.91 -00.97
73.64 -01.00
74.38 -01.04
75.12 -01.06
75.87 -01.07
76.63 -01.07
77.40 -01.08
78.17 -01.08
78.95 -01.09
79.74 -01.09
80.54 -01.10
81.35 -01.11
82.16 -01.12
82.98 -01.12
83.81 -01.13
84.65 -01.13
85.50 -01.12
86.35 -01.10
87.22 -01.08
88.09 -01.06
88.97 -01.04
89.86 -01.01
90.76 -01.01
91.66 -01.03
92.58 -01.04
93.51 -01.05
94.44 -01.06
95.39 -01.05
96.34 -01.05
97.30 -01.03
98.28 -01.03
99.26 -01.01
100.25 -01.00
101.25 -00.99
102.27 -00.98
103.29 -00.97
104.32 -00.96
105.37 -00.95
106.42 -00.94
107.48 -00.94
108.56 -00.94
109.64 -00.93
110.74 -00.94
111.85 -00.93
112.97 -00.94
114.10 -00.93
115.24 -00.93
116.39 -00.93
117.55 -00.92
118.73 -00.94
119.92 -00.95
121.12 -00.98
122.33 -00.99
123.55 -01.01
124.79 -01.03
126.03 -01.03
127.29 -01.03
128.57 -01.03
129.85 -01.02
131.15 -01.02
132.46 -01.02
133.79 -01.01
135.12 -01.01
136.48 -01.01
137.84 -01.00
139.22 -01.00
140.61 -01.00
142.02 -00.99
143.44 -01.00
144.87 -01.00
146.32 -00.99
147.78 -00.99
149.26 -00.98
150.75 -01.00
152.26 -01.01
153.78 -01.02
155.32 -01.03
156.88 -01.04
158.44 -01.06
160.03 -01.07
161.63 -01.05
163.24 -01.04
164.88 -01.02
166.53 -01.01
168.19 -01.00
169.87 -00.98
171.57 -00.98
173.29 -00.99
175.02 -01.00
176.77 -01.00
178.54 -01.01
180.32 -01.01
182.13 -01.01
183.95 -01.02
185.79 -01.03
187.65 -01.05
189.52 -01.06
191.42 -01.06
193.33 -01.06
195.27 -01.07
197.22 -01.07
199.19 -01.08
201.18 -01.08
203.19 -01.07
205.23 -01.06
207.28 -01.05
209.35 -01.05
211.44 -01.03
213.56 -01.04
215.69 -01.04
217.85 -01.04
220.03 -01.04
222.23 -01.04
224.45 -01.04
226.70 -01.05
228.96 -01.05
231.25 -01.05
233.57 -01.06
235.90 -01.06
238.26 -01.07
240.64 -01.07
243.05 -01.08
245.48 -01.09
247.93 -01.08
250.41 -01.07
252.92 -01.03
255.45 -00.98
258.00 -00.93
260.58 -00.87
263.19 -00.81
265.82 -00.75
268.48 -00.70
271.16 -00.64
273.87 -00.59
276.61 -00.54
279.38 -00.50
282.17 -00.46
284.99 -00.42
287.84 -00.38
290.72 -00.32
293.63 -00.28
296.57 -00.23
299.53 -00.17
302.53 -00.11
305.55 -00.04
308.61 00.03
311.69 00.11
314.81 00.19
317.96 00.26
321.14 00.33
324.35 00.40
327.59 00.47
330.87 00.54
334.18 00.59
337.52 00.64
340.90 00.70
344.30 00.74
347.75 00.77
351.23 00.78
354.74 00.78
358.28 00.72
361.87 00.61
365.49 00.45
369.14 00.26
372.83 00.01
376.56 -00.25
380.33 -00.54
384.13 -00.83
387.97 -01.14
391.85 -01.45
395.77 -01.73
399.73 -01.97
403.72 -02.15
407.76 -02.25
411.84 -02.28
415.96 -02.25
420.12 -02.19
424.32 -02.09
428.56 -01.98
432.85 -01.88
437.18 -01.77
441.55 -01.66
445.96 -01.56
450.42 -01.46
454.93 -01.34
459.48 -01.22
464.07 -01.12
468.71 -01.01
473.40 -00.91
478.13 -00.82
482.91 -00.74
487.74 -00.67
492.62 -00.61
497.55 -00.58
502.52 -00.53
507.55 -00.49
512.62 -00.43
517.75 -00.37
522.93 -00.30
528.16 -00.24
533.44 -00.17
538.77 -00.12
544.16 -00.05
549.60 00.02
555.10 00.10
560.65 00.18
566.25 00.25
571.92 00.32
577.64 00.37
583.41 00.43
589.25 00.48
595.14 00.54
601.09 00.60
607.10 00.65
613.17 00.71
619.30 00.77
625.50 00.84
631.75 00.92
638.07 01.00
644.45 01.10
650.89 01.18
657.40 01.27
663.98 01.33
670.62 01.40
677.32 01.44
684.10 01.49
690.94 01.52
697.85 01.57
704.83 01.57
711.87 01.53
718.99 01.41
726.18 01.23
733.44 00.98
740.78 00.70
748.19 00.40
755.67 00.09
763.23 -00.23
770.86 -00.59
778.57 -00.98
786.35 -01.36
794.22 -01.64
802.16 -01.77
810.18 -01.71
818.28 -01.53
826.46 -01.31
834.73 -01.09
843.08 -00.89
851.51 -00.72
860.02 -00.59
868.62 -00.47
877.31 -00.35
886.08 -00.22
894.94 -00.12
903.89 00.00
912.93 00.11
922.06 00.23
931.28 00.33
940.59 00.44
950.00 00.54
959.50 00.62
969.09 00.72
978.78 00.81
988.57 00.92
998.46 01.02
1008.44 01.12
1018.53 01.20
1028.71 01.25
1039.00 01.27
1049.39 01.26
1059.88 01.23
1070.48 01.16
1081.19 01.07
1092.00 00.93
1102.92 00.73
1113.95 00.47
1125.09 00.18
1136.34 -00.13
1147.70 -00.42
1159.18 -00.68
1170.77 -00.92
1182.48 -01.12
1194.30 -01.27
1206.25 -01.36
1218.31 -01.39
1230.49 -01.37
1242.80 -01.31
1255.22 -01.21
1267.78 -01.11
1280.45 -01.03
1293.26 -00.99
1306.19 -00.95
1319.25 -00.91
1332.45 -00.90
1345.77 -00.92
1359.23 -00.95
1372.82 -00.98
1386.55 -01.01
1400.41 -01.04
1414.42 -01.05
1428.56 -01.07
1442.85 -01.07
1457.28 -01.07
1471.85 -01.06
1486.57 -01.07
1501.43 -01.09
1516.45 -01.20
1531.61 -01.38
1546.93 -01.61
1562.40 -01.91
1578.02 -02.25
1593.80 -02.64
1609.74 -03.03
1625.84 -03.45
1642.10 -03.84
1658.52 -04.21
1675.10 -04.56
1691.85 -04.84
1708.77 -05.07
1725.86 -05.23
1743.12 -05.30
1760.55 -05.32
1778.15 -05.32
1795.94 -05.35
1813.90 -05.35
1832.03 -05.34
1850.36 -05.35
1868.86 -05.35
1887.55 -05.35
1906.42 -05.34
1925.49 -05.36
1944.74 -05.40
1964.19 -05.42
1983.83 -05.45
2003.67 -05.45
2023.71 -05.48
2043.94 -05.50
2064.38 -05.50
2085.03 -05.48
2105.88 -05.44
2126.94 -05.34
2148.20 -05.16
2169.69 -04.96
2191.38 -04.74
2213.30 -04.53
2235.43 -04.34
2257.78 -04.27
2280.36 -04.24
2303.17 -04.22
2326.20 -04.21
2349.46 -04.22
2372.95 -04.17
2396.68 -04.08
2420.65 -03.99
2444.86 -03.91
2469.31 -03.84
2494.00 -03.76
2518.94 -03.70
2544.13 -03.64
2569.57 -03.57
2595.27 -03.51
2621.22 -03.46
2647.43 -03.42
2673.90 -03.36
2700.64 -03.30
2727.65 -03.23
2754.93 -03.15
2782.48 -03.07
2810.30 -03.07
2838.40 -03.16
2866.79 -03.26
2895.46 -03.36
2924.41 -03.42
2953.65 -03.45
2983.19 -03.45
3013.02 -03.50
3043.15 -03.62
3073.58 -03.76
3104.32 -03.92
3135.36 -04.09
3166.72 -04.25
3198.38 -04.37
3230.37 -04.50
3262.67 -04.65
3295.30 -04.80
3328.25 -04.98
3361.53 -05.15
3395.15 -05.26
3429.10 -05.34
3463.39 -05.39
3498.03 -05.43
3533.01 -05.48
3568.34 -05.57
3604.02 -05.72
3640.06 -05.86
3676.46 -05.98
3713.22 -06.08
3750.36 -06.15
3787.86 -06.18
3825.74 -06.18
3864.00 -06.17
3902.64 -06.13
3941.66 -06.05
3981.08 -05.91
4020.89 -05.79
4061.10 -05.66
4101.71 -05.46
4142.73 -05.19
4184.15 -04.86
4226.00 -04.51
4268.26 -04.10
4310.94 -03.61
4354.05 -03.27
4397.59 -03.09
4441.56 -03.09
4485.98 -03.24
4530.84 -03.24
4576.15 -03.22
4621.91 -03.31
4668.13 -03.52
4714.81 -03.87
4761.96 -04.29
4809.58 -04.64
4857.67 -05.20
4906.25 -05.93
4955.31 -06.72
5004.87 -07.40
5054.91 -07.80
5105.46 -08.00
5156.52 -08.06
5208.08 -07.98
5260.16 -07.78
5312.77 -07.56
5365.89 -07.40
5419.55 -07.20
5473.75 -06.98
5528.49 -06.70
5583.77 -06.40
5639.61 -06.34
5696.00 -06.37
5752.96 -06.42
5810.49 -06.49
5868.60 -06.56
5927.28 -06.61
5986.56 -06.62
6046.42 -06.67
6106.89 -06.69
6167.96 -06.68
6229.64 -06.62
6291.93 -06.52
6354.85 -06.34
6418.40 -06.11
6482.58 -05.83
6547.41 -05.49
6612.88 -05.12
6679.01 -04.71
6745.80 -04.45
6813.26 -04.27
6881.39 -04.12
6950.21 -03.98
7019.71 -03.86
7089.91 -03.70
7160.81 -03.59
7232.41 -03.46
7304.74 -03.28
7377.79 -03.10
7451.56 -02.93
7526.08 -02.71
7601.34 -02.35
7677.35 -02.08
7754.13 -01.89
7831.67 -01.79
7909.98 -01.76
7989.08 -01.81
8068.98 -02.06
8149.67 -02.45
8231.16 -02.98
8313.47 -03.67
8396.61 -04.52
8480.57 -05.49
8565.38 -06.33
8651.03 -07.04
8737.54 -07.55
8824.92 -07.87
8913.17 -08.05
9002.30 -08.14
9092.32 -08.22
9183.25 -08.25
9275.08 -08.22
9367.83 -08.17
9461.51 -08.16
9556.12 -08.19
9651.68 -08.30
9748.20 -08.45
9845.68 -08.66
9944.14 -08.89
10043.58 -09.03
10144.02 -09.03
10245.46 -09.03
10347.91 -09.03
10451.39 -09.01
10555.91 -08.95
10661.46 -09.00
10768.08 -09.06
10875.76 -08.92
10984.52 -08.57
11094.36 -08.05
11205.31 -07.45
11317.36 -06.96
11430.53 -06.52
11544.84 -06.16
11660.29 -05.83
11776.89 -05.55
11894.66 -05.04
12013.60 -04.51
12133.74 -04.06
12255.08 -03.71
12377.63 -03.49
12501.41 -03.39
12626.42 -03.52
12752.68 -03.67
12880.21 -03.81
13009.01 -03.91
13139.10 -03.96
13270.49 -04.19
13403.20 -04.56
13537.23 -04.94
13672.60 -05.35
13809.33 -05.83
13947.42 -06.36
14086.90 -06.87
14227.77 -07.38
14370.04 -07.90
14513.74 -08.43
14658.88 -08.95
14805.47 -09.42
14953.52 -09.84
15103.06 -10.10
15254.09 -10.25
15406.63 -10.32
15560.70 -10.29
15716.30 -10.18
15873.47 -10.07
16032.20 -10.01
16192.52 -10.06
16354.45 -10.14
16517.99 -10.20
16683.17 -10.22
16850.01 -10.16
17018.51 -09.95
17188.69 -09.19
17360.58 -08.28
17534.18 -07.30
17709.53 -06.36
17886.62 -05.51
18065.49 -04.97
18246.14 -04.87
18428.60 -04.96
18612.89 -05.20
18799.02 -05.49
18987.01 -05.79
19176.88 -06.08
19368.65 -06.42
19562.33 -06.95
19757.96 -07.69
19955.54 -08.65
20000.00 -08.89
