20.00 00.99
20.20 01.04
20.40 01.09
20.61 01.14
20.81 01.18
21.02 01.22
21.23 01.26
21.44 01.31
21.66 01.37
21.87 01.42
22.09 01.47
22.31 01.52
22.54 01.55
22.76 01.58
22.99 01.61
23.22 01.64
23.45 01.66
23.69 01.69
23.92 01.72
24.16 01.75
24.40 01.78
24.65 01.81
24.89 01.83
25.14 01.87
25.39 01.91
25.65 01.96
25.91 02.00
26.16 02.04
26.43 02.08
26.69 02.12
26.96 02.17
27.23 02.20
27.50 02.24
27.77 02.27
28.05 02.32
28.33 02.34
28.62 02.36
28.90 02.38
29.19 02.40
29.48 02.43
29.78 02.44
30.08 02.46
30.38 02.46
30.68 02.47
30.99 02.47
31.30 02.47
31.61 02.49
31.93 02.51
32.24 02.54
32.57 02.57
32.89 02.59
33.22 02.62
33.55 02.65
33.89 02.69
34.23 02.74
34.57 02.77
34.92 02.81
35.27 02.86
35.62 02.89
35.97 02.93
36.33 02.97
36.70 03.00
37.06 03.05
37.43 03.08
37.81 03.10
38.19 03.12
38.57 03.13
38.95 03.14
39.34 03.16
39.74 03.17
40.14 03.18
40.54 03.17
40.94 03.16
41.35 03.15
41.76 03.14
42.18 03.11
42.60 03.11
43.03 03.12
43.46 03.13
43.90 03.14
44.33 03.14
44.78 03.14
45.23 03.13
45.68 03.11
46.13 03.09
46.60 03.06
47.06 03.04
47.53 03.01
48.01 03.00
48.49 02.99
48.97 02.98
49.46 02.98
49.96 02.97
50.46 02.96
50.96 02.96
51.47 02.96
51.99 02.95
52.51 02.95
53.03 02.96
53.56 02.98
54.10 02.99
54.64 03.00
55.18 03.03
55.74 03.05
56.29 03.09
56.86 03.14
57.42 03.17
58.00 03.22
58.58 03.28
59.16 03.32
59.76 03.37
60.35 03.42
60.96 03.48
61.57 03.53
62.18 03.58
62.80 03.63
63.43 03.66
64.07 03.67
64.71 03.69
65.35 03.70
66.01 03.70
66.67 03.72
67.33 03.73
68.01 03.75
68.69 03.78
69.37 03.80
70.07 03.82
70.77 03.83
71.48 03.85
72.19 03.87
72.91 03.88
73.64 03.89
74.38 03.90
75.12 03.91
75.87 03.94
76.63 03.96
77.40 03.99
78.17 04.00
78.95 04.02
79.74 04.04
80.54 04.05
81.35 04.06
82.16 04.07
82.98 04.07
83.81 04.08
84.65 04.09
85.50 04.10
86.35 04.12
87.22 04.15
88.09 04.17
88.97 04.21
89.86 04.23
90.76 04.22
91.66 04.21
92.58 04.20
93.51 04.18
94.44 04.18
95.39 04.17
96.34 04.18
97.30 04.18
98.28 04.18
99.26 04.19
100.25 04.19
101.25 04.18
102.27 04.19
103.29 04.18
104.32 04.18
105.37 04.18
106.42 04.17
107.48 04.16
108.56 04.16
109.64 04.15
110.74 04.15
111.85 04.13
112.97 04.12
114.10 04.12
115.24 04.10
116.39 04.09
117.55 04.08
118.73 04.06
119.92 04.04
121.12 04.00
122.33 03.98
123.55 03.96
124.79 03.92
126.03 03.91
127.29 03.90
128.57 03.89
129.85 03.88
131.15 03.87
132.46 03.86
133.79 03.84
135.12 03.84
136.48 03.82
137.84 03.80
139.22 03.80
140.61 03.78
142.02 03.76
143.44 03.75
144.87 03.73
146.32 03.71
147.78 03.70
149.26 03.68
150.75 03.64
152.26 03.61
153.78 03.57
155.32 03.53
156.88 03.48
158.44 03.45
160.03 03.41
161.63 03.40
163.24 03.39
164.88 03.38
166.53 03.37
168.19 03.36
169.87 03.35
171.57 03.32
173.29 03.30
175.02 03.27
176.77 03.24
178.54 03.22
180.32 03.20
182.13 03.15
183.95 03.11
185.79 03.07
187.65 03.03
189.52 02.99
191.42 02.96
193.33 02.94
195.27 02.92
197.22 02.90
199.19 02.87
201.18 02.86
203.19 02.86
205.23 02.86
207.28 02.86
209.35 02.86
211.44 02.85
213.56 02.84
215.69 02.82
217.85 02.80
220.03 02.78
222.23 02.77
224.45 02.75
226.70 02.73
228.96 02.71
231.25 02.68
233.57 02.66
235.90 02.63
238.26 02.60
240.64 02.57
243.05 02.54
245.48 02.51
247.93 02.48
250.41 02.44
252.92 02.42
255.45 02.41
258.00 02.38
260.58 02.37
263.19 02.35
265.82 02.32
268.48 02.28
271.16 02.24
273.87 02.20
276.61 02.16
279.38 02.12
282.17 02.09
284.99 02.05
287.84 02.02
290.72 02.00
293.63 01.97
296.57 01.95
299.53 01.93
302.53 01.91
305.55 01.90
308.61 01.89
311.69 01.88
314.81 01.88
317.96 01.87
321.14 01.87
324.35 01.86
327.59 01.87
330.87 01.88
334.18 01.89
337.52 01.90
340.90 01.91
344.30 01.92
347.75 01.94
351.23 01.95
354.74 01.97
358.28 01.97
361.87 01.96
365.49 01.96
369.14 01.95
372.83 01.95
376.56 01.94
380.33 01.94
384.13 01.95
387.97 01.95
391.85 01.93
395.77 01.93
399.73 01.92
403.72 01.89
407.76 01.86
411.84 01.84
415.96 01.81
420.12 01.78
424.32 01.75
428.56 01.71
432.85 01.66
437.18 01.61
441.55 01.56
445.96 01.51
450.42 01.45
454.93 01.42
459.48 01.38
464.07 01.34
468.71 01.31
473.40 01.27
478.13 01.25
482.91 01.22
487.74 01.20
492.62 01.19
497.55 01.17
502.52 01.17
507.55 01.19
512.62 01.19
517.75 01.20
522.93 01.22
528.16 01.22
533.44 01.22
538.77 01.21
544.16 01.20
549.60 01.19
555.10 01.18
560.65 01.17
566.25 01.16
571.92 01.15
577.64 01.15
583.41 01.14
589.25 01.13
595.14 01.13
601.09 01.13
607.10 01.11
613.17 01.09
619.30 01.08
625.50 01.07
631.75 01.07
638.07 01.09
644.45 01.12
650.89 01.15
657.40 01.18
663.98 01.21
670.62 01.24
677.32 01.25
684.10 01.27
690.94 01.29
697.85 01.31
704.83 01.33
711.87 01.35
718.99 01.39
726.18 01.43
733.44 01.46
740.78 01.50
748.19 01.53
755.67 01.56
763.23 01.57
770.86 01.58
778.57 01.58
786.35 01.58
794.22 01.56
802.16 01.55
810.18 01.55
818.28 01.54
826.46 01.52
834.73 01.50
843.08 01.47
851.51 01.44
860.02 01.38
868.62 01.32
877.31 01.27
886.08 01.20
894.94 01.13
903.89 01.06
912.93 00.99
922.06 00.92
931.28 00.84
940.59 00.76
950.00 00.67
959.50 00.57
969.09 00.46
978.78 00.35
988.57 00.22
998.46 00.10
1008.44 -00.03
1018.53 -00.17
1028.71 -00.31
1039.00 -00.45
1049.39 -00.59
1059.88 -00.73
1070.48 -00.87
1081.19 -01.00
1092.00 -01.14
1102.92 -01.27
1113.95 -01.40
1125.09 -01.52
1136.34 -01.64
1147.70 -01.75
1159.18 -01.86
1170.77 -01.96
1182.48 -02.07
1194.30 -02.17
1206.25 -02.27
1218.31 -02.35
1230.49 -02.43
1242.80 -02.50
1255.22 -02.57
1267.78 -02.64
1280.45 -02.71
1293.26 -02.77
1306.19 -02.82
1319.25 -02.86
1332.45 -02.90
1345.77 -02.93
1359.23 -02.96
1372.82 -02.99
1386.55 -03.01
1400.41 -03.03
1414.42 -03.05
1428.56 -03.06
1442.85 -03.06
1457.28 -03.07
1471.85 -03.07
1486.57 -03.07
1501.43 -03.07
1516.45 -03.08
1531.61 -03.09
1546.93 -03.10
1562.40 -03.10
1578.02 -03.10
1593.80 -03.08
1609.74 -03.05
1625.84 -03.00
1642.10 -02.95
1658.52 -02.89
1675.10 -02.82
1691.85 -02.73
1708.77 -02.65
1725.86 -02.57
1743.12 -02.47
1760.55 -02.37
1778.15 -02.27
1795.94 -02.17
1813.90 -02.06
1832.03 -01.95
1850.36 -01.85
1868.86 -01.74
1887.55 -01.64
1906.42 -01.54
1925.49 -01.47
1944.74 -01.40
1964.19 -01.34
1983.83 -01.28
2003.67 -01.23
2023.71 -01.25
2043.94 -01.27
2064.38 -01.30
2085.03 -01.34
2105.88 -01.37
2126.94 -01.39
2148.20 -01.37
2169.69 -01.34
2191.38 -01.33
2213.30 -01.30
2235.43 -01.29
2257.78 -01.33
2280.36 -01.38
2303.17 -01.44
2326.20 -01.52
2349.46 -01.60
2372.95 -01.62
2396.68 -01.59
2420.65 -01.57
2444.86 -01.56
2469.31 -01.56
2494.00 -01.58
2518.94 -01.62
2544.13 -01.69
2569.57 -01.76
2595.27 -01.83
2621.22 -01.92
2647.43 -02.02
2673.90 -02.13
2700.64 -02.27
2727.65 -02.44
2754.93 -02.65
2782.48 -02.90
2810.30 -03.24
2838.40 -03.70
2866.79 -04.22
2895.46 -04.78
2924.41 -05.40
2953.65 -06.06
2983.19 -06.73
3013.02 -07.45
3043.15 -08.16
3073.58 -08.80
3104.32 -09.35
3135.36 -09.76
3166.72 -10.03
3198.38 -10.18
3230.37 -10.22
3262.67 -10.19
3295.30 -10.12
3328.25 -10.02
3361.53 -09.92
3395.15 -09.77
3429.10 -09.66
3463.39 -09.55
3498.03 -09.47
3533.01 -09.40
3568.34 -09.38
3604.02 -09.40
3640.06 -09.44
3676.46 -09.49
3713.22 -09.53
3750.36 -09.57
3787.86 -09.51
3825.74 -09.44
3864.00 -09.34
3902.64 -09.20
3941.66 -09.02
3981.08 -08.80
4020.89 -08.60
4061.10 -08.41
4101.71 -08.10
4142.73 -07.68
4184.15 -07.13
4226.00 -06.51
4268.26 -05.87
4310.94 -05.33
4354.05 -04.99
4397.59 -04.87
4441.56 -04.94
4485.98 -05.16
4530.84 -05.34
4576.15 -05.55
4621.91 -05.85
4668.13 -06.28
4714.81 -06.85
4761.96 -07.46
4809.58 -07.82
4857.67 -08.32
4906.25 -08.83
4955.31 -09.20
5004.87 -09.33
5054.91 -08.92
5105.46 -08.39
5156.52 -07.77
5208.08 -07.11
5260.16 -06.44
5312.77 -05.82
5365.89 -05.38
5419.55 -04.96
5473.75 -04.55
5528.49 -04.15
5583.77 -03.74
5639.61 -03.61
5696.00 -03.56
5752.96 -03.48
5810.49 -03.34
5868.60 -03.14
5927.28 -02.89
5986.56 -02.60
6046.42 -02.32
6106.89 -02.05
6167.96 -01.79
6229.64 -01.57
6291.93 -01.39
6354.85 -01.29
6418.40 -01.27
6482.58 -01.35
6547.41 -01.50
6612.88 -01.75
6679.01 -02.08
6745.80 -02.62
6813.26 -03.31
6881.39 -04.08
6950.21 -04.88
7019.71 -05.62
7089.91 -06.13
7160.81 -06.30
7232.41 -06.06
7304.74 -05.51
7377.79 -04.82
7451.56 -04.09
7526.08 -03.36
7601.34 -02.59
7677.35 -01.93
7754.13 -01.37
7831.67 -00.94
7909.98 -00.61
7989.08 -00.40
8068.98 -00.38
8149.67 -00.49
8231.16 -00.70
8313.47 -01.03
8396.61 -01.47
8480.57 -02.03
8565.38 -02.53
8651.03 -03.07
8737.54 -03.69
8824.92 -04.38
8913.17 -05.14
9002.30 -05.96
9092.32 -06.87
9183.25 -07.86
9275.08 -08.96
9367.83 -10.17
9461.51 -11.47
9556.12 -12.75
9651.68 -13.80
9748.20 -14.30
9845.68 -14.04
9944.14 -13.17
10043.58 -11.93
10144.02 -10.55
10245.46 -09.21
10347.91 -07.94
10451.39 -06.76
10555.91 -05.69
10661.46 -04.90
10768.08 -04.32
10875.76 -03.85
10984.52 -03.47
11094.36 -03.18
11205.31 -02.95
11317.36 -02.81
11430.53 -02.73
11544.84 -02.71
11660.29 -02.72
11776.89 -02.73
11894.66 -02.70
12013.60 -02.56
12133.74 -02.27
12255.08 -01.82
12377.63 -01.27
12501.41 -00.70
12626.42 -00.21
12752.68 00.25
12880.21 00.66
13009.01 01.03
13139.10 01.34
13270.49 01.56
13403.20 01.67
13537.23 01.70
13672.60 01.61
13809.33 01.41
13947.42 01.13
14086.90 00.77
14227.77 00.35
14370.04 -00.12
14513.74 -00.60
14658.88 -01.06
14805.47 -01.38
14953.52 -01.36
15103.06 -00.80
15254.09 00.34
15406.63 01.60
15560.70 02.67
15716.30 03.41
15873.47 03.88
16032.20 04.15
16192.52 04.33
16354.45 04.42
16517.99 04.44
16683.17 04.38
16850.01 04.14
17018.51 03.72
17188.69 03.38
17360.58 02.73
17534.18 01.87
17709.53 01.21
17886.62 00.95
18065.49 00.96
18246.14 01.12
18428.60 01.37
18612.89 01.62
18799.02 01.86
18987.01 02.03
19176.88 02.08
19368.65 02.00
19562.33 01.78
19757.96 01.42
19955.54 00.95
20000.00 00.84
