20.00 -01.96
20.20 -01.92
20.40 -01.88
20.61 -01.84
20.81 -01.81
21.02 -01.78
21.23 -01.75
21.44 -01.72
21.66 -01.69
21.87 -01.66
22.09 -01.63
22.31 -01.61
22.54 -01.58
22.76 -01.58
22.99 -01.56
23.22 -01.55
23.45 -01.55
23.69 -01.53
23.92 -01.51
24.16 -01.49
24.40 -01.46
24.65 -01.43
24.89 -01.41
25.14 -01.39
25.39 -01.35
25.65 -01.32
25.91 -01.29
26.16 -01.26
26.43 -01.24
26.69 -01.22
26.96 -01.19
27.23 -01.18
27.50 -01.16
27.77 -01.15
28.05 -01.13
28.33 -01.10
28.62 -01.06
28.90 -01.03
29.19 -00.99
29.48 -00.97
29.78 -00.94
30.08 -00.91
30.38 -00.93
30.68 -00.94
30.99 -00.96
31.30 -00.98
31.61 -00.99
31.93 -00.99
32.24 -00.99
32.57 -01.00
32.89 -01.00
33.22 -00.99
33.55 -01.00
33.89 -00.97
34.23 -00.95
34.57 -00.91
34.92 -00.89
35.27 -00.86
35.62 -00.84
35.97 -00.81
36.33 -00.79
36.70 -00.78
37.06 -00.75
37.43 -00.73
37.81 -00.71
38.19 -00.69
38.57 -00.67
38.95 -00.66
39.34 -00.63
39.74 -00.62
40.14 -00.62
40.54 -00.64
40.94 -00.67
41.35 -00.69
41.76 -00.71
42.18 -00.74
42.60 -00.77
43.03 -00.77
43.46 -00.78
43.90 -00.77
44.33 -00.78
44.78 -00.79
45.23 -00.79
45.68 -00.78
46.13 -00.78
46.60 -00.77
47.06 -00.76
47.53 -00.76
48.01 -00.70
48.49 -00.65
48.97 -00.59
49.46 -00.54
49.96 -00.48
50.46 -00.42
50.96 -00.36
51.47 -00.30
51.99 -00.23
52.51 -00.17
53.03 -00.11
53.56 -00.10
54.10 -00.07
54.64 -00.05
55.18 -00.04
55.74 -00.01
56.29 00.02
56.86 00.04
57.42 00.08
58.00 00.10
58.58 00.13
59.16 00.17
59.76 00.19
60.35 00.23
60.96 00.26
61.57 00.29
62.18 00.32
62.80 00.36
63.43 00.36
64.07 00.33
64.71 00.30
65.35 00.27
66.01 00.25
66.67 00.23
67.33 00.22
68.01 00.21
68.69 00.21
69.37 00.21
70.07 00.21
70.77 00.20
71.48 00.20
72.19 00.20
72.91 00.19
73.64 00.19
74.38 00.18
75.12 00.18
75.87 00.19
76.63 00.22
77.40 00.24
78.17 00.25
78.95 00.27
79.74 00.30
80.54 00.30
81.35 00.32
82.16 00.32
82.98 00.34
83.81 00.34
84.65 00.36
85.50 00.38
86.35 00.41
87.22 00.44
88.09 00.47
88.97 00.50
89.86 00.53
90.76 00.54
91.66 00.53
92.58 00.52
93.51 00.52
94.44 00.51
95.39 00.52
96.34 00.53
97.30 00.55
98.28 00.56
99.26 00.58
100.25 00.60
101.25 00.62
102.27 00.63
103.29 00.64
104.32 00.67
105.37 00.68
106.42 00.69
107.48 00.71
108.56 00.71
109.64 00.72
110.74 00.73
111.85 00.74
112.97 00.74
114.10 00.76
115.24 00.77
116.39 00.77
117.55 00.79
118.73 00.78
119.92 00.77
121.12 00.76
122.33 00.75
123.55 00.74
124.79 00.72
126.03 00.74
127.29 00.74
128.57 00.75
129.85 00.76
131.15 00.77
132.46 00.77
133.79 00.78
135.12 00.79
136.48 00.79
137.84 00.80
139.22 00.81
140.61 00.81
142.02 00.82
143.44 00.82
144.87 00.81
146.32 00.82
147.78 00.82
149.26 00.82
150.75 00.81
152.26 00.79
153.78 00.78
155.32 00.77
156.88 00.75
158.44 00.74
160.03 00.72
161.63 00.74
163.24 00.74
164.88 00.75
166.53 00.77
168.19 00.77
169.87 00.79
171.57 00.78
173.29 00.76
175.02 00.76
176.77 00.75
178.54 00.74
180.32 00.73
182.13 00.71
183.95 00.70
185.79 00.68
187.65 00.65
189.52 00.64
191.42 00.63
193.33 00.61
195.27 00.59
197.22 00.59
199.19 00.57
201.18 00.56
203.19 00.56
205.23 00.55
207.28 00.56
209.35 00.55
211.44 00.55
213.56 00.53
215.69 00.51
217.85 00.50
220.03 00.48
222.23 00.47
224.45 00.45
226.70 00.43
228.96 00.41
231.25 00.40
233.57 00.38
235.90 00.36
238.26 00.34
240.64 00.34
243.05 00.32
245.48 00.30
247.93 00.29
250.41 00.27
252.92 00.26
255.45 00.26
258.00 00.26
260.58 00.26
263.19 00.25
265.82 00.25
268.48 00.23
271.16 00.22
273.87 00.20
276.61 00.18
279.38 00.16
282.17 00.15
284.99 00.14
287.84 00.13
290.72 00.12
293.63 00.11
296.57 00.10
299.53 00.09
302.53 00.07
305.55 00.07
308.61 00.06
311.69 00.06
314.81 00.04
317.96 00.03
321.14 00.02
324.35 00.00
327.59 00.00
330.87 -00.01
334.18 -00.03
337.52 -00.04
340.90 -00.04
344.30 -00.06
347.75 -00.06
351.23 -00.07
354.74 -00.08
358.28 -00.10
361.87 -00.13
365.49 -00.17
369.14 -00.19
372.83 -00.22
376.56 -00.24
380.33 -00.26
384.13 -00.26
387.97 -00.27
391.85 -00.28
395.77 -00.28
399.73 -00.29
403.72 -00.31
407.76 -00.33
411.84 -00.35
415.96 -00.37
420.12 -00.40
424.32 -00.42
428.56 -00.45
432.85 -00.47
437.18 -00.50
441.55 -00.53
445.96 -00.56
450.42 -00.59
454.93 -00.61
459.48 -00.63
464.07 -00.65
468.71 -00.66
473.40 -00.68
478.13 -00.69
482.91 -00.71
487.74 -00.72
492.62 -00.73
497.55 -00.75
502.52 -00.74
507.55 -00.74
512.62 -00.72
517.75 -00.71
522.93 -00.69
528.16 -00.68
533.44 -00.67
538.77 -00.68
544.16 -00.68
549.60 -00.69
555.10 -00.69
560.65 -00.69
566.25 -00.70
571.92 -00.70
577.64 -00.71
583.41 -00.71
589.25 -00.72
595.14 -00.73
601.09 -00.74
607.10 -00.77
613.17 -00.80
619.30 -00.83
625.50 -00.86
631.75 -00.87
638.07 -00.88
644.45 -00.88
650.89 -00.89
657.40 -00.89
663.98 -00.89
670.62 -00.89
677.32 -00.91
684.10 -00.92
690.94 -00.93
697.85 -00.94
704.83 -00.96
711.87 -00.97
718.99 -00.97
726.18 -00.96
733.44 -00.95
740.78 -00.95
748.19 -00.93
755.67 -00.91
763.23 -00.88
770.86 -00.85
778.57 -00.82
786.35 -00.79
794.22 -00.75
802.16 -00.72
810.18 -00.68
818.28 -00.64
826.46 -00.60
834.73 -00.56
843.08 -00.52
851.51 -00.47
860.02 -00.47
868.62 -00.45
877.31 -00.44
886.08 -00.42
894.94 -00.41
903.89 -00.39
912.93 -00.35
922.06 -00.31
931.28 -00.28
940.59 -00.23
950.00 -00.20
959.50 -00.16
969.09 -00.11
978.78 -00.07
988.57 -00.01
998.46 00.04
1008.44 00.11
1018.53 00.18
1028.71 00.25
1039.00 00.32
1049.39 00.40
1059.88 00.48
1070.48 00.56
1081.19 00.64
1092.00 00.72
1102.92 00.79
1113.95 00.85
1125.09 00.92
1136.34 00.98
1147.70 01.03
1159.18 01.09
1170.77 01.15
1182.48 01.21
1194.30 01.27
1206.25 01.35
1218.31 01.41
1230.49 01.46
1242.80 01.51
1255.22 01.55
1267.78 01.61
1280.45 01.66
1293.26 01.69
1306.19 01.72
1319.25 01.74
1332.45 01.74
1345.77 01.72
1359.23 01.69
1372.82 01.65
1386.55 01.62
1400.41 01.58
1414.42 01.54
1428.56 01.46
1442.85 01.37
1457.28 01.26
1471.85 01.15
1486.57 01.03
1501.43 00.92
1516.45 00.76
1531.61 00.59
1546.93 00.40
1562.40 00.19
1578.02 -00.03
1593.80 -00.26
1609.74 -00.45
1625.84 -00.65
1642.10 -00.85
1658.52 -01.08
1675.10 -01.33
1691.85 -01.58
1708.77 -01.85
1725.86 -02.12
1743.12 -02.40
1760.55 -02.67
1778.15 -02.95
1795.94 -03.25
1813.90 -03.50
1832.03 -03.71
1850.36 -03.92
1868.86 -04.12
1887.55 -04.31
1906.42 -04.49
1925.49 -04.65
1944.74 -04.78
1964.19 -04.87
1983.83 -04.94
2003.67 -05.00
2023.71 -05.07
2043.94 -05.14
2064.38 -05.19
2085.03 -05.23
2105.88 -05.23
2126.94 -05.21
2148.20 -05.14
2169.69 -05.07
2191.38 -04.98
2213.30 -04.87
2235.43 -04.73
2257.78 -04.69
2280.36 -04.66
2303.17 -04.63
2326.20 -04.58
2349.46 -04.52
2372.95 -04.37
2396.68 -04.15
2420.65 -03.90
2444.86 -03.64
2469.31 -03.37
2494.00 -03.08
2518.94 -02.79
2544.13 -02.48
2569.57 -02.17
2595.27 -01.87
2621.22 -01.58
2647.43 -01.30
2673.90 -01.01
2700.64 -00.74
2727.65 -00.49
2754.93 -00.25
2782.48 -00.04
2810.30 00.09
2838.40 00.12
2866.79 00.13
2895.46 00.12
2924.41 00.12
2953.65 00.10
2983.19 00.09
3013.02 00.06
3043.15 -00.02
3073.58 -00.08
3104.32 -00.14
3135.36 -00.21
3166.72 -00.27
3198.38 -00.33
3230.37 -00.40
3262.67 -00.51
3295.30 -00.63
3328.25 -00.80
3361.53 -00.98
3395.15 -01.19
3429.10 -01.44
3463.39 -01.72
3498.03 -02.03
3533.01 -02.36
3568.34 -02.74
3604.02 -03.16
3640.06 -03.54
3676.46 -03.85
3713.22 -04.07
3750.36 -04.19
3787.86 -04.19
3825.74 -04.09
3864.00 -03.94
3902.64 -03.77
3941.66 -03.58
3981.08 -03.40
4020.89 -03.32
4061.10 -03.34
4101.71 -03.37
4142.73 -03.42
4184.15 -03.47
4226.00 -03.53
4268.26 -03.46
4310.94 -03.22
4354.05 -02.95
4397.59 -02.65
4441.56 -02.40
4485.98 -02.23
4530.84 -01.90
4576.15 -01.57
4621.91 -01.38
4668.13 -01.30
4714.81 -01.32
4761.96 -01.34
4809.58 -01.17
4857.67 -01.13
4906.25 -01.25
4955.31 -01.57
5004.87 -02.06
5054.91 -02.57
5105.46 -03.14
5156.52 -03.66
5208.08 -04.03
5260.16 -04.22
5312.77 -04.29
5365.89 -04.38
5419.55 -04.38
5473.75 -04.35
5528.49 -04.31
5583.77 -04.26
5639.61 -04.48
5696.00 -04.79
5752.96 -05.11
5810.49 -05.44
5868.60 -05.74
5927.28 -06.00
5986.56 -06.21
6046.42 -06.44
6106.89 -06.59
6167.96 -06.68
6229.64 -06.68
6291.93 -06.63
6354.85 -06.52
6418.40 -06.37
6482.58 -06.20
6547.41 -06.01
6612.88 -05.84
6679.01 -05.68
6745.80 -05.69
6813.26 -05.80
6881.39 -05.90
6950.21 -05.94
7019.71 -05.91
7089.91 -05.75
7160.81 -05.53
7232.41 -05.18
7304.74 -04.70
7377.79 -04.14
7451.56 -03.51
7526.08 -02.74
7601.34 -01.74
7677.35 -00.75
7754.13 00.26
7831.67 01.25
7909.98 02.20
7989.08 03.10
8068.98 03.82
8149.67 04.38
8231.16 04.80
8313.47 05.09
8396.61 05.24
8480.57 05.27
8565.38 05.32
8651.03 05.29
8737.54 05.16
8824.92 04.89
8913.17 04.44
9002.30 03.81
9092.32 02.92
9183.25 01.85
9275.08 00.69
9367.83 -00.48
9461.51 -01.59
9556.12 -02.55
9651.68 -03.36
9748.20 -03.99
9845.68 -04.50
9944.14 -04.90
10043.58 -05.09
10144.02 -05.06
10245.46 -04.94
10347.91 -04.74
10451.39 -04.42
10555.91 -04.00
10661.46 -03.67
10768.08 -03.40
10875.76 -03.03
10984.52 -02.58
11094.36 -02.06
11205.31 -01.52
11317.36 -01.10
11430.53 -00.74
11544.84 -00.48
11660.29 -00.30
11776.89 -00.22
11894.66 00.04
12013.60 00.31
12133.74 00.50
12255.08 00.65
12377.63 00.77
12501.41 00.88
12626.42 00.88
12752.68 00.95
12880.21 01.09
13009.01 01.28
13139.10 01.52
13270.49 01.56
13403.20 01.46
13537.23 01.37
13672.60 01.32
13809.33 01.31
13947.42 01.35
14086.90 01.49
14227.77 01.67
14370.04 01.80
14513.74 01.85
14658.88 01.80
14805.47 01.69
14953.52 01.51
15103.06 01.39
15254.09 01.26
15406.63 01.05
15560.70 00.75
15716.30 00.36
15873.47 -00.11
16032.20 -00.53
16192.52 -00.78
16354.45 -00.77
16517.99 -00.55
16683.17 -00.25
16850.01 -00.01
17018.51 00.19
17188.69 00.74
17360.58 01.21
17534.18 01.62
17709.53 01.94
17886.62 02.18
18065.49 02.17
18246.14 01.79
18428.60 01.33
18612.89 00.86
18799.02 00.49
18987.01 00.24
19176.88 00.10
19368.65 00.00
19562.33 -00.16
19757.96 -00.43
19955.54 -00.89
20000.00 -01.03
