20.00 -07.43
20.20 -07.38
20.40 -07.32
20.61 -07.27
20.81 -07.22
21.02 -07.27
21.23 -07.23
21.44 -07.18
21.66 -07.24
21.87 -07.20
22.09 -07.16
22.31 -07.12
22.54 -07.19
22.76 -07.15
22.99 -07.12
23.22 -07.08
23.45 -07.15
23.69 -07.11
23.92 -07.08
24.16 -07.05
24.40 -07.12
24.65 -06.99
24.89 -06.96
25.14 -07.03
25.39 -07.00
25.65 -06.98
25.91 -06.95
26.16 -06.93
26.43 -06.90
26.69 -06.88
26.96 -06.96
27.23 -06.94
27.50 -06.92
27.77 -07.00
28.05 -06.98
28.33 -06.97
28.62 -06.95
28.90 -06.94
29.19 -06.93
29.48 -06.92
29.78 -06.91
30.08 -06.90
30.38 -07.00
30.68 -06.99
30.99 -06.99
31.30 -07.09
31.61 -07.09
31.93 -07.19
32.24 -07.20
32.57 -07.20
32.89 -07.21
33.22 -07.32
33.55 -07.33
33.89 -07.34
34.23 -07.35
34.57 -07.37
34.92 -07.38
35.27 -07.40
35.62 -07.42
35.97 -07.45
36.33 -07.47
36.70 -07.49
37.06 -07.42
37.43 -07.45
37.81 -07.47
38.19 -07.50
38.57 -07.63
38.95 -07.65
39.34 -07.58
39.74 -07.60
40.14 -07.62
40.54 -07.64
40.94 -07.76
41.35 -07.78
41.76 -07.80
42.18 -07.91
42.60 -07.83
43.03 -07.94
43.46 -07.95
43.90 -07.96
44.33 -08.07
44.78 -08.07
45.23 -07.98
45.68 -07.98
46.13 -07.98
46.60 -08.08
47.06 -08.08
47.53 -08.07
48.01 -08.06
48.49 -08.05
48.97 -07.93
49.46 -07.91
49.96 -07.79
50.46 -07.77
50.96 -07.63
51.47 -07.49
51.99 -07.43
52.51 -07.25
53.03 -07.14
53.56 -07.01
54.10 -06.84
54.64 -06.63
55.18 -06.40
55.74 -06.12
56.29 -05.72
56.86 -05.38
57.42 -05.02
58.00 -04.64
58.58 -04.25
59.16 -03.87
59.76 -03.38
60.35 -02.90
60.96 -02.54
61.57 -02.22
62.18 -01.94
62.80 -01.69
63.43 -01.48
64.07 -01.31
64.71 -01.18
65.35 -01.18
66.01 -01.11
66.67 -01.18
67.33 -01.17
68.01 -01.18
68.69 -01.11
69.37 -01.15
70.07 -01.20
70.77 -01.24
71.48 -01.28
72.19 -01.42
72.91 -01.47
73.64 -01.51
74.38 -01.54
75.12 -01.58
75.87 -01.62
76.63 -01.65
77.40 -01.68
78.17 -01.72
78.95 -01.75
79.74 -01.68
80.54 -01.71
81.35 -01.73
82.16 -01.76
82.98 -01.79
83.81 -01.82
84.65 -01.84
85.50 -01.77
86.35 -01.79
87.22 -01.71
88.09 -01.73
88.97 -01.76
89.86 -01.68
90.76 -01.70
91.66 -01.72
92.58 -01.74
93.51 -01.76
94.44 -01.88
95.39 -01.80
96.34 -01.82
97.30 -01.84
98.28 -01.86
99.26 -01.88
100.25 -01.90
101.25 -01.92
102.27 -01.84
103.29 -01.86
104.32 -01.88
105.37 -01.90
106.42 -01.91
107.48 -01.93
108.56 -01.95
109.64 -01.97
110.74 -01.98
111.85 -02.00
112.97 -02.01
114.10 -01.92
115.24 -01.93
116.39 -01.95
117.55 -01.96
118.73 -01.97
119.92 -01.97
121.12 -02.08
122.33 -02.09
123.55 -02.10
124.79 -02.10
126.03 -02.11
127.29 -02.12
128.57 -02.12
129.85 -02.13
131.15 -02.13
132.46 -02.14
133.79 -02.14
135.12 -02.05
136.48 -02.05
137.84 -02.06
139.22 -02.06
140.61 -02.06
142.02 -02.06
143.44 -02.07
144.87 -02.07
146.32 -02.07
147.78 -02.07
149.26 -02.07
150.75 -02.07
152.26 -02.07
153.78 -02.07
155.32 -02.07
156.88 -02.07
158.44 -02.18
160.03 -02.18
161.63 -02.08
163.24 -02.08
164.88 -02.08
166.53 -02.08
168.19 -02.08
169.87 -02.08
171.57 -02.08
173.29 -02.07
175.02 -02.07
176.77 -02.07
178.54 -02.06
180.32 -02.05
182.13 -02.04
183.95 -02.04
185.79 -02.03
187.65 -02.01
189.52 -02.00
191.42 -01.99
193.33 -02.08
195.27 -02.06
197.22 -02.05
199.19 -02.03
201.18 -02.01
203.19 -02.00
205.23 -01.98
207.28 -01.96
209.35 -01.94
211.44 -01.83
213.56 -01.91
215.69 -01.89
217.85 -01.87
220.03 -01.84
222.23 -01.82
224.45 -01.80
226.70 -01.77
228.96 -01.75
231.25 -01.72
233.57 -01.70
235.90 -01.67
238.26 -01.75
240.64 -01.72
243.05 -01.69
245.48 -01.67
247.93 -01.64
250.41 -01.61
252.92 -01.58
255.45 -01.56
258.00 -01.53
260.58 -01.41
263.19 -01.38
265.82 -01.35
268.48 -01.33
271.16 -01.31
273.87 -01.38
276.61 -01.36
279.38 -01.34
282.17 -01.32
284.99 -01.31
287.84 -01.29
290.72 -01.28
293.63 -01.27
296.57 -01.27
299.53 -01.27
302.53 -01.28
305.55 -01.19
308.61 -01.20
311.69 -01.22
314.81 -01.25
317.96 -01.28
321.14 -01.32
324.35 -01.36
327.59 -01.40
330.87 -01.44
334.18 -01.49
337.52 -01.53
340.90 -01.57
344.30 -01.61
347.75 -01.65
351.23 -01.68
354.74 -01.71
358.28 -01.73
361.87 -01.75
365.49 -01.76
369.14 -01.87
372.83 -01.87
376.56 -01.87
380.33 -01.87
384.13 -01.86
387.97 -01.86
391.85 -01.85
395.77 -01.84
399.73 -01.83
403.72 -01.83
407.76 -01.82
411.84 -01.82
415.96 -01.81
420.12 -01.81
424.32 -01.81
428.56 -01.92
432.85 -01.92
437.18 -01.92
441.55 -01.92
445.96 -01.93
450.42 -02.03
454.93 -02.04
459.48 -02.04
464.07 -02.04
468.71 -02.05
473.40 -02.05
478.13 -02.05
482.91 -02.06
487.74 -02.06
492.62 -02.06
497.55 -02.07
502.52 -02.07
507.55 -02.08
512.62 -02.08
517.75 -02.07
522.93 -01.97
528.16 -01.95
533.44 -01.93
538.77 -01.89
544.16 -01.85
549.60 -01.80
555.10 -01.73
560.65 -01.66
566.25 -01.68
571.92 -01.59
577.64 -01.50
583.41 -01.41
589.25 -01.32
595.14 -01.23
601.09 -01.15
607.10 -01.07
613.17 -01.11
619.30 -01.05
625.50 -00.99
631.75 -00.95
638.07 -01.01
644.45 -00.97
650.89 -00.94
657.40 -00.91
663.98 -00.88
670.62 -00.85
677.32 -00.92
684.10 -00.89
690.94 -00.85
697.85 -00.81
704.83 -00.87
711.87 -00.83
718.99 -00.79
726.18 -00.75
733.44 -00.71
740.78 -00.68
748.19 -00.64
755.67 -00.62
763.23 -00.59
770.86 -00.57
778.57 -00.55
786.35 -00.53
794.22 -00.50
802.16 -00.47
810.18 -00.44
818.28 -00.39
826.46 -00.34
834.73 -00.27
843.08 -00.09
851.51 00.00
860.02 00.00
868.62 00.11
877.31 00.23
886.08 00.35
894.94 00.37
903.89 00.49
912.93 00.60
922.06 00.72
931.28 00.82
940.59 00.92
950.00 01.01
959.50 01.08
969.09 01.15
978.78 01.21
988.57 01.26
998.46 01.31
1008.44 01.36
1018.53 01.40
1028.71 01.43
1039.00 01.46
1049.39 01.49
1059.88 01.51
1070.48 01.53
1081.19 01.54
1092.00 01.54
1102.92 01.54
1113.95 01.53
1125.09 01.51
1136.34 01.38
1147.70 01.34
1159.18 01.29
1170.77 01.24
1182.48 01.08
1194.30 01.01
1206.25 00.95
1218.31 00.88
1230.49 00.82
1242.80 00.77
1255.22 00.72
1267.78 00.68
1280.45 00.66
1293.26 00.65
1306.19 00.65
1319.25 00.78
1332.45 00.82
1345.77 00.88
1359.23 00.95
1372.82 01.01
1386.55 01.08
1400.41 01.14
1414.42 01.21
1428.56 01.27
1442.85 01.31
1457.28 01.34
1471.85 01.35
1486.57 01.34
1501.43 01.31
1516.45 01.28
1531.61 01.13
1546.93 01.07
1562.40 01.00
1578.02 00.82
1593.80 00.73
1609.74 00.64
1625.84 00.44
1642.10 00.35
1658.52 00.28
1675.10 00.23
1691.85 00.21
1708.77 00.10
1725.86 00.13
1743.12 00.08
1760.55 00.07
1778.15 00.16
1795.94 00.17
1813.90 00.28
1832.03 00.39
1850.36 00.48
1868.86 00.56
1887.55 00.61
1906.42 00.54
1925.49 00.54
1944.74 00.42
1964.19 00.39
1983.83 00.24
2003.67 00.18
2023.71 00.02
2043.94 -00.15
2064.38 -00.42
2085.03 -00.59
2105.88 -00.76
2126.94 -01.02
2148.20 -01.08
2169.69 -01.12
2191.38 -01.26
2213.30 -01.19
2235.43 -01.33
2257.78 -01.47
2280.36 -01.71
2303.17 -01.84
2326.20 -01.96
2349.46 -02.19
2372.95 -02.22
2396.68 -02.24
2420.65 -02.26
2444.86 -02.29
2469.31 -02.32
2494.00 -02.45
2518.94 -02.49
2544.13 -02.62
2569.57 -02.65
2595.27 -02.68
2621.22 -02.71
2647.43 -02.75
2673.90 -02.89
2700.64 -02.92
2727.65 -02.93
2754.93 -02.91
2782.48 -02.85
2810.30 -02.83
2838.40 -02.76
2866.79 -02.64
2895.46 -02.58
2924.41 -02.59
2953.65 -02.48
2983.19 -02.24
3013.02 -02.08
3043.15 -01.99
3073.58 -01.80
3104.32 -01.69
3135.36 -01.48
3166.72 -01.37
3198.38 -01.17
3230.37 -01.08
3262.67 -00.80
3295.30 -00.72
3328.25 -00.55
3361.53 -00.39
3395.15 -00.16
3429.10 -00.05
3463.39 00.04
3498.03 00.21
3533.01 00.18
3568.34 00.23
3604.02 00.18
3640.06 00.12
3676.46 00.05
3713.22 -00.01
3750.36 -00.08
3787.86 -00.04
3825.74 -00.09
3864.00 -00.43
3902.64 -00.66
3941.66 -00.87
3981.08 -01.17
4020.89 -01.35
4061.10 -01.61
4101.71 -01.84
4142.73 -02.04
4184.15 -02.12
4226.00 -02.30
4268.26 -02.36
4310.94 -02.24
4354.05 -02.22
4397.59 -02.13
4441.56 -02.07
4485.98 -02.14
4530.84 -01.86
4576.15 -01.62
4621.91 -01.34
4668.13 -01.21
4714.81 -01.04
4761.96 -00.84
4809.58 -00.10
4857.67 00.57
4906.25 01.17
4955.31 01.31
5004.87 01.69
5054.91 01.82
5105.46 01.89
5156.52 02.21
5208.08 02.38
5260.16 02.51
5312.77 02.70
5365.89 02.60
5419.55 02.49
5473.75 02.30
5528.49 02.22
5583.77 02.25
5639.61 02.12
5696.00 01.62
5752.96 01.26
5810.49 01.17
5868.60 01.05
5927.28 01.10
5986.56 01.21
6046.42 01.15
6106.89 01.20
6167.96 01.16
6229.64 01.20
6291.93 01.11
6354.85 01.09
6418.40 01.02
6482.58 00.89
6547.41 00.70
6612.88 00.45
6679.01 00.13
6745.80 -00.63
6813.26 -01.03
6881.39 -01.76
6950.21 -02.39
7019.71 -02.99
7089.91 -03.65
7160.81 -04.25
7232.41 -04.75
7304.74 -05.15
7377.79 -05.44
7451.56 -05.61
7526.08 -05.58
7601.34 -05.26
7677.35 -04.89
7754.13 -04.48
7831.67 -04.16
7909.98 -03.76
7989.08 -03.39
8068.98 -03.06
8149.67 -02.67
8231.16 -02.42
8313.47 -02.22
8396.61 -02.17
8480.57 -02.27
8565.38 -02.52
8651.03 -02.53
8737.54 -02.69
8824.92 -02.81
8913.17 -02.99
9002.30 -03.31
9092.32 -03.78
9183.25 -04.27
9275.08 -04.87
9367.83 -05.36
9461.51 -05.95
9556.12 -06.21
9651.68 -06.26
9748.20 -06.18
9845.68 -06.15
9944.14 -06.07
10043.58 -05.96
10144.02 -05.76
10245.46 -05.70
10347.91 -05.69
10451.39 -05.63
10555.91 -05.72
10661.46 -05.92
10768.08 -06.30
10875.76 -06.63
10984.52 -06.78
11094.36 -06.93
11205.31 -06.94
11317.36 -06.86
11430.53 -06.47
11544.84 -06.01
11660.29 -05.44
11776.89 -04.74
11894.66 -03.86
12013.60 -02.96
12133.74 -02.24
12255.08 -01.48
12377.63 -00.77
12501.41 -00.12
12626.42 00.26
12752.68 00.69
12880.21 00.96
13009.01 01.20
13139.10 01.53
13270.49 01.56
13403.20 01.51
13537.23 01.45
13672.60 01.38
13809.33 01.28
13947.42 01.12
14086.90 01.00
14227.77 00.73
14370.04 00.48
14513.74 -00.04
14658.88 -00.45
14805.47 -01.06
14953.52 -01.94
15103.06 -02.44
15254.09 -02.77
15406.63 -03.09
15560.70 -03.02
15716.30 -02.48
15873.47 -01.94
16032.20 -01.33
16192.52 -00.72
16354.45 -00.19
16517.99 00.23
16683.17 00.64
16850.01 00.85
17018.51 00.94
17188.69 01.51
17360.58 01.75
17534.18 01.83
17709.53 01.88
17886.62 01.71
18065.49 01.45
18246.14 00.91
18428.60 00.20
18612.89 -00.44
18799.02 -01.12
18987.01 -01.94
19176.88 -02.78
19368.65 -03.51
19562.33 -04.15
19757.96 -04.85
19955.54 -05.24
20000.00 -05.38
