20.00 01.43
20.20 01.48
20.40 01.52
20.61 01.56
20.81 01.60
21.02 01.64
21.23 01.67
21.44 01.70
21.66 01.74
21.87 01.76
22.09 01.79
22.31 01.82
22.54 01.84
22.76 01.87
22.99 01.89
23.22 01.91
23.45 01.94
23.69 01.96
23.92 01.98
24.16 02.01
24.40 02.03
24.65 02.05
24.89 02.07
25.14 02.09
25.39 02.11
25.65 02.13
25.91 02.15
26.16 02.17
26.43 02.19
26.69 02.21
26.96 02.23
27.23 02.25
27.50 02.26
27.77 02.28
28.05 02.29
28.33 02.31
28.62 02.32
28.90 02.34
29.19 02.35
29.48 02.36
29.78 02.38
30.08 02.39
30.38 02.40
30.68 02.41
30.99 02.42
31.30 02.42
31.61 02.43
31.93 02.44
32.24 02.44
32.57 02.45
32.89 02.45
33.22 02.46
33.55 02.46
33.89 02.47
34.23 02.47
34.57 02.48
34.92 02.48
35.27 02.48
35.62 02.49
35.97 02.49
36.33 02.49
36.70 02.50
37.06 02.50
37.43 02.50
37.81 02.50
38.19 02.51
38.57 02.51
38.95 02.51
39.34 02.51
39.74 02.52
40.14 02.52
40.54 02.52
40.94 02.52
41.35 02.52
41.76 02.52
42.18 02.52
42.60 02.52
43.03 02.52
43.46 02.52
43.90 02.52
44.33 02.53
44.78 02.53
45.23 02.52
45.68 02.52
46.13 02.52
46.60 02.52
47.06 02.52
47.53 02.52
48.01 02.52
48.49 02.52
48.97 02.52
49.46 02.51
49.96 02.51
50.46 02.51
50.96 02.51
51.47 02.51
51.99 02.51
52.51 02.51
53.03 02.52
53.56 02.52
54.10 02.52
54.64 02.53
55.18 02.54
55.74 02.54
56.29 02.55
56.86 02.56
57.42 02.57
58.00 02.59
58.58 02.60
59.16 02.61
59.76 02.62
60.35 02.64
60.96 02.65
61.57 02.66
62.18 02.67
62.80 02.68
63.43 02.69
64.07 02.69
64.71 02.70
65.35 02.70
66.01 02.70
66.67 02.70
67.33 02.70
68.01 02.70
68.69 02.70
69.37 02.70
70.07 02.69
70.77 02.69
71.48 02.68
72.19 02.68
72.91 02.67
73.64 02.66
74.38 02.65
75.12 02.64
75.87 02.63
76.63 02.62
77.40 02.61
78.17 02.59
78.95 02.58
79.74 02.57
80.54 02.55
81.35 02.54
82.16 02.52
82.98 02.51
83.81 02.50
84.65 02.48
85.50 02.47
86.35 02.46
87.22 02.45
88.09 02.44
88.97 02.43
89.86 02.42
90.76 02.41
91.66 02.41
92.58 02.40
93.51 02.39
94.44 02.39
95.39 02.38
96.34 02.37
97.30 02.36
98.28 02.36
99.26 02.35
100.25 02.34
101.25 02.33
102.27 02.32
103.29 02.32
104.32 02.31
105.37 02.30
106.42 02.30
107.48 02.29
108.56 02.28
109.64 02.28
110.74 02.27
111.85 02.26
112.97 02.26
114.10 02.25
115.24 02.25
116.39 02.24
117.55 02.24
118.73 02.23
119.92 02.23
121.12 02.23
122.33 02.22
123.55 02.22
124.79 02.22
126.03 02.21
127.29 02.21
128.57 02.21
129.85 02.21
131.15 02.21
132.46 02.21
133.79 02.21
135.12 02.21
136.48 02.21
137.84 02.21
139.22 02.21
140.61 02.21
142.02 02.21
143.44 02.21
144.87 02.21
146.32 02.21
147.78 02.21
149.26 02.21
150.75 02.21
152.26 02.22
153.78 02.22
155.32 02.22
156.88 02.23
158.44 02.24
160.03 02.24
161.63 02.26
163.24 02.28
164.88 02.31
166.53 02.34
168.19 02.36
169.87 02.38
171.57 02.41
173.29 02.44
175.02 02.46
176.77 02.50
178.54 02.52
180.32 02.55
182.13 02.59
183.95 02.62
185.79 02.65
187.65 02.69
189.52 02.72
191.42 02.77
193.33 02.80
195.27 02.85
197.22 02.89
199.19 02.94
201.18 02.97
203.19 03.02
205.23 03.06
207.28 03.11
209.35 03.14
211.44 03.19
213.56 03.22
215.69 03.26
217.85 03.30
220.03 03.33
222.23 03.37
224.45 03.41
226.70 03.44
228.96 03.46
231.25 03.49
233.57 03.51
235.90 03.53
238.26 03.54
240.64 03.57
243.05 03.59
245.48 03.60
247.93 03.63
250.41 03.64
252.92 03.66
255.45 03.69
258.00 03.71
260.58 03.73
263.19 03.77
265.82 03.79
268.48 03.83
271.16 03.85
273.87 03.88
276.61 03.91
279.38 03.92
282.17 03.95
284.99 03.96
287.84 03.98
290.72 03.98
293.63 03.99
296.57 03.99
299.53 03.98
302.53 03.97
305.55 03.94
308.61 03.91
311.69 03.88
314.81 03.83
317.96 03.79
321.14 03.73
324.35 03.68
327.59 03.62
330.87 03.56
334.18 03.51
337.52 03.47
340.90 03.42
344.30 03.39
347.75 03.36
351.23 03.34
354.74 03.32
358.28 03.31
361.87 03.31
365.49 03.30
369.14 03.31
372.83 03.30
376.56 03.30
380.33 03.31
384.13 03.31
387.97 03.32
391.85 03.33
395.77 03.34
399.73 03.35
403.72 03.37
407.76 03.38
411.84 03.40
415.96 03.41
420.12 03.44
424.32 03.46
428.56 03.50
432.85 03.54
437.18 03.56
441.55 03.60
445.96 03.64
450.42 03.68
454.93 03.73
459.48 03.77
464.07 03.81
468.71 03.86
473.40 03.91
478.13 03.96
482.91 04.01
487.74 04.06
492.62 04.13
497.55 04.18
502.52 04.24
507.55 04.31
512.62 04.36
517.75 04.41
522.93 04.47
528.16 04.51
533.44 04.56
538.77 04.59
544.16 04.61
549.60 04.65
555.10 04.67
560.65 04.70
566.25 04.73
571.92 04.76
577.64 04.80
583.41 04.84
589.25 04.88
595.14 04.93
601.09 04.98
607.10 05.01
613.17 05.04
619.30 05.03
625.50 05.01
631.75 04.96
638.07 04.87
644.45 04.73
650.89 04.53
657.40 04.27
663.98 03.98
670.62 03.63
677.32 03.22
684.10 02.79
690.94 02.31
697.85 01.81
704.83 01.28
711.87 00.75
718.99 00.25
726.18 -00.24
733.44 -00.67
740.78 -01.04
748.19 -01.34
755.67 -01.58
763.23 -01.75
770.86 -01.85
778.57 -01.91
786.35 -01.91
794.22 -01.87
802.16 -01.79
810.18 -01.69
818.28 -01.57
826.46 -01.43
834.73 -01.28
843.08 -01.13
851.51 -01.00
860.02 -00.88
868.62 -00.77
877.31 -00.69
886.08 -00.63
894.94 -00.60
903.89 -00.60
912.93 -00.59
922.06 -00.60
931.28 -00.62
940.59 -00.64
950.00 -00.64
959.50 -00.63
969.09 -00.61
978.78 -00.56
988.57 -00.49
998.46 -00.42
1008.44 -00.34
1018.53 -00.27
1028.71 -00.24
1039.00 -00.24
1049.39 -00.28
1059.88 -00.39
1070.48 -00.54
1081.19 -00.74
1092.00 -00.99
1102.92 -01.28
1113.95 -01.61
1125.09 -01.97
1136.34 -02.36
1147.70 -02.74
1159.18 -03.08
1170.77 -03.37
1182.48 -03.60
1194.30 -03.74
1206.25 -03.81
1218.31 -03.84
1230.49 -03.84
1242.80 -03.82
1255.22 -03.79
1267.78 -03.75
1280.45 -03.72
1293.26 -03.69
1306.19 -03.69
1319.25 -03.72
1332.45 -03.78
1345.77 -03.85
1359.23 -03.94
1372.82 -04.03
1386.55 -04.12
1400.41 -04.22
1414.42 -04.33
1428.56 -04.44
1442.85 -04.55
1457.28 -04.66
1471.85 -04.78
1486.57 -04.92
1501.43 -05.09
1516.45 -05.29
1531.61 -05.51
1546.93 -05.78
1562.40 -06.05
1578.02 -06.34
1593.80 -06.61
1609.74 -06.85
1625.84 -07.08
1642.10 -07.27
1658.52 -07.41
1675.10 -07.50
1691.85 -07.54
1708.77 -07.54
1725.86 -07.55
1743.12 -07.56
1760.55 -07.57
1778.15 -07.59
1795.94 -07.59
1813.90 -07.59
1832.03 -07.56
1850.36 -07.51
1868.86 -07.44
1887.55 -07.33
1906.42 -07.20
1925.49 -07.04
1944.74 -06.85
1964.19 -06.62
1983.83 -06.37
2003.67 -06.12
2023.71 -05.88
2043.94 -05.66
2064.38 -05.45
2085.03 -05.25
2105.88 -05.07
2126.94 -04.90
2148.20 -04.75
2169.69 -04.59
2191.38 -04.45
2213.30 -04.33
2235.43 -04.22
2257.78 -04.14
2280.36 -04.05
2303.17 -03.96
2326.20 -03.85
2349.46 -03.73
2372.95 -03.59
2396.68 -03.40
2420.65 -03.19
2444.86 -02.95
2469.31 -02.69
2494.00 -02.43
2518.94 -02.17
2544.13 -01.93
2569.57 -01.71
2595.27 -01.49
2621.22 -01.31
2647.43 -01.14
2673.90 -00.99
2700.64 -00.85
2727.65 -00.75
2754.93 -00.66
2782.48 -00.59
2810.30 -00.50
2838.40 -00.41
2866.79 -00.31
2895.46 -00.19
2924.41 -00.06
2953.65 00.10
2983.19 00.26
3013.02 00.41
3043.15 00.58
3073.58 00.74
3104.32 00.92
3135.36 01.09
3166.72 01.27
3198.38 01.44
3230.37 01.61
3262.67 01.75
3295.30 01.87
3328.25 01.96
3361.53 02.05
3395.15 02.10
3429.10 02.15
3463.39 02.19
3498.03 02.21
3533.01 02.24
3568.34 02.26
3604.02 02.28
3640.06 02.30
3676.46 02.32
3713.22 02.34
3750.36 02.35
3787.86 02.36
3825.74 02.35
3864.00 02.31
3902.64 02.21
3941.66 02.05
3981.08 01.86
4020.89 01.66
4061.10 01.45
4101.71 01.25
4142.73 01.03
4184.15 00.83
4226.00 00.62
4268.26 00.44
4310.94 00.29
4354.05 00.18
4397.59 00.08
4441.56 -00.02
4485.98 -00.14
4530.84 -00.30
4576.15 -00.49
4621.91 -00.71
4668.13 -00.94
4714.81 -01.17
4761.96 -01.37
4809.58 -01.50
4857.67 -01.50
4906.25 -01.30
4955.31 -00.99
5004.87 -00.65
5054.91 -00.35
5105.46 -00.10
5156.52 00.03
5208.08 00.10
5260.16 00.13
5312.77 00.12
5365.89 00.05
5419.55 -00.09
5473.75 -00.29
5528.49 -00.56
5583.77 -00.84
5639.61 -01.12
5696.00 -01.33
5752.96 -01.48
5810.49 -01.56
5868.60 -01.57
5927.28 -01.54
5986.56 -01.46
6046.42 -01.13
6106.89 -00.70
6167.96 -00.25
6229.64 00.20
6291.93 00.65
6354.85 01.12
6418.40 01.58
6482.58 02.04
6547.41 02.48
6612.88 02.92
6679.01 03.35
6745.80 03.77
6813.26 04.19
6881.39 04.58
6950.21 04.96
7019.71 05.31
7089.91 05.64
7160.81 05.93
7232.41 06.20
7304.74 06.30
7377.79 06.35
7451.56 06.37
7526.08 06.37
7601.34 06.34
7677.35 06.29
7754.13 06.22
7831.67 06.13
7909.98 06.02
7989.08 05.90
8068.98 05.76
8149.67 05.62
8231.16 05.46
8313.47 05.31
8396.61 05.16
8480.57 05.02
8565.38 04.89
8651.03 04.78
8737.54 04.71
8824.92 04.67
8913.17 04.68
9002.30 04.71
9092.32 04.76
9183.25 04.82
9275.08 04.86
9367.83 04.88
9461.51 04.89
9556.12 04.86
9651.68 04.81
9748.20 04.72
9845.68 04.59
9944.14 04.41
10043.58 04.19
10144.02 03.93
10245.46 03.65
10347.91 03.47
10451.39 03.29
10555.91 03.13
10661.46 02.97
10768.08 02.81
10875.76 02.67
10984.52 02.54
11094.36 02.41
11205.31 02.28
11317.36 02.15
11430.53 01.99
11544.84 01.81
11660.29 01.62
11776.89 01.41
11894.66 01.20
12013.60 00.99
12133.74 00.77
12255.08 00.56
12377.63 00.35
12501.41 00.13
12626.42 -00.06
12752.68 -00.20
12880.21 -00.29
13009.01 -00.32
13139.10 -00.29
13270.49 -00.20
13403.20 -00.06
13537.23 00.15
13672.60 00.42
13809.33 00.74
13947.42 01.07
14086.90 01.41
14227.77 01.72
14370.04 01.99
14513.74 02.16
14658.88 02.15
14805.47 02.08
14953.52 01.97
15103.06 01.80
15254.09 01.60
15406.63 01.34
15560.70 01.07
15716.30 00.81
15873.47 00.61
16032.20 00.49
16192.52 00.44
16354.45 00.45
16517.99 00.48
16683.17 00.49
16850.01 00.51
17018.51 00.52
17188.69 00.54
17360.58 00.58
17534.18 00.62
17709.53 00.63
17886.62 00.64
18065.49 00.62
18246.14 00.63
18428.60 00.68
18612.89 00.78
18799.02 00.90
18987.01 01.02
19176.88 01.11
19368.65 01.12
19562.33 01.05
19757.96 00.90
19955.54 00.65
20000.00 00.58
