20.00 -04.10
20.20 -04.01
20.40 -03.93
20.61 -03.85
20.81 -03.78
21.02 -03.71
21.23 -03.64
21.44 -03.57
21.66 -03.50
21.87 -03.44
22.09 -03.38
22.31 -03.32
22.54 -03.27
22.76 -03.22
22.99 -03.17
23.22 -03.13
23.45 -03.09
23.69 -03.05
23.92 -03.01
24.16 -02.97
24.40 -02.93
24.65 -02.90
24.89 -02.86
25.14 -02.82
25.39 -02.79
25.65 -02.75
25.91 -02.71
26.16 -02.68
26.43 -02.64
26.69 -02.60
26.96 -02.57
27.23 -02.53
27.50 -02.49
27.77 -02.46
28.05 -02.42
28.33 -02.39
28.62 -02.35
28.90 -02.31
29.19 -02.28
29.48 -02.24
29.78 -02.20
30.08 -02.17
30.38 -02.13
30.68 -02.09
30.99 -02.06
31.30 -02.02
31.61 -01.99
31.93 -01.95
32.24 -01.92
32.57 -01.88
32.89 -01.84
33.22 -01.81
33.55 -01.77
33.89 -01.74
34.23 -01.70
34.57 -01.67
34.92 -01.63
35.27 -01.59
35.62 -01.56
35.97 -01.52
36.33 -01.48
36.70 -01.45
37.06 -01.41
37.43 -01.37
37.81 -01.33
38.19 -01.29
38.57 -01.25
38.95 -01.22
39.34 -01.18
39.74 -01.14
40.14 -01.10
40.54 -01.06
40.94 -01.02
41.35 -00.98
41.76 -00.95
42.18 -00.91
42.60 -00.87
43.03 -00.83
43.46 -00.79
43.90 -00.75
44.33 -00.71
44.78 -00.68
45.23 -00.64
45.68 -00.60
46.13 -00.56
46.60 -00.52
47.06 -00.49
47.53 -00.45
48.01 -00.42
48.49 -00.38
48.97 -00.34
49.46 -00.31
49.96 -00.27
50.46 -00.24
50.96 -00.20
51.47 -00.17
51.99 -00.13
52.51 -00.10
53.03 -00.06
53.56 -00.03
54.10 00.01
54.64 00.05
55.18 00.09
55.74 00.13
56.29 00.17
56.86 00.21
57.42 00.25
58.00 00.29
58.58 00.34
59.16 00.38
59.76 00.43
60.35 00.47
60.96 00.52
61.57 00.57
62.18 00.63
62.80 00.68
63.43 00.73
64.07 00.79
64.71 00.84
65.35 00.90
66.01 00.95
66.67 01.00
67.33 01.05
68.01 01.10
68.69 01.14
69.37 01.18
70.07 01.21
70.77 01.23
71.48 01.25
72.19 01.27
72.91 01.28
73.64 01.28
74.38 01.28
75.12 01.28
75.87 01.27
76.63 01.27
77.40 01.26
78.17 01.26
78.95 01.25
79.74 01.24
80.54 01.23
81.35 01.22
82.16 01.21
82.98 01.20
83.81 01.19
84.65 01.18
85.50 01.17
86.35 01.16
87.22 01.15
88.09 01.14
88.97 01.12
89.86 01.11
90.76 01.10
91.66 01.09
92.58 01.07
93.51 01.06
94.44 01.05
95.39 01.04
96.34 01.03
97.30 01.02
98.28 01.00
99.26 00.99
100.25 00.98
101.25 00.97
102.27 00.96
103.29 00.96
104.32 00.95
105.37 00.94
106.42 00.94
107.48 00.93
108.56 00.93
109.64 00.93
110.74 00.93
111.85 00.93
112.97 00.93
114.10 00.93
115.24 00.93
116.39 00.93
117.55 00.93
118.73 00.92
119.92 00.92
121.12 00.92
122.33 00.91
123.55 00.91
124.79 00.91
126.03 00.91
127.29 00.91
128.57 00.91
129.85 00.92
131.15 00.92
132.46 00.93
133.79 00.94
135.12 00.95
136.48 00.96
137.84 00.96
139.22 00.97
140.61 00.97
142.02 00.98
143.44 00.98
144.87 00.97
146.32 00.97
147.78 00.97
149.26 00.96
150.75 00.95
152.26 00.95
153.78 00.94
155.32 00.94
156.88 00.94
158.44 00.94
160.03 00.93
161.63 00.94
163.24 00.95
164.88 00.97
166.53 00.98
168.19 00.99
169.87 01.00
171.57 01.02
173.29 01.03
175.02 01.05
176.77 01.07
178.54 01.08
180.32 01.09
182.13 01.11
183.95 01.12
185.79 01.13
187.65 01.14
189.52 01.15
191.42 01.17
193.33 01.18
195.27 01.19
197.22 01.20
199.19 01.21
201.18 01.22
203.19 01.23
205.23 01.23
207.28 01.24
209.35 01.24
211.44 01.26
213.56 01.26
215.69 01.27
217.85 01.27
220.03 01.27
222.23 01.28
224.45 01.29
226.70 01.29
228.96 01.29
231.25 01.30
233.57 01.31
235.90 01.31
238.26 01.32
240.64 01.34
243.05 01.35
245.48 01.36
247.93 01.38
250.41 01.39
252.92 01.41
255.45 01.44
258.00 01.45
260.58 01.47
263.19 01.49
265.82 01.50
268.48 01.53
271.16 01.54
273.87 01.55
276.61 01.58
279.38 01.59
282.17 01.62
284.99 01.63
287.84 01.66
290.72 01.68
293.63 01.72
296.57 01.75
299.53 01.79
302.53 01.83
305.55 01.86
308.61 01.91
311.69 01.96
314.81 01.99
317.96 02.03
321.14 02.07
324.35 02.10
327.59 02.13
330.87 02.16
334.18 02.18
337.52 02.21
340.90 02.23
344.30 02.24
347.75 02.26
351.23 02.28
354.74 02.30
358.28 02.31
361.87 02.33
365.49 02.34
369.14 02.37
372.83 02.38
376.56 02.39
380.33 02.42
384.13 02.43
387.97 02.46
391.85 02.48
395.77 02.51
399.73 02.53
403.72 02.57
407.76 02.59
411.84 02.62
415.96 02.65
420.12 02.68
424.32 02.70
428.56 02.72
432.85 02.75
437.18 02.75
441.55 02.76
445.96 02.76
450.42 02.74
454.93 02.71
459.48 02.66
464.07 02.60
468.71 02.51
473.40 02.41
478.13 02.28
482.91 02.12
487.74 01.95
492.62 01.77
497.55 01.56
502.52 01.36
507.55 01.16
512.62 00.97
517.75 00.80
522.93 00.67
528.16 00.56
533.44 00.49
538.77 00.45
544.16 00.44
549.60 00.47
555.10 00.52
560.65 00.58
566.25 00.63
571.92 00.70
577.64 00.75
583.41 00.81
589.25 00.85
595.14 00.89
601.09 00.94
607.10 00.96
613.17 00.99
619.30 01.01
625.50 01.04
631.75 01.07
638.07 01.10
644.45 01.12
650.89 01.13
657.40 01.14
663.98 01.17
670.62 01.19
677.32 01.22
684.10 01.27
690.94 01.30
697.85 01.35
704.83 01.38
711.87 01.41
718.99 01.44
726.18 01.45
733.44 01.45
740.78 01.42
748.19 01.37
755.67 01.29
763.23 01.18
770.86 01.05
778.57 00.91
786.35 00.75
794.22 00.60
802.16 00.46
810.18 00.32
818.28 00.20
826.46 00.11
834.73 00.07
843.08 00.07
851.51 00.10
860.02 00.17
868.62 00.26
877.31 00.38
886.08 00.51
894.94 00.65
903.89 00.81
912.93 01.01
922.06 01.21
931.28 01.41
940.59 01.57
950.00 01.71
959.50 01.82
969.09 01.88
978.78 01.93
988.57 01.94
998.46 01.91
1008.44 01.84
1018.53 01.73
1028.71 01.58
1039.00 01.40
1049.39 01.23
1059.88 01.05
1070.48 00.90
1081.19 00.74
1092.00 00.57
1102.92 00.39
1113.95 00.22
1125.09 00.05
1136.34 -00.14
1147.70 -00.32
1159.18 -00.50
1170.77 -00.71
1182.48 -00.95
1194.30 -01.19
1206.25 -01.43
1218.31 -01.67
1230.49 -01.90
1242.80 -02.12
1255.22 -02.36
1267.78 -02.58
1280.45 -02.80
1293.26 -03.00
1306.19 -03.20
1319.25 -03.38
1332.45 -03.56
1345.77 -03.70
1359.23 -03.83
1372.82 -03.95
1386.55 -04.06
1400.41 -04.17
1414.42 -04.28
1428.56 -04.38
1442.85 -04.49
1457.28 -04.61
1471.85 -04.76
1486.57 -04.94
1501.43 -05.15
1516.45 -05.37
1531.61 -05.58
1546.93 -05.80
1562.40 -06.00
1578.02 -06.18
1593.80 -06.35
1609.74 -06.50
1625.84 -06.65
1642.10 -06.79
1658.52 -06.90
1675.10 -07.01
1691.85 -07.11
1708.77 -07.20
1725.86 -07.30
1743.12 -07.37
1760.55 -07.46
1778.15 -07.55
1795.94 -07.63
1813.90 -07.71
1832.03 -07.78
1850.36 -07.83
1868.86 -07.84
1887.55 -07.83
1906.42 -07.78
1925.49 -07.71
1944.74 -07.64
1964.19 -07.58
1983.83 -07.53
2003.67 -07.50
2023.71 -07.47
2043.94 -07.44
2064.38 -07.41
2085.03 -07.38
2105.88 -07.33
2126.94 -07.29
2148.20 -07.22
2169.69 -07.12
2191.38 -06.99
2213.30 -06.82
2235.43 -06.61
2257.78 -06.40
2280.36 -06.17
2303.17 -05.95
2326.20 -05.72
2349.46 -05.52
2372.95 -05.32
2396.68 -05.13
2420.65 -04.95
2444.86 -04.78
2469.31 -04.61
2494.00 -04.45
2518.94 -04.30
2544.13 -04.18
2569.57 -04.09
2595.27 -04.04
2621.22 -04.02
2647.43 -04.01
2673.90 -03.97
2700.64 -03.89
2727.65 -03.80
2754.93 -03.69
2782.48 -03.56
2810.30 -03.40
2838.40 -03.21
2866.79 -03.01
2895.46 -02.80
2924.41 -02.59
2953.65 -02.38
2983.19 -02.21
3013.02 -02.07
3043.15 -01.95
3073.58 -01.87
3104.32 -01.78
3135.36 -01.71
3166.72 -01.63
3198.38 -01.53
3230.37 -01.38
3262.67 -01.21
3295.30 -01.04
3328.25 -00.90
3361.53 -00.78
3395.15 -00.70
3429.10 -00.61
3463.39 -00.55
3498.03 -00.53
3533.01 -00.52
3568.34 -00.55
3604.02 -00.63
3640.06 -00.74
3676.46 -00.85
3713.22 -00.93
3750.36 -00.93
3787.86 -00.81
3825.74 -00.56
3864.00 -00.28
3902.64 -00.03
3941.66 00.14
3981.08 00.24
4020.89 00.29
4061.10 00.31
4101.71 00.31
4142.73 00.28
4184.15 00.19
4226.00 00.01
4268.26 -00.30
4310.94 -00.71
4354.05 -01.20
4397.59 -01.66
4441.56 -02.06
4485.98 -02.43
4530.84 -02.79
4576.15 -03.17
4621.91 -03.58
4668.13 -04.03
4714.81 -04.51
4761.96 -04.99
4809.58 -05.45
4857.67 -05.85
4906.25 -06.21
4955.31 -06.55
5004.87 -06.91
5054.91 -07.28
5105.46 -07.61
5156.52 -07.94
5208.08 -08.21
5260.16 -08.43
5312.77 -08.64
5365.89 -08.87
5419.55 -09.09
5473.75 -09.26
5528.49 -09.33
5583.77 -09.28
5639.61 -09.18
5696.00 -09.07
5752.96 -08.88
5810.49 -08.45
5868.60 -07.91
5927.28 -07.29
5986.56 -06.68
6046.42 -05.90
6106.89 -05.12
6167.96 -04.40
6229.64 -03.73
6291.93 -03.11
6354.85 -02.53
6418.40 -02.00
6482.58 -01.51
6547.41 -01.08
6612.88 -00.70
6679.01 -00.35
6745.80 00.01
6813.26 00.36
6881.39 00.69
6950.21 01.04
7019.71 01.39
7089.91 01.75
7160.81 02.13
7232.41 02.51
7304.74 02.76
7377.79 03.01
7451.56 03.27
7526.08 03.55
7601.34 03.84
7677.35 04.13
7754.13 04.43
7831.67 04.73
7909.98 05.03
7989.08 05.31
8068.98 05.58
8149.67 05.82
8231.16 06.04
8313.47 06.21
8396.61 06.35
8480.57 06.43
8565.38 06.46
8651.03 06.43
8737.54 06.34
8824.92 06.18
8913.17 05.95
9002.30 05.66
9092.32 05.31
9183.25 04.89
9275.08 04.41
9367.83 03.88
9461.51 03.30
9556.12 02.69
9651.68 02.05
9748.20 01.41
9845.68 00.79
9944.14 00.18
10043.58 -00.40
10144.02 -00.95
10245.46 -01.48
10347.91 -01.90
10451.39 -02.30
10555.91 -02.70
10661.46 -03.11
10768.08 -03.51
10875.76 -03.93
10984.52 -04.36
11094.36 -04.80
11205.31 -05.23
11317.36 -05.63
11430.53 -05.98
11544.84 -06.29
11660.29 -06.53
11776.89 -06.69
11894.66 -06.76
12013.60 -06.79
12133.74 -06.79
12255.08 -06.81
12377.63 -06.87
12501.41 -07.01
12626.42 -07.24
12752.68 -07.58
12880.21 -07.97
13009.01 -08.37
13139.10 -08.83
13270.49 -09.30
13403.20 -09.66
13537.23 -09.78
13672.60 -09.56
13809.33 -09.04
13947.42 -08.37
14086.90 -07.66
14227.77 -06.97
14370.04 -06.32
14513.74 -05.80
14658.88 -05.54
14805.47 -05.41
14953.52 -05.41
15103.06 -05.51
15254.09 -05.65
15406.63 -05.82
15560.70 -05.98
15716.30 -06.12
15873.47 -06.23
16032.20 -06.31
16192.52 -06.35
16354.45 -06.36
16517.99 -06.35
16683.17 -06.33
16850.01 -06.31
17018.51 -06.32
17188.69 -06.37
17360.58 -06.42
17534.18 -06.49
17709.53 -06.58
17886.62 -06.66
18065.49 -06.75
18246.14 -06.80
18428.60 -06.82
18612.89 -06.72
18799.02 -06.52
18987.01 -06.19
19176.88 -05.79
19368.65 -05.39
19562.33 -05.04
19757.96 -04.77
19955.54 -04.60
20000.00 -04.57
