20.00 02.26
20.20 02.28
20.40 02.29
20.61 02.31
20.81 02.33
21.02 02.35
21.23 02.37
21.44 02.38
21.66 02.40
21.87 02.42
22.09 02.44
22.31 02.46
22.54 02.48
22.76 02.50
22.99 02.52
23.22 02.54
23.45 02.56
23.69 02.58
23.92 02.60
24.16 02.62
24.40 02.61
24.65 02.61
24.89 02.61
25.14 02.61
25.39 02.60
25.65 02.60
25.91 02.60
26.16 02.59
26.43 02.59
26.69 02.58
26.96 02.58
27.23 02.57
27.50 02.57
27.77 02.57
28.05 02.56
28.33 02.56
28.62 02.55
28.90 02.55
29.19 02.54
29.48 02.54
29.78 02.53
30.08 02.53
30.38 02.52
30.68 02.52
30.99 02.51
31.30 02.51
31.61 02.50
31.93 02.50
32.24 02.49
32.57 02.49
32.89 02.48
33.22 02.48
33.55 02.47
33.89 02.47
34.23 02.46
34.57 02.46
34.92 02.45
35.27 02.45
35.62 02.44
35.97 02.44
36.33 02.43
36.70 02.43
37.06 02.42
37.43 02.42
37.81 02.41
38.19 02.41
38.57 02.40
38.95 02.40
39.34 02.39
39.74 02.39
40.14 02.38
40.54 02.38
40.94 02.37
41.35 02.37
41.76 02.36
42.18 02.36
42.60 02.35
43.03 02.35
43.46 02.34
43.90 02.34
44.33 02.33
44.78 02.33
45.23 02.33
45.68 02.32
46.13 02.32
46.60 02.31
47.06 02.31
47.53 02.30
48.01 02.30
48.49 02.29
48.97 02.29
49.46 02.28
49.96 02.28
50.46 02.27
50.96 02.27
51.47 02.27
51.99 02.26
52.51 02.26
53.03 02.25
53.56 02.25
54.10 02.24
54.64 02.24
55.18 02.23
55.74 02.23
56.29 02.23
56.86 02.22
57.42 02.22
58.00 02.21
58.58 02.21
59.16 02.20
59.76 02.20
60.35 02.20
60.96 02.19
61.57 02.19
62.18 02.19
62.80 02.18
63.43 02.18
64.07 02.17
64.71 02.17
65.35 02.17
66.01 02.16
66.67 02.16
67.33 02.16
68.01 02.15
68.69 02.15
69.37 02.15
70.07 02.14
70.77 02.14
71.48 02.14
72.19 02.13
72.91 02.13
73.64 02.13
74.38 02.12
75.12 02.12
75.87 02.12
76.63 02.12
77.40 02.11
78.17 02.11
78.95 02.11
79.74 02.11
80.54 02.10
81.35 02.10
82.16 02.10
82.98 02.10
83.81 02.10
84.65 02.09
85.50 02.09
86.35 02.09
87.22 02.09
88.09 02.09
88.97 02.09
89.86 02.09
90.76 02.09
91.66 02.09
92.58 02.09
93.51 02.09
94.44 02.09
95.39 02.09
96.34 02.09
97.30 02.09
98.28 02.09
99.26 02.09
100.25 02.10
101.25 02.10
102.27 02.10
103.29 02.10
104.32 02.11
105.37 02.11
106.42 02.11
107.48 02.12
108.56 02.12
109.64 02.13
110.74 02.13
111.85 02.14
112.97 02.14
114.10 02.15
115.24 02.16
116.39 02.16
117.55 02.17
118.73 02.18
119.92 02.18
121.12 02.19
122.33 02.20
123.55 02.21
124.79 02.22
126.03 02.23
127.29 02.24
128.57 02.25
129.85 02.26
131.15 02.27
132.46 02.28
133.79 02.30
135.12 02.31
136.48 02.32
137.84 02.33
139.22 02.35
140.61 02.36
142.02 02.38
143.44 02.40
144.87 02.41
146.32 02.43
147.78 02.45
149.26 02.47
150.75 02.49
152.26 02.51
153.78 02.53
155.32 02.55
156.88 02.57
158.44 02.59
160.03 02.60
161.63 02.63
163.24 02.65
164.88 02.68
166.53 02.70
168.19 02.71
169.87 02.72
171.57 02.75
173.29 02.75
175.02 02.76
176.77 02.78
178.54 02.78
180.32 02.79
182.13 02.80
183.95 02.81
185.79 02.81
187.65 02.82
189.52 02.82
191.42 02.83
193.33 02.83
195.27 02.83
197.22 02.83
199.19 02.84
201.18 02.84
203.19 02.84
205.23 02.84
207.28 02.85
209.35 02.85
211.44 02.86
213.56 02.87
215.69 02.88
217.85 02.90
220.03 02.90
222.23 02.92
224.45 02.94
226.70 02.94
228.96 02.94
231.25 02.95
233.57 02.95
235.90 02.94
238.26 02.93
240.64 02.92
243.05 02.90
245.48 02.88
247.93 02.86
250.41 02.82
252.92 02.78
255.45 02.75
258.00 02.70
260.58 02.65
263.19 02.60
265.82 02.55
268.48 02.50
271.16 02.44
273.87 02.37
276.61 02.32
279.38 02.25
282.17 02.20
284.99 02.13
287.84 02.07
290.72 02.01
293.63 01.95
296.57 01.90
299.53 01.85
302.53 01.81
305.55 01.77
308.61 01.75
311.69 01.72
314.81 01.70
317.96 01.69
321.14 01.67
324.35 01.67
327.59 01.66
330.87 01.64
334.18 01.63
337.52 01.61
340.90 01.59
344.30 01.55
347.75 01.51
351.23 01.47
354.74 01.42
358.28 01.36
361.87 01.30
365.49 01.23
369.14 01.16
372.83 01.08
376.56 01.01
380.33 00.94
384.13 00.88
387.97 00.83
391.85 00.79
395.77 00.76
399.73 00.74
403.72 00.74
407.76 00.74
411.84 00.75
415.96 00.77
420.12 00.80
424.32 00.83
428.56 00.88
432.85 00.93
437.18 00.97
441.55 01.02
445.96 01.08
450.42 01.13
454.93 01.19
459.48 01.25
464.07 01.31
468.71 01.37
473.40 01.44
478.13 01.52
482.91 01.59
487.74 01.67
492.62 01.76
497.55 01.84
502.52 01.93
507.55 02.02
512.62 02.11
517.75 02.19
522.93 02.27
528.16 02.34
533.44 02.41
538.77 02.45
544.16 02.47
549.60 02.47
555.10 02.44
560.65 02.39
566.25 02.30
571.92 02.18
577.64 02.02
583.41 01.84
589.25 01.62
595.14 01.39
601.09 01.14
607.10 00.87
613.17 00.61
619.30 00.34
625.50 00.11
631.75 -00.09
638.07 -00.26
644.45 -00.39
650.89 -00.50
657.40 -00.58
663.98 -00.61
670.62 -00.62
677.32 -00.61
684.10 -00.57
690.94 -00.53
697.85 -00.47
704.83 -00.41
711.87 -00.35
718.99 -00.27
726.18 -00.19
733.44 -00.12
740.78 -00.05
748.19 00.03
755.67 00.08
763.23 00.13
770.86 00.19
778.57 00.24
786.35 00.29
794.22 00.35
802.16 00.43
810.18 00.52
818.28 00.61
826.46 00.71
834.73 00.84
843.08 00.97
851.51 01.10
860.02 01.24
868.62 01.36
877.31 01.47
886.08 01.55
894.94 01.59
903.89 01.59
912.93 01.58
922.06 01.52
931.28 01.44
940.59 01.32
950.00 01.18
959.50 01.01
969.09 00.82
978.78 00.63
988.57 00.46
998.46 00.30
1008.44 00.18
1018.53 00.08
1028.71 00.00
1039.00 -00.06
1049.39 -00.11
1059.88 -00.16
1070.48 -00.19
1081.19 -00.23
1092.00 -00.28
1102.92 -00.34
1113.95 -00.42
1125.09 -00.53
1136.34 -00.67
1147.70 -00.81
1159.18 -00.96
1170.77 -01.12
1182.48 -01.29
1194.30 -01.45
1206.25 -01.62
1218.31 -01.78
1230.49 -01.93
1242.80 -02.05
1255.22 -02.16
1267.78 -02.23
1280.45 -02.29
1293.26 -02.32
1306.19 -02.35
1319.25 -02.38
1332.45 -02.41
1345.77 -02.43
1359.23 -02.45
1372.82 -02.48
1386.55 -02.52
1400.41 -02.57
1414.42 -02.63
1428.56 -02.70
1442.85 -02.78
1457.28 -02.85
1471.85 -02.92
1486.57 -02.98
1501.43 -03.04
1516.45 -03.12
1531.61 -03.20
1546.93 -03.32
1562.40 -03.46
1578.02 -03.62
1593.80 -03.78
1609.74 -03.93
1625.84 -04.10
1642.10 -04.28
1658.52 -04.47
1675.10 -04.68
1691.85 -04.88
1708.77 -05.02
1725.86 -05.12
1743.12 -05.15
1760.55 -05.16
1778.15 -05.16
1795.94 -05.15
1813.90 -05.14
1832.03 -05.12
1850.36 -05.08
1868.86 -05.03
1887.55 -04.99
1906.42 -04.95
1925.49 -04.93
1944.74 -04.92
1964.19 -04.93
1983.83 -04.94
2003.67 -04.96
2023.71 -04.96
2043.94 -04.95
2064.38 -04.93
2085.03 -04.91
2105.88 -04.87
2126.94 -04.83
2148.20 -04.77
2169.69 -04.70
2191.38 -04.62
2213.30 -04.52
2235.43 -04.42
2257.78 -04.33
2280.36 -04.24
2303.17 -04.16
2326.20 -04.08
2349.46 -04.01
2372.95 -03.93
2396.68 -03.85
2420.65 -03.78
2444.86 -03.72
2469.31 -03.64
2494.00 -03.55
2518.94 -03.45
2544.13 -03.36
2569.57 -03.27
2595.27 -03.17
2621.22 -03.08
2647.43 -02.99
2673.90 -02.91
2700.64 -02.81
2727.65 -02.72
2754.93 -02.63
2782.48 -02.53
2810.30 -02.42
2838.40 -02.31
2866.79 -02.19
2895.46 -02.05
2924.41 -01.91
2953.65 -01.75
2983.19 -01.59
3013.02 -01.43
3043.15 -01.26
3073.58 -01.11
3104.32 -00.95
3135.36 -00.82
3166.72 -00.70
3198.38 -00.61
3230.37 -00.51
3262.67 -00.44
3295.30 -00.35
3328.25 -00.28
3361.53 -00.20
3395.15 -00.14
3429.10 -00.07
3463.39 00.00
3498.03 00.06
3533.01 00.14
3568.34 00.23
3604.02 00.30
3640.06 00.33
3676.46 00.34
3713.22 00.33
3750.36 00.32
3787.86 00.31
3825.74 00.30
3864.00 00.30
3902.64 00.28
3941.66 00.27
3981.08 00.25
4020.89 00.23
4061.10 00.22
4101.71 00.22
4142.73 00.22
4184.15 00.20
4226.00 00.18
4268.26 00.15
4310.94 00.11
4354.05 00.08
4397.59 00.05
4441.56 00.01
4485.98 -00.05
4530.84 -00.14
4576.15 -00.27
4621.91 -00.44
4668.13 -00.63
4714.81 -00.82
4761.96 -01.02
4809.58 -01.24
4857.67 -01.50
4906.25 -01.78
4955.31 -02.08
5004.87 -02.38
5054.91 -02.64
5105.46 -02.83
5156.52 -02.98
5208.08 -03.04
5260.16 -03.03
5312.77 -02.99
5365.89 -02.95
5419.55 -02.90
5473.75 -02.83
5528.49 -02.75
5583.77 -02.65
5639.61 -02.54
5696.00 -02.43
5752.96 -02.33
5810.49 -02.26
5868.60 -02.23
5927.28 -02.21
5986.56 -02.19
6046.42 -01.92
6106.89 -01.58
6167.96 -01.23
6229.64 -00.88
6291.93 -00.54
6354.85 -00.22
6418.40 00.08
6482.58 00.37
6547.41 00.62
6612.88 00.85
6679.01 01.06
6745.80 01.25
6813.26 01.43
6881.39 01.59
6950.21 01.74
7019.71 01.88
7089.91 02.03
7160.81 02.18
7232.41 02.35
7304.74 02.40
7377.79 02.44
7451.56 02.52
7526.08 02.63
7601.34 02.77
7677.35 02.94
7754.13 03.14
7831.67 03.36
7909.98 03.60
7989.08 03.85
8068.98 04.10
8149.67 04.34
8231.16 04.57
8313.47 04.77
8396.61 04.95
8480.57 05.10
8565.38 05.22
8651.03 05.30
8737.54 05.34
8824.92 05.34
8913.17 05.31
9002.30 05.24
9092.32 05.13
9183.25 05.00
9275.08 04.83
9367.83 04.64
9461.51 04.43
9556.12 04.20
9651.68 03.94
9748.20 03.67
9845.68 03.38
9944.14 03.09
10043.58 02.79
10144.02 02.49
10245.46 02.20
10347.91 02.02
10451.39 01.86
10555.91 01.73
10661.46 01.61
10768.08 01.53
10875.76 01.48
10984.52 01.47
11094.36 01.48
11205.31 01.48
11317.36 01.48
11430.53 01.44
11544.84 01.36
11660.29 01.24
11776.89 01.06
11894.66 00.86
12013.60 00.62
12133.74 00.36
12255.08 00.06
12377.63 -00.27
12501.41 -00.62
12626.42 -00.94
12752.68 -01.21
12880.21 -01.42
13009.01 -01.55
13139.10 -01.63
13270.49 -01.70
13403.20 -01.78
13537.23 -01.88
13672.60 -01.99
13809.33 -02.09
13947.42 -02.21
14086.90 -02.33
14227.77 -02.44
14370.04 -02.54
14513.74 -02.65
14658.88 -02.87
14805.47 -03.07
14953.52 -03.24
15103.06 -03.41
15254.09 -03.57
15406.63 -03.77
15560.70 -04.00
15716.30 -04.26
15873.47 -04.55
16032.20 -04.84
16192.52 -05.10
16354.45 -05.28
16517.99 -05.35
16683.17 -05.29
16850.01 -05.11
17018.51 -04.82
17188.69 -04.45
17360.58 -04.03
17534.18 -03.61
17709.53 -03.25
17886.62 -02.94
18065.49 -02.73
18246.14 -02.61
18428.60 -02.62
18612.89 -02.72
18799.02 -02.94
18987.01 -03.25
19176.88 -03.67
19368.65 -04.21
19562.33 -04.87
19757.96 -05.65
19955.54 -06.55
20000.00 -06.76
