20.00 -01.36
20.20 -01.31
20.40 -01.27
20.61 -01.22
20.81 -01.18
21.02 -01.15
21.23 -01.11
21.44 -01.07
21.66 -01.04
21.87 -01.01
22.09 -00.97
22.31 -00.94
22.54 -00.91
22.76 -00.88
22.99 -00.85
23.22 -00.82
23.45 -00.79
23.69 -00.77
23.92 -00.74
24.16 -00.71
24.40 -00.68
24.65 -00.65
24.89 -00.63
25.14 -00.60
25.39 -00.57
25.65 -00.55
25.91 -00.52
26.16 -00.49
26.43 -00.47
26.69 -00.44
26.96 -00.42
27.23 -00.40
27.50 -00.37
27.77 -00.35
28.05 -00.33
28.33 -00.31
28.62 -00.29
28.90 -00.27
29.19 -00.25
29.48 -00.23
29.78 -00.21
30.08 -00.19
30.38 -00.18
30.68 -00.16
30.99 -00.15
31.30 -00.13
31.61 -00.12
31.93 -00.11
32.24 -00.09
32.57 -00.08
32.89 -00.07
33.22 -00.06
33.55 -00.05
33.89 -00.04
34.23 -00.03
34.57 -00.02
34.92 -00.01
35.27 00.00
35.62 00.00
35.97 00.01
36.33 00.02
36.70 00.03
37.06 00.04
37.43 00.05
37.81 00.06
38.19 00.07
38.57 00.07
38.95 00.08
39.34 00.09
39.74 00.10
40.14 00.11
40.54 00.12
40.94 00.13
41.35 00.13
41.76 00.14
42.18 00.15
42.60 00.16
43.03 00.17
43.46 00.18
43.90 00.18
44.33 00.19
44.78 00.20
45.23 00.21
45.68 00.22
46.13 00.23
46.60 00.24
47.06 00.24
47.53 00.25
48.01 00.26
48.49 00.27
48.97 00.28
49.46 00.29
49.96 00.29
50.46 00.30
50.96 00.31
51.47 00.32
51.99 00.32
52.51 00.33
53.03 00.34
53.56 00.34
54.10 00.35
54.64 00.35
55.18 00.36
55.74 00.36
56.29 00.37
56.86 00.37
57.42 00.37
58.00 00.37
58.58 00.38
59.16 00.38
59.76 00.38
60.35 00.38
60.96 00.38
61.57 00.38
62.18 00.38
62.80 00.38
63.43 00.38
64.07 00.38
64.71 00.38
65.35 00.38
66.01 00.38
66.67 00.38
67.33 00.38
68.01 00.37
68.69 00.37
69.37 00.37
70.07 00.37
70.77 00.37
71.48 00.36
72.19 00.36
72.91 00.36
73.64 00.36
74.38 00.36
75.12 00.35
75.87 00.35
76.63 00.35
77.40 00.35
78.17 00.35
78.95 00.35
79.74 00.35
80.54 00.35
81.35 00.35
82.16 00.35
82.98 00.34
83.81 00.34
84.65 00.34
85.50 00.34
86.35 00.34
87.22 00.33
88.09 00.33
88.97 00.33
89.86 00.32
90.76 00.32
91.66 00.31
92.58 00.31
93.51 00.30
94.44 00.29
95.39 00.29
96.34 00.28
97.30 00.27
98.28 00.26
99.26 00.26
100.25 00.25
101.25 00.24
102.27 00.23
103.29 00.22
104.32 00.21
105.37 00.20
106.42 00.19
107.48 00.18
108.56 00.17
109.64 00.15
110.74 00.14
111.85 00.13
112.97 00.12
114.10 00.11
115.24 00.10
116.39 00.08
117.55 00.07
118.73 00.06
119.92 00.05
121.12 00.04
122.33 00.02
123.55 00.01
124.79 00.00
126.03 -00.01
127.29 -00.02
128.57 -00.03
129.85 -00.05
131.15 -00.06
132.46 -00.07
133.79 -00.09
135.12 -00.10
136.48 -00.12
137.84 -00.13
139.22 -00.15
140.61 -00.16
142.02 -00.18
143.44 -00.19
144.87 -00.21
146.32 -00.23
147.78 -00.25
149.26 -00.27
150.75 -00.29
152.26 -00.31
153.78 -00.33
155.32 -00.35
156.88 -00.37
158.44 -00.39
160.03 -00.41
161.63 -00.42
163.24 -00.43
164.88 -00.43
166.53 -00.44
168.19 -00.45
169.87 -00.45
171.57 -00.45
173.29 -00.46
175.02 -00.46
176.77 -00.46
178.54 -00.47
180.32 -00.47
182.13 -00.47
183.95 -00.48
185.79 -00.48
187.65 -00.48
189.52 -00.49
191.42 -00.48
193.33 -00.49
195.27 -00.49
197.22 -00.50
199.19 -00.50
201.18 -00.51
203.19 -00.51
205.23 -00.52
207.28 -00.52
209.35 -00.53
211.44 -00.53
213.56 -00.55
215.69 -00.55
217.85 -00.55
220.03 -00.57
222.23 -00.57
224.45 -00.57
226.70 -00.59
228.96 -00.60
231.25 -00.60
233.57 -00.62
235.90 -00.63
238.26 -00.65
240.64 -00.65
243.05 -00.67
245.48 -00.68
247.93 -00.69
250.41 -00.70
252.92 -00.72
255.45 -00.72
258.00 -00.73
260.58 -00.75
263.19 -00.75
265.82 -00.76
268.48 -00.76
271.16 -00.77
273.87 -00.78
276.61 -00.78
279.38 -00.79
282.17 -00.79
284.99 -00.80
287.84 -00.80
290.72 -00.82
293.63 -00.82
296.57 -00.82
299.53 -00.83
302.53 -00.83
305.55 -00.85
308.61 -00.85
311.69 -00.85
314.81 -00.87
317.96 -00.87
321.14 -00.88
324.35 -00.88
327.59 -00.89
330.87 -00.90
334.18 -00.90
337.52 -00.90
340.90 -00.90
344.30 -00.90
347.75 -00.90
351.23 -00.89
354.74 -00.89
358.28 -00.89
361.87 -00.88
365.49 -00.87
369.14 -00.86
372.83 -00.86
376.56 -00.86
380.33 -00.85
384.13 -00.86
387.97 -00.85
391.85 -00.85
395.77 -00.84
399.73 -00.85
403.72 -00.84
407.76 -00.84
411.84 -00.83
415.96 -00.83
420.12 -00.82
424.32 -00.82
428.56 -00.81
432.85 -00.80
437.18 -00.80
441.55 -00.79
445.96 -00.78
450.42 -00.78
454.93 -00.77
459.48 -00.77
464.07 -00.77
468.71 -00.78
473.40 -00.77
478.13 -00.77
482.91 -00.77
487.74 -00.78
492.62 -00.77
497.55 -00.77
502.52 -00.77
507.55 -00.76
512.62 -00.76
517.75 -00.75
522.93 -00.74
528.16 -00.73
533.44 -00.71
538.77 -00.70
544.16 -00.69
549.60 -00.66
555.10 -00.65
560.65 -00.63
566.25 -00.61
571.92 -00.59
577.64 -00.59
583.41 -00.57
589.25 -00.57
595.14 -00.55
601.09 -00.54
607.10 -00.54
613.17 -00.53
619.30 -00.53
625.50 -00.52
631.75 -00.50
638.07 -00.50
644.45 -00.49
650.89 -00.49
657.40 -00.50
663.98 -00.49
670.62 -00.49
677.32 -00.50
684.10 -00.49
690.94 -00.49
697.85 -00.48
704.83 -00.49
711.87 -00.49
718.99 -00.49
726.18 -00.49
733.44 -00.50
740.78 -00.50
748.19 -00.50
755.67 -00.50
763.23 -00.51
770.86 -00.50
778.57 -00.49
786.35 -00.49
794.22 -00.48
802.16 -00.46
810.18 -00.44
818.28 -00.42
826.46 -00.40
834.73 -00.36
843.08 -00.33
851.51 -00.29
860.02 -00.26
868.62 -00.22
877.31 -00.17
886.08 -00.12
894.94 -00.08
903.89 -00.04
912.93 00.02
922.06 00.07
931.28 00.12
940.59 00.17
950.00 00.23
959.50 00.29
969.09 00.34
978.78 00.40
988.57 00.46
998.46 00.52
1008.44 00.58
1018.53 00.63
1028.71 00.67
1039.00 00.71
1049.39 00.75
1059.88 00.76
1070.48 00.79
1081.19 00.80
1092.00 00.79
1102.92 00.78
1113.95 00.77
1125.09 00.75
1136.34 00.71
1147.70 00.69
1159.18 00.68
1170.77 00.68
1182.48 00.67
1194.30 00.67
1206.25 00.67
1218.31 00.67
1230.49 00.66
1242.80 00.66
1255.22 00.66
1267.78 00.67
1280.45 00.68
1293.26 00.70
1306.19 00.70
1319.25 00.70
1332.45 00.69
1345.77 00.69
1359.23 00.69
1372.82 00.70
1386.55 00.71
1400.41 00.71
1414.42 00.69
1428.56 00.66
1442.85 00.63
1457.28 00.59
1471.85 00.54
1486.57 00.48
1501.43 00.40
1516.45 00.32
1531.61 00.24
1546.93 00.14
1562.40 00.04
1578.02 -00.07
1593.80 -00.18
1609.74 -00.28
1625.84 -00.40
1642.10 -00.51
1658.52 -00.61
1675.10 -00.72
1691.85 -00.83
1708.77 -00.94
1725.86 -01.07
1743.12 -01.19
1760.55 -01.33
1778.15 -01.46
1795.94 -01.57
1813.90 -01.69
1832.03 -01.81
1850.36 -01.92
1868.86 -02.04
1887.55 -02.16
1906.42 -02.27
1925.49 -02.38
1944.74 -02.49
1964.19 -02.58
1983.83 -02.68
2003.67 -02.78
2023.71 -02.87
2043.94 -02.97
2064.38 -03.07
2085.03 -03.17
2105.88 -03.23
2126.94 -03.29
2148.20 -03.34
2169.69 -03.40
2191.38 -03.46
2213.30 -03.50
2235.43 -03.53
2257.78 -03.56
2280.36 -03.59
2303.17 -03.60
2326.20 -03.61
2349.46 -03.62
2372.95 -03.63
2396.68 -03.63
2420.65 -03.64
2444.86 -03.63
2469.31 -03.61
2494.00 -03.60
2518.94 -03.58
2544.13 -03.56
2569.57 -03.53
2595.27 -03.49
2621.22 -03.46
2647.43 -03.42
2673.90 -03.38
2700.64 -03.32
2727.65 -03.28
2754.93 -03.22
2782.48 -03.16
2810.30 -03.08
2838.40 -03.02
2866.79 -02.95
2895.46 -02.87
2924.41 -02.81
2953.65 -02.73
2983.19 -02.67
3013.02 -02.61
3043.15 -02.54
3073.58 -02.48
3104.32 -02.42
3135.36 -02.37
3166.72 -02.31
3198.38 -02.25
3230.37 -02.18
3262.67 -02.11
3295.30 -02.02
3328.25 -01.94
3361.53 -01.85
3395.15 -01.77
3429.10 -01.67
3463.39 -01.58
3498.03 -01.51
3533.01 -01.44
3568.34 -01.40
3604.02 -01.42
3640.06 -01.49
3676.46 -01.62
3713.22 -01.82
3750.36 -02.07
3787.86 -02.38
3825.74 -02.74
3864.00 -03.13
3902.64 -03.56
3941.66 -04.02
3981.08 -04.47
4020.89 -04.88
4061.10 -05.23
4101.71 -05.48
4142.73 -05.63
4184.15 -05.68
4226.00 -05.66
4268.26 -05.62
4310.94 -05.56
4354.05 -05.51
4397.59 -05.48
4441.56 -05.47
4485.98 -05.47
4530.84 -05.49
4576.15 -05.52
4621.91 -05.56
4668.13 -05.60
4714.81 -05.65
4761.96 -05.69
4809.58 -05.75
4857.67 -05.80
4906.25 -05.85
4955.31 -05.90
5004.87 -05.94
5054.91 -05.99
5105.46 -06.02
5156.52 -06.12
5208.08 -06.23
5260.16 -06.31
5312.77 -06.33
5365.89 -06.29
5419.55 -06.19
5473.75 -06.02
5528.49 -05.81
5583.77 -05.54
5639.61 -05.25
5696.00 -04.95
5752.96 -04.65
5810.49 -04.37
5868.60 -04.12
5927.28 -03.91
5986.56 -03.76
6046.42 -03.44
6106.89 -03.12
6167.96 -02.85
6229.64 -02.64
6291.93 -02.49
6354.85 -02.40
6418.40 -02.38
6482.58 -02.41
6547.41 -02.52
6612.88 -02.69
6679.01 -02.93
6745.80 -03.24
6813.26 -03.62
6881.39 -04.08
6950.21 -04.63
7019.71 -05.27
7089.91 -06.02
7160.81 -06.86
7232.41 -07.73
7304.74 -08.68
7377.79 -09.39
7451.56 -09.65
7526.08 -09.37
7601.34 -08.64
7677.35 -07.65
7754.13 -06.58
7831.67 -05.52
7909.98 -04.53
7989.08 -03.64
8068.98 -02.84
8149.67 -02.15
8231.16 -01.56
8313.47 -01.06
8396.61 -00.64
8480.57 -00.31
8565.38 -00.07
8651.03 00.09
8737.54 00.18
8824.92 00.19
8913.17 00.13
9002.30 00.00
9092.32 -00.19
9183.25 -00.43
9275.08 -00.73
9367.83 -01.07
9461.51 -01.46
9556.12 -01.87
9651.68 -02.29
9748.20 -02.72
9845.68 -03.14
9944.14 -03.52
10043.58 -03.86
10144.02 -04.17
10245.46 -04.43
10347.91 -04.56
10451.39 -04.62
10555.91 -04.60
10661.46 -04.49
10768.08 -04.29
10875.76 -03.99
10984.52 -03.64
11094.36 -03.27
11205.31 -02.91
11317.36 -02.56
11430.53 -02.23
11544.84 -01.92
11660.29 -01.62
11776.89 -01.38
11894.66 -01.20
12013.60 -01.10
12133.74 -01.09
12255.08 -01.18
12377.63 -01.36
12501.41 -01.64
12626.42 -01.99
12752.68 -02.43
12880.21 -03.00
13009.01 -03.69
13139.10 -04.53
13270.49 -05.55
13403.20 -06.73
13537.23 -08.02
13672.60 -09.28
13809.33 -10.26
13947.42 -10.68
14086.90 -10.38
14227.77 -09.60
14370.04 -08.68
14513.74 -07.87
14658.88 -07.35
14805.47 -06.99
14953.52 -06.73
15103.06 -06.58
15254.09 -06.51
15406.63 -06.53
15560.70 -06.64
15716.30 -06.82
15873.47 -07.06
16032.20 -07.33
16192.52 -07.60
16354.45 -07.80
16517.99 -07.93
16683.17 -07.95
16850.01 -07.88
17018.51 -07.72
17188.69 -07.51
17360.58 -07.27
17534.18 -07.02
17709.53 -06.79
17886.62 -06.58
18065.49 -06.42
18246.14 -06.32
18428.60 -06.31
18612.89 -06.40
18799.02 -06.59
18987.01 -06.90
19176.88 -07.29
19368.65 -07.81
19562.33 -08.43
19757.96 -09.16
19955.54 -09.98
20000.00 -10.19
