20.00 -04.28
20.20 -04.21
20.40 -04.14
20.61 -04.07
20.81 -04.00
21.02 -03.94
21.23 -03.87
21.44 -03.81
21.66 -03.75
21.87 -03.70
22.09 -03.64
22.31 -03.59
22.54 -03.53
22.76 -03.48
22.99 -03.42
23.22 -03.37
23.45 -03.31
23.69 -03.26
23.92 -03.21
24.16 -03.16
24.40 -03.10
24.65 -03.05
24.89 -03.00
25.14 -02.95
25.39 -02.90
25.65 -02.85
25.91 -02.79
26.16 -02.75
26.43 -02.70
26.69 -02.65
26.96 -02.60
27.23 -02.55
27.50 -02.51
27.77 -02.46
28.05 -02.41
28.33 -02.37
28.62 -02.32
28.90 -02.28
29.19 -02.24
29.48 -02.20
29.78 -02.15
30.08 -02.11
30.38 -02.07
30.68 -02.04
30.99 -02.00
31.30 -01.96
31.61 -01.92
31.93 -01.89
32.24 -01.85
32.57 -01.81
32.89 -01.78
33.22 -01.74
33.55 -01.71
33.89 -01.67
34.23 -01.64
34.57 -01.60
34.92 -01.57
35.27 -01.53
35.62 -01.50
35.97 -01.46
36.33 -01.43
36.70 -01.40
37.06 -01.36
37.43 -01.33
37.81 -01.30
38.19 -01.27
38.57 -01.24
38.95 -01.21
39.34 -01.18
39.74 -01.15
40.14 -01.12
40.54 -01.09
40.94 -01.07
41.35 -01.04
41.76 -01.02
42.18 -00.99
42.60 -00.97
43.03 -00.94
43.46 -00.92
43.90 -00.90
44.33 -00.88
44.78 -00.86
45.23 -00.84
45.68 -00.82
46.13 -00.80
46.60 -00.78
47.06 -00.76
47.53 -00.74
48.01 -00.72
48.49 -00.70
48.97 -00.69
49.46 -00.67
49.96 -00.65
50.46 -00.63
50.96 -00.62
51.47 -00.60
51.99 -00.58
52.51 -00.57
53.03 -00.55
53.56 -00.54
54.10 -00.52
54.64 -00.51
55.18 -00.49
55.74 -00.48
56.29 -00.46
56.86 -00.45
57.42 -00.43
58.00 -00.42
58.58 -00.40
59.16 -00.39
59.76 -00.38
60.35 -00.36
60.96 -00.35
61.57 -00.34
62.18 -00.32
62.80 -00.31
63.43 -00.30
64.07 -00.28
64.71 -00.27
65.35 -00.26
66.01 -00.25
66.67 -00.23
67.33 -00.22
68.01 -00.21
68.69 -00.20
69.37 -00.19
70.07 -00.17
70.77 -00.16
71.48 -00.15
72.19 -00.14
72.91 -00.13
73.64 -00.12
74.38 -00.11
75.12 -00.10
75.87 -00.10
76.63 -00.09
77.40 -00.08
78.17 -00.07
78.95 -00.07
79.74 -00.06
80.54 -00.06
81.35 -00.05
82.16 -00.05
82.98 -00.04
83.81 -00.03
84.65 -00.03
85.50 -00.02
86.35 -00.02
87.22 -00.01
88.09 -00.01
88.97 00.00
89.86 00.00
90.76 00.01
91.66 00.01
92.58 00.02
93.51 00.02
94.44 00.03
95.39 00.03
96.34 00.04
97.30 00.04
98.28 00.04
99.26 00.05
100.25 00.05
101.25 00.05
102.27 00.05
103.29 00.06
104.32 00.06
105.37 00.06
106.42 00.06
107.48 00.06
108.56 00.06
109.64 00.06
110.74 00.06
111.85 00.06
112.97 00.06
114.10 00.06
115.24 00.06
116.39 00.06
117.55 00.05
118.73 00.05
119.92 00.05
121.12 00.05
122.33 00.04
123.55 00.04
124.79 00.04
126.03 00.03
127.29 00.03
128.57 00.03
129.85 00.02
131.15 00.02
132.46 00.01
133.79 00.01
135.12 00.01
136.48 00.00
137.84 00.00
139.22 -00.01
140.61 -00.01
142.02 -00.02
143.44 -00.03
144.87 -00.03
146.32 -00.04
147.78 -00.05
149.26 -00.06
150.75 -00.06
152.26 -00.07
153.78 -00.08
155.32 -00.09
156.88 -00.10
158.44 -00.11
160.03 -00.12
161.63 -00.12
163.24 -00.12
164.88 -00.11
166.53 -00.11
168.19 -00.11
169.87 -00.11
171.57 -00.11
173.29 -00.11
175.02 -00.11
176.77 -00.10
178.54 -00.10
180.32 -00.10
182.13 -00.09
183.95 -00.09
185.79 -00.09
187.65 -00.08
189.52 -00.08
191.42 -00.08
193.33 -00.08
195.27 -00.08
197.22 -00.09
199.19 -00.09
201.18 -00.11
203.19 -00.12
205.23 -00.14
207.28 -00.15
209.35 -00.18
211.44 -00.20
213.56 -00.23
215.69 -00.25
217.85 -00.27
220.03 -00.30
222.23 -00.31
224.45 -00.32
226.70 -00.34
228.96 -00.35
231.25 -00.35
233.57 -00.36
235.90 -00.36
238.26 -00.36
240.64 -00.35
243.05 -00.34
245.48 -00.34
247.93 -00.32
250.41 -00.31
252.92 -00.31
255.45 -00.29
258.00 -00.29
260.58 -00.29
263.19 -00.27
265.82 -00.27
268.48 -00.26
271.16 -00.26
273.87 -00.27
276.61 -00.26
279.38 -00.27
282.17 -00.27
284.99 -00.28
287.84 -00.27
290.72 -00.28
293.63 -00.28
296.57 -00.28
299.53 -00.29
302.53 -00.29
305.55 -00.29
308.61 -00.29
311.69 -00.29
314.81 -00.30
317.96 -00.29
321.14 -00.30
324.35 -00.29
327.59 -00.30
330.87 -00.30
334.18 -00.31
337.52 -00.30
340.90 -00.31
344.30 -00.31
347.75 -00.31
351.23 -00.30
354.74 -00.30
358.28 -00.30
361.87 -00.29
365.49 -00.29
369.14 -00.28
372.83 -00.29
376.56 -00.30
380.33 -00.31
384.13 -00.34
387.97 -00.36
391.85 -00.40
395.77 -00.44
399.73 -00.50
403.72 -00.55
407.76 -00.61
411.84 -00.67
415.96 -00.74
420.12 -00.80
424.32 -00.86
428.56 -00.90
432.85 -00.94
437.18 -00.98
441.55 -01.00
445.96 -01.01
450.42 -01.02
454.93 -01.02
459.48 -01.02
464.07 -01.02
468.71 -01.01
473.40 -00.99
478.13 -00.98
482.91 -00.96
487.74 -00.95
492.62 -00.92
497.55 -00.91
502.52 -00.90
507.55 -00.87
512.62 -00.87
517.75 -00.86
522.93 -00.85
528.16 -00.85
533.44 -00.84
538.77 -00.85
544.16 -00.86
549.60 -00.86
555.10 -00.87
560.65 -00.87
566.25 -00.88
571.92 -00.88
577.64 -00.88
583.41 -00.87
589.25 -00.87
595.14 -00.86
601.09 -00.84
607.10 -00.83
613.17 -00.81
619.30 -00.80
625.50 -00.77
631.75 -00.74
638.07 -00.72
644.45 -00.69
650.89 -00.68
657.40 -00.67
663.98 -00.65
670.62 -00.64
677.32 -00.64
684.10 -00.62
690.94 -00.61
697.85 -00.59
704.83 -00.58
711.87 -00.58
718.99 -00.56
726.18 -00.55
733.44 -00.54
740.78 -00.53
748.19 -00.50
755.67 -00.49
763.23 -00.47
770.86 -00.44
778.57 -00.42
786.35 -00.40
794.22 -00.39
802.16 -00.36
810.18 -00.34
818.28 -00.32
826.46 -00.30
834.73 -00.28
843.08 -00.27
851.51 -00.26
860.02 -00.25
868.62 -00.24
877.31 -00.22
886.08 -00.21
894.94 -00.20
903.89 -00.19
912.93 -00.16
922.06 -00.13
931.28 -00.10
940.59 -00.07
950.00 -00.03
959.50 00.01
969.09 00.05
978.78 00.09
988.57 00.14
998.46 00.18
1008.44 00.23
1018.53 00.29
1028.71 00.35
1039.00 00.42
1049.39 00.49
1059.88 00.56
1070.48 00.63
1081.19 00.71
1092.00 00.76
1102.92 00.83
1113.95 00.89
1125.09 00.95
1136.34 00.99
1147.70 01.05
1159.18 01.09
1170.77 01.14
1182.48 01.17
1194.30 01.21
1206.25 01.25
1218.31 01.30
1230.49 01.33
1242.80 01.37
1255.22 01.38
1267.78 01.39
1280.45 01.39
1293.26 01.39
1306.19 01.39
1319.25 01.37
1332.45 01.33
1345.77 01.28
1359.23 01.21
1372.82 01.12
1386.55 01.02
1400.41 00.92
1414.42 00.81
1428.56 00.69
1442.85 00.57
1457.28 00.43
1471.85 00.28
1486.57 00.12
1501.43 -00.03
1516.45 -00.17
1531.61 -00.30
1546.93 -00.44
1562.40 -00.57
1578.02 -00.71
1593.80 -00.85
1609.74 -00.98
1625.84 -01.13
1642.10 -01.27
1658.52 -01.41
1675.10 -01.56
1691.85 -01.73
1708.77 -01.89
1725.86 -02.07
1743.12 -02.26
1760.55 -02.47
1778.15 -02.70
1795.94 -02.91
1813.90 -03.13
1832.03 -03.33
1850.36 -03.52
1868.86 -03.70
1887.55 -03.87
1906.42 -04.01
1925.49 -04.14
1944.74 -04.26
1964.19 -04.33
1983.83 -04.37
2003.67 -04.40
2023.71 -04.41
2043.94 -04.42
2064.38 -04.43
2085.03 -04.43
2105.88 -04.39
2126.94 -04.34
2148.20 -04.28
2169.69 -04.22
2191.38 -04.14
2213.30 -04.05
2235.43 -03.95
2257.78 -03.84
2280.36 -03.72
2303.17 -03.59
2326.20 -03.45
2349.46 -03.31
2372.95 -03.17
2396.68 -03.01
2420.65 -02.86
2444.86 -02.70
2469.31 -02.53
2494.00 -02.37
2518.94 -02.20
2544.13 -02.05
2569.57 -01.89
2595.27 -01.74
2621.22 -01.61
2647.43 -01.49
2673.90 -01.40
2700.64 -01.31
2727.65 -01.26
2754.93 -01.22
2782.48 -01.21
2810.30 -01.20
2838.40 -01.24
2866.79 -01.30
2895.46 -01.37
2924.41 -01.46
2953.65 -01.55
2983.19 -01.65
3013.02 -01.75
3043.15 -01.82
3073.58 -01.89
3104.32 -01.92
3135.36 -01.95
3166.72 -01.96
3198.38 -01.96
3230.37 -01.95
3262.67 -01.94
3295.30 -01.92
3328.25 -01.93
3361.53 -01.94
3395.15 -01.99
3429.10 -02.05
3463.39 -02.13
3498.03 -02.23
3533.01 -02.33
3568.34 -02.41
3604.02 -02.48
3640.06 -02.52
3676.46 -02.53
3713.22 -02.50
3750.36 -02.45
3787.86 -02.37
3825.74 -02.26
3864.00 -02.14
3902.64 -02.02
3941.66 -01.90
3981.08 -01.81
4020.89 -01.74
4061.10 -01.72
4101.71 -01.73
4142.73 -01.79
4184.15 -01.87
4226.00 -01.99
4268.26 -02.14
4310.94 -02.31
4354.05 -02.50
4397.59 -02.71
4441.56 -02.93
4485.98 -03.14
4530.84 -03.34
4576.15 -03.52
4621.91 -03.67
4668.13 -03.79
4714.81 -03.88
4761.96 -03.92
4809.58 -03.92
4857.67 -03.89
4906.25 -03.81
4955.31 -03.71
5004.87 -03.58
5054.91 -03.43
5105.46 -03.25
5156.52 -03.14
5208.08 -03.04
5260.16 -02.92
5312.77 -02.78
5365.89 -02.62
5419.55 -02.44
5473.75 -02.24
5528.49 -02.03
5583.77 -01.79
5639.61 -01.55
5696.00 -01.31
5752.96 -01.10
5810.49 -00.94
5868.60 -00.86
5927.28 -00.86
5986.56 -00.96
6046.42 -00.92
6106.89 -00.91
6167.96 -00.98
6229.64 -01.16
6291.93 -01.44
6354.85 -01.86
6418.40 -02.41
6482.58 -03.09
6547.41 -03.91
6612.88 -04.84
6679.01 -05.86
6745.80 -06.94
6813.26 -08.06
6881.39 -09.22
6950.21 -10.35
7019.71 -11.36
7089.91 -12.12
7160.81 -12.51
7232.41 -12.50
7304.74 -12.25
7377.79 -11.66
7451.56 -10.75
7526.08 -09.59
7601.34 -08.27
7677.35 -06.90
7754.13 -05.57
7831.67 -04.33
7909.98 -03.22
7989.08 -02.24
8068.98 -01.40
8149.67 -00.69
8231.16 -00.12
8313.47 00.35
8396.61 00.72
8480.57 00.98
8565.38 01.15
8651.03 01.23
8737.54 01.22
8824.92 01.12
8913.17 00.94
9002.30 00.69
9092.32 00.38
9183.25 00.04
9275.08 -00.34
9367.83 -00.75
9461.51 -01.20
9556.12 -01.67
9651.68 -02.17
9748.20 -02.68
9845.68 -03.20
9944.14 -03.71
10043.58 -04.22
10144.02 -04.74
10245.46 -05.27
10347.91 -05.72
10451.39 -06.15
10555.91 -06.54
10661.46 -06.87
10768.08 -07.07
10875.76 -07.13
10984.52 -07.01
11094.36 -06.71
11205.31 -06.29
11317.36 -05.78
11430.53 -05.26
11544.84 -04.79
11660.29 -04.39
11776.89 -04.08
11894.66 -03.85
12013.60 -03.72
12133.74 -03.65
12255.08 -03.62
12377.63 -03.64
12501.41 -03.66
12626.42 -03.67
12752.68 -03.64
12880.21 -03.59
13009.01 -03.52
13139.10 -03.43
13270.49 -03.35
13403.20 -03.27
13537.23 -03.20
13672.60 -03.15
13809.33 -03.14
13947.42 -03.18
14086.90 -03.28
14227.77 -03.43
14370.04 -03.60
14513.74 -03.76
14658.88 -03.93
14805.47 -03.96
14953.52 -03.88
15103.06 -03.73
15254.09 -03.53
15406.63 -03.33
15560.70 -03.13
15716.30 -02.93
15873.47 -02.74
16032.20 -02.56
16192.52 -02.41
16354.45 -02.28
16517.99 -02.19
16683.17 -02.12
16850.01 -02.09
17018.51 -02.14
17188.69 -02.29
17360.58 -02.54
17534.18 -02.89
17709.53 -03.34
17886.62 -03.82
18065.49 -04.33
18246.14 -04.85
18428.60 -05.39
18612.89 -05.94
18799.02 -06.52
18987.01 -07.06
19176.88 -07.51
19368.65 -07.87
19562.33 -08.15
19757.96 -08.41
19955.54 -08.71
20000.00 -08.79
