20.00 03.39
20.20 03.42
20.40 03.44
20.61 03.47
20.81 03.49
21.02 03.52
21.23 03.54
21.44 03.55
21.66 03.57
21.87 03.59
22.09 03.60
22.31 03.61
22.54 03.62
22.76 03.63
22.99 03.64
23.22 03.64
23.45 03.64
23.69 03.64
23.92 03.64
24.16 03.63
24.40 03.63
24.65 03.62
24.89 03.61
25.14 03.60
25.39 03.58
25.65 03.57
25.91 03.55
26.16 03.53
26.43 03.51
26.69 03.49
26.96 03.46
27.23 03.44
27.50 03.41
27.77 03.39
28.05 03.36
28.33 03.33
28.62 03.30
28.90 03.27
29.19 03.24
29.48 03.21
29.78 03.18
30.08 03.14
30.38 03.11
30.68 03.08
30.99 03.05
31.30 03.02
31.61 03.00
31.93 02.97
32.24 02.94
32.57 02.92
32.89 02.90
33.22 02.88
33.55 02.86
33.89 02.85
34.23 02.83
34.57 02.82
34.92 02.82
35.27 02.81
35.62 02.81
35.97 02.81
36.33 02.81
36.70 02.82
37.06 02.82
37.43 02.83
37.81 02.84
38.19 02.85
38.57 02.86
38.95 02.88
39.34 02.89
39.74 02.90
40.14 02.92
40.54 02.94
40.94 02.95
41.35 02.97
41.76 02.99
42.18 03.00
42.60 03.02
43.03 03.03
43.46 03.05
43.90 03.06
44.33 03.07
44.78 03.08
45.23 03.09
45.68 03.09
46.13 03.10
46.60 03.10
47.06 03.10
47.53 03.10
48.01 03.10
48.49 03.09
48.97 03.08
49.46 03.07
49.96 03.06
50.46 03.04
50.96 03.02
51.47 03.00
51.99 02.98
52.51 02.96
53.03 02.94
53.56 02.92
54.10 02.89
54.64 02.87
55.18 02.86
55.74 02.85
56.29 02.84
56.86 02.85
57.42 02.86
58.00 02.88
58.58 02.92
59.16 02.96
59.76 03.02
60.35 03.09
60.96 03.16
61.57 03.25
62.18 03.34
62.80 03.43
63.43 03.53
64.07 03.63
64.71 03.73
65.35 03.83
66.01 03.94
66.67 04.04
67.33 04.14
68.01 04.24
68.69 04.34
69.37 04.44
70.07 04.54
70.77 04.64
71.48 04.74
72.19 04.84
72.91 04.94
73.64 05.04
74.38 05.14
75.12 05.24
75.87 05.34
76.63 05.44
77.40 05.53
78.17 05.62
78.95 05.69
79.74 05.76
80.54 05.81
81.35 05.85
82.16 05.87
82.98 05.88
83.81 05.88
84.65 05.86
85.50 05.83
86.35 05.79
87.22 05.73
88.09 05.67
88.97 05.60
89.86 05.53
90.76 05.45
91.66 05.38
92.58 05.29
93.51 05.21
94.44 05.12
95.39 05.03
96.34 04.94
97.30 04.84
98.28 04.74
99.26 04.64
100.25 04.54
101.25 04.44
102.27 04.34
103.29 04.24
104.32 04.14
105.37 04.04
106.42 03.95
107.48 03.85
108.56 03.76
109.64 03.67
110.74 03.58
111.85 03.49
112.97 03.40
114.10 03.31
115.24 03.22
116.39 03.14
117.55 03.05
118.73 02.97
119.92 02.89
121.12 02.80
122.33 02.72
123.55 02.65
124.79 02.57
126.03 02.50
127.29 02.43
128.57 02.37
129.85 02.31
131.15 02.26
132.46 02.21
133.79 02.16
135.12 02.10
136.48 02.04
137.84 01.98
139.22 01.90
140.61 01.82
142.02 01.72
143.44 01.61
144.87 01.50
146.32 01.37
147.78 01.25
149.26 01.12
150.75 00.99
152.26 00.86
153.78 00.74
155.32 00.63
156.88 00.53
158.44 00.43
160.03 00.34
161.63 00.25
163.24 00.17
164.88 00.09
166.53 00.01
168.19 -00.08
169.87 -00.18
171.57 -00.26
173.29 -00.36
175.02 -00.46
176.77 -00.54
178.54 -00.64
180.32 -00.72
182.13 -00.78
183.95 -00.84
185.79 -00.88
187.65 -00.90
189.52 -00.91
191.42 -00.90
193.33 -00.88
195.27 -00.84
197.22 -00.79
199.19 -00.72
201.18 -00.66
203.19 -00.59
205.23 -00.53
207.28 -00.47
209.35 -00.42
211.44 -00.37
213.56 -00.33
215.69 -00.29
217.85 -00.26
220.03 -00.25
222.23 -00.23
224.45 -00.21
226.70 -00.19
228.96 -00.17
231.25 -00.13
233.57 -00.08
235.90 -00.03
238.26 00.03
240.64 00.10
243.05 00.17
245.48 00.24
247.93 00.31
250.41 00.36
252.92 00.39
255.45 00.42
258.00 00.42
260.58 00.40
263.19 00.37
265.82 00.32
268.48 00.27
271.16 00.20
273.87 00.11
276.61 00.02
279.38 -00.08
282.17 -00.17
284.99 -00.29
287.84 -00.39
290.72 -00.51
293.63 -00.62
296.57 -00.74
299.53 -00.86
302.53 -00.97
305.55 -01.09
308.61 -01.20
311.69 -01.30
314.81 -01.40
317.96 -01.48
321.14 -01.57
324.35 -01.62
327.59 -01.67
330.87 -01.71
334.18 -01.72
337.52 -01.71
340.90 -01.68
344.30 -01.64
347.75 -01.57
351.23 -01.47
354.74 -01.37
358.28 -01.26
361.87 -01.13
365.49 -01.02
369.14 -00.91
372.83 -00.82
376.56 -00.75
380.33 -00.67
384.13 -00.62
387.97 -00.57
391.85 -00.54
395.77 -00.51
399.73 -00.50
403.72 -00.49
407.76 -00.50
411.84 -00.50
415.96 -00.51
420.12 -00.51
424.32 -00.51
428.56 -00.50
432.85 -00.49
437.18 -00.49
441.55 -00.48
445.96 -00.47
450.42 -00.47
454.93 -00.46
459.48 -00.46
464.07 -00.47
468.71 -00.48
473.40 -00.49
478.13 -00.51
482.91 -00.54
487.74 -00.57
492.62 -00.59
497.55 -00.61
502.52 -00.63
507.55 -00.63
512.62 -00.62
517.75 -00.61
522.93 -00.56
528.16 -00.52
533.44 -00.45
538.77 -00.39
544.16 -00.32
549.60 -00.26
555.10 -00.21
560.65 -00.16
566.25 -00.14
571.92 -00.13
577.64 -00.13
583.41 -00.14
589.25 -00.17
595.14 -00.19
601.09 -00.21
607.10 -00.25
613.17 -00.28
619.30 -00.31
625.50 -00.32
631.75 -00.33
638.07 -00.35
644.45 -00.37
650.89 -00.41
657.40 -00.46
663.98 -00.50
670.62 -00.55
677.32 -00.61
684.10 -00.66
690.94 -00.71
697.85 -00.75
704.83 -00.79
711.87 -00.82
718.99 -00.82
726.18 -00.81
733.44 -00.80
740.78 -00.76
748.19 -00.71
755.67 -00.65
763.23 -00.59
770.86 -00.50
778.57 -00.43
786.35 -00.36
794.22 -00.29
802.16 -00.21
810.18 -00.15
818.28 -00.10
826.46 -00.05
834.73 00.00
843.08 00.04
851.51 00.08
860.02 00.11
868.62 00.14
877.31 00.17
886.08 00.20
894.94 00.22
903.89 00.24
912.93 00.28
922.06 00.30
931.28 00.33
940.59 00.34
950.00 00.35
959.50 00.36
969.09 00.35
978.78 00.35
988.57 00.35
998.46 00.34
1008.44 00.33
1018.53 00.33
1028.71 00.33
1039.00 00.34
1049.39 00.36
1059.88 00.37
1070.48 00.41
1081.19 00.45
1092.00 00.48
1102.92 00.52
1113.95 00.57
1125.09 00.62
1136.34 00.66
1147.70 00.71
1159.18 00.76
1170.77 00.80
1182.48 00.82
1194.30 00.84
1206.25 00.86
1218.31 00.86
1230.49 00.85
1242.80 00.82
1255.22 00.77
1267.78 00.72
1280.45 00.67
1293.26 00.63
1306.19 00.57
1319.25 00.51
1332.45 00.43
1345.77 00.35
1359.23 00.26
1372.82 00.17
1386.55 00.08
1400.41 00.01
1414.42 -00.06
1428.56 -00.12
1442.85 -00.16
1457.28 -00.19
1471.85 -00.19
1486.57 -00.17
1501.43 -00.12
1516.45 -00.04
1531.61 00.07
1546.93 00.18
1562.40 00.30
1578.02 00.42
1593.80 00.54
1609.74 00.65
1625.84 00.75
1642.10 00.84
1658.52 00.92
1675.10 00.98
1691.85 01.03
1708.77 01.08
1725.86 01.10
1743.12 01.14
1760.55 01.16
1778.15 01.19
1795.94 01.25
1813.90 01.30
1832.03 01.37
1850.36 01.45
1868.86 01.54
1887.55 01.65
1906.42 01.76
1925.49 01.86
1944.74 01.94
1964.19 02.01
1983.83 02.05
2003.67 02.06
2023.71 02.04
2043.94 02.01
2064.38 01.95
2085.03 01.87
2105.88 01.80
2126.94 01.71
2148.20 01.63
2169.69 01.57
2191.38 01.52
2213.30 01.51
2235.43 01.54
2257.78 01.58
2280.36 01.65
2303.17 01.74
2326.20 01.85
2349.46 01.97
2372.95 02.11
2396.68 02.26
2420.65 02.42
2444.86 02.57
2469.31 02.74
2494.00 02.89
2518.94 03.04
2544.13 03.17
2569.57 03.27
2595.27 03.35
2621.22 03.41
2647.43 03.44
2673.90 03.46
2700.64 03.48
2727.65 03.48
2754.93 03.48
2782.48 03.48
2810.30 03.49
2838.40 03.49
2866.79 03.50
2895.46 03.53
2924.41 03.55
2953.65 03.59
2983.19 03.61
3013.02 03.63
3043.15 03.64
3073.58 03.63
3104.32 03.63
3135.36 03.61
3166.72 03.61
3198.38 03.61
3230.37 03.62
3262.67 03.65
3295.30 03.70
3328.25 03.76
3361.53 03.85
3395.15 03.94
3429.10 04.04
3463.39 04.15
3498.03 04.24
3533.01 04.34
3568.34 04.41
3604.02 04.47
3640.06 04.50
3676.46 04.51
3713.22 04.50
3750.36 04.47
3787.86 04.42
3825.74 04.36
3864.00 04.28
3902.64 04.20
3941.66 04.10
3981.08 03.99
4020.89 03.88
4061.10 03.75
4101.71 03.62
4142.73 03.47
4184.15 03.32
4226.00 03.16
4268.26 02.98
4310.94 02.80
4354.05 02.61
4397.59 02.42
4441.56 02.22
4485.98 02.01
4530.84 01.80
4576.15 01.59
4621.91 01.38
4668.13 01.17
4714.81 00.96
4761.96 00.75
4809.58 00.56
4857.67 00.39
4906.25 00.24
4955.31 00.13
5004.87 00.04
5054.91 -00.01
5105.46 -00.01
5156.52 -00.05
5208.08 -00.09
5260.16 -00.08
5312.77 -00.03
5365.89 00.06
5419.55 00.16
5473.75 00.29
5528.49 00.41
5583.77 00.56
5639.61 00.69
5696.00 00.83
5752.96 00.97
5810.49 01.11
5868.60 01.24
5927.28 01.37
5986.56 01.50
6046.42 01.85
6106.89 02.29
6167.96 02.74
6229.64 03.22
6291.93 03.74
6354.85 04.28
6418.40 04.85
6482.58 05.46
6547.41 06.08
6612.88 06.71
6679.01 07.34
6745.80 07.96
6813.26 08.56
6881.39 09.13
6950.21 09.68
7019.71 10.18
7089.91 10.65
7160.81 11.08
7232.41 11.48
7304.74 11.68
7377.79 11.84
7451.56 11.96
7526.08 12.05
7601.34 12.11
7677.35 12.15
7754.13 12.16
7831.67 12.15
7909.98 12.13
7989.08 12.10
8068.98 12.07
8149.67 12.03
8231.16 12.00
8313.47 11.97
8396.61 11.96
8480.57 11.95
8565.38 11.95
8651.03 11.96
8737.54 11.96
8824.92 11.95
8913.17 11.93
9002.30 11.89
9092.32 11.82
9183.25 11.72
9275.08 11.58
9367.83 11.42
9461.51 11.21
9556.12 10.98
9651.68 10.71
9748.20 10.42
9845.68 10.11
9944.14 09.79
10043.58 09.46
10144.02 09.13
10245.46 08.81
10347.91 08.58
10451.39 08.37
10555.91 08.17
10661.46 07.96
10768.08 07.74
10875.76 07.51
10984.52 07.27
11094.36 06.99
11205.31 06.67
11317.36 06.31
11430.53 05.89
11544.84 05.40
11660.29 04.85
11776.89 04.20
11894.66 03.46
12013.60 02.62
12133.74 01.67
12255.08 00.65
12377.63 -00.39
12501.41 -01.37
12626.42 -02.13
12752.68 -02.53
12880.21 -02.50
13009.01 -02.11
13139.10 -01.47
13270.49 -00.73
13403.20 00.03
13537.23 00.74
13672.60 01.37
13809.33 01.92
13947.42 02.36
14086.90 02.70
14227.77 02.94
14370.04 03.09
14513.74 03.11
14658.88 02.91
14805.47 02.63
14953.52 02.29
15103.06 01.89
15254.09 01.46
15406.63 01.01
15560.70 00.56
15716.30 00.14
15873.47 -00.23
16032.20 -00.54
16192.52 -00.81
16354.45 -01.04
16517.99 -01.26
16683.17 -01.49
16850.01 -01.75
17018.51 -02.05
17188.69 -02.40
17360.58 -02.79
17534.18 -03.23
17709.53 -03.74
17886.62 -04.29
18065.49 -04.89
18246.14 -05.49
18428.60 -06.08
18612.89 -06.61
18799.02 -07.07
18987.01 -07.44
19176.88 -07.72
19368.65 -07.97
19562.33 -08.20
19757.96 -08.45
19955.54 -08.76
20000.00 -08.83
