20.00 -01.16
20.20 -01.11
20.40 -01.07
20.61 -01.02
20.81 -00.98
21.02 -00.93
21.23 -00.89
21.44 -00.84
21.66 -00.79
21.87 -00.75
22.09 -00.70
22.31 -00.66
22.54 -00.61
22.76 -00.56
22.99 -00.51
23.22 -00.46
23.45 -00.42
23.69 -00.37
23.92 -00.32
24.16 -00.27
24.40 -00.22
24.65 -00.17
24.89 -00.12
25.14 -00.08
25.39 -00.03
25.65 00.02
25.91 00.07
26.16 00.12
26.43 00.17
26.69 00.22
26.96 00.27
27.23 00.32
27.50 00.37
27.77 00.42
28.05 00.47
28.33 00.52
28.62 00.57
28.90 00.61
29.19 00.66
29.48 00.71
29.78 00.76
30.08 00.81
30.38 00.86
30.68 00.91
30.99 00.95
31.30 00.99
31.61 01.03
31.93 01.06
32.24 01.09
32.57 01.11
32.89 01.13
33.22 01.15
33.55 01.16
33.89 01.17
34.23 01.18
34.57 01.18
34.92 01.18
35.27 01.19
35.62 01.19
35.97 01.19
36.33 01.19
36.70 01.20
37.06 01.20
37.43 01.20
37.81 01.20
38.19 01.20
38.57 01.20
38.95 01.20
39.34 01.21
39.74 01.21
40.14 01.21
40.54 01.21
40.94 01.21
41.35 01.21
41.76 01.21
42.18 01.21
42.60 01.21
43.03 01.20
43.46 01.20
43.90 01.20
44.33 01.20
44.78 01.20
45.23 01.20
45.68 01.20
46.13 01.19
46.60 01.19
47.06 01.19
47.53 01.19
48.01 01.19
48.49 01.18
48.97 01.18
49.46 01.18
49.96 01.18
50.46 01.17
50.96 01.17
51.47 01.17
51.99 01.17
52.51 01.17
53.03 01.17
53.56 01.17
54.10 01.17
54.64 01.17
55.18 01.17
55.74 01.17
56.29 01.17
56.86 01.17
57.42 01.17
58.00 01.18
58.58 01.18
59.16 01.18
59.76 01.18
60.35 01.19
60.96 01.19
61.57 01.19
62.18 01.19
62.80 01.20
63.43 01.20
64.07 01.20
64.71 01.20
65.35 01.20
66.01 01.20
66.67 01.20
67.33 01.19
68.01 01.19
68.69 01.19
69.37 01.19
70.07 01.18
70.77 01.18
71.48 01.18
72.19 01.17
72.91 01.17
73.64 01.17
74.38 01.17
75.12 01.17
75.87 01.18
76.63 01.18
77.40 01.19
78.17 01.19
78.95 01.20
79.74 01.21
80.54 01.22
81.35 01.23
82.16 01.23
82.98 01.24
83.81 01.25
84.65 01.25
85.50 01.26
86.35 01.26
87.22 01.26
88.09 01.27
88.97 01.27
89.86 01.27
90.76 01.26
91.66 01.26
92.58 01.26
93.51 01.26
94.44 01.25
95.39 01.25
96.34 01.25
97.30 01.24
98.28 01.24
99.26 01.23
100.25 01.23
101.25 01.22
102.27 01.21
103.29 01.21
104.32 01.20
105.37 01.20
106.42 01.19
107.48 01.19
108.56 01.18
109.64 01.18
110.74 01.17
111.85 01.17
112.97 01.17
114.10 01.16
115.24 01.16
116.39 01.16
117.55 01.16
118.73 01.16
119.92 01.16
121.12 01.16
122.33 01.16
123.55 01.15
124.79 01.15
126.03 01.15
127.29 01.15
128.57 01.14
129.85 01.14
131.15 01.13
132.46 01.12
133.79 01.11
135.12 01.10
136.48 01.09
137.84 01.09
139.22 01.09
140.61 01.09
142.02 01.09
143.44 01.09
144.87 01.10
146.32 01.11
147.78 01.11
149.26 01.12
150.75 01.12
152.26 01.11
153.78 01.11
155.32 01.09
156.88 01.07
158.44 01.04
160.03 01.00
161.63 00.97
163.24 00.94
164.88 00.91
166.53 00.87
168.19 00.84
169.87 00.81
171.57 00.79
173.29 00.77
175.02 00.75
176.77 00.73
178.54 00.71
180.32 00.68
182.13 00.66
183.95 00.63
185.79 00.59
187.65 00.56
189.52 00.51
191.42 00.46
193.33 00.40
195.27 00.35
197.22 00.29
199.19 00.24
201.18 00.18
203.19 00.14
205.23 00.09
207.28 00.06
209.35 00.02
211.44 -00.01
213.56 -00.05
215.69 -00.07
217.85 -00.08
220.03 -00.10
222.23 -00.10
224.45 -00.10
226.70 -00.11
228.96 -00.12
231.25 -00.11
233.57 -00.12
235.90 -00.13
238.26 -00.14
240.64 -00.15
243.05 -00.17
245.48 -00.20
247.93 -00.22
250.41 -00.25
252.92 -00.28
255.45 -00.30
258.00 -00.32
260.58 -00.34
263.19 -00.34
265.82 -00.35
268.48 -00.34
271.16 -00.33
273.87 -00.31
276.61 -00.28
279.38 -00.25
282.17 -00.21
284.99 -00.17
287.84 -00.13
290.72 -00.09
293.63 -00.04
296.57 00.02
299.53 00.07
302.53 00.13
305.55 00.18
308.61 00.24
311.69 00.30
314.81 00.35
317.96 00.41
321.14 00.46
324.35 00.52
327.59 00.56
330.87 00.60
334.18 00.63
337.52 00.67
340.90 00.69
344.30 00.71
347.75 00.72
351.23 00.74
354.74 00.75
358.28 00.76
361.87 00.78
365.49 00.79
369.14 00.81
372.83 00.82
376.56 00.84
380.33 00.87
384.13 00.89
387.97 00.92
391.85 00.95
395.77 00.99
399.73 01.01
403.72 01.05
407.76 01.07
411.84 01.11
415.96 01.13
420.12 01.15
424.32 01.17
428.56 01.18
432.85 01.19
437.18 01.18
441.55 01.17
445.96 01.16
450.42 01.12
454.93 01.08
459.48 01.03
464.07 00.96
468.71 00.90
473.40 00.84
478.13 00.76
482.91 00.69
487.74 00.61
492.62 00.55
497.55 00.48
502.52 00.41
507.55 00.36
512.62 00.31
517.75 00.26
522.93 00.23
528.16 00.20
533.44 00.19
538.77 00.18
544.16 00.18
549.60 00.20
555.10 00.22
560.65 00.25
566.25 00.27
571.92 00.30
577.64 00.33
583.41 00.36
589.25 00.39
595.14 00.42
601.09 00.45
607.10 00.47
613.17 00.49
619.30 00.51
625.50 00.54
631.75 00.58
638.07 00.61
644.45 00.65
650.89 00.68
657.40 00.71
663.98 00.76
670.62 00.81
677.32 00.86
684.10 00.93
690.94 01.00
697.85 01.07
704.83 01.13
711.87 01.19
718.99 01.25
726.18 01.30
733.44 01.34
740.78 01.38
748.19 01.42
755.67 01.43
763.23 01.44
770.86 01.45
778.57 01.44
786.35 01.41
794.22 01.38
802.16 01.34
810.18 01.28
818.28 01.21
826.46 01.13
834.73 01.05
843.08 00.94
851.51 00.83
860.02 00.71
868.62 00.58
877.31 00.46
886.08 00.32
894.94 00.18
903.89 00.04
912.93 -00.09
922.06 -00.23
931.28 -00.36
940.59 -00.49
950.00 -00.61
959.50 -00.73
969.09 -00.84
978.78 -00.94
988.57 -01.01
998.46 -01.08
1008.44 -01.12
1018.53 -01.14
1028.71 -01.15
1039.00 -01.14
1049.39 -01.13
1059.88 -01.12
1070.48 -01.10
1081.19 -01.07
1092.00 -01.07
1102.92 -01.05
1113.95 -01.05
1125.09 -01.05
1136.34 -01.07
1147.70 -01.09
1159.18 -01.10
1170.77 -01.12
1182.48 -01.13
1194.30 -01.13
1206.25 -01.12
1218.31 -01.11
1230.49 -01.08
1242.80 -01.05
1255.22 -01.01
1267.78 -00.96
1280.45 -00.90
1293.26 -00.83
1306.19 -00.76
1319.25 -00.69
1332.45 -00.64
1345.77 -00.59
1359.23 -00.55
1372.82 -00.54
1386.55 -00.54
1400.41 -00.56
1414.42 -00.59
1428.56 -00.63
1442.85 -00.68
1457.28 -00.74
1471.85 -00.80
1486.57 -00.87
1501.43 -00.93
1516.45 -01.00
1531.61 -01.06
1546.93 -01.13
1562.40 -01.20
1578.02 -01.27
1593.80 -01.34
1609.74 -01.40
1625.84 -01.48
1642.10 -01.56
1658.52 -01.65
1675.10 -01.74
1691.85 -01.83
1708.77 -01.92
1725.86 -02.01
1743.12 -02.10
1760.55 -02.21
1778.15 -02.34
1795.94 -02.46
1813.90 -02.61
1832.03 -02.75
1850.36 -02.90
1868.86 -03.05
1887.55 -03.19
1906.42 -03.33
1925.49 -03.46
1944.74 -03.60
1964.19 -03.70
1983.83 -03.78
2003.67 -03.84
2023.71 -03.88
2043.94 -03.92
2064.38 -03.96
2085.03 -03.99
2105.88 -04.02
2126.94 -04.06
2148.20 -04.11
2169.69 -04.18
2191.38 -04.26
2213.30 -04.36
2235.43 -04.47
2257.78 -04.59
2280.36 -04.72
2303.17 -04.85
2326.20 -04.98
2349.46 -05.11
2372.95 -05.23
2396.68 -05.33
2420.65 -05.41
2444.86 -05.46
2469.31 -05.49
2494.00 -05.53
2518.94 -05.55
2544.13 -05.59
2569.57 -05.65
2595.27 -05.73
2621.22 -05.84
2647.43 -05.98
2673.90 -06.15
2700.64 -06.34
2727.65 -06.56
2754.93 -06.82
2782.48 -07.10
2810.30 -07.39
2838.40 -07.71
2866.79 -08.02
2895.46 -08.30
2924.41 -08.57
2953.65 -08.80
2983.19 -09.02
3013.02 -09.23
3043.15 -09.42
3073.58 -09.60
3104.32 -09.73
3135.36 -09.83
3166.72 -09.88
3198.38 -09.91
3230.37 -09.89
3262.67 -09.83
3295.30 -09.72
3328.25 -09.58
3361.53 -09.41
3395.15 -09.23
3429.10 -09.04
3463.39 -08.85
3498.03 -08.69
3533.01 -08.53
3568.34 -08.40
3604.02 -08.32
3640.06 -08.28
3676.46 -08.30
3713.22 -08.35
3750.36 -08.42
3787.86 -08.50
3825.74 -08.58
3864.00 -08.67
3902.64 -08.77
3941.66 -08.89
3981.08 -09.01
4020.89 -09.14
4061.10 -09.27
4101.71 -09.38
4142.73 -09.48
4184.15 -09.55
4226.00 -09.61
4268.26 -09.66
4310.94 -09.68
4354.05 -09.70
4397.59 -09.70
4441.56 -09.68
4485.98 -09.65
4530.84 -09.62
4576.15 -09.58
4621.91 -09.54
4668.13 -09.49
4714.81 -09.43
4761.96 -09.37
4809.58 -09.29
4857.67 -09.19
4906.25 -09.06
4955.31 -08.89
5004.87 -08.69
5054.91 -08.46
5105.46 -08.18
5156.52 -07.95
5208.08 -07.75
5260.16 -07.54
5312.77 -07.34
5365.89 -07.15
5419.55 -06.99
5473.75 -06.86
5528.49 -06.78
5583.77 -06.71
5639.61 -06.67
5696.00 -06.66
5752.96 -06.67
5810.49 -06.70
5868.60 -06.75
5927.28 -06.82
5986.56 -06.91
6046.42 -06.80
6106.89 -06.63
6167.96 -06.45
6229.64 -06.27
6291.93 -06.10
6354.85 -05.92
6418.40 -05.73
6482.58 -05.53
6547.41 -05.33
6612.88 -05.08
6679.01 -04.80
6745.80 -04.48
6813.26 -04.10
6881.39 -03.69
6950.21 -03.21
7019.71 -02.70
7089.91 -02.14
7160.81 -01.56
7232.41 -00.96
7304.74 -00.51
7377.79 -00.11
7451.56 00.27
7526.08 00.62
7601.34 00.93
7677.35 01.20
7754.13 01.43
7831.67 01.60
7909.98 01.71
7989.08 01.75
8068.98 01.73
8149.67 01.63
8231.16 01.47
8313.47 01.24
8396.61 00.94
8480.57 00.58
8565.38 00.14
8651.03 -00.36
8737.54 -00.92
8824.92 -01.53
8913.17 -02.16
9002.30 -02.80
9092.32 -03.39
9183.25 -03.92
9275.08 -04.35
9367.83 -04.66
9461.51 -04.84
9556.12 -04.91
9651.68 -04.89
9748.20 -04.82
9845.68 -04.72
9944.14 -04.63
10043.58 -04.58
10144.02 -04.58
10245.46 -04.64
10347.91 -04.68
10451.39 -04.80
10555.91 -04.98
10661.46 -05.27
10768.08 -05.64
10875.76 -06.09
10984.52 -06.60
11094.36 -07.15
11205.31 -07.68
11317.36 -08.06
11430.53 -08.17
11544.84 -07.95
11660.29 -07.40
11776.89 -06.65
11894.66 -05.80
12013.60 -04.94
12133.74 -04.12
12255.08 -03.38
12377.63 -02.72
12501.41 -02.14
12626.42 -01.65
12752.68 -01.23
12880.21 -00.89
13009.01 -00.62
13139.10 -00.41
13270.49 -00.23
13403.20 -00.09
13537.23 00.05
13672.60 00.19
13809.33 00.36
13947.42 00.57
14086.90 00.84
14227.77 01.16
14370.04 01.52
14513.74 01.86
14658.88 02.07
14805.47 02.25
14953.52 02.40
15103.06 02.51
15254.09 02.57
15406.63 02.56
15560.70 02.49
15716.30 02.33
15873.47 02.11
16032.20 01.80
16192.52 01.41
16354.45 00.96
16517.99 00.46
16683.17 -00.08
16850.01 -00.64
17018.51 -01.19
17188.69 -01.73
17360.58 -02.21
17534.18 -02.63
17709.53 -03.00
17886.62 -03.29
18065.49 -03.55
18246.14 -03.77
18428.60 -04.02
18612.89 -04.30
18799.02 -04.63
18987.01 -05.04
19176.88 -05.51
19368.65 -06.08
19562.33 -06.72
19757.96 -07.42
19955.54 -08.18
20000.00 -08.36
