20.00 06.03
20.20 06.06
20.40 06.08
20.61 06.10
20.81 06.13
21.02 06.15
21.23 06.17
21.44 06.19
21.66 06.20
21.87 06.22
22.09 06.23
22.31 06.25
22.54 06.26
22.76 06.27
22.99 06.28
23.22 06.28
23.45 06.29
23.69 06.29
23.92 06.29
24.16 06.29
24.40 06.28
24.65 06.28
24.89 06.27
25.14 06.26
25.39 06.25
25.65 06.23
25.91 06.22
26.16 06.20
26.43 06.17
26.69 06.15
26.96 06.12
27.23 06.09
27.50 06.06
27.77 06.02
28.05 05.98
28.33 05.94
28.62 05.89
28.90 05.85
29.19 05.79
29.48 05.74
29.78 05.68
30.08 05.62
30.38 05.55
30.68 05.48
30.99 05.41
31.30 05.33
31.61 05.25
31.93 05.16
32.24 05.07
32.57 04.96
32.89 04.86
33.22 04.74
33.55 04.62
33.89 04.48
34.23 04.33
34.57 04.18
34.92 04.01
35.27 03.83
35.62 03.65
35.97 03.45
36.33 03.25
36.70 03.03
37.06 02.82
37.43 02.60
37.81 02.37
38.19 02.14
38.57 01.91
38.95 01.68
39.34 01.46
39.74 01.23
40.14 01.02
40.54 00.81
40.94 00.62
41.35 00.45
41.76 00.30
42.18 00.19
42.60 00.11
43.03 00.06
43.46 00.05
43.90 00.07
44.33 00.13
44.78 00.22
45.23 00.34
45.68 00.48
46.13 00.64
46.60 00.81
47.06 00.99
47.53 01.18
48.01 01.37
48.49 01.57
48.97 01.76
49.46 01.95
49.96 02.14
50.46 02.32
50.96 02.49
51.47 02.65
51.99 02.80
52.51 02.95
53.03 03.08
53.56 03.21
54.10 03.33
54.64 03.44
55.18 03.55
55.74 03.64
56.29 03.73
56.86 03.81
57.42 03.89
58.00 03.95
58.58 04.01
59.16 04.06
59.76 04.09
60.35 04.12
60.96 04.14
61.57 04.14
62.18 04.12
62.80 04.09
63.43 04.04
64.07 03.96
64.71 03.85
65.35 03.73
66.01 03.57
66.67 03.38
67.33 03.17
68.01 02.93
68.69 02.66
69.37 02.38
70.07 02.07
70.77 01.77
71.48 01.46
72.19 01.18
72.91 00.92
73.64 00.71
74.38 00.54
75.12 00.43
75.87 00.37
76.63 00.37
77.40 00.42
78.17 00.51
78.95 00.64
79.74 00.79
80.54 00.95
81.35 01.12
82.16 01.28
82.98 01.44
83.81 01.58
84.65 01.71
85.50 01.83
86.35 01.94
87.22 02.04
88.09 02.12
88.97 02.20
89.86 02.26
90.76 02.31
91.66 02.36
92.58 02.40
93.51 02.44
94.44 02.48
95.39 02.50
96.34 02.53
97.30 02.55
98.28 02.57
99.26 02.58
100.25 02.58
101.25 02.58
102.27 02.57
103.29 02.55
104.32 02.52
105.37 02.46
106.42 02.39
107.48 02.30
108.56 02.19
109.64 02.07
110.74 01.92
111.85 01.77
112.97 01.60
114.10 01.44
115.24 01.28
116.39 01.12
117.55 00.99
118.73 00.87
119.92 00.78
121.12 00.70
122.33 00.65
123.55 00.61
124.79 00.59
126.03 00.57
127.29 00.55
128.57 00.52
129.85 00.49
131.15 00.45
132.46 00.40
133.79 00.34
135.12 00.28
136.48 00.19
137.84 00.10
139.22 00.00
140.61 -00.11
142.02 -00.24
143.44 -00.37
144.87 -00.51
146.32 -00.66
147.78 -00.82
149.26 -00.99
150.75 -01.17
152.26 -01.34
153.78 -01.52
155.32 -01.70
156.88 -01.87
158.44 -02.04
160.03 -02.19
161.63 -02.33
163.24 -02.46
164.88 -02.58
166.53 -02.69
168.19 -02.80
169.87 -02.90
171.57 -03.00
173.29 -03.10
175.02 -03.20
176.77 -03.30
178.54 -03.42
180.32 -03.55
182.13 -03.67
183.95 -03.81
185.79 -03.95
187.65 -04.08
189.52 -04.22
191.42 -04.34
193.33 -04.45
195.27 -04.53
197.22 -04.58
199.19 -04.57
201.18 -04.52
203.19 -04.41
205.23 -04.24
207.28 -04.02
209.35 -03.75
211.44 -03.44
213.56 -03.10
215.69 -02.77
217.85 -02.46
220.03 -02.20
222.23 -01.99
224.45 -01.81
226.70 -01.66
228.96 -01.52
231.25 -01.37
233.57 -01.23
235.90 -01.10
238.26 -00.97
240.64 -00.82
243.05 -00.66
245.48 -00.48
247.93 -00.26
250.41 -00.04
252.92 00.17
255.45 00.39
258.00 00.57
260.58 00.73
263.19 00.88
265.82 00.99
268.48 01.10
271.16 01.16
273.87 01.21
276.61 01.24
279.38 01.24
282.17 01.22
284.99 01.18
287.84 01.14
290.72 01.07
293.63 01.01
296.57 00.94
299.53 00.85
302.53 00.78
305.55 00.71
308.61 00.65
311.69 00.59
314.81 00.53
317.96 00.48
321.14 00.43
324.35 00.39
327.59 00.35
330.87 00.30
334.18 00.25
337.52 00.20
340.90 00.14
344.30 00.08
347.75 00.03
351.23 00.00
354.74 -00.04
358.28 -00.06
361.87 -00.06
365.49 -00.06
369.14 -00.03
372.83 -00.01
376.56 00.03
380.33 00.09
384.13 00.15
387.97 00.22
391.85 00.28
395.77 00.35
399.73 00.39
403.72 00.45
407.76 00.49
411.84 00.53
415.96 00.56
420.12 00.60
424.32 00.63
428.56 00.67
432.85 00.71
437.18 00.75
441.55 00.80
445.96 00.84
450.42 00.87
454.93 00.90
459.48 00.91
464.07 00.91
468.71 00.91
473.40 00.91
478.13 00.90
482.91 00.88
487.74 00.87
492.62 00.86
497.55 00.84
502.52 00.83
507.55 00.83
512.62 00.83
517.75 00.84
522.93 00.87
528.16 00.89
533.44 00.92
538.77 00.94
544.16 00.95
549.60 00.98
555.10 01.00
560.65 01.03
566.25 01.05
571.92 01.08
577.64 01.09
583.41 01.12
589.25 01.14
595.14 01.17
601.09 01.20
607.10 01.22
613.17 01.26
619.30 01.29
625.50 01.34
631.75 01.39
638.07 01.43
644.45 01.48
650.89 01.50
657.40 01.51
663.98 01.51
670.62 01.48
677.32 01.42
684.10 01.34
690.94 01.21
697.85 01.07
704.83 00.89
711.87 00.70
718.99 00.50
726.18 00.29
733.44 00.10
740.78 -00.08
748.19 -00.22
755.67 -00.32
763.23 -00.37
770.86 -00.36
778.57 -00.33
786.35 -00.27
794.22 -00.20
802.16 -00.12
810.18 -00.06
818.28 -00.01
826.46 00.03
834.73 00.06
843.08 00.08
851.51 00.08
860.02 00.07
868.62 00.06
877.31 00.04
886.08 00.01
894.94 -00.03
903.89 -00.08
912.93 -00.12
922.06 -00.16
931.28 -00.21
940.59 -00.26
950.00 -00.30
959.50 -00.35
969.09 -00.41
978.78 -00.45
988.57 -00.49
998.46 -00.54
1008.44 -00.57
1018.53 -00.60
1028.71 -00.63
1039.00 -00.65
1049.39 -00.66
1059.88 -00.68
1070.48 -00.69
1081.19 -00.70
1092.00 -00.72
1102.92 -00.73
1113.95 -00.74
1125.09 -00.76
1136.34 -00.79
1147.70 -00.82
1159.18 -00.84
1170.77 -00.87
1182.48 -00.91
1194.30 -00.94
1206.25 -00.97
1218.31 -01.00
1230.49 -01.02
1242.80 -01.04
1255.22 -01.06
1267.78 -01.08
1280.45 -01.09
1293.26 -01.08
1306.19 -01.08
1319.25 -01.08
1332.45 -01.08
1345.77 -01.08
1359.23 -01.08
1372.82 -01.08
1386.55 -01.07
1400.41 -01.06
1414.42 -01.05
1428.56 -01.04
1442.85 -01.02
1457.28 -01.00
1471.85 -00.98
1486.57 -00.96
1501.43 -00.93
1516.45 -00.90
1531.61 -00.85
1546.93 -00.80
1562.40 -00.75
1578.02 -00.69
1593.80 -00.63
1609.74 -00.55
1625.84 -00.47
1642.10 -00.38
1658.52 -00.28
1675.10 -00.18
1691.85 -00.08
1708.77 00.04
1725.86 00.15
1743.12 00.27
1760.55 00.39
1778.15 00.51
1795.94 00.65
1813.90 00.78
1832.03 00.91
1850.36 01.05
1868.86 01.19
1887.55 01.33
1906.42 01.48
1925.49 01.62
1944.74 01.75
1964.19 01.90
1983.83 02.04
2003.67 02.18
2023.71 02.33
2043.94 02.48
2064.38 02.64
2085.03 02.80
2105.88 02.97
2126.94 03.14
2148.20 03.32
2169.69 03.50
2191.38 03.68
2213.30 03.86
2235.43 04.04
2257.78 04.22
2280.36 04.39
2303.17 04.55
2326.20 04.71
2349.46 04.85
2372.95 04.98
2396.68 05.11
2420.65 05.21
2444.86 05.30
2469.31 05.38
2494.00 05.43
2518.94 05.48
2544.13 05.50
2569.57 05.50
2595.27 05.49
2621.22 05.46
2647.43 05.41
2673.90 05.35
2700.64 05.29
2727.65 05.21
2754.93 05.13
2782.48 05.05
2810.30 04.97
2838.40 04.88
2866.79 04.78
2895.46 04.70
2924.41 04.60
2953.65 04.51
2983.19 04.40
3013.02 04.30
3043.15 04.20
3073.58 04.08
3104.32 03.98
3135.36 03.86
3166.72 03.76
3198.38 03.64
3230.37 03.54
3262.67 03.43
3295.30 03.33
3328.25 03.22
3361.53 03.13
3395.15 03.04
3429.10 02.96
3463.39 02.88
3498.03 02.80
3533.01 02.73
3568.34 02.66
3604.02 02.58
3640.06 02.50
3676.46 02.41
3713.22 02.31
3750.36 02.20
3787.86 02.07
3825.74 01.93
3864.00 01.76
3902.64 01.56
3941.66 01.34
3981.08 01.09
4020.89 00.82
4061.10 00.51
4101.71 00.18
4142.73 -00.17
4184.15 -00.54
4226.00 -00.92
4268.26 -01.29
4310.94 -01.65
4354.05 -01.99
4397.59 -02.32
4441.56 -02.63
4485.98 -02.93
4530.84 -03.23
4576.15 -03.54
4621.91 -03.88
4668.13 -04.26
4714.81 -04.71
4761.96 -05.24
4809.58 -05.85
4857.67 -06.57
4906.25 -07.39
4955.31 -08.32
5004.87 -09.36
5054.91 -10.48
5105.46 -11.63
5156.52 -12.70
5208.08 -13.41
5260.16 -13.53
5312.77 -13.09
5365.89 -12.29
5419.55 -11.37
5473.75 -10.44
5528.49 -09.56
5583.77 -08.71
5639.61 -07.90
5696.00 -07.12
5752.96 -06.34
5810.49 -05.57
5868.60 -04.80
5927.28 -04.05
5986.56 -03.34
6046.42 -02.46
6106.89 -01.57
6167.96 -00.74
6229.64 00.00
6291.93 00.67
6354.85 01.26
6418.40 01.78
6482.58 02.24
6547.41 02.64
6612.88 02.99
6679.01 03.29
6745.80 03.56
6813.26 03.81
6881.39 04.05
6950.21 04.31
7019.71 04.61
7089.91 04.94
7160.81 05.33
7232.41 05.76
7304.74 06.08
7377.79 06.42
7451.56 06.78
7526.08 07.14
7601.34 07.51
7677.35 07.85
7754.13 08.17
7831.67 08.44
7909.98 08.65
7989.08 08.81
8068.98 08.91
8149.67 08.94
8231.16 08.91
8313.47 08.80
8396.61 08.63
8480.57 08.38
8565.38 08.06
8651.03 07.68
8737.54 07.24
8824.92 06.75
8913.17 06.21
9002.30 05.64
9092.32 05.06
9183.25 04.47
9275.08 03.90
9367.83 03.35
9461.51 02.85
9556.12 02.38
9651.68 01.95
9748.20 01.55
9845.68 01.18
9944.14 00.84
10043.58 00.52
10144.02 00.22
10245.46 -00.04
10347.91 -00.22
10451.39 -00.38
10555.91 -00.55
10661.46 -00.72
10768.08 -00.88
10875.76 -01.01
10984.52 -01.07
11094.36 -01.06
11205.31 -01.00
11317.36 -00.86
11430.53 -00.64
11544.84 -00.34
11660.29 00.02
11776.89 00.43
11894.66 00.88
12013.60 01.32
12133.74 01.76
12255.08 02.16
12377.63 02.52
12501.41 02.82
12626.42 03.06
12752.68 03.23
12880.21 03.32
13009.01 03.34
13139.10 03.28
13270.49 03.14
13403.20 02.94
13537.23 02.66
13672.60 02.32
13809.33 01.95
13947.42 01.53
14086.90 01.10
14227.77 00.67
14370.04 00.26
14513.74 -00.16
14658.88 -00.66
14805.47 -01.13
14953.52 -01.53
15103.06 -01.89
15254.09 -02.20
15406.63 -02.49
15560.70 -02.77
15716.30 -03.05
15873.47 -03.31
16032.20 -03.56
16192.52 -03.79
16354.45 -03.99
16517.99 -04.18
16683.17 -04.38
16850.01 -04.58
17018.51 -04.79
17188.69 -05.01
17360.58 -05.21
17534.18 -05.38
17709.53 -05.55
17886.62 -05.72
18065.49 -05.93
18246.14 -06.20
18428.60 -06.54
18612.89 -06.94
18799.02 -07.42
18987.01 -07.97
19176.88 -08.59
19368.65 -09.33
19562.33 -10.20
19757.96 -11.25
19955.54 -12.52
20000.00 -12.84
