20.00 -07.48
20.20 -07.41
20.40 -07.34
20.61 -07.27
20.81 -07.21
21.02 -07.14
21.23 -07.08
21.44 -07.02
21.66 -06.96
21.87 -06.90
22.09 -06.85
22.31 -06.79
22.54 -06.74
22.76 -06.68
22.99 -06.63
23.22 -06.58
23.45 -06.53
23.69 -06.48
23.92 -06.43
24.16 -06.39
24.40 -06.34
24.65 -06.29
24.89 -06.25
25.14 -06.21
25.39 -06.17
25.65 -06.13
25.91 -06.09
26.16 -06.05
26.43 -06.01
26.69 -05.98
26.96 -05.95
27.23 -05.91
27.50 -05.88
27.77 -05.86
28.05 -05.83
28.33 -05.81
28.62 -05.78
28.90 -05.76
29.19 -05.74
29.48 -05.73
29.78 -05.71
30.08 -05.70
30.38 -05.69
30.68 -05.68
30.99 -05.68
31.30 -05.67
31.61 -05.67
31.93 -05.67
32.24 -05.67
32.57 -05.67
32.89 -05.68
33.22 -05.69
33.55 -05.71
33.89 -05.72
34.23 -05.74
34.57 -05.77
34.92 -05.80
35.27 -05.84
35.62 -05.88
35.97 -05.92
36.33 -05.96
36.70 -06.01
37.06 -06.06
37.43 -06.12
37.81 -06.17
38.19 -06.23
38.57 -06.28
38.95 -06.33
39.34 -06.38
39.74 -06.43
40.14 -06.47
40.54 -06.51
40.94 -06.54
41.35 -06.56
41.76 -06.56
42.18 -06.56
42.60 -06.54
43.03 -06.52
43.46 -06.47
43.90 -06.42
44.33 -06.36
44.78 -06.28
45.23 -06.20
45.68 -06.11
46.13 -06.02
46.60 -05.92
47.06 -05.82
47.53 -05.71
48.01 -05.60
48.49 -05.49
48.97 -05.37
49.46 -05.25
49.96 -05.13
50.46 -05.00
50.96 -04.87
51.47 -04.73
51.99 -04.59
52.51 -04.45
53.03 -04.31
53.56 -04.16
54.10 -04.01
54.64 -03.85
55.18 -03.69
55.74 -03.52
56.29 -03.35
56.86 -03.17
57.42 -02.99
58.00 -02.81
58.58 -02.62
59.16 -02.43
59.76 -02.24
60.35 -02.05
60.96 -01.86
61.57 -01.68
62.18 -01.53
62.80 -01.39
63.43 -01.27
64.07 -01.18
64.71 -01.11
65.35 -01.06
66.01 -01.04
66.67 -01.03
67.33 -01.05
68.01 -01.09
68.69 -01.14
69.37 -01.20
70.07 -01.27
70.77 -01.34
71.48 -01.40
72.19 -01.46
72.91 -01.52
73.64 -01.57
74.38 -01.61
75.12 -01.64
75.87 -01.67
76.63 -01.69
77.40 -01.70
78.17 -01.71
78.95 -01.71
79.74 -01.71
80.54 -01.70
81.35 -01.70
82.16 -01.70
82.98 -01.70
83.81 -01.70
84.65 -01.71
85.50 -01.72
86.35 -01.74
87.22 -01.76
88.09 -01.78
88.97 -01.81
89.86 -01.85
90.76 -01.88
91.66 -01.92
92.58 -01.96
93.51 -01.99
94.44 -02.02
95.39 -02.05
96.34 -02.07
97.30 -02.09
98.28 -02.11
99.26 -02.12
100.25 -02.13
101.25 -02.13
102.27 -02.14
103.29 -02.14
104.32 -02.14
105.37 -02.14
106.42 -02.14
107.48 -02.14
108.56 -02.15
109.64 -02.15
110.74 -02.16
111.85 -02.16
112.97 -02.17
114.10 -02.17
115.24 -02.18
116.39 -02.18
117.55 -02.19
118.73 -02.19
119.92 -02.20
121.12 -02.20
122.33 -02.21
123.55 -02.21
124.79 -02.21
126.03 -02.22
127.29 -02.22
128.57 -02.23
129.85 -02.23
131.15 -02.23
132.46 -02.23
133.79 -02.24
135.12 -02.24
136.48 -02.25
137.84 -02.25
139.22 -02.26
140.61 -02.26
142.02 -02.27
143.44 -02.28
144.87 -02.29
146.32 -02.30
147.78 -02.30
149.26 -02.31
150.75 -02.31
152.26 -02.32
153.78 -02.32
155.32 -02.32
156.88 -02.31
158.44 -02.31
160.03 -02.30
161.63 -02.28
163.24 -02.26
164.88 -02.22
166.53 -02.20
168.19 -02.17
169.87 -02.14
171.57 -02.09
173.29 -02.06
175.02 -02.03
176.77 -01.99
178.54 -01.96
180.32 -01.93
182.13 -01.90
183.95 -01.88
185.79 -01.86
187.65 -01.84
189.52 -01.83
191.42 -01.82
193.33 -01.82
195.27 -01.81
197.22 -01.81
199.19 -01.80
201.18 -01.81
203.19 -01.80
205.23 -01.80
207.28 -01.79
209.35 -01.79
211.44 -01.77
213.56 -01.77
215.69 -01.75
217.85 -01.73
220.03 -01.72
222.23 -01.70
224.45 -01.68
226.70 -01.67
228.96 -01.66
231.25 -01.64
233.57 -01.62
235.90 -01.62
238.26 -01.61
240.64 -01.59
243.05 -01.58
245.48 -01.57
247.93 -01.55
250.41 -01.54
252.92 -01.54
255.45 -01.52
258.00 -01.51
260.58 -01.50
263.19 -01.49
265.82 -01.48
268.48 -01.46
271.16 -01.45
273.87 -01.45
276.61 -01.43
279.38 -01.43
282.17 -01.41
284.99 -01.41
287.84 -01.40
290.72 -01.39
293.63 -01.38
296.57 -01.36
299.53 -01.36
302.53 -01.34
305.55 -01.34
308.61 -01.32
311.69 -01.31
314.81 -01.30
317.96 -01.29
321.14 -01.29
324.35 -01.28
327.59 -01.28
330.87 -01.28
334.18 -01.28
337.52 -01.28
340.90 -01.28
344.30 -01.28
347.75 -01.29
351.23 -01.28
354.74 -01.28
358.28 -01.29
361.87 -01.28
365.49 -01.29
369.14 -01.29
372.83 -01.29
376.56 -01.31
380.33 -01.31
384.13 -01.33
387.97 -01.34
391.85 -01.36
395.77 -01.37
399.73 -01.40
403.72 -01.41
407.76 -01.44
411.84 -01.45
415.96 -01.47
420.12 -01.47
424.32 -01.48
428.56 -01.48
432.85 -01.48
437.18 -01.48
441.55 -01.47
445.96 -01.46
450.42 -01.45
454.93 -01.44
459.48 -01.44
464.07 -01.44
468.71 -01.45
473.40 -01.44
478.13 -01.45
482.91 -01.45
487.74 -01.45
492.62 -01.45
497.55 -01.45
502.52 -01.45
507.55 -01.44
512.62 -01.44
517.75 -01.43
522.93 -01.40
528.16 -01.38
533.44 -01.35
538.77 -01.32
544.16 -01.29
549.60 -01.25
555.10 -01.21
560.65 -01.16
566.25 -01.12
571.92 -01.06
577.64 -01.01
583.41 -00.96
589.25 -00.91
595.14 -00.86
601.09 -00.80
607.10 -00.76
613.17 -00.71
619.30 -00.66
625.50 -00.61
631.75 -00.55
638.07 -00.51
644.45 -00.46
650.89 -00.44
657.40 -00.42
663.98 -00.39
670.62 -00.38
677.32 -00.37
684.10 -00.35
690.94 -00.35
697.85 -00.33
704.83 -00.33
711.87 -00.33
718.99 -00.32
726.18 -00.33
733.44 -00.33
740.78 -00.34
748.19 -00.34
755.67 -00.35
763.23 -00.37
770.86 -00.38
778.57 -00.41
786.35 -00.44
794.22 -00.46
802.16 -00.48
810.18 -00.50
818.28 -00.52
826.46 -00.53
834.73 -00.52
843.08 -00.51
851.51 -00.49
860.02 -00.47
868.62 -00.42
877.31 -00.36
886.08 -00.29
894.94 -00.21
903.89 -00.12
912.93 -00.01
922.06 00.10
931.28 00.22
940.59 00.32
950.00 00.43
959.50 00.54
969.09 00.62
978.78 00.71
988.57 00.79
998.46 00.85
1008.44 00.92
1018.53 00.99
1028.71 01.05
1039.00 01.12
1049.39 01.18
1059.88 01.23
1070.48 01.28
1081.19 01.33
1092.00 01.36
1102.92 01.39
1113.95 01.42
1125.09 01.43
1136.34 01.42
1147.70 01.40
1159.18 01.37
1170.77 01.33
1182.48 01.27
1194.30 01.22
1206.25 01.17
1218.31 01.10
1230.49 01.04
1242.80 00.96
1255.22 00.89
1267.78 00.82
1280.45 00.77
1293.26 00.73
1306.19 00.70
1319.25 00.68
1332.45 00.64
1345.77 00.60
1359.23 00.56
1372.82 00.52
1386.55 00.47
1400.41 00.42
1414.42 00.35
1428.56 00.28
1442.85 00.19
1457.28 00.09
1471.85 -00.01
1486.57 -00.10
1501.43 -00.17
1516.45 -00.24
1531.61 -00.27
1546.93 -00.30
1562.40 -00.32
1578.02 -00.33
1593.80 -00.34
1609.74 -00.33
1625.84 -00.31
1642.10 -00.30
1658.52 -00.28
1675.10 -00.28
1691.85 -00.28
1708.77 -00.26
1725.86 -00.23
1743.12 -00.17
1760.55 -00.12
1778.15 -00.05
1795.94 00.04
1813.90 00.13
1832.03 00.21
1850.36 00.28
1868.86 00.35
1887.55 00.41
1906.42 00.45
1925.49 00.48
1944.74 00.46
1964.19 00.44
1983.83 00.39
2003.67 00.33
2023.71 00.26
2043.94 00.17
2064.38 00.10
2085.03 00.02
2105.88 -00.04
2126.94 -00.11
2148.20 -00.18
2169.69 -00.24
2191.38 -00.31
2213.30 -00.36
2235.43 -00.41
2257.78 -00.46
2280.36 -00.52
2303.17 -00.58
2326.20 -00.61
2349.46 -00.65
2372.95 -00.68
2396.68 -00.70
2420.65 -00.71
2444.86 -00.72
2469.31 -00.71
2494.00 -00.71
2518.94 -00.70
2544.13 -00.69
2569.57 -00.68
2595.27 -00.69
2621.22 -00.71
2647.43 -00.74
2673.90 -00.79
2700.64 -00.82
2727.65 -00.87
2754.93 -00.92
2782.48 -00.96
2810.30 -01.00
2838.40 -01.05
2866.79 -01.10
2895.46 -01.13
2924.41 -01.18
2953.65 -01.22
2983.19 -01.27
3013.02 -01.32
3043.15 -01.36
3073.58 -01.42
3104.32 -01.47
3135.36 -01.54
3166.72 -01.60
3198.38 -01.69
3230.37 -01.78
3262.67 -01.89
3295.30 -01.99
3328.25 -02.12
3361.53 -02.26
3395.15 -02.42
3429.10 -02.59
3463.39 -02.77
3498.03 -02.96
3533.01 -03.15
3568.34 -03.33
3604.02 -03.51
3640.06 -03.69
3676.46 -03.86
3713.22 -04.01
3750.36 -04.15
3787.86 -04.28
3825.74 -04.40
3864.00 -04.52
3902.64 -04.62
3941.66 -04.72
3981.08 -04.82
4020.89 -04.91
4061.10 -05.01
4101.71 -05.11
4142.73 -05.22
4184.15 -05.34
4226.00 -05.47
4268.26 -05.62
4310.94 -05.78
4354.05 -05.95
4397.59 -06.15
4441.56 -06.35
4485.98 -06.58
4530.84 -06.81
4576.15 -07.04
4621.91 -07.24
4668.13 -07.41
4714.81 -07.53
4761.96 -07.58
4809.58 -07.56
4857.67 -07.48
4906.25 -07.34
4955.31 -07.18
5004.87 -06.98
5054.91 -06.78
5105.46 -06.57
5156.52 -06.45
5208.08 -06.38
5260.16 -06.34
5312.77 -06.32
5365.89 -06.32
5419.55 -06.34
5473.75 -06.38
5528.49 -06.43
5583.77 -06.49
5639.61 -06.58
5696.00 -06.68
5752.96 -06.80
5810.49 -06.93
5868.60 -07.08
5927.28 -07.24
5986.56 -07.42
6046.42 -07.40
6106.89 -07.31
6167.96 -07.24
6229.64 -07.19
6291.93 -07.16
6354.85 -07.15
6418.40 -07.19
6482.58 -07.26
6547.41 -07.39
6612.88 -07.57
6679.01 -07.82
6745.80 -08.13
6813.26 -08.50
6881.39 -08.94
6950.21 -09.41
7019.71 -09.85
7089.91 -10.18
7160.81 -10.29
7232.41 -10.13
7304.74 -09.83
7377.79 -09.32
7451.56 -08.66
7526.08 -07.91
7601.34 -07.15
7677.35 -06.41
7754.13 -05.71
7831.67 -05.06
7909.98 -04.48
7989.08 -03.97
8068.98 -03.51
8149.67 -03.08
8231.16 -02.69
8313.47 -02.33
8396.61 -02.01
8480.57 -01.73
8565.38 -01.50
8651.03 -01.31
8737.54 -01.17
8824.92 -01.05
8913.17 -00.97
9002.30 -00.93
9092.32 -00.93
9183.25 -00.96
9275.08 -01.03
9367.83 -01.13
9461.51 -01.25
9556.12 -01.38
9651.68 -01.53
9748.20 -01.69
9845.68 -01.86
9944.14 -02.05
10043.58 -02.24
10144.02 -02.44
10245.46 -02.64
10347.91 -02.76
10451.39 -02.89
10555.91 -03.05
10661.46 -03.25
10768.08 -03.49
10875.76 -03.77
10984.52 -04.07
11094.36 -04.41
11205.31 -04.81
11317.36 -05.24
11430.53 -05.72
11544.84 -06.24
11660.29 -06.80
11776.89 -07.42
11894.66 -08.08
12013.60 -08.78
12133.74 -09.53
12255.08 -10.34
12377.63 -11.20
12501.41 -12.13
12626.42 -13.12
12752.68 -14.13
12880.21 -15.10
13009.01 -15.85
13139.10 -16.22
13270.49 -16.13
13403.20 -15.66
13537.23 -14.98
13672.60 -14.26
13809.33 -13.60
13947.42 -13.06
14086.90 -12.62
14227.77 -12.29
14370.04 -12.10
14513.74 -12.09
14658.88 -12.38
14805.47 -12.82
14953.52 -13.38
15103.06 -14.02
15254.09 -14.68
15406.63 -15.25
15560.70 -15.61
15716.30 -15.67
15873.47 -15.42
16032.20 -14.94
16192.52 -14.33
16354.45 -13.67
16517.99 -13.03
16683.17 -12.47
16850.01 -12.02
17018.51 -11.67
17188.69 -11.45
17360.58 -11.33
17534.18 -11.34
17709.53 -11.48
17886.62 -11.70
18065.49 -11.99
18246.14 -12.32
18428.60 -12.75
18612.89 -13.26
18799.02 -13.86
18987.01 -14.47
19176.88 -14.98
19368.65 -15.38
19562.33 -15.65
19757.96 -15.83
19955.54 -15.99
20000.00 -16.03
