20.00 -02.39
20.20 -02.30
20.40 -02.22
20.61 -02.13
20.81 -02.05
21.02 -01.96
21.23 -01.88
21.44 -01.80
21.66 -01.72
21.87 -01.65
22.09 -01.57
22.31 -01.49
22.54 -01.41
22.76 -01.34
22.99 -01.26
23.22 -01.19
23.45 -01.11
23.69 -01.04
23.92 -00.96
24.16 -00.89
24.40 -00.81
24.65 -00.74
24.89 -00.67
25.14 -00.60
25.39 -00.52
25.65 -00.45
25.91 -00.38
26.16 -00.31
26.43 -00.24
26.69 -00.17
26.96 -00.10
27.23 -00.03
27.50 00.03
27.77 00.10
28.05 00.16
28.33 00.23
28.62 00.29
28.90 00.35
29.19 00.41
29.48 00.47
29.78 00.53
30.08 00.59
30.38 00.65
30.68 00.70
30.99 00.76
31.30 00.81
31.61 00.87
31.93 00.92
32.24 00.97
32.57 01.02
32.89 01.07
33.22 01.12
33.55 01.16
33.89 01.21
34.23 01.26
34.57 01.30
34.92 01.35
35.27 01.39
35.62 01.44
35.97 01.48
36.33 01.53
36.70 01.57
37.06 01.61
37.43 01.65
37.81 01.69
38.19 01.73
38.57 01.77
38.95 01.81
39.34 01.84
39.74 01.88
40.14 01.92
40.54 01.95
40.94 01.98
41.35 02.01
41.76 02.05
42.18 02.08
42.60 02.11
43.03 02.14
43.46 02.17
43.90 02.20
44.33 02.23
44.78 02.26
45.23 02.29
45.68 02.32
46.13 02.35
46.60 02.37
47.06 02.40
47.53 02.42
48.01 02.44
48.49 02.47
48.97 02.48
49.46 02.50
49.96 02.52
50.46 02.53
50.96 02.55
51.47 02.56
51.99 02.57
52.51 02.57
53.03 02.58
53.56 02.58
54.10 02.59
54.64 02.59
55.18 02.58
55.74 02.57
56.29 02.57
56.86 02.55
57.42 02.53
58.00 02.51
58.58 02.49
59.16 02.46
59.76 02.42
60.35 02.38
60.96 02.33
61.57 02.28
62.18 02.22
62.80 02.15
63.43 02.07
64.07 01.97
64.71 01.86
65.35 01.73
66.01 01.59
66.67 01.42
67.33 01.25
68.01 01.05
68.69 00.84
69.37 00.61
70.07 00.38
70.77 00.14
71.48 -00.09
72.19 -00.31
72.91 -00.50
73.64 -00.66
74.38 -00.78
75.12 -00.85
75.87 -00.87
76.63 -00.85
77.40 -00.78
78.17 -00.68
78.95 -00.54
79.74 -00.37
80.54 -00.20
81.35 -00.02
82.16 00.14
82.98 00.30
83.81 00.43
84.65 00.55
85.50 00.66
86.35 00.74
87.22 00.81
88.09 00.86
88.97 00.89
89.86 00.91
90.76 00.92
91.66 00.93
92.58 00.94
93.51 00.95
94.44 00.95
95.39 00.97
96.34 00.98
97.30 01.00
98.28 01.02
99.26 01.04
100.25 01.06
101.25 01.09
102.27 01.12
103.29 01.14
104.32 01.16
105.37 01.17
106.42 01.18
107.48 01.18
108.56 01.18
109.64 01.16
110.74 01.14
111.85 01.12
112.97 01.09
114.10 01.06
115.24 01.04
116.39 01.01
117.55 00.98
118.73 00.96
119.92 00.95
121.12 00.93
122.33 00.92
123.55 00.91
124.79 00.90
126.03 00.89
127.29 00.87
128.57 00.84
129.85 00.81
131.15 00.78
132.46 00.73
133.79 00.69
135.12 00.64
136.48 00.58
137.84 00.53
139.22 00.48
140.61 00.43
142.02 00.38
143.44 00.34
144.87 00.30
146.32 00.27
147.78 00.23
149.26 00.20
150.75 00.18
152.26 00.15
153.78 00.13
155.32 00.10
156.88 00.07
158.44 00.04
160.03 00.00
161.63 -00.03
163.24 -00.06
164.88 -00.09
166.53 -00.13
168.19 -00.17
169.87 -00.23
171.57 -00.27
173.29 -00.33
175.02 -00.39
176.77 -00.43
178.54 -00.49
180.32 -00.54
182.13 -00.58
183.95 -00.63
185.79 -00.67
187.65 -00.71
189.52 -00.76
191.42 -00.80
193.33 -00.86
195.27 -00.92
197.22 -01.01
199.19 -01.10
201.18 -01.23
203.19 -01.37
205.23 -01.53
207.28 -01.70
209.35 -01.88
211.44 -02.07
213.56 -02.26
215.69 -02.44
217.85 -02.60
220.03 -02.74
222.23 -02.84
224.45 -02.90
226.70 -02.94
228.96 -02.96
231.25 -02.96
233.57 -02.95
235.90 -02.94
238.26 -02.91
240.64 -02.88
243.05 -02.84
245.48 -02.81
247.93 -02.77
250.41 -02.75
252.92 -02.71
255.45 -02.67
258.00 -02.63
260.58 -02.59
263.19 -02.55
265.82 -02.52
268.48 -02.49
271.16 -02.48
273.87 -02.49
276.61 -02.49
279.38 -02.51
282.17 -02.53
284.99 -02.58
287.84 -02.62
290.72 -02.68
293.63 -02.74
296.57 -02.81
299.53 -02.90
302.53 -02.99
305.55 -03.10
308.61 -03.21
311.69 -03.34
314.81 -03.49
317.96 -03.64
321.14 -03.82
324.35 -03.98
327.59 -04.16
330.87 -04.34
334.18 -04.51
337.52 -04.65
340.90 -04.79
344.30 -04.89
347.75 -04.96
351.23 -04.99
354.74 -05.00
358.28 -04.97
361.87 -04.90
365.49 -04.83
369.14 -04.72
372.83 -04.63
376.56 -04.53
380.33 -04.42
384.13 -04.34
387.97 -04.25
391.85 -04.18
395.77 -04.11
399.73 -04.05
403.72 -03.98
407.76 -03.93
411.84 -03.87
415.96 -03.83
420.12 -03.79
424.32 -03.75
428.56 -03.71
432.85 -03.66
437.18 -03.62
441.55 -03.57
445.96 -03.52
450.42 -03.49
454.93 -03.43
459.48 -03.38
464.07 -03.32
468.71 -03.23
473.40 -03.12
478.13 -03.00
482.91 -02.87
487.74 -02.73
492.62 -02.58
497.55 -02.43
502.52 -02.28
507.55 -02.12
512.62 -01.98
517.75 -01.85
522.93 -01.72
528.16 -01.61
533.44 -01.50
538.77 -01.41
544.16 -01.32
549.60 -01.24
555.10 -01.16
560.65 -01.08
566.25 -01.01
571.92 -00.93
577.64 -00.85
583.41 -00.77
589.25 -00.69
595.14 -00.59
601.09 -00.49
607.10 -00.40
613.17 -00.29
619.30 -00.19
625.50 -00.08
631.75 00.02
638.07 00.12
644.45 00.20
650.89 00.27
657.40 00.32
663.98 00.37
670.62 00.41
677.32 00.44
684.10 00.47
690.94 00.48
697.85 00.49
704.83 00.49
711.87 00.49
718.99 00.49
726.18 00.49
733.44 00.48
740.78 00.48
748.19 00.49
755.67 00.49
763.23 00.49
770.86 00.51
778.57 00.51
786.35 00.51
794.22 00.52
802.16 00.54
810.18 00.55
818.28 00.56
826.46 00.57
834.73 00.59
843.08 00.61
851.51 00.63
860.02 00.65
868.62 00.67
877.31 00.70
886.08 00.73
894.94 00.75
903.89 00.77
912.93 00.80
922.06 00.81
931.28 00.83
940.59 00.82
950.00 00.80
959.50 00.75
969.09 00.68
978.78 00.58
988.57 00.46
998.46 00.31
1008.44 00.16
1018.53 -00.02
1028.71 -00.21
1039.00 -00.40
1049.39 -00.60
1059.88 -00.80
1070.48 -00.98
1081.19 -01.15
1092.00 -01.30
1102.92 -01.43
1113.95 -01.54
1125.09 -01.62
1136.34 -01.67
1147.70 -01.66
1159.18 -01.60
1170.77 -01.49
1182.48 -01.35
1194.30 -01.15
1206.25 -00.92
1218.31 -00.67
1230.49 -00.40
1242.80 -00.13
1255.22 00.12
1267.78 00.37
1280.45 00.60
1293.26 00.80
1306.19 00.99
1319.25 01.14
1332.45 01.26
1345.77 01.37
1359.23 01.45
1372.82 01.51
1386.55 01.55
1400.41 01.57
1414.42 01.56
1428.56 01.54
1442.85 01.49
1457.28 01.42
1471.85 01.33
1486.57 01.24
1501.43 01.14
1516.45 01.03
1531.61 00.95
1546.93 00.86
1562.40 00.78
1578.02 00.73
1593.80 00.69
1609.74 00.69
1625.84 00.69
1642.10 00.71
1658.52 00.74
1675.10 00.76
1691.85 00.77
1708.77 00.78
1725.86 00.77
1743.12 00.76
1760.55 00.72
1778.15 00.65
1795.94 00.58
1813.90 00.47
1832.03 00.34
1850.36 00.20
1868.86 00.04
1887.55 -00.13
1906.42 -00.31
1925.49 -00.50
1944.74 -00.71
1964.19 -00.89
1983.83 -01.07
2003.67 -01.23
2023.71 -01.37
2043.94 -01.50
2064.38 -01.61
2085.03 -01.71
2105.88 -01.79
2126.94 -01.86
2148.20 -01.93
2169.69 -02.01
2191.38 -02.10
2213.30 -02.20
2235.43 -02.30
2257.78 -02.43
2280.36 -02.55
2303.17 -02.66
2326.20 -02.74
2349.46 -02.81
2372.95 -02.85
2396.68 -02.86
2420.65 -02.86
2444.86 -02.83
2469.31 -02.78
2494.00 -02.72
2518.94 -02.63
2544.13 -02.54
2569.57 -02.45
2595.27 -02.35
2621.22 -02.27
2647.43 -02.19
2673.90 -02.11
2700.64 -02.02
2727.65 -01.94
2754.93 -01.87
2782.48 -01.79
2810.30 -01.72
2838.40 -01.66
2866.79 -01.61
2895.46 -01.56
2924.41 -01.54
2953.65 -01.52
2983.19 -01.51
3013.02 -01.50
3043.15 -01.49
3073.58 -01.48
3104.32 -01.45
3135.36 -01.43
3166.72 -01.39
3198.38 -01.34
3230.37 -01.28
3262.67 -01.21
3295.30 -01.12
3328.25 -01.04
3361.53 -00.95
3395.15 -00.87
3429.10 -00.76
3463.39 -00.66
3498.03 -00.55
3533.01 -00.43
3568.34 -00.32
3604.02 -00.22
3640.06 -00.13
3676.46 -00.06
3713.22 00.00
3750.36 00.04
3787.86 00.04
3825.74 00.01
3864.00 -00.09
3902.64 -00.24
3941.66 -00.45
3981.08 -00.71
4020.89 -01.02
4061.10 -01.37
4101.71 -01.74
4142.73 -02.13
4184.15 -02.52
4226.00 -02.91
4268.26 -03.27
4310.94 -03.56
4354.05 -03.73
4397.59 -03.77
4441.56 -03.67
4485.98 -03.46
4530.84 -03.17
4576.15 -02.81
4621.91 -02.43
4668.13 -02.02
4714.81 -01.61
4761.96 -01.21
4809.58 -00.85
4857.67 -00.53
4906.25 -00.27
4955.31 -00.07
5004.87 00.07
5054.91 00.16
5105.46 00.19
5156.52 00.10
5208.08 -00.07
5260.16 -00.28
5312.77 -00.50
5365.89 -00.74
5419.55 -00.98
5473.75 -01.22
5528.49 -01.45
5583.77 -01.66
5639.61 -01.85
5696.00 -02.02
5752.96 -02.16
5810.49 -02.28
5868.60 -02.38
5927.28 -02.46
5986.56 -02.53
6046.42 -02.38
6106.89 -02.14
6167.96 -01.90
6229.64 -01.66
6291.93 -01.42
6354.85 -01.18
6418.40 -00.95
6482.58 -00.71
6547.41 -00.49
6612.88 -00.27
6679.01 -00.07
6745.80 00.12
6813.26 00.31
6881.39 00.46
6950.21 00.60
7019.71 00.72
7089.91 00.80
7160.81 00.85
7232.41 00.87
7304.74 00.71
7377.79 00.51
7451.56 00.30
7526.08 00.09
7601.34 -00.12
7677.35 -00.31
7754.13 -00.46
7831.67 -00.57
7909.98 -00.63
7989.08 -00.62
8068.98 -00.56
8149.67 -00.45
8231.16 -00.30
8313.47 -00.14
8396.61 00.04
8480.57 00.20
8565.38 00.35
8651.03 00.48
8737.54 00.59
8824.92 00.67
8913.17 00.71
9002.30 00.73
9092.32 00.70
9183.25 00.65
9275.08 00.56
9367.83 00.43
9461.51 00.29
9556.12 00.12
9651.68 -00.06
9748.20 -00.25
9845.68 -00.45
9944.14 -00.66
10043.58 -00.86
10144.02 -01.07
10245.46 -01.25
10347.91 -01.34
10451.39 -01.41
10555.91 -01.46
10661.46 -01.50
10768.08 -01.54
10875.76 -01.56
10984.52 -01.53
11094.36 -01.45
11205.31 -01.31
11317.36 -01.08
11430.53 -00.76
11544.84 -00.36
11660.29 00.10
11776.89 00.56
11894.66 01.00
12013.60 01.36
12133.74 01.65
12255.08 01.86
12377.63 01.98
12501.41 02.02
12626.42 01.97
12752.68 01.83
12880.21 01.56
13009.01 01.17
13139.10 00.67
13270.49 00.05
13403.20 -00.66
13537.23 -01.42
13672.60 -02.18
13809.33 -02.91
13947.42 -03.62
14086.90 -04.27
14227.77 -04.88
14370.04 -05.46
14513.74 -06.06
14658.88 -06.78
14805.47 -07.50
14953.52 -08.24
15103.06 -08.99
15254.09 -09.78
15406.63 -10.65
15560.70 -11.58
15716.30 -12.55
15873.47 -13.52
16032.20 -14.45
16192.52 -15.28
16354.45 -15.97
16517.99 -16.52
16683.17 -16.94
16850.01 -17.23
17018.51 -17.40
17188.69 -17.49
17360.58 -17.52
17534.18 -17.53
17709.53 -17.59
17886.62 -17.68
18065.49 -17.85
18246.14 -18.06
18428.60 -18.35
18612.89 -18.69
18799.02 -19.13
18987.01 -19.65
19176.88 -20.25
19368.65 -20.96
19562.33 -21.79
19757.96 -22.73
19955.54 -23.79
20000.00 -24.05
