20.00 -01.93
20.20 -01.89
20.40 -01.85
20.61 -01.81
20.81 -01.78
21.02 -01.74
21.23 -01.71
21.44 -01.67
21.66 -01.64
21.87 -01.61
22.09 -01.58
22.31 -01.55
22.54 -01.53
22.76 -01.50
22.99 -01.47
23.22 -01.45
23.45 -01.43
23.69 -01.40
23.92 -01.38
24.16 -01.36
24.40 -01.34
24.65 -01.32
24.89 -01.31
25.14 -01.29
25.39 -01.28
25.65 -01.27
25.91 -01.25
26.16 -01.24
26.43 -01.22
26.69 -01.19
26.96 -01.15
27.23 -01.11
27.50 -01.05
27.77 -00.98
28.05 -00.91
28.33 -00.83
28.62 -00.75
28.90 -00.69
29.19 -00.62
29.48 -00.57
29.78 -00.53
30.08 -00.50
30.38 -00.48
30.68 -00.46
30.99 -00.44
31.30 -00.43
31.61 -00.41
31.93 -00.40
32.24 -00.39
32.57 -00.38
32.89 -00.37
33.22 -00.36
33.55 -00.35
33.89 -00.35
34.23 -00.34
34.57 -00.35
34.92 -00.36
35.27 -00.38
35.62 -00.41
35.97 -00.45
36.33 -00.50
36.70 -00.56
37.06 -00.62
37.43 -00.68
37.81 -00.76
38.19 -00.83
38.57 -00.92
38.95 -01.00
39.34 -01.09
39.74 -01.16
40.14 -01.21
40.54 -01.23
40.94 -01.22
41.35 -01.17
41.76 -01.12
42.18 -01.06
42.60 -01.02
43.03 -01.01
43.46 -01.04
43.90 -01.10
44.33 -01.18
44.78 -01.26
45.23 -01.30
45.68 -01.29
46.13 -01.22
46.60 -01.10
47.06 -00.94
47.53 -00.77
48.01 -00.60
48.49 -00.46
48.97 -00.35
49.46 -00.28
49.96 -00.24
50.46 -00.23
50.96 -00.25
51.47 -00.30
51.99 -00.38
52.51 -00.47
53.03 -00.57
53.56 -00.67
54.10 -00.76
54.64 -00.82
55.18 -00.85
55.74 -00.86
56.29 -00.84
56.86 -00.80
57.42 -00.72
58.00 -00.64
58.58 -00.56
59.16 -00.49
59.76 -00.45
60.35 -00.43
60.96 -00.40
61.57 -00.36
62.18 -00.30
62.80 -00.22
63.43 -00.12
64.07 00.00
64.71 00.11
65.35 00.21
66.01 00.31
66.67 00.38
67.33 00.45
68.01 00.51
68.69 00.56
69.37 00.60
70.07 00.63
70.77 00.66
71.48 00.69
72.19 00.71
72.91 00.74
73.64 00.77
74.38 00.81
75.12 00.84
75.87 00.88
76.63 00.91
77.40 00.95
78.17 00.97
78.95 01.00
79.74 01.02
80.54 01.04
81.35 01.05
82.16 01.06
82.98 01.07
83.81 01.08
84.65 01.09
85.50 01.09
86.35 01.09
87.22 01.10
88.09 01.09
88.97 01.09
89.86 01.08
90.76 01.07
91.66 01.05
92.58 01.04
93.51 01.01
94.44 00.98
95.39 00.94
96.34 00.89
97.30 00.83
98.28 00.78
99.26 00.76
100.25 00.77
101.25 00.81
102.27 00.88
103.29 00.97
104.32 01.05
105.37 01.12
106.42 01.17
107.48 01.21
108.56 01.23
109.64 01.25
110.74 01.26
111.85 01.28
112.97 01.29
114.10 01.29
115.24 01.30
116.39 01.31
117.55 01.32
118.73 01.32
119.92 01.32
121.12 01.32
122.33 01.32
123.55 01.31
124.79 01.30
126.03 01.29
127.29 01.28
128.57 01.28
129.85 01.27
131.15 01.27
132.46 01.26
133.79 01.26
135.12 01.26
136.48 01.26
137.84 01.26
139.22 01.25
140.61 01.23
142.02 01.21
143.44 01.18
144.87 01.15
146.32 01.11
147.78 01.06
149.26 01.00
150.75 00.94
152.26 00.87
153.78 00.79
155.32 00.69
156.88 00.59
158.44 00.46
160.03 00.31
161.63 00.14
163.24 -00.05
164.88 -00.26
166.53 -00.49
168.19 -00.73
169.87 -00.92
171.57 -01.05
173.29 -01.10
175.02 -01.05
176.77 -00.87
178.54 -00.63
180.32 -00.35
182.13 -00.05
183.95 00.21
185.79 00.42
187.65 00.57
189.52 00.66
191.42 00.69
193.33 00.66
195.27 00.57
197.22 00.42
199.19 00.24
201.18 00.04
203.19 -00.14
205.23 -00.27
207.28 -00.32
209.35 -00.29
211.44 -00.17
213.56 00.01
215.69 00.22
217.85 00.44
220.03 00.64
222.23 00.84
224.45 01.01
226.70 01.15
228.96 01.26
231.25 01.36
233.57 01.43
235.90 01.47
238.26 01.49
240.64 01.50
243.05 01.49
245.48 01.46
247.93 01.42
250.41 01.38
252.92 01.35
255.45 01.35
258.00 01.36
260.58 01.38
263.19 01.38
265.82 01.36
268.48 01.31
271.16 01.22
273.87 01.10
276.61 01.03
279.38 00.97
282.17 00.94
284.99 00.89
287.84 00.81
290.72 00.69
293.63 00.54
296.57 00.38
299.53 00.22
302.53 00.13
305.55 00.11
308.61 00.13
311.69 00.19
314.81 00.26
317.96 00.35
321.14 00.44
324.35 00.52
327.59 00.57
330.87 00.61
334.18 00.63
337.52 00.66
340.90 00.69
344.30 00.74
347.75 00.83
351.23 00.95
354.74 01.07
358.28 01.18
361.87 01.29
365.49 01.37
369.14 01.42
372.83 01.43
376.56 01.42
380.33 01.39
384.13 01.35
387.97 01.33
391.85 01.30
395.77 01.30
399.73 01.29
403.72 01.29
407.76 01.26
411.84 01.23
415.96 01.18
420.12 01.15
424.32 01.10
428.56 01.08
432.85 01.07
437.18 01.07
441.55 01.10
445.96 01.17
450.42 01.25
454.93 01.36
459.48 01.47
464.07 01.59
468.71 01.70
473.40 01.80
478.13 01.88
482.91 01.95
487.74 02.01
492.62 02.06
497.55 02.08
502.52 02.10
507.55 02.12
512.62 02.13
517.75 02.13
522.93 02.14
528.16 02.15
533.44 02.18
538.77 02.21
544.16 02.25
549.60 02.32
555.10 02.37
560.65 02.44
566.25 02.50
571.92 02.55
577.64 02.59
583.41 02.64
589.25 02.67
595.14 02.70
601.09 02.71
607.10 02.70
613.17 02.70
619.30 02.67
625.50 02.64
631.75 02.61
638.07 02.57
644.45 02.52
650.89 02.45
657.40 02.39
663.98 02.33
670.62 02.27
677.32 02.22
684.10 02.17
690.94 02.12
697.85 02.07
704.83 02.02
711.87 01.96
718.99 01.91
726.18 01.84
733.44 01.78
740.78 01.72
748.19 01.67
755.67 01.61
763.23 01.55
770.86 01.49
778.57 01.42
786.35 01.34
794.22 01.25
802.16 01.17
810.18 01.06
818.28 00.95
826.46 00.84
834.73 00.73
843.08 00.61
851.51 00.50
860.02 00.39
868.62 00.27
877.31 00.16
886.08 00.06
894.94 -00.05
903.89 -00.14
912.93 -00.22
922.06 -00.30
931.28 -00.36
940.59 -00.43
950.00 -00.48
959.50 -00.54
969.09 -00.61
978.78 -00.67
988.57 -00.73
998.46 -00.81
1008.44 -00.89
1018.53 -00.97
1028.71 -01.06
1039.00 -01.14
1049.39 -01.22
1059.88 -01.30
1070.48 -01.37
1081.19 -01.43
1092.00 -01.48
1102.92 -01.52
1113.95 -01.56
1125.09 -01.60
1136.34 -01.66
1147.70 -01.72
1159.18 -01.79
1170.77 -01.87
1182.48 -01.97
1194.30 -02.08
1206.25 -02.19
1218.31 -02.31
1230.49 -02.44
1242.80 -02.58
1255.22 -02.73
1267.78 -02.87
1280.45 -03.01
1293.26 -03.14
1306.19 -03.26
1319.25 -03.38
1332.45 -03.51
1345.77 -03.63
1359.23 -03.75
1372.82 -03.86
1386.55 -03.97
1400.41 -04.07
1414.42 -04.17
1428.56 -04.27
1442.85 -04.36
1457.28 -04.48
1471.85 -04.60
1486.57 -04.72
1501.43 -04.84
1516.45 -04.94
1531.61 -05.01
1546.93 -05.06
1562.40 -05.09
1578.02 -05.11
1593.80 -05.14
1609.74 -05.15
1625.84 -05.18
1642.10 -05.21
1658.52 -05.24
1675.10 -05.28
1691.85 -05.33
1708.77 -05.37
1725.86 -05.42
1743.12 -05.45
1760.55 -05.50
1778.15 -05.56
1795.94 -05.61
1813.90 -05.67
1832.03 -05.73
1850.36 -05.80
1868.86 -05.87
1887.55 -05.94
1906.42 -06.02
1925.49 -06.10
1944.74 -06.20
1964.19 -06.28
1983.83 -06.35
2003.67 -06.42
2023.71 -06.49
2043.94 -06.56
2064.38 -06.62
2085.03 -06.68
2105.88 -06.72
2126.94 -06.77
2148.20 -06.81
2169.69 -06.85
2191.38 -06.89
2213.30 -06.93
2235.43 -06.95
2257.78 -06.99
2280.36 -07.03
2303.17 -07.06
2326.20 -07.09
2349.46 -07.13
2372.95 -07.17
2396.68 -07.21
2420.65 -07.25
2444.86 -07.29
2469.31 -07.32
2494.00 -07.35
2518.94 -07.37
2544.13 -07.40
2569.57 -07.42
2595.27 -07.44
2621.22 -07.46
2647.43 -07.47
2673.90 -07.47
2700.64 -07.44
2727.65 -07.43
2754.93 -07.41
2782.48 -07.40
2810.30 -07.38
2838.40 -07.38
2866.79 -07.39
2895.46 -07.40
2924.41 -07.44
2953.65 -07.47
2983.19 -07.52
3013.02 -07.57
3043.15 -07.62
3073.58 -07.66
3104.32 -07.69
3135.36 -07.71
3166.72 -07.73
3198.38 -07.75
3230.37 -07.76
3262.67 -07.80
3295.30 -07.84
3328.25 -07.90
3361.53 -07.96
3395.15 -08.04
3429.10 -08.10
3463.39 -08.16
3498.03 -08.21
3533.01 -08.24
3568.34 -08.25
3604.02 -08.23
3640.06 -08.18
3676.46 -08.08
3713.22 -07.93
3750.36 -07.73
3787.86 -07.47
3825.74 -07.15
3864.00 -06.76
3902.64 -06.33
3941.66 -05.87
3981.08 -05.40
4020.89 -04.93
4061.10 -04.49
4101.71 -04.07
4142.73 -03.70
4184.15 -03.36
4226.00 -03.05
4268.26 -02.78
4310.94 -02.53
4354.05 -02.28
4397.59 -02.03
4441.56 -01.78
4485.98 -01.50
4530.84 -01.21
4576.15 -00.90
4621.91 -00.59
4668.13 -00.29
4714.81 -00.01
4761.96 00.23
4809.58 00.44
4857.67 00.61
4906.25 00.72
4955.31 00.80
5004.87 00.85
5054.91 00.88
5105.46 00.90
5156.52 00.84
5208.08 00.74
5260.16 00.64
5312.77 00.54
5365.89 00.45
5419.55 00.35
5473.75 00.24
5528.49 00.11
5583.77 -00.04
5639.61 -00.22
5696.00 -00.44
5752.96 -00.68
5810.49 -00.92
5868.60 -01.15
5927.28 -01.35
5986.56 -01.49
6046.42 -01.36
6106.89 -01.13
6167.96 -00.87
6229.64 -00.61
6291.93 -00.40
6354.85 -00.24
6418.40 -00.13
6482.58 -00.08
6547.41 -00.09
6612.88 -00.16
6679.01 -00.25
6745.80 -00.36
6813.26 -00.46
6881.39 -00.57
6950.21 -00.63
7019.71 -00.64
7089.91 -00.59
7160.81 -00.46
7232.41 -00.26
7304.74 -00.14
7377.79 -00.01
7451.56 00.12
7526.08 00.24
7601.34 00.33
7677.35 00.38
7754.13 00.37
7831.67 00.33
7909.98 00.24
7989.08 00.12
8068.98 -00.02
8149.67 -00.14
8231.16 -00.22
8313.47 -00.27
8396.61 -00.27
8480.57 -00.25
8565.38 -00.24
8651.03 -00.25
8737.54 -00.29
8824.92 -00.37
8913.17 -00.47
9002.30 -00.57
9092.32 -00.67
9183.25 -00.75
9275.08 -00.79
9367.83 -00.81
9461.51 -00.78
9556.12 -00.72
9651.68 -00.60
9748.20 -00.43
9845.68 -00.21
9944.14 00.04
10043.58 00.33
10144.02 00.64
10245.46 00.97
10347.91 01.40
10451.39 01.82
10555.91 02.23
10661.46 02.58
10768.08 02.85
10875.76 03.04
10984.52 03.17
11094.36 03.22
11205.31 03.18
11317.36 03.04
11430.53 02.83
11544.84 02.52
11660.29 02.13
11776.89 01.64
11894.66 01.09
12013.60 00.51
12133.74 -00.03
12255.08 -00.52
12377.63 -00.91
12501.41 -01.19
12626.42 -01.37
12752.68 -01.45
12880.21 -01.44
13009.01 -01.33
13139.10 -01.14
13270.49 -00.91
13403.20 -00.67
13537.23 -00.42
13672.60 -00.21
13809.33 -00.07
13947.42 -00.03
14086.90 -00.08
14227.77 -00.21
14370.04 -00.40
14513.74 -00.61
14658.88 -00.87
14805.47 -01.00
14953.52 -00.97
15103.06 -00.78
15254.09 -00.51
15406.63 -00.25
15560.70 -00.03
15716.30 00.13
15873.47 00.18
16032.20 00.14
16192.52 00.05
16354.45 -00.08
16517.99 -00.20
16683.17 -00.29
16850.01 -00.38
17018.51 -00.49
17188.69 -00.65
17360.58 -00.88
17534.18 -01.23
17709.53 -01.69
17886.62 -02.23
18065.49 -02.87
18246.14 -03.57
18428.60 -04.32
18612.89 -05.05
18799.02 -05.69
18987.01 -06.18
19176.88 -06.45
19368.65 -06.49
19562.33 -06.48
19757.96 -06.49
19955.54 -06.60
20000.00 -06.67
