20.00 -16.99
20.20 -16.83
20.40 -16.67
20.61 -16.51
20.81 -16.36
21.02 -16.19
21.23 -16.03
21.44 -15.87
21.66 -15.71
21.87 -15.55
22.09 -15.38
22.31 -15.22
22.54 -15.05
22.76 -14.88
22.99 -14.71
23.22 -14.54
23.45 -14.37
23.69 -14.20
23.92 -14.03
24.16 -13.86
24.40 -13.68
24.65 -13.50
24.89 -13.33
25.14 -13.15
25.39 -12.97
25.65 -12.79
25.91 -12.60
26.16 -12.43
26.43 -12.24
26.69 -12.06
26.96 -11.87
27.23 -11.68
27.50 -11.50
27.77 -11.31
28.05 -11.12
28.33 -10.93
28.62 -10.73
28.90 -10.55
29.19 -10.35
29.48 -10.16
29.78 -09.96
30.08 -09.76
30.38 -09.57
30.68 -09.37
30.99 -09.17
31.30 -08.97
31.61 -08.77
31.93 -08.56
32.24 -08.36
32.57 -08.14
32.89 -07.93
33.22 -07.72
33.55 -07.51
33.89 -07.29
34.23 -07.07
34.57 -06.86
34.92 -06.64
35.27 -06.42
35.62 -06.20
35.97 -05.98
36.33 -05.76
36.70 -05.54
37.06 -05.32
37.43 -05.10
37.81 -04.87
38.19 -04.65
38.57 -04.43
38.95 -04.21
39.34 -03.99
39.74 -03.76
40.14 -03.54
40.54 -03.32
40.94 -03.10
41.35 -02.88
41.76 -02.67
42.18 -02.46
42.60 -02.26
43.03 -02.06
43.46 -01.86
43.90 -01.67
44.33 -01.49
44.78 -01.31
45.23 -01.13
45.68 -00.96
46.13 -00.79
46.60 -00.62
47.06 -00.46
47.53 -00.30
48.01 -00.14
48.49 00.02
48.97 00.18
49.46 00.33
49.96 00.48
50.46 00.63
50.96 00.78
51.47 00.92
51.99 01.06
52.51 01.21
53.03 01.35
53.56 01.49
54.10 01.63
54.64 01.77
55.18 01.90
55.74 02.04
56.29 02.17
56.86 02.30
57.42 02.42
58.00 02.55
58.58 02.66
59.16 02.78
59.76 02.89
60.35 02.99
60.96 03.09
61.57 03.18
62.18 03.25
62.80 03.32
63.43 03.37
64.07 03.41
64.71 03.44
65.35 03.45
66.01 03.45
66.67 03.44
67.33 03.42
68.01 03.39
68.69 03.35
69.37 03.30
70.07 03.25
70.77 03.19
71.48 03.13
72.19 03.06
72.91 02.99
73.64 02.91
74.38 02.83
75.12 02.75
75.87 02.66
76.63 02.56
77.40 02.47
78.17 02.37
78.95 02.26
79.74 02.16
80.54 02.05
81.35 01.94
82.16 01.83
82.98 01.72
83.81 01.62
84.65 01.51
85.50 01.40
86.35 01.30
87.22 01.20
88.09 01.10
88.97 01.00
89.86 00.91
90.76 00.81
91.66 00.72
92.58 00.63
93.51 00.54
94.44 00.46
95.39 00.37
96.34 00.29
97.30 00.21
98.28 00.13
99.26 00.05
100.25 -00.03
101.25 -00.10
102.27 -00.17
103.29 -00.24
104.32 -00.31
105.37 -00.38
106.42 -00.45
107.48 -00.52
108.56 -00.58
109.64 -00.65
110.74 -00.71
111.85 -00.77
112.97 -00.83
114.10 -00.89
115.24 -00.95
116.39 -01.01
117.55 -01.07
118.73 -01.12
119.92 -01.18
121.12 -01.23
122.33 -01.29
123.55 -01.34
124.79 -01.39
126.03 -01.44
127.29 -01.49
128.57 -01.54
129.85 -01.59
131.15 -01.63
132.46 -01.68
133.79 -01.73
135.12 -01.77
136.48 -01.81
137.84 -01.86
139.22 -01.90
140.61 -01.94
142.02 -01.98
143.44 -02.03
144.87 -02.07
146.32 -02.11
147.78 -02.14
149.26 -02.18
150.75 -02.22
152.26 -02.26
153.78 -02.30
155.32 -02.33
156.88 -02.37
158.44 -02.40
160.03 -02.42
161.63 -02.44
163.24 -02.45
164.88 -02.46
166.53 -02.47
168.19 -02.47
169.87 -02.48
171.57 -02.48
173.29 -02.48
175.02 -02.49
176.77 -02.49
178.54 -02.50
180.32 -02.51
182.13 -02.51
183.95 -02.53
185.79 -02.54
187.65 -02.54
189.52 -02.56
191.42 -02.56
193.33 -02.58
195.27 -02.58
197.22 -02.60
199.19 -02.60
201.18 -02.61
203.19 -02.61
205.23 -02.62
207.28 -02.62
209.35 -02.63
211.44 -02.63
213.56 -02.64
215.69 -02.64
217.85 -02.64
220.03 -02.65
222.23 -02.65
224.45 -02.65
226.70 -02.66
228.96 -02.67
231.25 -02.67
233.57 -02.68
235.90 -02.69
238.26 -02.69
240.64 -02.69
243.05 -02.70
245.48 -02.71
247.93 -02.70
250.41 -02.71
252.92 -02.71
255.45 -02.71
258.00 -02.71
260.58 -02.72
263.19 -02.71
265.82 -02.71
268.48 -02.70
271.16 -02.71
273.87 -02.71
276.61 -02.70
279.38 -02.70
282.17 -02.69
284.99 -02.69
287.84 -02.67
290.72 -02.67
293.63 -02.66
296.57 -02.65
299.53 -02.65
302.53 -02.63
305.55 -02.63
308.61 -02.61
311.69 -02.59
314.81 -02.58
317.96 -02.56
321.14 -02.55
324.35 -02.52
327.59 -02.51
330.87 -02.50
334.18 -02.49
337.52 -02.47
340.90 -02.46
344.30 -02.45
347.75 -02.44
351.23 -02.43
354.74 -02.42
358.28 -02.42
361.87 -02.41
365.49 -02.40
369.14 -02.39
372.83 -02.39
376.56 -02.39
380.33 -02.37
384.13 -02.37
387.97 -02.35
391.85 -02.35
395.77 -02.33
399.73 -02.32
403.72 -02.30
407.76 -02.29
411.84 -02.28
415.96 -02.27
420.12 -02.26
424.32 -02.26
428.56 -02.25
432.85 -02.24
437.18 -02.25
441.55 -02.25
445.96 -02.25
450.42 -02.26
454.93 -02.26
459.48 -02.26
464.07 -02.27
468.71 -02.27
473.40 -02.26
478.13 -02.25
482.91 -02.24
487.74 -02.23
492.62 -02.21
497.55 -02.19
502.52 -02.18
507.55 -02.15
512.62 -02.14
517.75 -02.12
522.93 -02.09
528.16 -02.08
533.44 -02.04
538.77 -02.02
544.16 -01.99
549.60 -01.95
555.10 -01.92
560.65 -01.87
566.25 -01.83
571.92 -01.78
577.64 -01.74
583.41 -01.69
589.25 -01.65
595.14 -01.61
601.09 -01.57
607.10 -01.55
613.17 -01.51
619.30 -01.49
625.50 -01.45
631.75 -01.42
638.07 -01.40
644.45 -01.37
650.89 -01.36
657.40 -01.34
663.98 -01.31
670.62 -01.28
677.32 -01.26
684.10 -01.23
690.94 -01.21
697.85 -01.18
704.83 -01.16
711.87 -01.13
718.99 -01.10
726.18 -01.08
733.44 -01.05
740.78 -01.03
748.19 -00.99
755.67 -00.95
763.23 -00.92
770.86 -00.87
778.57 -00.83
786.35 -00.79
794.22 -00.74
802.16 -00.69
810.18 -00.65
818.28 -00.60
826.46 -00.56
834.73 -00.51
843.08 -00.48
851.51 -00.45
860.02 -00.42
868.62 -00.40
877.31 -00.36
886.08 -00.34
894.94 -00.32
903.89 -00.29
912.93 -00.25
922.06 -00.20
931.28 -00.14
940.59 -00.08
950.00 -00.01
959.50 00.07
969.09 00.14
978.78 00.22
988.57 00.30
998.46 00.37
1008.44 00.46
1018.53 00.54
1028.71 00.61
1039.00 00.69
1049.39 00.76
1059.88 00.83
1070.48 00.90
1081.19 00.98
1092.00 01.05
1102.92 01.12
1113.95 01.19
1125.09 01.25
1136.34 01.30
1147.70 01.37
1159.18 01.44
1170.77 01.53
1182.48 01.61
1194.30 01.70
1206.25 01.79
1218.31 01.87
1230.49 01.94
1242.80 02.01
1255.22 02.06
1267.78 02.12
1280.45 02.18
1293.26 02.25
1306.19 02.32
1319.25 02.39
1332.45 02.44
1345.77 02.49
1359.23 02.55
1372.82 02.61
1386.55 02.69
1400.41 02.78
1414.42 02.88
1428.56 02.98
1442.85 03.09
1457.28 03.19
1471.85 03.29
1486.57 03.39
1501.43 03.48
1516.45 03.56
1531.61 03.63
1546.93 03.68
1562.40 03.69
1578.02 03.66
1593.80 03.60
1609.74 03.52
1625.84 03.40
1642.10 03.26
1658.52 03.10
1675.10 02.92
1691.85 02.74
1708.77 02.56
1725.86 02.40
1743.12 02.27
1760.55 02.16
1778.15 02.08
1795.94 02.04
1813.90 02.00
1832.03 01.97
1850.36 01.94
1868.86 01.91
1887.55 01.87
1906.42 01.82
1925.49 01.76
1944.74 01.67
1964.19 01.57
1983.83 01.45
2003.67 01.33
2023.71 01.19
2043.94 01.06
2064.38 00.92
2085.03 00.79
2105.88 00.67
2126.94 00.55
2148.20 00.42
2169.69 00.28
2191.38 00.15
2213.30 00.00
2235.43 -00.14
2257.78 -00.28
2280.36 -00.44
2303.17 -00.60
2326.20 -00.76
2349.46 -00.91
2372.95 -01.06
2396.68 -01.19
2420.65 -01.33
2444.86 -01.48
2469.31 -01.61
2494.00 -01.74
2518.94 -01.87
2544.13 -02.01
2569.57 -02.15
2595.27 -02.29
2621.22 -02.43
2647.43 -02.59
2673.90 -02.74
2700.64 -02.89
2727.65 -03.05
2754.93 -03.20
2782.48 -03.36
2810.30 -03.50
2838.40 -03.66
2866.79 -03.83
2895.46 -03.99
2924.41 -04.16
2953.65 -04.31
2983.19 -04.46
3013.02 -04.58
3043.15 -04.68
3073.58 -04.76
3104.32 -04.82
3135.36 -04.87
3166.72 -04.89
3198.38 -04.89
3230.37 -04.86
3262.67 -04.83
3295.30 -04.79
3328.25 -04.77
3361.53 -04.77
3395.15 -04.80
3429.10 -04.83
3463.39 -04.85
3498.03 -04.87
3533.01 -04.87
3568.34 -04.88
3604.02 -04.91
3640.06 -04.94
3676.46 -04.98
3713.22 -05.04
3750.36 -05.10
3787.86 -05.18
3825.74 -05.28
3864.00 -05.41
3902.64 -05.56
3941.66 -05.76
3981.08 -05.97
4020.89 -06.21
4061.10 -06.46
4101.71 -06.71
4142.73 -06.98
4184.15 -07.24
4226.00 -07.53
4268.26 -07.85
4310.94 -08.19
4354.05 -08.51
4397.59 -08.77
4441.56 -08.89
4485.98 -08.84
4530.84 -08.63
4576.15 -08.29
4621.91 -07.91
4668.13 -07.52
4714.81 -07.13
4761.96 -06.75
4809.58 -06.38
4857.67 -06.04
4906.25 -05.75
4955.31 -05.53
5004.87 -05.40
5054.91 -05.34
5105.46 -05.34
5156.52 -05.46
5208.08 -05.64
5260.16 -05.82
5312.77 -06.00
5365.89 -06.17
5419.55 -06.33
5473.75 -06.49
5528.49 -06.63
5583.77 -06.74
5639.61 -06.80
5696.00 -06.83
5752.96 -06.81
5810.49 -06.75
5868.60 -06.65
5927.28 -06.53
5986.56 -06.40
6046.42 -06.03
6106.89 -05.59
6167.96 -05.14
6229.64 -04.71
6291.93 -04.29
6354.85 -03.88
6418.40 -03.49
6482.58 -03.09
6547.41 -02.72
6612.88 -02.35
6679.01 -02.00
6745.80 -01.66
6813.26 -01.34
6881.39 -01.05
6950.21 -00.78
7019.71 -00.56
7089.91 -00.39
7160.81 -00.29
7232.41 -00.26
7304.74 -00.47
7377.79 -00.78
7451.56 -01.16
7526.08 -01.63
7601.34 -02.16
7677.35 -02.75
7754.13 -03.36
7831.67 -03.96
7909.98 -04.49
7989.08 -04.91
8068.98 -05.18
8149.67 -05.26
8231.16 -05.20
8313.47 -05.04
8396.61 -04.86
8480.57 -04.71
8565.38 -04.62
8651.03 -04.63
8737.54 -04.73
8824.92 -04.90
8913.17 -05.11
9002.30 -05.34
9092.32 -05.58
9183.25 -05.82
9275.08 -06.02
9367.83 -06.16
9461.51 -06.19
9556.12 -06.09
9651.68 -05.89
9748.20 -05.60
9845.68 -05.27
9944.14 -04.95
10043.58 -04.65
10144.02 -04.40
10245.46 -04.19
10347.91 -03.93
10451.39 -03.71
10555.91 -03.54
10661.46 -03.45
10768.08 -03.40
10875.76 -03.42
10984.52 -03.48
11094.36 -03.59
11205.31 -03.76
11317.36 -03.94
11430.53 -04.14
11544.84 -04.35
11660.29 -04.57
11776.89 -04.81
11894.66 -05.04
12013.60 -05.29
12133.74 -05.55
12255.08 -05.81
12377.63 -06.10
12501.41 -06.43
12626.42 -06.83
12752.68 -07.31
12880.21 -07.88
13009.01 -08.51
13139.10 -09.21
13270.49 -09.99
13403.20 -10.83
13537.23 -11.67
13672.60 -12.40
13809.33 -12.85
13947.42 -12.94
14086.90 -12.60
14227.77 -12.00
14370.04 -11.30
14513.74 -10.67
14658.88 -10.27
14805.47 -09.98
14953.52 -09.78
15103.06 -09.65
15254.09 -09.59
15406.63 -09.58
15560.70 -09.58
15716.30 -09.56
15873.47 -09.47
16032.20 -09.27
16192.52 -08.91
16354.45 -08.36
16517.99 -07.64
16683.17 -06.81
16850.01 -05.93
17018.51 -05.09
17188.69 -04.35
17360.58 -03.72
17534.18 -03.24
17709.53 -02.92
17886.62 -02.71
18065.49 -02.64
18246.14 -02.67
18428.60 -02.83
18612.89 -03.10
18799.02 -03.51
18987.01 -04.05
19176.88 -04.73
19368.65 -05.55
19562.33 -06.48
19757.96 -07.49
19955.54 -08.54
20000.00 -08.78
