20.00 -08.16
20.20 -08.05
20.40 -07.95
20.61 -07.84
20.81 -07.74
21.02 -07.63
21.23 -07.53
21.44 -07.43
21.66 -07.33
21.87 -07.23
22.09 -07.13
22.31 -07.03
22.54 -06.93
22.76 -06.83
22.99 -06.73
23.22 -06.63
23.45 -06.53
23.69 -06.43
23.92 -06.33
24.16 -06.23
24.40 -06.12
24.65 -06.02
24.89 -05.92
25.14 -05.82
25.39 -05.72
25.65 -05.61
25.91 -05.51
26.16 -05.41
26.43 -05.30
26.69 -05.20
26.96 -05.10
27.23 -04.99
27.50 -04.89
27.77 -04.79
28.05 -04.69
28.33 -04.59
28.62 -04.48
28.90 -04.38
29.19 -04.28
29.48 -04.17
29.78 -04.07
30.08 -03.97
30.38 -03.87
30.68 -03.77
30.99 -03.66
31.30 -03.56
31.61 -03.46
31.93 -03.35
32.24 -03.25
32.57 -03.15
32.89 -03.04
33.22 -02.94
33.55 -02.83
33.89 -02.72
34.23 -02.61
34.57 -02.51
34.92 -02.40
35.27 -02.29
35.62 -02.18
35.97 -02.08
36.33 -01.97
36.70 -01.86
37.06 -01.75
37.43 -01.64
37.81 -01.54
38.19 -01.43
38.57 -01.32
38.95 -01.22
39.34 -01.11
39.74 -01.00
40.14 -00.89
40.54 -00.79
40.94 -00.68
41.35 -00.58
41.76 -00.47
42.18 -00.37
42.60 -00.27
43.03 -00.17
43.46 -00.06
43.90 00.04
44.33 00.14
44.78 00.24
45.23 00.34
45.68 00.43
46.13 00.53
46.60 00.63
47.06 00.73
47.53 00.82
48.01 00.92
48.49 01.02
48.97 01.11
49.46 01.21
49.96 01.31
50.46 01.40
50.96 01.49
51.47 01.59
51.99 01.69
52.51 01.78
53.03 01.87
53.56 01.97
54.10 02.06
54.64 02.16
55.18 02.25
55.74 02.34
56.29 02.44
56.86 02.53
57.42 02.62
58.00 02.72
58.58 02.81
59.16 02.90
59.76 02.99
60.35 03.08
60.96 03.18
61.57 03.27
62.18 03.35
62.80 03.44
63.43 03.53
64.07 03.62
64.71 03.70
65.35 03.79
66.01 03.87
66.67 03.96
67.33 04.04
68.01 04.12
68.69 04.20
69.37 04.28
70.07 04.36
70.77 04.44
71.48 04.51
72.19 04.59
72.91 04.66
73.64 04.73
74.38 04.80
75.12 04.87
75.87 04.94
76.63 05.00
77.40 05.06
78.17 05.12
78.95 05.18
79.74 05.24
80.54 05.29
81.35 05.34
82.16 05.39
82.98 05.44
83.81 05.48
84.65 05.52
85.50 05.56
86.35 05.59
87.22 05.62
88.09 05.65
88.97 05.68
89.86 05.70
90.76 05.73
91.66 05.75
92.58 05.77
93.51 05.79
94.44 05.81
95.39 05.83
96.34 05.85
97.30 05.87
98.28 05.89
99.26 05.91
100.25 05.93
101.25 05.95
102.27 05.97
103.29 05.98
104.32 06.00
105.37 06.01
106.42 06.02
107.48 06.03
108.56 06.03
109.64 06.04
110.74 06.04
111.85 06.03
112.97 06.03
114.10 06.02
115.24 06.01
116.39 06.00
117.55 05.99
118.73 05.98
119.92 05.97
121.12 05.95
122.33 05.94
123.55 05.92
124.79 05.90
126.03 05.88
127.29 05.86
128.57 05.84
129.85 05.82
131.15 05.79
132.46 05.77
133.79 05.74
135.12 05.71
136.48 05.68
137.84 05.65
139.22 05.61
140.61 05.58
142.02 05.54
143.44 05.50
144.87 05.46
146.32 05.41
147.78 05.37
149.26 05.32
150.75 05.28
152.26 05.23
153.78 05.18
155.32 05.14
156.88 05.09
158.44 05.05
160.03 05.01
161.63 04.98
163.24 04.96
164.88 04.94
166.53 04.92
168.19 04.89
169.87 04.87
171.57 04.86
173.29 04.83
175.02 04.81
176.77 04.79
178.54 04.77
180.32 04.74
182.13 04.72
183.95 04.68
185.79 04.65
187.65 04.63
189.52 04.59
191.42 04.57
193.33 04.53
195.27 04.51
197.22 04.48
199.19 04.46
201.18 04.44
203.19 04.44
205.23 04.43
207.28 04.44
209.35 04.44
211.44 04.46
213.56 04.48
215.69 04.51
217.85 04.55
220.03 04.57
222.23 04.60
224.45 04.63
226.70 04.64
228.96 04.64
231.25 04.64
233.57 04.61
235.90 04.58
238.26 04.53
240.64 04.49
243.05 04.42
245.48 04.36
247.93 04.30
250.41 04.23
252.92 04.17
255.45 04.12
258.00 04.08
260.58 04.04
263.19 04.01
265.82 03.98
268.48 03.96
271.16 03.93
273.87 03.90
276.61 03.87
279.38 03.83
282.17 03.79
284.99 03.73
287.84 03.68
290.72 03.61
293.63 03.55
296.57 03.49
299.53 03.41
302.53 03.34
305.55 03.25
308.61 03.18
311.69 03.10
314.81 03.02
317.96 02.95
321.14 02.87
324.35 02.80
327.59 02.72
330.87 02.65
334.18 02.58
337.52 02.53
340.90 02.47
344.30 02.41
347.75 02.36
351.23 02.31
354.74 02.24
358.28 02.17
361.87 02.09
365.49 02.00
369.14 01.91
372.83 01.80
376.56 01.70
380.33 01.60
384.13 01.50
387.97 01.41
391.85 01.31
395.77 01.23
399.73 01.15
403.72 01.10
407.76 01.06
411.84 01.04
415.96 01.01
420.12 00.99
424.32 00.97
428.56 00.95
432.85 00.94
437.18 00.92
441.55 00.91
445.96 00.92
450.42 00.91
454.93 00.93
459.48 00.94
464.07 00.95
468.71 00.97
473.40 01.00
478.13 01.01
482.91 01.03
487.74 01.05
492.62 01.07
497.55 01.08
502.52 01.09
507.55 01.11
512.62 01.11
517.75 01.12
522.93 01.13
528.16 01.14
533.44 01.15
538.77 01.16
544.16 01.16
549.60 01.17
555.10 01.17
560.65 01.17
566.25 01.16
571.92 01.15
577.64 01.12
583.41 01.11
589.25 01.08
595.14 01.05
601.09 01.03
607.10 01.00
613.17 00.99
619.30 00.97
625.50 00.96
631.75 00.96
638.07 00.94
644.45 00.94
650.89 00.91
657.40 00.89
663.98 00.88
670.62 00.86
677.32 00.85
684.10 00.84
690.94 00.82
697.85 00.80
704.83 00.77
711.87 00.74
718.99 00.70
726.18 00.63
733.44 00.54
740.78 00.44
748.19 00.34
755.67 00.23
763.23 00.13
770.86 00.04
778.57 -00.03
786.35 -00.10
794.22 -00.15
802.16 -00.16
810.18 -00.16
818.28 -00.14
826.46 -00.10
834.73 -00.05
843.08 -00.01
851.51 00.01
860.02 00.02
868.62 00.02
877.31 00.01
886.08 -00.01
894.94 -00.03
903.89 -00.06
912.93 -00.07
922.06 -00.09
931.28 -00.11
940.59 -00.13
950.00 -00.14
959.50 -00.15
969.09 -00.17
978.78 -00.19
988.57 -00.20
998.46 -00.24
1008.44 -00.27
1018.53 -00.31
1028.71 -00.36
1039.00 -00.40
1049.39 -00.45
1059.88 -00.50
1070.48 -00.54
1081.19 -00.57
1092.00 -00.61
1102.92 -00.63
1113.95 -00.65
1125.09 -00.66
1136.34 -00.68
1147.70 -00.70
1159.18 -00.72
1170.77 -00.75
1182.48 -00.78
1194.30 -00.82
1206.25 -00.85
1218.31 -00.90
1230.49 -00.95
1242.80 -01.00
1255.22 -01.06
1267.78 -01.11
1280.45 -01.15
1293.26 -01.18
1306.19 -01.19
1319.25 -01.20
1332.45 -01.22
1345.77 -01.23
1359.23 -01.23
1372.82 -01.24
1386.55 -01.26
1400.41 -01.29
1414.42 -01.32
1428.56 -01.37
1442.85 -01.42
1457.28 -01.48
1471.85 -01.55
1486.57 -01.63
1501.43 -01.72
1516.45 -01.82
1531.61 -01.91
1546.93 -02.02
1562.40 -02.13
1578.02 -02.22
1593.80 -02.28
1609.74 -02.30
1625.84 -02.31
1642.10 -02.31
1658.52 -02.30
1675.10 -02.29
1691.85 -02.26
1708.77 -02.19
1725.86 -02.12
1743.12 -02.03
1760.55 -01.96
1778.15 -01.93
1795.94 -01.92
1813.90 -01.95
1832.03 -01.99
1850.36 -02.04
1868.86 -02.08
1887.55 -02.14
1906.42 -02.23
1925.49 -02.35
1944.74 -02.49
1964.19 -02.63
1983.83 -02.77
2003.67 -02.90
2023.71 -03.03
2043.94 -03.18
2064.38 -03.36
2085.03 -03.55
2105.88 -03.72
2126.94 -03.89
2148.20 -04.03
2169.69 -04.17
2191.38 -04.31
2213.30 -04.44
2235.43 -04.54
2257.78 -04.64
2280.36 -04.71
2303.17 -04.76
2326.20 -04.77
2349.46 -04.78
2372.95 -04.76
2396.68 -04.71
2420.65 -04.65
2444.86 -04.57
2469.31 -04.45
2494.00 -04.33
2518.94 -04.19
2544.13 -04.05
2569.57 -03.90
2595.27 -03.74
2621.22 -03.59
2647.43 -03.43
2673.90 -03.28
2700.64 -03.11
2727.65 -02.93
2754.93 -02.73
2782.48 -02.51
2810.30 -02.27
2838.40 -02.02
2866.79 -01.74
2895.46 -01.41
2924.41 -01.06
2953.65 -00.67
2983.19 -00.28
3013.02 00.12
3043.15 00.52
3073.58 00.89
3104.32 01.26
3135.36 01.61
3166.72 01.95
3198.38 02.27
3230.37 02.58
3262.67 02.86
3295.30 03.13
3328.25 03.38
3361.53 03.62
3395.15 03.86
3429.10 04.09
3463.39 04.33
3498.03 04.54
3533.01 04.75
3568.34 04.94
3604.02 05.12
3640.06 05.27
3676.46 05.41
3713.22 05.53
3750.36 05.63
3787.86 05.71
3825.74 05.78
3864.00 05.84
3902.64 05.88
3941.66 05.92
3981.08 05.96
4020.89 05.99
4061.10 06.03
4101.71 06.08
4142.73 06.13
4184.15 06.18
4226.00 06.25
4268.26 06.33
4310.94 06.43
4354.05 06.53
4397.59 06.65
4441.56 06.79
4485.98 06.93
4530.84 07.08
4576.15 07.24
4621.91 07.42
4668.13 07.60
4714.81 07.79
4761.96 08.00
4809.58 08.21
4857.67 08.42
4906.25 08.63
4955.31 08.83
5004.87 09.02
5054.91 09.20
5105.46 09.36
5156.52 09.41
5208.08 09.40
5260.16 09.35
5312.77 09.28
5365.89 09.17
5419.55 09.02
5473.75 08.85
5528.49 08.63
5583.77 08.39
5639.61 08.10
5696.00 07.79
5752.96 07.45
5810.49 07.08
5868.60 06.69
5927.28 06.27
5986.56 05.82
6046.42 05.57
6106.89 05.37
6167.96 05.15
6229.64 04.92
6291.93 04.67
6354.85 04.41
6418.40 04.13
6482.58 03.85
6547.41 03.54
6612.88 03.22
6679.01 02.88
6745.80 02.51
6813.26 02.12
6881.39 01.67
6950.21 01.18
7019.71 00.61
7089.91 -00.04
7160.81 -00.77
7232.41 -01.58
7304.74 -02.57
7377.79 -03.51
7451.56 -04.21
7526.08 -04.47
7601.34 -04.17
7677.35 -03.41
7754.13 -02.36
7831.67 -01.20
7909.98 -00.05
7989.08 01.05
8068.98 02.08
8149.67 03.03
8231.16 03.91
8313.47 04.69
8396.61 05.39
8480.57 05.98
8565.38 06.48
8651.03 06.89
8737.54 07.22
8824.92 07.46
8913.17 07.63
9002.30 07.72
9092.32 07.73
9183.25 07.68
9275.08 07.56
9367.83 07.37
9461.51 07.14
9556.12 06.86
9651.68 06.55
9748.20 06.21
9845.68 05.86
9944.14 05.52
10043.58 05.20
10144.02 04.92
10245.46 04.72
10347.91 04.70
10451.39 04.82
10555.91 05.07
10661.46 05.46
10768.08 05.96
10875.76 06.55
10984.52 07.19
11094.36 07.82
11205.31 08.42
11317.36 08.96
11430.53 09.43
11544.84 09.82
11660.29 10.14
11776.89 10.36
11894.66 10.50
12013.60 10.54
12133.74 10.50
12255.08 10.37
12377.63 10.14
12501.41 09.85
12626.42 09.48
12752.68 09.08
12880.21 08.62
13009.01 08.17
13139.10 07.71
13270.49 07.26
13403.20 06.85
13537.23 06.50
13672.60 06.22
13809.33 06.05
13947.42 05.97
14086.90 06.01
14227.77 06.15
14370.04 06.39
14513.74 06.66
14658.88 06.86
14805.47 07.09
14953.52 07.32
15103.06 07.52
15254.09 07.69
15406.63 07.76
15560.70 07.76
15716.30 07.68
15873.47 07.52
16032.20 07.28
16192.52 06.95
16354.45 06.53
16517.99 06.03
16683.17 05.44
16850.01 04.77
17018.51 04.05
17188.69 03.28
17360.58 02.50
17534.18 01.72
17709.53 00.94
17886.62 00.17
18065.49 -00.63
18246.14 -01.45
18428.60 -02.33
18612.89 -03.21
18799.02 -04.07
18987.01 -04.78
19176.88 -05.25
19368.65 -05.48
19562.33 -05.53
19757.96 -05.49
19955.54 -05.47
20000.00 -05.47
