20.00 -01.96
20.20 -01.96
20.40 -01.96
20.61 -01.96
20.81 -01.97
21.02 -01.97
21.23 -01.98
21.44 -01.98
21.66 -02.00
21.87 -02.01
22.09 -02.03
22.31 -02.05
22.54 -02.08
22.76 -02.11
22.99 -02.15
23.22 -02.19
23.45 -02.24
23.69 -02.29
23.92 -02.35
24.16 -02.41
24.40 -02.48
24.65 -02.55
24.89 -02.63
25.14 -02.71
25.39 -02.79
25.65 -02.88
25.91 -02.97
26.16 -03.05
26.43 -03.15
26.69 -03.24
26.96 -03.34
27.23 -03.44
27.50 -03.54
27.77 -03.63
28.05 -03.73
28.33 -03.83
28.62 -03.92
28.90 -04.01
29.19 -04.10
29.48 -04.18
29.78 -04.26
30.08 -04.34
30.38 -04.40
30.68 -04.46
30.99 -04.51
31.30 -04.54
31.61 -04.55
31.93 -04.55
32.24 -04.52
32.57 -04.48
32.89 -04.42
33.22 -04.33
33.55 -04.23
33.89 -04.10
34.23 -03.96
34.57 -03.81
34.92 -03.63
35.27 -03.45
35.62 -03.26
35.97 -03.06
36.33 -02.85
36.70 -02.62
37.06 -02.41
37.43 -02.18
37.81 -01.95
38.19 -01.72
38.57 -01.49
38.95 -01.27
39.34 -01.06
39.74 -00.84
40.14 -00.64
40.54 -00.45
40.94 -00.28
41.35 -00.12
41.76 00.02
42.18 00.14
42.60 00.24
43.03 00.33
43.46 00.40
43.90 00.45
44.33 00.49
44.78 00.52
45.23 00.54
45.68 00.55
46.13 00.56
46.60 00.56
47.06 00.56
47.53 00.56
48.01 00.55
48.49 00.54
48.97 00.53
49.46 00.51
49.96 00.49
50.46 00.47
50.96 00.44
51.47 00.41
51.99 00.38
52.51 00.34
53.03 00.30
53.56 00.26
54.10 00.21
54.64 00.17
55.18 00.11
55.74 00.06
56.29 00.00
56.86 -00.06
57.42 -00.13
58.00 -00.20
58.58 -00.27
59.16 -00.34
59.76 -00.42
60.35 -00.49
60.96 -00.56
61.57 -00.63
62.18 -00.69
62.80 -00.74
63.43 -00.79
64.07 -00.82
64.71 -00.84
65.35 -00.85
66.01 -00.85
66.67 -00.84
67.33 -00.83
68.01 -00.80
68.69 -00.77
69.37 -00.73
70.07 -00.70
70.77 -00.66
71.48 -00.62
72.19 -00.59
72.91 -00.56
73.64 -00.53
74.38 -00.50
75.12 -00.48
75.87 -00.47
76.63 -00.45
77.40 -00.44
78.17 -00.44
78.95 -00.43
79.74 -00.43
80.54 -00.44
81.35 -00.45
82.16 -00.47
82.98 -00.49
83.81 -00.52
84.65 -00.56
85.50 -00.61
86.35 -00.67
87.22 -00.73
88.09 -00.81
88.97 -00.89
89.86 -00.98
90.76 -01.07
91.66 -01.17
92.58 -01.27
93.51 -01.38
94.44 -01.49
95.39 -01.60
96.34 -01.70
97.30 -01.81
98.28 -01.93
99.26 -02.04
100.25 -02.16
101.25 -02.27
102.27 -02.39
103.29 -02.51
104.32 -02.62
105.37 -02.73
106.42 -02.83
107.48 -02.93
108.56 -03.03
109.64 -03.12
110.74 -03.21
111.85 -03.29
112.97 -03.37
114.10 -03.44
115.24 -03.51
116.39 -03.58
117.55 -03.65
118.73 -03.72
119.92 -03.79
121.12 -03.86
122.33 -03.93
123.55 -04.00
124.79 -04.07
126.03 -04.15
127.29 -04.23
128.57 -04.31
129.85 -04.40
131.15 -04.49
132.46 -04.59
133.79 -04.68
135.12 -04.78
136.48 -04.88
137.84 -04.99
139.22 -05.09
140.61 -05.19
142.02 -05.29
143.44 -05.38
144.87 -05.48
146.32 -05.57
147.78 -05.67
149.26 -05.76
150.75 -05.85
152.26 -05.94
153.78 -06.03
155.32 -06.12
156.88 -06.21
158.44 -06.30
160.03 -06.39
161.63 -06.46
163.24 -06.53
164.88 -06.58
166.53 -06.63
168.19 -06.66
169.87 -06.68
171.57 -06.67
173.29 -06.65
175.02 -06.61
176.77 -06.52
178.54 -06.42
180.32 -06.29
182.13 -06.13
183.95 -05.96
185.79 -05.80
187.65 -05.64
189.52 -05.52
191.42 -05.40
193.33 -05.31
195.27 -05.23
197.22 -05.18
199.19 -05.13
201.18 -05.11
203.19 -05.08
205.23 -05.05
207.28 -05.00
209.35 -04.92
211.44 -04.78
213.56 -04.62
215.69 -04.42
217.85 -04.20
220.03 -03.97
222.23 -03.73
224.45 -03.49
226.70 -03.25
228.96 -03.01
231.25 -02.77
233.57 -02.55
235.90 -02.34
238.26 -02.15
240.64 -01.97
243.05 -01.82
245.48 -01.68
247.93 -01.56
250.41 -01.45
252.92 -01.37
255.45 -01.30
258.00 -01.26
260.58 -01.23
263.19 -01.22
265.82 -01.23
268.48 -01.25
271.16 -01.28
273.87 -01.31
276.61 -01.35
279.38 -01.41
282.17 -01.46
284.99 -01.53
287.84 -01.60
290.72 -01.69
293.63 -01.78
296.57 -01.87
299.53 -01.98
302.53 -02.09
305.55 -02.21
308.61 -02.32
311.69 -02.43
314.81 -02.54
317.96 -02.62
321.14 -02.70
324.35 -02.75
327.59 -02.79
330.87 -02.81
334.18 -02.81
337.52 -02.78
340.90 -02.74
344.30 -02.68
347.75 -02.61
351.23 -02.51
354.74 -02.41
358.28 -02.30
361.87 -02.17
365.49 -02.05
369.14 -01.92
372.83 -01.81
376.56 -01.69
380.33 -01.58
384.13 -01.48
387.97 -01.38
391.85 -01.30
395.77 -01.22
399.73 -01.15
403.72 -01.08
407.76 -01.02
411.84 -00.95
415.96 -00.89
420.12 -00.81
424.32 -00.75
428.56 -00.66
432.85 -00.57
437.18 -00.49
441.55 -00.39
445.96 -00.29
450.42 -00.21
454.93 -00.11
459.48 -00.02
464.07 00.07
468.71 00.15
473.40 00.25
478.13 00.33
482.91 00.41
487.74 00.47
492.62 00.54
497.55 00.59
502.52 00.63
507.55 00.66
512.62 00.67
517.75 00.68
522.93 00.67
528.16 00.65
533.44 00.63
538.77 00.59
544.16 00.55
549.60 00.52
555.10 00.48
560.65 00.45
566.25 00.42
571.92 00.41
577.64 00.39
583.41 00.39
589.25 00.39
595.14 00.39
601.09 00.40
607.10 00.40
613.17 00.41
619.30 00.40
625.50 00.40
631.75 00.40
638.07 00.39
644.45 00.39
650.89 00.36
657.40 00.35
663.98 00.35
670.62 00.34
677.32 00.34
684.10 00.36
690.94 00.38
697.85 00.41
704.83 00.43
711.87 00.46
718.99 00.49
726.18 00.51
733.44 00.52
740.78 00.53
748.19 00.54
755.67 00.54
763.23 00.53
770.86 00.54
778.57 00.55
786.35 00.55
794.22 00.56
802.16 00.58
810.18 00.60
818.28 00.61
826.46 00.63
834.73 00.66
843.08 00.68
851.51 00.70
860.02 00.72
868.62 00.74
877.31 00.77
886.08 00.80
894.94 00.83
903.89 00.88
912.93 00.97
922.06 01.07
931.28 01.20
940.59 01.33
950.00 01.46
959.50 01.55
969.09 01.57
978.78 01.55
988.57 01.48
998.46 01.36
1008.44 01.22
1018.53 01.04
1028.71 00.80
1039.00 00.54
1049.39 00.24
1059.88 -00.08
1070.48 -00.37
1081.19 -00.61
1092.00 -00.79
1102.92 -00.88
1113.95 -00.93
1125.09 -00.95
1136.34 -00.97
1147.70 -00.98
1159.18 -01.01
1170.77 -01.03
1182.48 -01.08
1194.30 -01.12
1206.25 -01.16
1218.31 -01.21
1230.49 -01.26
1242.80 -01.31
1255.22 -01.37
1267.78 -01.41
1280.45 -01.45
1293.26 -01.48
1306.19 -01.51
1319.25 -01.54
1332.45 -01.59
1345.77 -01.64
1359.23 -01.70
1372.82 -01.78
1386.55 -01.87
1400.41 -01.98
1414.42 -02.09
1428.56 -02.21
1442.85 -02.32
1457.28 -02.42
1471.85 -02.50
1486.57 -02.56
1501.43 -02.59
1516.45 -02.58
1531.61 -02.53
1546.93 -02.45
1562.40 -02.34
1578.02 -02.21
1593.80 -02.07
1609.74 -01.92
1625.84 -01.79
1642.10 -01.66
1658.52 -01.54
1675.10 -01.44
1691.85 -01.36
1708.77 -01.28
1725.86 -01.24
1743.12 -01.21
1760.55 -01.21
1778.15 -01.23
1795.94 -01.26
1813.90 -01.31
1832.03 -01.38
1850.36 -01.46
1868.86 -01.54
1887.55 -01.63
1906.42 -01.73
1925.49 -01.82
1944.74 -01.92
1964.19 -01.99
1983.83 -02.05
2003.67 -02.09
2023.71 -02.11
2043.94 -02.13
2064.38 -02.14
2085.03 -02.15
2105.88 -02.14
2126.94 -02.14
2148.20 -02.15
2169.69 -02.17
2191.38 -02.20
2213.30 -02.24
2235.43 -02.28
2257.78 -02.33
2280.36 -02.38
2303.17 -02.41
2326.20 -02.39
2349.46 -02.34
2372.95 -02.22
2396.68 -02.06
2420.65 -01.87
2444.86 -01.67
2469.31 -01.45
2494.00 -01.23
2518.94 -01.01
2544.13 -00.81
2569.57 -00.61
2595.27 -00.44
2621.22 -00.31
2647.43 -00.20
2673.90 -00.13
2700.64 -00.07
2727.65 -00.01
2754.93 00.03
2782.48 00.08
2810.30 00.12
2838.40 00.15
2866.79 00.15
2895.46 00.16
2924.41 00.15
2953.65 00.15
2983.19 00.12
3013.02 00.10
3043.15 00.08
3073.58 00.04
3104.32 00.01
3135.36 -00.03
3166.72 -00.07
3198.38 -00.12
3230.37 -00.17
3262.67 -00.25
3295.30 -00.34
3328.25 -00.44
3361.53 -00.55
3395.15 -00.67
3429.10 -00.80
3463.39 -00.92
3498.03 -01.07
3533.01 -01.21
3568.34 -01.34
3604.02 -01.46
3640.06 -01.56
3676.46 -01.65
3713.22 -01.73
3750.36 -01.78
3787.86 -01.83
3825.74 -01.88
3864.00 -01.91
3902.64 -01.94
3941.66 -01.96
3981.08 -01.97
4020.89 -01.97
4061.10 -01.97
4101.71 -01.98
4142.73 -01.99
4184.15 -02.00
4226.00 -02.02
4268.26 -02.05
4310.94 -02.09
4354.05 -02.15
4397.59 -02.22
4441.56 -02.30
4485.98 -02.37
4530.84 -02.45
4576.15 -02.52
4621.91 -02.57
4668.13 -02.62
4714.81 -02.65
4761.96 -02.68
4809.58 -02.69
4857.67 -02.69
4906.25 -02.68
4955.31 -02.66
5004.87 -02.65
5054.91 -02.65
5105.46 -02.66
5156.52 -02.75
5208.08 -02.88
5260.16 -03.01
5312.77 -03.12
5365.89 -03.22
5419.55 -03.31
5473.75 -03.38
5528.49 -03.44
5583.77 -03.45
5639.61 -03.42
5696.00 -03.36
5752.96 -03.27
5810.49 -03.15
5868.60 -03.00
5927.28 -02.84
5986.56 -02.67
6046.42 -02.28
6106.89 -01.83
6167.96 -01.39
6229.64 -00.98
6291.93 -00.60
6354.85 -00.27
6418.40 00.03
6482.58 00.30
6547.41 00.53
6612.88 00.75
6679.01 00.97
6745.80 01.19
6813.26 01.46
6881.39 01.76
6950.21 02.11
7019.71 02.49
7089.91 02.88
7160.81 03.27
7232.41 03.65
7304.74 03.85
7377.79 04.00
7451.56 04.12
7526.08 04.19
7601.34 04.22
7677.35 04.21
7754.13 04.14
7831.67 04.04
7909.98 03.90
7989.08 03.74
8068.98 03.55
8149.67 03.34
8231.16 03.11
8313.47 02.86
8396.61 02.60
8480.57 02.31
8565.38 02.00
8651.03 01.67
8737.54 01.31
8824.92 00.93
8913.17 00.55
9002.30 00.18
9092.32 -00.16
9183.25 -00.46
9275.08 -00.72
9367.83 -00.94
9461.51 -01.14
9556.12 -01.33
9651.68 -01.50
9748.20 -01.66
9845.68 -01.84
9944.14 -02.03
10043.58 -02.25
10144.02 -02.49
10245.46 -02.75
10347.91 -02.96
10451.39 -03.19
10555.91 -03.44
10661.46 -03.73
10768.08 -04.04
10875.76 -04.35
10984.52 -04.64
11094.36 -04.89
11205.31 -05.10
11317.36 -05.24
11430.53 -05.33
11544.84 -05.36
11660.29 -05.33
11776.89 -05.26
11894.66 -05.15
12013.60 -05.06
12133.74 -04.98
12255.08 -04.93
12377.63 -04.92
12501.41 -04.92
12626.42 -04.92
12752.68 -04.91
12880.21 -04.89
13009.01 -04.84
13139.10 -04.76
13270.49 -04.64
13403.20 -04.47
13537.23 -04.25
13672.60 -04.01
13809.33 -03.75
13947.42 -03.52
14086.90 -03.33
14227.77 -03.18
14370.04 -03.09
14513.74 -03.09
14658.88 -03.28
14805.47 -03.53
14953.52 -03.83
15103.06 -04.18
15254.09 -04.56
15406.63 -04.98
15560.70 -05.42
15716.30 -05.89
15873.47 -06.38
16032.20 -06.88
16192.52 -07.40
16354.45 -07.93
16517.99 -08.47
16683.17 -09.05
16850.01 -09.67
17018.51 -10.33
17188.69 -11.07
17360.58 -11.87
17534.18 -12.75
17709.53 -13.69
17886.62 -14.66
18065.49 -15.64
18246.14 -16.55
18428.60 -17.39
18612.89 -18.08
18799.02 -18.63
18987.01 -19.00
19176.88 -19.22
19368.65 -19.35
19562.33 -19.46
19757.96 -19.61
19955.54 -19.85
20000.00 -19.92
