20.00 07.27
20.20 07.33
20.40 07.39
20.61 07.44
20.81 07.50
21.02 07.55
21.23 07.60
21.44 07.65
21.66 07.70
21.87 07.74
22.09 07.79
22.31 07.83
22.54 07.87
22.76 07.91
22.99 07.96
23.22 08.00
23.45 08.04
23.69 08.08
23.92 08.12
24.16 08.16
24.40 08.20
24.65 08.24
24.89 08.28
25.14 08.32
25.39 08.36
25.65 08.40
25.91 08.43
26.16 08.47
26.43 08.51
26.69 08.54
26.96 08.58
27.23 08.61
27.50 08.65
27.77 08.68
28.05 08.72
28.33 08.75
28.62 08.78
28.90 08.81
29.19 08.84
29.48 08.87
29.78 08.90
30.08 08.93
30.38 08.96
30.68 08.98
30.99 09.01
31.30 09.04
31.61 09.06
31.93 09.09
32.24 09.11
32.57 09.14
32.89 09.17
33.22 09.19
33.55 09.22
33.89 09.25
34.23 09.27
34.57 09.30
34.92 09.32
35.27 09.35
35.62 09.37
35.97 09.40
36.33 09.42
36.70 09.44
37.06 09.46
37.43 09.48
37.81 09.50
38.19 09.52
38.57 09.54
38.95 09.55
39.34 09.57
39.74 09.58
40.14 09.59
40.54 09.60
40.94 09.61
41.35 09.62
41.76 09.63
42.18 09.63
42.60 09.64
43.03 09.64
43.46 09.63
43.90 09.63
44.33 09.62
44.78 09.61
45.23 09.59
45.68 09.58
46.13 09.56
46.60 09.54
47.06 09.51
47.53 09.49
48.01 09.46
48.49 09.44
48.97 09.41
49.46 09.38
49.96 09.36
50.46 09.33
50.96 09.31
51.47 09.29
51.99 09.28
52.51 09.26
53.03 09.26
53.56 09.25
54.10 09.25
54.64 09.26
55.18 09.27
55.74 09.28
56.29 09.30
56.86 09.32
57.42 09.34
58.00 09.37
58.58 09.39
59.16 09.42
59.76 09.45
60.35 09.47
60.96 09.50
61.57 09.52
62.18 09.54
62.80 09.56
63.43 09.58
64.07 09.59
64.71 09.60
65.35 09.61
66.01 09.62
66.67 09.62
67.33 09.63
68.01 09.63
68.69 09.63
69.37 09.63
70.07 09.63
70.77 09.63
71.48 09.62
72.19 09.62
72.91 09.61
73.64 09.61
74.38 09.60
75.12 09.59
75.87 09.59
76.63 09.58
77.40 09.57
78.17 09.56
78.95 09.55
79.74 09.54
80.54 09.52
81.35 09.51
82.16 09.50
82.98 09.48
83.81 09.47
84.65 09.45
85.50 09.43
86.35 09.41
87.22 09.39
88.09 09.36
88.97 09.34
89.86 09.32
90.76 09.29
91.66 09.26
92.58 09.23
93.51 09.20
94.44 09.17
95.39 09.14
96.34 09.11
97.30 09.08
98.28 09.04
99.26 09.01
100.25 08.97
101.25 08.94
102.27 08.90
103.29 08.86
104.32 08.83
105.37 08.79
106.42 08.75
107.48 08.71
108.56 08.68
109.64 08.64
110.74 08.60
111.85 08.56
112.97 08.52
114.10 08.48
115.24 08.44
116.39 08.40
117.55 08.36
118.73 08.32
119.92 08.28
121.12 08.24
122.33 08.21
123.55 08.17
124.79 08.12
126.03 08.08
127.29 08.04
128.57 08.00
129.85 07.96
131.15 07.92
132.46 07.87
133.79 07.83
135.12 07.78
136.48 07.74
137.84 07.69
139.22 07.65
140.61 07.60
142.02 07.56
143.44 07.51
144.87 07.47
146.32 07.42
147.78 07.38
149.26 07.34
150.75 07.30
152.26 07.26
153.78 07.22
155.32 07.18
156.88 07.13
158.44 07.08
160.03 07.03
161.63 06.99
163.24 06.94
164.88 06.90
166.53 06.85
168.19 06.79
169.87 06.74
171.57 06.69
173.29 06.64
175.02 06.58
176.77 06.54
178.54 06.49
180.32 06.43
182.13 06.39
183.95 06.34
185.79 06.29
187.65 06.24
189.52 06.18
191.42 06.12
193.33 06.05
195.27 05.99
197.22 05.91
199.19 05.85
201.18 05.77
203.19 05.69
205.23 05.61
207.28 05.53
209.35 05.44
211.44 05.37
213.56 05.28
215.69 05.20
217.85 05.12
220.03 05.03
222.23 04.96
224.45 04.88
226.70 04.80
228.96 04.72
231.25 04.66
233.57 04.58
235.90 04.52
238.26 04.45
240.64 04.41
243.05 04.35
245.48 04.31
247.93 04.27
250.41 04.23
252.92 04.19
255.45 04.17
258.00 04.14
260.58 04.11
263.19 04.09
265.82 04.06
268.48 04.04
271.16 04.01
273.87 03.99
276.61 03.98
279.38 03.97
282.17 03.97
284.99 03.97
287.84 03.99
290.72 04.00
293.63 04.03
296.57 04.06
299.53 04.09
302.53 04.12
305.55 04.14
308.61 04.16
311.69 04.17
314.81 04.17
317.96 04.17
321.14 04.16
324.35 04.15
327.59 04.12
330.87 04.09
334.18 04.05
337.52 04.02
340.90 03.98
344.30 03.93
347.75 03.88
351.23 03.84
354.74 03.78
358.28 03.71
361.87 03.64
365.49 03.55
369.14 03.45
372.83 03.33
376.56 03.20
380.33 03.06
384.13 02.91
387.97 02.75
391.85 02.58
395.77 02.42
399.73 02.24
403.72 02.09
407.76 01.94
411.84 01.82
415.96 01.71
420.12 01.64
424.32 01.58
428.56 01.56
432.85 01.57
437.18 01.58
441.55 01.63
445.96 01.70
450.42 01.77
454.93 01.87
459.48 01.96
464.07 02.04
468.71 02.13
473.40 02.21
478.13 02.28
482.91 02.33
487.74 02.38
492.62 02.42
497.55 02.44
502.52 02.46
507.55 02.47
512.62 02.48
517.75 02.47
522.93 02.48
528.16 02.47
533.44 02.48
538.77 02.47
544.16 02.46
549.60 02.45
555.10 02.43
560.65 02.42
566.25 02.39
571.92 02.36
577.64 02.32
583.41 02.28
589.25 02.23
595.14 02.18
601.09 02.13
607.10 02.07
613.17 02.02
619.30 01.95
625.50 01.89
631.75 01.83
638.07 01.76
644.45 01.68
650.89 01.58
657.40 01.48
663.98 01.38
670.62 01.28
677.32 01.17
684.10 01.08
690.94 00.97
697.85 00.88
704.83 00.78
711.87 00.68
718.99 00.60
726.18 00.50
733.44 00.41
740.78 00.32
748.19 00.23
755.67 00.14
763.23 00.04
770.86 -00.05
778.57 -00.15
786.35 -00.25
794.22 -00.36
802.16 -00.46
810.18 -00.58
818.28 -00.69
826.46 -00.80
834.73 -00.90
843.08 -01.01
851.51 -01.12
860.02 -01.22
868.62 -01.31
877.31 -01.38
886.08 -01.46
894.94 -01.52
903.89 -01.58
912.93 -01.60
922.06 -01.63
931.28 -01.63
940.59 -01.64
950.00 -01.64
959.50 -01.62
969.09 -01.62
978.78 -01.60
988.57 -01.59
998.46 -01.59
1008.44 -01.58
1018.53 -01.58
1028.71 -01.60
1039.00 -01.62
1049.39 -01.64
1059.88 -01.68
1070.48 -01.72
1081.19 -01.77
1092.00 -01.83
1102.92 -01.87
1113.95 -01.92
1125.09 -01.95
1136.34 -01.98
1147.70 -01.98
1159.18 -01.96
1170.77 -01.93
1182.48 -01.88
1194.30 -01.81
1206.25 -01.72
1218.31 -01.61
1230.49 -01.49
1242.80 -01.36
1255.22 -01.24
1267.78 -01.10
1280.45 -00.97
1293.26 -00.82
1306.19 -00.68
1319.25 -00.54
1332.45 -00.42
1345.77 -00.29
1359.23 -00.17
1372.82 -00.05
1386.55 00.06
1400.41 00.16
1414.42 00.26
1428.56 00.35
1442.85 00.44
1457.28 00.52
1471.85 00.60
1486.57 00.67
1501.43 00.74
1516.45 00.80
1531.61 00.85
1546.93 00.88
1562.40 00.91
1578.02 00.92
1593.80 00.93
1609.74 00.95
1625.84 00.96
1642.10 00.96
1658.52 00.97
1675.10 00.96
1691.85 00.95
1708.77 00.94
1725.86 00.93
1743.12 00.93
1760.55 00.91
1778.15 00.89
1795.94 00.86
1813.90 00.82
1832.03 00.77
1850.36 00.71
1868.86 00.64
1887.55 00.57
1906.42 00.49
1925.49 00.40
1944.74 00.30
1964.19 00.20
1983.83 00.10
2003.67 -00.01
2023.71 -00.12
2043.94 -00.25
2064.38 -00.38
2085.03 -00.52
2105.88 -00.67
2126.94 -00.85
2148.20 -01.05
2169.69 -01.29
2191.38 -01.56
2213.30 -01.88
2235.43 -02.24
2257.78 -02.66
2280.36 -03.13
2303.17 -03.64
2326.20 -04.17
2349.46 -04.73
2372.95 -05.27
2396.68 -05.76
2420.65 -06.17
2444.86 -06.45
2469.31 -06.58
2494.00 -06.56
2518.94 -06.42
2544.13 -06.19
2569.57 -05.92
2595.27 -05.63
2621.22 -05.36
2647.43 -05.11
2673.90 -04.90
2700.64 -04.70
2727.65 -04.55
2754.93 -04.42
2782.48 -04.32
2810.30 -04.24
2838.40 -04.19
2866.79 -04.17
2895.46 -04.16
2924.41 -04.18
2953.65 -04.21
2983.19 -04.28
3013.02 -04.36
3043.15 -04.47
3073.58 -04.60
3104.32 -04.73
3135.36 -04.87
3166.72 -04.97
3198.38 -05.07
3230.37 -05.14
3262.67 -05.20
3295.30 -05.20
3328.25 -05.15
3361.53 -05.00
3395.15 -04.76
3429.10 -04.40
3463.39 -03.98
3498.03 -03.50
3533.01 -02.97
3568.34 -02.41
3604.02 -01.84
3640.06 -01.28
3676.46 -00.75
3713.22 -00.25
3750.36 00.19
3787.86 00.59
3825.74 00.93
3864.00 01.21
3902.64 01.44
3941.66 01.61
3981.08 01.74
4020.89 01.83
4061.10 01.88
4101.71 01.90
4142.73 01.90
4184.15 01.87
4226.00 01.84
4268.26 01.80
4310.94 01.77
4354.05 01.75
4397.59 01.75
4441.56 01.76
4485.98 01.78
4530.84 01.80
4576.15 01.83
4621.91 01.86
4668.13 01.88
4714.81 01.89
4761.96 01.88
4809.58 01.86
4857.67 01.82
4906.25 01.77
4955.31 01.69
5004.87 01.59
5054.91 01.47
5105.46 01.32
5156.52 01.07
5208.08 00.76
5260.16 00.43
5312.77 00.09
5365.89 -00.27
5419.55 -00.67
5473.75 -01.10
5528.49 -01.58
5583.77 -02.09
5639.61 -02.65
5696.00 -03.25
5752.96 -03.88
5810.49 -04.51
5868.60 -05.10
5927.28 -05.62
5986.56 -06.03
6046.42 -06.10
6106.89 -05.94
6167.96 -05.65
6229.64 -05.23
6291.93 -04.74
6354.85 -04.23
6418.40 -03.73
6482.58 -03.27
6547.41 -02.88
6612.88 -02.56
6679.01 -02.32
6745.80 -02.16
6813.26 -02.06
6881.39 -02.06
6950.21 -02.13
7019.71 -02.26
7089.91 -02.42
7160.81 -02.53
7232.41 -02.50
7304.74 -02.38
7377.79 -02.00
7451.56 -01.38
7526.08 -00.58
7601.34 00.29
7677.35 01.17
7754.13 02.01
7831.67 02.79
7909.98 03.49
7989.08 04.09
8068.98 04.59
8149.67 04.99
8231.16 05.30
8313.47 05.50
8396.61 05.62
8480.57 05.65
8565.38 05.60
8651.03 05.49
8737.54 05.31
8824.92 05.07
8913.17 04.78
9002.30 04.44
9092.32 04.06
9183.25 03.66
9275.08 03.23
9367.83 02.78
9461.51 02.33
9556.12 01.87
9651.68 01.40
9748.20 00.95
9845.68 00.51
9944.14 00.09
10043.58 -00.28
10144.02 -00.58
10245.46 -00.81
10347.91 -00.85
10451.39 -00.78
10555.91 -00.61
10661.46 -00.33
10768.08 00.04
10875.76 00.50
10984.52 01.06
11094.36 01.69
11205.31 02.36
11317.36 03.06
11430.53 03.71
11544.84 04.29
11660.29 04.76
11776.89 05.11
11894.66 05.37
12013.60 05.51
12133.74 05.57
12255.08 05.52
12377.63 05.37
12501.41 05.09
12626.42 04.65
12752.68 04.05
12880.21 03.28
13009.01 02.39
13139.10 01.40
13270.49 00.35
13403.20 -00.74
13537.23 -01.84
13672.60 -02.92
13809.33 -03.92
13947.42 -04.72
14086.90 -05.13
14227.77 -05.01
14370.04 -04.41
14513.74 -03.57
14658.88 -02.79
14805.47 -02.05
14953.52 -01.38
15103.06 -00.77
15254.09 -00.22
15406.63 00.26
15560.70 00.69
15716.30 01.05
15873.47 01.33
16032.20 01.52
16192.52 01.62
16354.45 01.61
16517.99 01.51
16683.17 01.31
16850.01 01.03
17018.51 00.68
17188.69 00.27
17360.58 -00.20
17534.18 -00.74
17709.53 -01.37
17886.62 -02.08
18065.49 -02.86
18246.14 -03.60
18428.60 -04.20
18612.89 -04.47
18799.02 -04.36
18987.01 -03.91
19176.88 -03.26
19368.65 -02.62
19562.33 -02.08
19757.96 -01.72
19955.54 -01.52
20000.00 -01.49
