20.00 -05.57
20.20 -05.48
20.40 -05.39
20.61 -05.30
20.81 -05.22
21.02 -05.14
21.23 -05.06
21.44 -04.99
21.66 -04.92
21.87 -04.85
22.09 -04.79
22.31 -04.73
22.54 -04.67
22.76 -04.62
22.99 -04.57
23.22 -04.52
23.45 -04.48
23.69 -04.44
23.92 -04.40
24.16 -04.36
24.40 -04.32
24.65 -04.28
24.89 -04.25
25.14 -04.21
25.39 -04.17
25.65 -04.14
25.91 -04.10
26.16 -04.06
26.43 -04.02
26.69 -03.99
26.96 -03.95
27.23 -03.91
27.50 -03.87
27.77 -03.83
28.05 -03.79
28.33 -03.75
28.62 -03.71
28.90 -03.67
29.19 -03.63
29.48 -03.59
29.78 -03.54
30.08 -03.50
30.38 -03.46
30.68 -03.42
30.99 -03.37
31.30 -03.33
31.61 -03.28
31.93 -03.24
32.24 -03.19
32.57 -03.14
32.89 -03.10
33.22 -03.05
33.55 -03.00
33.89 -02.95
34.23 -02.90
34.57 -02.85
34.92 -02.80
35.27 -02.74
35.62 -02.69
35.97 -02.64
36.33 -02.59
36.70 -02.53
37.06 -02.48
37.43 -02.42
37.81 -02.36
38.19 -02.30
38.57 -02.25
38.95 -02.19
39.34 -02.13
39.74 -02.07
40.14 -02.00
40.54 -01.94
40.94 -01.88
41.35 -01.82
41.76 -01.75
42.18 -01.69
42.60 -01.63
43.03 -01.56
43.46 -01.49
43.90 -01.43
44.33 -01.36
44.78 -01.30
45.23 -01.23
45.68 -01.17
46.13 -01.12
46.60 -01.06
47.06 -01.01
47.53 -00.96
48.01 -00.92
48.49 -00.87
48.97 -00.83
49.46 -00.79
49.96 -00.76
50.46 -00.72
50.96 -00.69
51.47 -00.65
51.99 -00.61
52.51 -00.58
53.03 -00.54
53.56 -00.50
54.10 -00.46
54.64 -00.42
55.18 -00.38
55.74 -00.34
56.29 -00.30
56.86 -00.26
57.42 -00.22
58.00 -00.18
58.58 -00.13
59.16 -00.09
59.76 -00.04
60.35 00.00
60.96 00.05
61.57 00.10
62.18 00.15
62.80 00.20
63.43 00.25
64.07 00.30
64.71 00.35
65.35 00.40
66.01 00.46
66.67 00.51
67.33 00.55
68.01 00.60
68.69 00.64
69.37 00.68
70.07 00.71
70.77 00.74
71.48 00.76
72.19 00.78
72.91 00.80
73.64 00.81
74.38 00.82
75.12 00.82
75.87 00.82
76.63 00.82
77.40 00.83
78.17 00.82
78.95 00.82
79.74 00.82
80.54 00.82
81.35 00.81
82.16 00.81
82.98 00.80
83.81 00.80
84.65 00.79
85.50 00.78
86.35 00.77
87.22 00.76
88.09 00.76
88.97 00.75
89.86 00.74
90.76 00.73
91.66 00.71
92.58 00.70
93.51 00.69
94.44 00.68
95.39 00.66
96.34 00.65
97.30 00.64
98.28 00.62
99.26 00.61
100.25 00.59
101.25 00.58
102.27 00.56
103.29 00.55
104.32 00.54
105.37 00.53
106.42 00.53
107.48 00.52
108.56 00.52
109.64 00.51
110.74 00.51
111.85 00.51
112.97 00.51
114.10 00.51
115.24 00.51
116.39 00.50
117.55 00.50
118.73 00.50
119.92 00.49
121.12 00.49
122.33 00.48
123.55 00.47
124.79 00.47
126.03 00.47
127.29 00.46
128.57 00.46
129.85 00.46
131.15 00.47
132.46 00.47
133.79 00.47
135.12 00.48
136.48 00.48
137.84 00.49
139.22 00.49
140.61 00.49
142.02 00.49
143.44 00.49
144.87 00.49
146.32 00.48
147.78 00.48
149.26 00.47
150.75 00.47
152.26 00.47
153.78 00.46
155.32 00.46
156.88 00.46
158.44 00.45
160.03 00.45
161.63 00.46
163.24 00.47
164.88 00.48
166.53 00.49
168.19 00.49
169.87 00.50
171.57 00.51
173.29 00.52
175.02 00.52
176.77 00.54
178.54 00.55
180.32 00.55
182.13 00.57
183.95 00.58
185.79 00.58
187.65 00.60
189.52 00.61
191.42 00.62
193.33 00.63
195.27 00.64
197.22 00.64
199.19 00.65
201.18 00.66
203.19 00.67
205.23 00.67
207.28 00.68
209.35 00.68
211.44 00.69
213.56 00.69
215.69 00.70
217.85 00.71
220.03 00.71
222.23 00.72
224.45 00.73
226.70 00.73
228.96 00.73
231.25 00.75
233.57 00.75
235.90 00.76
238.26 00.76
240.64 00.78
243.05 00.79
245.48 00.80
247.93 00.82
250.41 00.83
252.92 00.84
255.45 00.86
258.00 00.87
260.58 00.88
263.19 00.90
265.82 00.91
268.48 00.92
271.16 00.93
273.87 00.93
276.61 00.95
279.38 00.96
282.17 00.97
284.99 00.98
287.84 00.99
290.72 01.00
293.63 01.02
296.57 01.04
299.53 01.05
302.53 01.08
305.55 01.09
308.61 01.12
311.69 01.14
314.81 01.15
317.96 01.17
321.14 01.17
324.35 01.18
327.59 01.18
330.87 01.17
334.18 01.16
337.52 01.16
340.90 01.15
344.30 01.13
347.75 01.11
351.23 01.10
354.74 01.08
358.28 01.06
361.87 01.05
365.49 01.03
369.14 01.02
372.83 01.00
376.56 00.98
380.33 00.97
384.13 00.95
387.97 00.94
391.85 00.93
395.77 00.93
399.73 00.92
403.72 00.92
407.76 00.91
411.84 00.91
415.96 00.90
420.12 00.90
424.32 00.90
428.56 00.90
432.85 00.90
437.18 00.88
441.55 00.87
445.96 00.86
450.42 00.84
454.93 00.81
459.48 00.77
464.07 00.73
468.71 00.67
473.40 00.62
478.13 00.56
482.91 00.49
487.74 00.42
492.62 00.37
497.55 00.32
502.52 00.28
507.55 00.27
512.62 00.25
517.75 00.25
522.93 00.27
528.16 00.29
533.44 00.33
538.77 00.38
544.16 00.43
549.60 00.49
555.10 00.54
560.65 00.60
566.25 00.66
571.92 00.72
577.64 00.77
583.41 00.83
589.25 00.88
595.14 00.93
601.09 00.98
607.10 01.02
613.17 01.06
619.30 01.10
625.50 01.15
631.75 01.19
638.07 01.24
644.45 01.28
650.89 01.30
657.40 01.33
663.98 01.38
670.62 01.43
677.32 01.48
684.10 01.55
690.94 01.60
697.85 01.66
704.83 01.71
711.87 01.75
718.99 01.78
726.18 01.80
733.44 01.81
740.78 01.79
748.19 01.77
755.67 01.71
763.23 01.64
770.86 01.57
778.57 01.49
786.35 01.41
794.22 01.34
802.16 01.29
810.18 01.26
818.28 01.24
826.46 01.26
834.73 01.33
843.08 01.43
851.51 01.57
860.02 01.73
868.62 01.89
877.31 02.06
886.08 02.20
894.94 02.31
903.89 02.39
912.93 02.47
922.06 02.52
931.28 02.54
940.59 02.50
950.00 02.44
959.50 02.34
969.09 02.21
978.78 02.07
988.57 01.92
998.46 01.75
1008.44 01.58
1018.53 01.39
1028.71 01.20
1039.00 01.01
1049.39 00.84
1059.88 00.67
1070.48 00.51
1081.19 00.34
1092.00 00.14
1102.92 -00.06
1113.95 -00.27
1125.09 -00.48
1136.34 -00.71
1147.70 -00.93
1159.18 -01.16
1170.77 -01.43
1182.48 -01.73
1194.30 -02.03
1206.25 -02.33
1218.31 -02.61
1230.49 -02.87
1242.80 -03.11
1255.22 -03.34
1267.78 -03.55
1280.45 -03.73
1293.26 -03.88
1306.19 -04.01
1319.25 -04.14
1332.45 -04.28
1345.77 -04.41
1359.23 -04.54
1372.82 -04.68
1386.55 -04.84
1400.41 -05.00
1414.42 -05.18
1428.56 -05.37
1442.85 -05.57
1457.28 -05.78
1471.85 -05.99
1486.57 -06.19
1501.43 -06.39
1516.45 -06.59
1531.61 -06.78
1546.93 -06.97
1562.40 -07.14
1578.02 -07.29
1593.80 -07.43
1609.74 -07.55
1625.84 -07.67
1642.10 -07.77
1658.52 -07.86
1675.10 -07.95
1691.85 -08.03
1708.77 -08.08
1725.86 -08.13
1743.12 -08.15
1760.55 -08.16
1778.15 -08.17
1795.94 -08.17
1813.90 -08.16
1832.03 -08.14
1850.36 -08.11
1868.86 -08.07
1887.55 -08.03
1906.42 -08.00
1925.49 -07.97
1944.74 -07.98
1964.19 -07.97
1983.83 -07.97
2003.67 -07.96
2023.71 -07.94
2043.94 -07.89
2064.38 -07.83
2085.03 -07.76
2105.88 -07.65
2126.94 -07.52
2148.20 -07.36
2169.69 -07.17
2191.38 -06.96
2213.30 -06.74
2235.43 -06.52
2257.78 -06.30
2280.36 -06.08
2303.17 -05.86
2326.20 -05.63
2349.46 -05.40
2372.95 -05.18
2396.68 -04.95
2420.65 -04.76
2444.86 -04.59
2469.31 -04.44
2494.00 -04.33
2518.94 -04.22
2544.13 -04.12
2569.57 -04.02
2595.27 -03.92
2621.22 -03.83
2647.43 -03.74
2673.90 -03.65
2700.64 -03.54
2727.65 -03.43
2754.93 -03.30
2782.48 -03.14
2810.30 -02.95
2838.40 -02.75
2866.79 -02.56
2895.46 -02.38
2924.41 -02.23
2953.65 -02.09
2983.19 -01.97
3013.02 -01.85
3043.15 -01.72
3073.58 -01.60
3104.32 -01.48
3135.36 -01.38
3166.72 -01.30
3198.38 -01.25
3230.37 -01.22
3262.67 -01.20
3295.30 -01.19
3328.25 -01.20
3361.53 -01.21
3395.15 -01.26
3429.10 -01.32
3463.39 -01.38
3498.03 -01.44
3533.01 -01.44
3568.34 -01.36
3604.02 -01.19
3640.06 -00.98
3676.46 -00.74
3713.22 -00.53
3750.36 -00.35
3787.86 -00.21
3825.74 -00.11
3864.00 -00.03
3902.64 00.01
3941.66 00.02
3981.08 -00.03
4020.89 -00.16
4061.10 -00.35
4101.71 -00.62
4142.73 -00.90
4184.15 -01.19
4226.00 -01.48
4268.26 -01.75
4310.94 -01.98
4354.05 -02.21
4397.59 -02.46
4441.56 -02.73
4485.98 -03.03
4530.84 -03.34
4576.15 -03.63
4621.91 -03.89
4668.13 -04.12
4714.81 -04.35
4761.96 -04.60
4809.58 -04.86
4857.67 -05.13
4906.25 -05.39
4955.31 -05.60
5004.87 -05.75
5054.91 -05.91
5105.46 -06.11
5156.52 -06.44
5208.08 -06.84
5260.16 -07.20
5312.77 -07.54
5365.89 -07.86
5419.55 -08.16
5473.75 -08.43
5528.49 -08.69
5583.77 -08.84
5639.61 -08.90
5696.00 -08.86
5752.96 -08.67
5810.49 -08.36
5868.60 -07.99
5927.28 -07.60
5986.56 -07.22
6046.42 -06.65
6106.89 -06.03
6167.96 -05.45
6229.64 -04.88
6291.93 -04.33
6354.85 -03.79
6418.40 -03.28
6482.58 -02.78
6547.41 -02.32
6612.88 -01.87
6679.01 -01.45
6745.80 -01.04
6813.26 -00.63
6881.39 -00.24
6950.21 00.16
7019.71 00.56
7089.91 00.96
7160.81 01.37
7232.41 01.80
7304.74 02.08
7377.79 02.36
7451.56 02.65
7526.08 02.95
7601.34 03.27
7677.35 03.59
7754.13 03.91
7831.67 04.23
7909.98 04.55
7989.08 04.87
8068.98 05.18
8149.67 05.48
8231.16 05.78
8313.47 06.05
8396.61 06.28
8480.57 06.46
8565.38 06.58
8651.03 06.64
8737.54 06.63
8824.92 06.55
8913.17 06.41
9002.30 06.19
9092.32 05.91
9183.25 05.55
9275.08 05.13
9367.83 04.64
9461.51 04.08
9556.12 03.49
9651.68 02.86
9748.20 02.21
9845.68 01.58
9944.14 00.95
10043.58 00.33
10144.02 -00.30
10245.46 -00.92
10347.91 -01.48
10451.39 -02.08
10555.91 -02.71
10661.46 -03.37
10768.08 -04.00
10875.76 -04.60
10984.52 -05.12
11094.36 -05.58
11205.31 -05.98
11317.36 -06.29
11430.53 -06.55
11544.84 -06.73
11660.29 -06.83
11776.89 -06.84
11894.66 -06.79
12013.60 -06.80
12133.74 -06.91
12255.08 -07.15
12377.63 -07.43
12501.41 -07.80
12626.42 -08.28
12752.68 -08.86
12880.21 -09.53
13009.01 -10.26
13139.10 -11.07
13270.49 -11.82
13403.20 -12.27
13537.23 -12.27
13672.60 -11.76
13809.33 -10.90
13947.42 -09.89
14086.90 -08.87
14227.77 -07.93
14370.04 -07.12
14513.74 -06.46
14658.88 -06.05
14805.47 -05.75
14953.52 -05.56
15103.06 -05.46
15254.09 -05.44
15406.63 -05.49
15560.70 -05.57
15716.30 -05.67
15873.47 -05.76
16032.20 -05.83
16192.52 -05.87
16354.45 -05.89
16517.99 -05.92
16683.17 -05.98
16850.01 -06.10
17018.51 -06.30
17188.69 -06.58
17360.58 -06.92
17534.18 -07.30
17709.53 -07.72
17886.62 -08.16
18065.49 -08.62
18246.14 -09.07
18428.60 -09.43
18612.89 -09.55
18799.02 -09.33
18987.01 -08.73
19176.88 -07.82
19368.65 -06.80
19562.33 -05.82
19757.96 -04.98
19955.54 -04.35
20000.00 -04.25
