20.00 -07.29
20.20 -07.19
20.40 -07.10
20.61 -07.00
20.81 -06.91
21.02 -06.81
21.23 -06.72
21.44 -06.63
21.66 -06.54
21.87 -06.46
22.09 -06.38
22.31 -06.29
22.54 -06.21
22.76 -06.12
22.99 -06.04
23.22 -05.96
23.45 -05.88
23.69 -05.79
23.92 -05.71
24.16 -05.63
24.40 -05.55
24.65 -05.47
24.89 -05.39
25.14 -05.32
25.39 -05.24
25.65 -05.16
25.91 -05.08
26.16 -05.01
26.43 -04.93
26.69 -04.85
26.96 -04.78
27.23 -04.70
27.50 -04.63
27.77 -04.56
28.05 -04.49
28.33 -04.42
28.62 -04.35
28.90 -04.28
29.19 -04.22
29.48 -04.15
29.78 -04.09
30.08 -04.02
30.38 -03.96
30.68 -03.90
30.99 -03.84
31.30 -03.78
31.61 -03.73
31.93 -03.67
32.24 -03.62
32.57 -03.56
32.89 -03.51
33.22 -03.46
33.55 -03.41
33.89 -03.35
34.23 -03.30
34.57 -03.25
34.92 -03.20
35.27 -03.15
35.62 -03.10
35.97 -03.06
36.33 -03.01
36.70 -02.96
37.06 -02.91
37.43 -02.86
37.81 -02.82
38.19 -02.77
38.57 -02.72
38.95 -02.68
39.34 -02.63
39.74 -02.59
40.14 -02.54
40.54 -02.50
40.94 -02.46
41.35 -02.41
41.76 -02.37
42.18 -02.33
42.60 -02.29
43.03 -02.25
43.46 -02.20
43.90 -02.16
44.33 -02.12
44.78 -02.08
45.23 -02.04
45.68 -01.99
46.13 -01.95
46.60 -01.91
47.06 -01.87
47.53 -01.83
48.01 -01.79
48.49 -01.75
48.97 -01.71
49.46 -01.68
49.96 -01.64
50.46 -01.60
50.96 -01.57
51.47 -01.53
51.99 -01.50
52.51 -01.46
53.03 -01.43
53.56 -01.40
54.10 -01.37
54.64 -01.34
55.18 -01.31
55.74 -01.29
56.29 -01.26
56.86 -01.24
57.42 -01.22
58.00 -01.20
58.58 -01.18
59.16 -01.16
59.76 -01.13
60.35 -01.11
60.96 -01.09
61.57 -01.06
62.18 -01.04
62.80 -01.01
63.43 -00.98
64.07 -00.94
64.71 -00.90
65.35 -00.86
66.01 -00.81
66.67 -00.77
67.33 -00.72
68.01 -00.66
68.69 -00.61
69.37 -00.55
70.07 -00.49
70.77 -00.44
71.48 -00.38
72.19 -00.32
72.91 -00.27
73.64 -00.21
74.38 -00.16
75.12 -00.10
75.87 -00.05
76.63 00.00
77.40 00.05
78.17 00.10
78.95 00.15
79.74 00.20
80.54 00.24
81.35 00.29
82.16 00.33
82.98 00.37
83.81 00.41
84.65 00.44
85.50 00.47
86.35 00.50
87.22 00.52
88.09 00.54
88.97 00.56
89.86 00.57
90.76 00.59
91.66 00.59
92.58 00.60
93.51 00.61
94.44 00.61
95.39 00.61
96.34 00.61
97.30 00.61
98.28 00.60
99.26 00.60
100.25 00.59
101.25 00.58
102.27 00.57
103.29 00.57
104.32 00.56
105.37 00.55
106.42 00.55
107.48 00.55
108.56 00.55
109.64 00.56
110.74 00.56
111.85 00.57
112.97 00.58
114.10 00.58
115.24 00.59
116.39 00.60
117.55 00.60
118.73 00.60
119.92 00.60
121.12 00.60
122.33 00.60
123.55 00.59
124.79 00.59
126.03 00.58
127.29 00.57
128.57 00.57
129.85 00.56
131.15 00.55
132.46 00.55
133.79 00.54
135.12 00.54
136.48 00.53
137.84 00.53
139.22 00.52
140.61 00.52
142.02 00.52
143.44 00.51
144.87 00.51
146.32 00.51
147.78 00.50
149.26 00.50
150.75 00.49
152.26 00.48
153.78 00.47
155.32 00.47
156.88 00.46
158.44 00.44
160.03 00.43
161.63 00.43
163.24 00.43
164.88 00.43
166.53 00.43
168.19 00.42
169.87 00.41
171.57 00.41
173.29 00.40
175.02 00.39
176.77 00.39
178.54 00.38
180.32 00.37
182.13 00.37
183.95 00.36
185.79 00.35
187.65 00.34
189.52 00.32
191.42 00.32
193.33 00.29
195.27 00.28
197.22 00.26
199.19 00.25
201.18 00.23
203.19 00.22
205.23 00.20
207.28 00.19
209.35 00.16
211.44 00.15
213.56 00.13
215.69 00.12
217.85 00.10
220.03 00.07
222.23 00.05
224.45 00.02
226.70 -00.02
228.96 -00.06
231.25 -00.08
233.57 -00.10
235.90 -00.11
238.26 -00.12
240.64 -00.12
243.05 -00.13
245.48 -00.13
247.93 -00.12
250.41 -00.11
252.92 -00.10
255.45 -00.09
258.00 -00.09
260.58 -00.09
263.19 -00.09
265.82 -00.10
268.48 -00.10
271.16 -00.11
273.87 -00.11
276.61 -00.11
279.38 -00.11
282.17 -00.11
284.99 -00.11
287.84 -00.11
290.72 -00.11
293.63 -00.10
296.57 -00.09
299.53 -00.09
302.53 -00.08
305.55 -00.08
308.61 -00.08
311.69 -00.07
314.81 -00.08
317.96 -00.07
321.14 -00.08
324.35 -00.08
327.59 -00.10
330.87 -00.12
334.18 -00.14
337.52 -00.15
340.90 -00.17
344.30 -00.20
347.75 -00.23
351.23 -00.24
354.74 -00.27
358.28 -00.30
361.87 -00.32
365.49 -00.35
369.14 -00.37
372.83 -00.39
376.56 -00.42
380.33 -00.43
384.13 -00.45
387.97 -00.46
391.85 -00.48
395.77 -00.50
399.73 -00.52
403.72 -00.54
407.76 -00.57
411.84 -00.60
415.96 -00.63
420.12 -00.66
424.32 -00.70
428.56 -00.74
432.85 -00.77
437.18 -00.81
441.55 -00.83
445.96 -00.85
450.42 -00.87
454.93 -00.86
459.48 -00.85
464.07 -00.83
468.71 -00.79
473.40 -00.74
478.13 -00.69
482.91 -00.64
487.74 -00.59
492.62 -00.53
497.55 -00.49
502.52 -00.45
507.55 -00.42
512.62 -00.40
517.75 -00.40
522.93 -00.39
528.16 -00.40
533.44 -00.40
538.77 -00.42
544.16 -00.44
549.60 -00.45
555.10 -00.47
560.65 -00.48
566.25 -00.49
571.92 -00.48
577.64 -00.49
583.41 -00.48
589.25 -00.47
595.14 -00.46
601.09 -00.43
607.10 -00.42
613.17 -00.39
619.30 -00.36
625.50 -00.33
631.75 -00.29
638.07 -00.26
644.45 -00.23
650.89 -00.21
657.40 -00.20
663.98 -00.18
670.62 -00.16
677.32 -00.15
684.10 -00.12
690.94 -00.10
697.85 -00.08
704.83 -00.06
711.87 -00.04
718.99 -00.02
726.18 00.00
733.44 00.02
740.78 00.03
748.19 00.06
755.67 00.07
763.23 00.08
770.86 00.10
778.57 00.11
786.35 00.12
794.22 00.13
802.16 00.14
810.18 00.14
818.28 00.14
826.46 00.14
834.73 00.15
843.08 00.16
851.51 00.16
860.02 00.17
868.62 00.18
877.31 00.20
886.08 00.21
894.94 00.22
903.89 00.23
912.93 00.27
922.06 00.29
931.28 00.32
940.59 00.34
950.00 00.37
959.50 00.39
969.09 00.40
978.78 00.41
988.57 00.42
998.46 00.41
1008.44 00.42
1018.53 00.41
1028.71 00.40
1039.00 00.39
1049.39 00.39
1059.88 00.37
1070.48 00.36
1081.19 00.36
1092.00 00.34
1102.92 00.34
1113.95 00.33
1125.09 00.33
1136.34 00.31
1147.70 00.30
1159.18 00.30
1170.77 00.29
1182.48 00.27
1194.30 00.27
1206.25 00.26
1218.31 00.26
1230.49 00.25
1242.80 00.23
1255.22 00.21
1267.78 00.19
1280.45 00.17
1293.26 00.16
1306.19 00.14
1319.25 00.12
1332.45 00.07
1345.77 00.04
1359.23 -00.01
1372.82 -00.05
1386.55 -00.10
1400.41 -00.15
1414.42 -00.21
1428.56 -00.26
1442.85 -00.32
1457.28 -00.37
1471.85 -00.42
1486.57 -00.48
1501.43 -00.53
1516.45 -00.57
1531.61 -00.61
1546.93 -00.65
1562.40 -00.69
1578.02 -00.73
1593.80 -00.77
1609.74 -00.79
1625.84 -00.82
1642.10 -00.85
1658.52 -00.87
1675.10 -00.90
1691.85 -00.93
1708.77 -00.96
1725.86 -01.00
1743.12 -01.03
1760.55 -01.08
1778.15 -01.13
1795.94 -01.19
1813.90 -01.25
1832.03 -01.33
1850.36 -01.41
1868.86 -01.49
1887.55 -01.57
1906.42 -01.66
1925.49 -01.75
1944.74 -01.84
1964.19 -01.93
1983.83 -02.01
2003.67 -02.09
2023.71 -02.16
2043.94 -02.24
2064.38 -02.32
2085.03 -02.39
2105.88 -02.46
2126.94 -02.53
2148.20 -02.60
2169.69 -02.67
2191.38 -02.73
2213.30 -02.79
2235.43 -02.83
2257.78 -02.88
2280.36 -02.91
2303.17 -02.94
2326.20 -02.96
2349.46 -02.97
2372.95 -02.99
2396.68 -02.98
2420.65 -02.99
2444.86 -02.99
2469.31 -02.99
2494.00 -03.00
2518.94 -02.99
2544.13 -03.00
2569.57 -03.01
2595.27 -03.03
2621.22 -03.05
2647.43 -03.07
2673.90 -03.09
2700.64 -03.10
2727.65 -03.12
2754.93 -03.14
2782.48 -03.17
2810.30 -03.19
2838.40 -03.23
2866.79 -03.27
2895.46 -03.31
2924.41 -03.36
2953.65 -03.40
2983.19 -03.46
3013.02 -03.53
3043.15 -03.60
3073.58 -03.68
3104.32 -03.75
3135.36 -03.84
3166.72 -03.93
3198.38 -04.04
3230.37 -04.14
3262.67 -04.27
3295.30 -04.41
3328.25 -04.56
3361.53 -04.72
3395.15 -04.90
3429.10 -05.09
3463.39 -05.29
3498.03 -05.52
3533.01 -05.75
3568.34 -05.99
3604.02 -06.25
3640.06 -06.51
3676.46 -06.78
3713.22 -07.04
3750.36 -07.30
3787.86 -07.53
3825.74 -07.73
3864.00 -07.89
3902.64 -08.02
3941.66 -08.10
3981.08 -08.13
4020.89 -08.13
4061.10 -08.08
4101.71 -07.99
4142.73 -07.88
4184.15 -07.75
4226.00 -07.61
4268.26 -07.47
4310.94 -07.34
4354.05 -07.22
4397.59 -07.11
4441.56 -07.01
4485.98 -06.91
4530.84 -06.83
4576.15 -06.75
4621.91 -06.67
4668.13 -06.59
4714.81 -06.51
4761.96 -06.42
4809.58 -06.33
4857.67 -06.23
4906.25 -06.15
4955.31 -06.08
5004.87 -06.02
5054.91 -05.98
5105.46 -05.95
5156.52 -06.02
5208.08 -06.12
5260.16 -06.23
5312.77 -06.31
5365.89 -06.36
5419.55 -06.38
5473.75 -06.35
5528.49 -06.28
5583.77 -06.17
5639.61 -06.04
5696.00 -05.90
5752.96 -05.76
5810.49 -05.61
5868.60 -05.47
5927.28 -05.32
5986.56 -05.18
6046.42 -04.82
6106.89 -04.40
6167.96 -03.99
6229.64 -03.59
6291.93 -03.22
6354.85 -02.86
6418.40 -02.55
6482.58 -02.26
6547.41 -02.02
6612.88 -01.83
6679.01 -01.69
6745.80 -01.61
6813.26 -01.56
6881.39 -01.55
6950.21 -01.51
7019.71 -01.43
7089.91 -01.23
7160.81 -00.92
7232.41 -00.53
7304.74 -00.24
7377.79 00.04
7451.56 00.32
7526.08 00.62
7601.34 00.92
7677.35 01.22
7754.13 01.53
7831.67 01.82
7909.98 02.09
7989.08 02.30
8068.98 02.45
8149.67 02.55
8231.16 02.59
8313.47 02.59
8396.61 02.51
8480.57 02.34
8565.38 02.08
8651.03 01.73
8737.54 01.27
8824.92 00.69
8913.17 00.00
9002.30 -00.80
9092.32 -01.70
9183.25 -02.68
9275.08 -03.73
9367.83 -04.76
9461.51 -05.69
9556.12 -06.43
9651.68 -06.99
9748.20 -07.52
9845.68 -08.11
9944.14 -08.80
10043.58 -09.59
10144.02 -10.47
10245.46 -11.44
10347.91 -12.34
10451.39 -13.21
10555.91 -14.05
10661.46 -14.98
10768.08 -16.04
10875.76 -17.07
10984.52 -17.71
11094.36 -17.83
11205.31 -17.57
11317.36 -17.12
11430.53 -16.59
11544.84 -16.05
11660.29 -15.53
11776.89 -15.08
11894.66 -14.71
12013.60 -14.42
12133.74 -14.14
12255.08 -13.81
12377.63 -13.42
12501.41 -12.97
12626.42 -12.51
12752.68 -12.04
12880.21 -11.58
13009.01 -11.13
13139.10 -10.66
13270.49 -10.15
13403.20 -09.56
13537.23 -08.90
13672.60 -08.20
13809.33 -07.50
13947.42 -06.86
14086.90 -06.26
14227.77 -05.70
14370.04 -05.20
14513.74 -04.79
14658.88 -04.56
14805.47 -04.37
14953.52 -04.19
15103.06 -04.04
15254.09 -03.92
15406.63 -03.88
15560.70 -03.91
15716.30 -04.00
15873.47 -04.12
16032.20 -04.25
16192.52 -04.33
16354.45 -04.39
16517.99 -04.42
16683.17 -04.46
16850.01 -04.53
17018.51 -04.64
17188.69 -04.77
17360.58 -04.90
17534.18 -05.05
17709.53 -05.24
17886.62 -05.49
18065.49 -05.83
18246.14 -06.27
18428.60 -06.80
18612.89 -07.35
18799.02 -07.91
18987.01 -08.42
19176.88 -08.82
19368.65 -09.13
19562.33 -09.34
19757.96 -09.50
19955.54 -09.66
20000.00 -09.70
