20.00 -00.13
20.20 -00.13
20.40 -00.12
20.61 -00.12
20.81 -00.12
21.02 -00.11
21.23 -00.11
21.44 -00.11
21.66 -00.11
21.87 -00.11
22.09 -00.11
22.31 -00.11
22.54 -00.11
22.76 -00.11
22.99 -00.11
23.22 -00.11
23.45 -00.11
23.69 -00.11
23.92 -00.12
24.16 -00.12
24.40 -00.12
24.65 -00.13
24.89 -00.13
25.14 -00.14
25.39 -00.14
25.65 -00.15
25.91 -00.15
26.16 -00.16
26.43 -00.17
26.69 -00.17
26.96 -00.18
27.23 -00.18
27.50 -00.19
27.77 -00.20
28.05 -00.20
28.33 -00.21
28.62 -00.21
28.90 -00.22
29.19 -00.22
29.48 -00.23
29.78 -00.23
30.08 -00.24
30.38 -00.24
30.68 -00.24
30.99 -00.24
31.30 -00.24
31.61 -00.24
31.93 -00.24
32.24 -00.24
32.57 -00.24
32.89 -00.23
33.22 -00.23
33.55 -00.22
33.89 -00.21
34.23 -00.21
34.57 -00.20
34.92 -00.19
35.27 -00.18
35.62 -00.17
35.97 -00.16
36.33 -00.15
36.70 -00.13
37.06 -00.12
37.43 -00.11
37.81 -00.10
38.19 -00.08
38.57 -00.07
38.95 -00.06
39.34 -00.05
39.74 -00.04
40.14 -00.02
40.54 -00.01
40.94 00.00
41.35 00.01
41.76 00.01
42.18 00.02
42.60 00.03
43.03 00.03
43.46 00.04
43.90 00.04
44.33 00.04
44.78 00.05
45.23 00.05
45.68 00.05
46.13 00.05
46.60 00.05
47.06 00.05
47.53 00.05
48.01 00.05
48.49 00.05
48.97 00.05
49.46 00.05
49.96 00.05
50.46 00.05
50.96 00.05
51.47 00.04
51.99 00.04
52.51 00.04
53.03 00.04
53.56 00.03
54.10 00.03
54.64 00.03
55.18 00.02
55.74 00.02
56.29 00.02
56.86 00.01
57.42 00.01
58.00 00.01
58.58 00.00
59.16 00.00
59.76 -00.01
60.35 -00.01
60.96 -00.02
61.57 -00.02
62.18 -00.03
62.80 -00.03
63.43 -00.04
64.07 -00.05
64.71 -00.05
65.35 -00.06
66.01 -00.07
66.67 -00.07
67.33 -00.08
68.01 -00.09
68.69 -00.10
69.37 -00.11
70.07 -00.12
70.77 -00.13
71.48 -00.13
72.19 -00.14
72.91 -00.15
73.64 -00.16
74.38 -00.16
75.12 -00.17
75.87 -00.17
76.63 -00.18
77.40 -00.18
78.17 -00.18
78.95 -00.19
79.74 -00.19
80.54 -00.19
81.35 -00.19
82.16 -00.19
82.98 -00.19
83.81 -00.18
84.65 -00.18
85.50 -00.18
86.35 -00.18
87.22 -00.17
88.09 -00.17
88.97 -00.16
89.86 -00.16
90.76 -00.15
91.66 -00.15
92.58 -00.14
93.51 -00.14
94.44 -00.13
95.39 -00.13
96.34 -00.12
97.30 -00.12
98.28 -00.12
99.26 -00.11
100.25 -00.11
101.25 -00.11
102.27 -00.11
103.29 -00.10
104.32 -00.10
105.37 -00.10
106.42 -00.10
107.48 -00.10
108.56 -00.10
109.64 -00.10
110.74 -00.10
111.85 -00.10
112.97 -00.10
114.10 -00.10
115.24 -00.10
116.39 -00.10
117.55 -00.10
118.73 -00.10
119.92 -00.10
121.12 -00.10
122.33 -00.10
123.55 -00.10
124.79 -00.10
126.03 -00.10
127.29 -00.09
128.57 -00.09
129.85 -00.09
131.15 -00.09
132.46 -00.09
133.79 -00.09
135.12 -00.09
136.48 -00.09
137.84 -00.09
139.22 -00.09
140.61 -00.09
142.02 -00.09
143.44 -00.09
144.87 -00.09
146.32 -00.10
147.78 -00.10
149.26 -00.10
150.75 -00.10
152.26 -00.11
153.78 -00.11
155.32 -00.12
156.88 -00.13
158.44 -00.14
160.03 -00.15
161.63 -00.15
163.24 -00.16
164.88 -00.16
166.53 -00.17
168.19 -00.19
169.87 -00.22
171.57 -00.24
173.29 -00.27
175.02 -00.31
176.77 -00.34
178.54 -00.37
180.32 -00.40
182.13 -00.42
183.95 -00.44
185.79 -00.46
187.65 -00.46
189.52 -00.48
191.42 -00.48
193.33 -00.50
195.27 -00.51
197.22 -00.52
199.19 -00.54
201.18 -00.56
203.19 -00.58
205.23 -00.60
207.28 -00.62
209.35 -00.64
211.44 -00.64
213.56 -00.64
215.69 -00.63
217.85 -00.61
220.03 -00.60
222.23 -00.58
224.45 -00.55
226.70 -00.54
228.96 -00.53
231.25 -00.50
233.57 -00.49
235.90 -00.48
238.26 -00.46
240.64 -00.43
243.05 -00.42
245.48 -00.40
247.93 -00.36
250.41 -00.34
252.92 -00.32
255.45 -00.28
258.00 -00.25
260.58 -00.23
263.19 -00.19
265.82 -00.16
268.48 -00.12
271.16 -00.10
273.87 -00.07
276.61 -00.04
279.38 -00.01
282.17 00.02
284.99 00.04
287.84 00.06
290.72 00.07
293.63 00.09
296.57 00.11
299.53 00.11
302.53 00.11
305.55 00.11
308.61 00.11
311.69 00.11
314.81 00.10
317.96 00.11
321.14 00.10
324.35 00.11
327.59 00.12
330.87 00.12
334.18 00.13
337.52 00.15
340.90 00.17
344.30 00.19
347.75 00.21
351.23 00.24
354.74 00.26
358.28 00.28
361.87 00.31
365.49 00.33
369.14 00.36
372.83 00.38
376.56 00.41
380.33 00.44
384.13 00.46
387.97 00.49
391.85 00.51
395.77 00.54
399.73 00.56
403.72 00.59
407.76 00.60
411.84 00.63
415.96 00.64
420.12 00.66
424.32 00.66
428.56 00.68
432.85 00.70
437.18 00.70
441.55 00.72
445.96 00.73
450.42 00.74
454.93 00.75
459.48 00.75
464.07 00.76
468.71 00.77
473.40 00.80
478.13 00.82
482.91 00.85
487.74 00.88
492.62 00.92
497.55 00.95
502.52 00.99
507.55 01.05
512.62 01.10
517.75 01.14
522.93 01.20
528.16 01.25
533.44 01.30
538.77 01.35
544.16 01.39
549.60 01.43
555.10 01.46
560.65 01.49
566.25 01.49
571.92 01.49
577.64 01.47
583.41 01.45
589.25 01.41
595.14 01.37
601.09 01.33
607.10 01.28
613.17 01.25
619.30 01.21
625.50 01.19
631.75 01.18
638.07 01.17
644.45 01.17
650.89 01.16
657.40 01.16
663.98 01.18
670.62 01.18
677.32 01.19
684.10 01.20
690.94 01.21
697.85 01.22
704.83 01.23
711.87 01.25
718.99 01.28
726.18 01.31
733.44 01.36
740.78 01.41
748.19 01.47
755.67 01.54
763.23 01.60
770.86 01.69
778.57 01.76
786.35 01.84
794.22 01.91
802.16 01.98
810.18 02.04
818.28 02.08
826.46 02.12
834.73 02.15
843.08 02.15
851.51 02.14
860.02 02.10
868.62 02.04
877.31 01.97
886.08 01.88
894.94 01.76
903.89 01.61
912.93 01.47
922.06 01.31
931.28 01.14
940.59 00.96
950.00 00.79
959.50 00.62
969.09 00.45
978.78 00.28
988.57 00.12
998.46 -00.05
1008.44 -00.21
1018.53 -00.38
1028.71 -00.57
1039.00 -00.75
1049.39 -00.94
1059.88 -01.13
1070.48 -01.30
1081.19 -01.47
1092.00 -01.65
1102.92 -01.80
1113.95 -01.95
1125.09 -02.07
1136.34 -02.17
1147.70 -02.25
1159.18 -02.31
1170.77 -02.36
1182.48 -02.41
1194.30 -02.46
1206.25 -02.51
1218.31 -02.57
1230.49 -02.63
1242.80 -02.69
1255.22 -02.77
1267.78 -02.85
1280.45 -02.93
1293.26 -03.00
1306.19 -03.07
1319.25 -03.13
1332.45 -03.20
1345.77 -03.25
1359.23 -03.29
1372.82 -03.31
1386.55 -03.32
1400.41 -03.32
1414.42 -03.32
1428.56 -03.31
1442.85 -03.31
1457.28 -03.31
1471.85 -03.31
1486.57 -03.32
1501.43 -03.33
1516.45 -03.34
1531.61 -03.34
1546.93 -03.35
1562.40 -03.35
1578.02 -03.35
1593.80 -03.33
1609.74 -03.29
1625.84 -03.26
1642.10 -03.24
1658.52 -03.22
1675.10 -03.22
1691.85 -03.22
1708.77 -03.22
1725.86 -03.22
1743.12 -03.21
1760.55 -03.21
1778.15 -03.22
1795.94 -03.23
1813.90 -03.25
1832.03 -03.27
1850.36 -03.28
1868.86 -03.27
1887.55 -03.26
1906.42 -03.25
1925.49 -03.25
1944.74 -03.28
1964.19 -03.29
1983.83 -03.31
2003.67 -03.33
2023.71 -03.35
2043.94 -03.37
2064.38 -03.39
2085.03 -03.43
2105.88 -03.46
2126.94 -03.50
2148.20 -03.53
2169.69 -03.56
2191.38 -03.59
2213.30 -03.62
2235.43 -03.65
2257.78 -03.71
2280.36 -03.76
2303.17 -03.82
2326.20 -03.87
2349.46 -03.94
2372.95 -04.02
2396.68 -04.10
2420.65 -04.20
2444.86 -04.31
2469.31 -04.40
2494.00 -04.50
2518.94 -04.59
2544.13 -04.68
2569.57 -04.76
2595.27 -04.83
2621.22 -04.90
2647.43 -04.95
2673.90 -04.98
2700.64 -05.00
2727.65 -05.02
2754.93 -05.05
2782.48 -05.06
2810.30 -05.06
2838.40 -05.06
2866.79 -05.08
2895.46 -05.09
2924.41 -05.12
2953.65 -05.14
2983.19 -05.18
3013.02 -05.24
3043.15 -05.30
3073.58 -05.38
3104.32 -05.45
3135.36 -05.54
3166.72 -05.64
3198.38 -05.76
3230.37 -05.88
3262.67 -06.01
3295.30 -06.14
3328.25 -06.29
3361.53 -06.43
3395.15 -06.57
3429.10 -06.71
3463.39 -06.84
3498.03 -06.98
3533.01 -07.10
3568.34 -07.22
3604.02 -07.33
3640.06 -07.44
3676.46 -07.55
3713.22 -07.65
3750.36 -07.73
3787.86 -07.82
3825.74 -07.90
3864.00 -07.97
3902.64 -08.04
3941.66 -08.10
3981.08 -08.18
4020.89 -08.25
4061.10 -08.34
4101.71 -08.43
4142.73 -08.54
4184.15 -08.66
4226.00 -08.80
4268.26 -08.95
4310.94 -09.12
4354.05 -09.30
4397.59 -09.50
4441.56 -09.70
4485.98 -09.90
4530.84 -10.09
4576.15 -10.27
4621.91 -10.43
4668.13 -10.57
4714.81 -10.66
4761.96 -10.70
4809.58 -10.68
4857.67 -10.57
4906.25 -10.36
4955.31 -10.06
5004.87 -09.68
5054.91 -09.23
5105.46 -08.74
5156.52 -08.30
5208.08 -07.89
5260.16 -07.48
5312.77 -07.08
5365.89 -06.72
5419.55 -06.38
5473.75 -06.09
5528.49 -05.84
5583.77 -05.63
5639.61 -05.46
5696.00 -05.33
5752.96 -05.23
5810.49 -05.16
5868.60 -05.13
5927.28 -05.12
5986.56 -05.13
6046.42 -04.95
6106.89 -04.73
6167.96 -04.54
6229.64 -04.38
6291.93 -04.24
6354.85 -04.12
6418.40 -04.02
6482.58 -03.93
6547.41 -03.85
6612.88 -03.78
6679.01 -03.70
6745.80 -03.62
6813.26 -03.49
6881.39 -03.30
6950.21 -03.02
7019.71 -02.63
7089.91 -02.15
7160.81 -01.57
7232.41 -00.92
7304.74 -00.36
7377.79 00.20
7451.56 00.76
7526.08 01.29
7601.34 01.78
7677.35 02.22
7754.13 02.60
7831.67 02.91
7909.98 03.15
7989.08 03.32
8068.98 03.41
8149.67 03.42
8231.16 03.36
8313.47 03.22
8396.61 03.03
8480.57 02.77
8565.38 02.47
8651.03 02.12
8737.54 01.74
8824.92 01.33
8913.17 00.93
9002.30 00.53
9092.32 00.17
9183.25 -00.16
9275.08 -00.44
9367.83 -00.68
9461.51 -00.89
9556.12 -01.06
9651.68 -01.20
9748.20 -01.31
9845.68 -01.38
9944.14 -01.42
10043.58 -01.43
10144.02 -01.41
10245.46 -01.37
10347.91 -01.22
10451.39 -01.07
10555.91 -00.91
10661.46 -00.79
10768.08 -00.69
10875.76 -00.64
10984.52 -00.63
11094.36 -00.66
11205.31 -00.77
11317.36 -00.92
11430.53 -01.11
11544.84 -01.33
11660.29 -01.58
11776.89 -01.87
11894.66 -02.22
12013.60 -02.63
12133.74 -03.09
12255.08 -03.61
12377.63 -04.15
12501.41 -04.71
12626.42 -05.27
12752.68 -05.83
12880.21 -06.42
13009.01 -06.99
13139.10 -07.45
13270.49 -07.69
13403.20 -07.60
13537.23 -07.20
13672.60 -06.61
13809.33 -05.92
13947.42 -05.24
14086.90 -04.56
14227.77 -03.90
14370.04 -03.23
14513.74 -02.59
14658.88 -02.08
14805.47 -01.54
14953.52 -00.96
15103.06 -00.38
15254.09 00.15
15406.63 00.57
15560.70 00.89
15716.30 01.10
15873.47 01.23
16032.20 01.27
16192.52 01.21
16354.45 01.05
16517.99 00.78
16683.17 00.37
16850.01 -00.16
17018.51 -00.83
17188.69 -01.61
17360.58 -02.44
17534.18 -03.28
17709.53 -04.15
17886.62 -05.03
18065.49 -05.84
18246.14 -06.47
18428.60 -06.83
18612.89 -06.91
18799.02 -06.83
18987.01 -06.66
19176.88 -06.45
19368.65 -06.24
19562.33 -06.06
19757.96 -05.95
19955.54 -05.93
20000.00 -05.95
