20.00 -03.63
20.20 -03.51
20.40 -03.39
20.61 -03.28
20.81 -03.17
21.02 -03.06
21.23 -02.96
21.44 -02.86
21.66 -02.75
21.87 -02.66
22.09 -02.56
22.31 -02.46
22.54 -02.36
22.76 -02.27
22.99 -02.18
23.22 -02.08
23.45 -01.99
23.69 -01.89
23.92 -01.80
24.16 -01.71
24.40 -01.62
24.65 -01.53
24.89 -01.44
25.14 -01.36
25.39 -01.27
25.65 -01.18
25.91 -01.09
26.16 -01.01
26.43 -00.93
26.69 -00.84
26.96 -00.76
27.23 -00.68
27.50 -00.60
27.77 -00.53
28.05 -00.45
28.33 -00.38
28.62 -00.30
28.90 -00.23
29.19 -00.16
29.48 -00.10
29.78 -00.03
30.08 00.04
30.38 00.10
30.68 00.16
30.99 00.22
31.30 00.28
31.61 00.33
31.93 00.39
32.24 00.44
32.57 00.49
32.89 00.55
33.22 00.60
33.55 00.65
33.89 00.70
34.23 00.74
34.57 00.79
34.92 00.84
35.27 00.88
35.62 00.93
35.97 00.97
36.33 01.01
36.70 01.06
37.06 01.09
37.43 01.13
37.81 01.17
38.19 01.21
38.57 01.24
38.95 01.27
39.34 01.31
39.74 01.34
40.14 01.36
40.54 01.39
40.94 01.42
41.35 01.44
41.76 01.46
42.18 01.48
42.60 01.50
43.03 01.51
43.46 01.53
43.90 01.54
44.33 01.55
44.78 01.57
45.23 01.57
45.68 01.58
46.13 01.59
46.60 01.60
47.06 01.60
47.53 01.61
48.01 01.61
48.49 01.61
48.97 01.61
49.46 01.61
49.96 01.61
50.46 01.61
50.96 01.61
51.47 01.60
51.99 01.59
52.51 01.59
53.03 01.58
53.56 01.57
54.10 01.55
54.64 01.54
55.18 01.53
55.74 01.51
56.29 01.50
56.86 01.48
57.42 01.46
58.00 01.44
58.58 01.43
59.16 01.41
59.76 01.39
60.35 01.37
60.96 01.35
61.57 01.33
62.18 01.31
62.80 01.30
63.43 01.28
64.07 01.26
64.71 01.24
65.35 01.22
66.01 01.20
66.67 01.18
67.33 01.17
68.01 01.15
68.69 01.13
69.37 01.11
70.07 01.09
70.77 01.07
71.48 01.06
72.19 01.04
72.91 01.02
73.64 01.00
74.38 00.98
75.12 00.96
75.87 00.95
76.63 00.93
77.40 00.91
78.17 00.89
78.95 00.88
79.74 00.86
80.54 00.84
81.35 00.83
82.16 00.81
82.98 00.80
83.81 00.78
84.65 00.77
85.50 00.76
86.35 00.75
87.22 00.74
88.09 00.74
88.97 00.73
89.86 00.73
90.76 00.72
91.66 00.72
92.58 00.71
93.51 00.71
94.44 00.71
95.39 00.70
96.34 00.69
97.30 00.69
98.28 00.68
99.26 00.67
100.25 00.67
101.25 00.66
102.27 00.65
103.29 00.64
104.32 00.63
105.37 00.62
106.42 00.61
107.48 00.61
108.56 00.60
109.64 00.59
110.74 00.58
111.85 00.57
112.97 00.56
114.10 00.55
115.24 00.54
116.39 00.53
117.55 00.52
118.73 00.51
119.92 00.50
121.12 00.49
122.33 00.48
123.55 00.47
124.79 00.46
126.03 00.45
127.29 00.43
128.57 00.42
129.85 00.41
131.15 00.40
132.46 00.39
133.79 00.37
135.12 00.36
136.48 00.35
137.84 00.34
139.22 00.33
140.61 00.32
142.02 00.30
143.44 00.29
144.87 00.28
146.32 00.27
147.78 00.26
149.26 00.24
150.75 00.23
152.26 00.22
153.78 00.20
155.32 00.19
156.88 00.17
158.44 00.16
160.03 00.14
161.63 00.13
163.24 00.12
164.88 00.12
166.53 00.11
168.19 00.11
169.87 00.10
171.57 00.10
173.29 00.09
175.02 00.09
176.77 00.09
178.54 00.07
180.32 00.06
182.13 00.05
183.95 00.03
185.79 00.00
187.65 -00.01
189.52 -00.04
191.42 -00.06
193.33 -00.09
195.27 -00.11
197.22 -00.15
199.19 -00.16
201.18 -00.19
203.19 -00.20
205.23 -00.23
207.28 -00.24
209.35 -00.27
211.44 -00.28
213.56 -00.31
215.69 -00.33
217.85 -00.35
220.03 -00.38
222.23 -00.40
224.45 -00.42
226.70 -00.44
228.96 -00.47
231.25 -00.48
233.57 -00.51
235.90 -00.53
238.26 -00.54
240.64 -00.55
243.05 -00.56
245.48 -00.56
247.93 -00.56
250.41 -00.56
252.92 -00.55
255.45 -00.54
258.00 -00.53
260.58 -00.53
263.19 -00.51
265.82 -00.50
268.48 -00.48
271.16 -00.47
273.87 -00.47
276.61 -00.45
279.38 -00.45
282.17 -00.44
284.99 -00.44
287.84 -00.44
290.72 -00.45
293.63 -00.45
296.57 -00.44
299.53 -00.45
302.53 -00.45
305.55 -00.46
308.61 -00.46
311.69 -00.45
314.81 -00.46
317.96 -00.45
321.14 -00.46
324.35 -00.46
327.59 -00.47
330.87 -00.48
334.18 -00.49
337.52 -00.50
340.90 -00.51
344.30 -00.54
347.75 -00.56
351.23 -00.59
354.74 -00.62
358.28 -00.67
361.87 -00.71
365.49 -00.76
369.14 -00.81
372.83 -00.88
376.56 -00.95
380.33 -01.02
384.13 -01.11
387.97 -01.18
391.85 -01.27
395.77 -01.35
399.73 -01.44
403.72 -01.52
407.76 -01.61
411.84 -01.69
415.96 -01.78
420.12 -01.86
424.32 -01.95
428.56 -02.03
432.85 -02.10
437.18 -02.17
441.55 -02.22
445.96 -02.26
450.42 -02.30
454.93 -02.32
459.48 -02.33
464.07 -02.33
468.71 -02.32
473.40 -02.29
478.13 -02.26
482.91 -02.23
487.74 -02.19
492.62 -02.14
497.55 -02.10
502.52 -02.06
507.55 -02.01
512.62 -01.97
517.75 -01.94
522.93 -01.89
528.16 -01.86
533.44 -01.82
538.77 -01.79
544.16 -01.77
549.60 -01.74
555.10 -01.72
560.65 -01.70
566.25 -01.69
571.92 -01.66
577.64 -01.64
583.41 -01.60
589.25 -01.57
595.14 -01.51
601.09 -01.45
607.10 -01.38
613.17 -01.29
619.30 -01.20
625.50 -01.10
631.75 -00.98
638.07 -00.87
644.45 -00.76
650.89 -00.67
657.40 -00.58
663.98 -00.48
670.62 -00.40
677.32 -00.31
684.10 -00.22
690.94 -00.13
697.85 -00.03
704.83 00.06
711.87 00.17
718.99 00.31
726.18 00.44
733.44 00.59
740.78 00.73
748.19 00.87
755.67 00.96
763.23 01.02
770.86 01.05
778.57 01.04
786.35 00.99
794.22 00.91
802.16 00.82
810.18 00.71
818.28 00.58
826.46 00.45
834.73 00.33
843.08 00.22
851.51 00.15
860.02 00.13
868.62 00.13
877.31 00.17
886.08 00.21
894.94 00.26
903.89 00.30
912.93 00.35
922.06 00.38
931.28 00.42
940.59 00.44
950.00 00.47
959.50 00.49
969.09 00.49
978.78 00.51
988.57 00.52
998.46 00.52
1008.44 00.53
1018.53 00.54
1028.71 00.55
1039.00 00.56
1049.39 00.58
1059.88 00.59
1070.48 00.61
1081.19 00.63
1092.00 00.65
1102.92 00.67
1113.95 00.69
1125.09 00.71
1136.34 00.72
1147.70 00.73
1159.18 00.74
1170.77 00.75
1182.48 00.75
1194.30 00.75
1206.25 00.75
1218.31 00.75
1230.49 00.74
1242.80 00.74
1255.22 00.72
1267.78 00.70
1280.45 00.69
1293.26 00.68
1306.19 00.67
1319.25 00.65
1332.45 00.63
1345.77 00.61
1359.23 00.60
1372.82 00.58
1386.55 00.57
1400.41 00.55
1414.42 00.54
1428.56 00.53
1442.85 00.52
1457.28 00.51
1471.85 00.50
1486.57 00.50
1501.43 00.50
1516.45 00.50
1531.61 00.51
1546.93 00.50
1562.40 00.50
1578.02 00.50
1593.80 00.50
1609.74 00.51
1625.84 00.51
1642.10 00.50
1658.52 00.51
1675.10 00.50
1691.85 00.49
1708.77 00.50
1725.86 00.50
1743.12 00.51
1760.55 00.51
1778.15 00.51
1795.94 00.51
1813.90 00.51
1832.03 00.51
1850.36 00.50
1868.86 00.50
1887.55 00.49
1906.42 00.48
1925.49 00.46
1944.74 00.43
1964.19 00.41
1983.83 00.38
2003.67 00.36
2023.71 00.33
2043.94 00.31
2064.38 00.28
2085.03 00.24
2105.88 00.22
2126.94 00.18
2148.20 00.14
2169.69 00.10
2191.38 00.05
2213.30 -00.01
2235.43 -00.06
2257.78 -00.13
2280.36 -00.21
2303.17 -00.29
2326.20 -00.37
2349.46 -00.47
2372.95 -00.57
2396.68 -00.66
2420.65 -00.76
2444.86 -00.85
2469.31 -00.94
2494.00 -01.03
2518.94 -01.12
2544.13 -01.22
2569.57 -01.32
2595.27 -01.44
2621.22 -01.58
2647.43 -01.74
2673.90 -01.92
2700.64 -02.12
2727.65 -02.35
2754.93 -02.59
2782.48 -02.82
2810.30 -03.02
2838.40 -03.17
2866.79 -03.28
2895.46 -03.32
2924.41 -03.32
2953.65 -03.27
2983.19 -03.18
3013.02 -03.06
3043.15 -02.91
3073.58 -02.76
3104.32 -02.60
3135.36 -02.46
3166.72 -02.33
3198.38 -02.24
3230.37 -02.15
3262.67 -02.08
3295.30 -02.01
3328.25 -01.95
3361.53 -01.88
3395.15 -01.84
3429.10 -01.79
3463.39 -01.76
3498.03 -01.75
3533.01 -01.74
3568.34 -01.73
3604.02 -01.74
3640.06 -01.75
3676.46 -01.78
3713.22 -01.80
3750.36 -01.83
3787.86 -01.85
3825.74 -01.87
3864.00 -01.88
3902.64 -01.89
3941.66 -01.88
3981.08 -01.88
4020.89 -01.87
4061.10 -01.85
4101.71 -01.83
4142.73 -01.79
4184.15 -01.74
4226.00 -01.67
4268.26 -01.59
4310.94 -01.49
4354.05 -01.38
4397.59 -01.27
4441.56 -01.16
4485.98 -01.06
4530.84 -00.97
4576.15 -00.90
4621.91 -00.86
4668.13 -00.85
4714.81 -00.88
4761.96 -00.95
4809.58 -01.06
4857.67 -01.20
4906.25 -01.36
4955.31 -01.55
5004.87 -01.74
5054.91 -01.93
5105.46 -02.09
5156.52 -02.29
5208.08 -02.47
5260.16 -02.59
5312.77 -02.63
5365.89 -02.61
5419.55 -02.54
5473.75 -02.44
5528.49 -02.32
5583.77 -02.19
5639.61 -02.09
5696.00 -02.01
5752.96 -01.97
5810.49 -01.98
5868.60 -02.04
5927.28 -02.15
5986.56 -02.33
6046.42 -02.34
6106.89 -02.34
6167.96 -02.38
6229.64 -02.46
6291.93 -02.57
6354.85 -02.70
6418.40 -02.83
6482.58 -02.95
6547.41 -03.05
6612.88 -03.10
6679.01 -03.10
6745.80 -03.05
6813.26 -02.95
6881.39 -02.84
6950.21 -02.71
7019.71 -02.60
7089.91 -02.51
7160.81 -02.43
7232.41 -02.32
7304.74 -02.31
7377.79 -02.24
7451.56 -02.10
7526.08 -01.88
7601.34 -01.61
7677.35 -01.31
7754.13 -00.97
7831.67 -00.63
7909.98 -00.29
7989.08 00.03
8068.98 00.31
8149.67 00.54
8231.16 00.70
8313.47 00.81
8396.61 00.87
8480.57 00.88
8565.38 00.86
8651.03 00.82
8737.54 00.78
8824.92 00.73
8913.17 00.69
9002.30 00.65
9092.32 00.62
9183.25 00.61
9275.08 00.62
9367.83 00.65
9461.51 00.72
9556.12 00.82
9651.68 00.95
9748.20 01.13
9845.68 01.34
9944.14 01.59
10043.58 01.88
10144.02 02.20
10245.46 02.55
10347.91 02.99
10451.39 03.43
10555.91 03.82
10661.46 04.13
10768.08 04.36
10875.76 04.49
10984.52 04.54
11094.36 04.50
11205.31 04.35
11317.36 04.11
11430.53 03.75
11544.84 03.25
11660.29 02.61
11776.89 01.81
11894.66 00.87
12013.60 -00.19
12133.74 -01.32
12255.08 -02.44
12377.63 -03.49
12501.41 -04.36
12626.42 -04.95
12752.68 -05.21
12880.21 -05.17
13009.01 -04.91
13139.10 -04.53
13270.49 -04.12
13403.20 -03.70
13537.23 -03.29
13672.60 -02.88
13809.33 -02.46
13947.42 -02.02
14086.90 -01.55
14227.77 -01.06
14370.04 -00.56
14513.74 -00.11
14658.88 00.16
14805.47 00.37
14953.52 00.51
15103.06 00.56
15254.09 00.54
15406.63 00.42
15560.70 00.22
15716.30 -00.05
15873.47 -00.39
16032.20 -00.78
16192.52 -01.22
16354.45 -01.71
16517.99 -02.24
16683.17 -02.81
16850.01 -03.40
17018.51 -03.98
17188.69 -04.55
17360.58 -05.10
17534.18 -05.66
17709.53 -06.28
17886.62 -06.93
18065.49 -07.57
18246.14 -08.05
18428.60 -08.20
18612.89 -07.91
18799.02 -07.30
18987.01 -06.57
19176.88 -05.85
19368.65 -05.26
19562.33 -04.81
19757.96 -04.51
19955.54 -04.37
20000.00 -04.36
