20.00 01.35
20.20 01.38
20.40 01.41
20.61 01.44
20.81 01.46
21.02 01.49
21.23 01.51
21.44 01.53
21.66 01.55
21.87 01.56
22.09 01.58
22.31 01.60
22.54 01.61
22.76 01.63
22.99 01.64
23.22 01.66
23.45 01.68
23.69 01.69
23.92 01.71
24.16 01.72
24.40 01.74
24.65 01.76
24.89 01.77
25.14 01.79
25.39 01.80
25.65 01.82
25.91 01.84
26.16 01.86
26.43 01.87
26.69 01.89
26.96 01.91
27.23 01.93
27.50 01.94
27.77 01.96
28.05 01.98
28.33 02.00
28.62 02.02
28.90 02.03
29.19 02.05
29.48 02.07
29.78 02.09
30.08 02.11
30.38 02.13
30.68 02.15
30.99 02.18
31.30 02.20
31.61 02.22
31.93 02.24
32.24 02.26
32.57 02.29
32.89 02.31
33.22 02.33
33.55 02.35
33.89 02.38
34.23 02.40
34.57 02.43
34.92 02.45
35.27 02.48
35.62 02.50
35.97 02.53
36.33 02.56
36.70 02.58
37.06 02.61
37.43 02.64
37.81 02.67
38.19 02.69
38.57 02.72
38.95 02.75
39.34 02.78
39.74 02.81
40.14 02.84
40.54 02.86
40.94 02.89
41.35 02.92
41.76 02.94
42.18 02.97
42.60 02.99
43.03 03.01
43.46 03.02
43.90 03.03
44.33 03.04
44.78 03.05
45.23 03.05
45.68 03.05
46.13 03.05
46.60 03.05
47.06 03.05
47.53 03.05
48.01 03.04
48.49 03.04
48.97 03.03
49.46 03.03
49.96 03.03
50.46 03.03
50.96 03.03
51.47 03.03
51.99 03.03
52.51 03.03
53.03 03.04
53.56 03.04
54.10 03.05
54.64 03.07
55.18 03.08
55.74 03.09
56.29 03.11
56.86 03.13
57.42 03.15
58.00 03.17
58.58 03.19
59.16 03.21
59.76 03.23
60.35 03.25
60.96 03.27
61.57 03.29
62.18 03.31
62.80 03.32
63.43 03.34
64.07 03.35
64.71 03.37
65.35 03.38
66.01 03.39
66.67 03.39
67.33 03.40
68.01 03.41
68.69 03.41
69.37 03.42
70.07 03.42
70.77 03.43
71.48 03.44
72.19 03.44
72.91 03.45
73.64 03.45
74.38 03.46
75.12 03.46
75.87 03.47
76.63 03.47
77.40 03.48
78.17 03.48
78.95 03.48
79.74 03.49
80.54 03.49
81.35 03.50
82.16 03.50
82.98 03.51
83.81 03.51
84.65 03.52
85.50 03.52
86.35 03.53
87.22 03.53
88.09 03.54
88.97 03.54
89.86 03.55
90.76 03.55
91.66 03.56
92.58 03.56
93.51 03.57
94.44 03.58
95.39 03.58
96.34 03.59
97.30 03.60
98.28 03.61
99.26 03.63
100.25 03.64
101.25 03.65
102.27 03.67
103.29 03.68
104.32 03.69
105.37 03.71
106.42 03.72
107.48 03.74
108.56 03.75
109.64 03.76
110.74 03.78
111.85 03.79
112.97 03.80
114.10 03.81
115.24 03.83
116.39 03.84
117.55 03.85
118.73 03.86
119.92 03.88
121.12 03.89
122.33 03.90
123.55 03.92
124.79 03.93
126.03 03.94
127.29 03.96
128.57 03.98
129.85 03.99
131.15 04.01
132.46 04.03
133.79 04.05
135.12 04.07
136.48 04.09
137.84 04.12
139.22 04.14
140.61 04.16
142.02 04.18
143.44 04.20
144.87 04.22
146.32 04.24
147.78 04.26
149.26 04.27
150.75 04.28
152.26 04.29
153.78 04.29
155.32 04.30
156.88 04.29
158.44 04.28
160.03 04.27
161.63 04.26
163.24 04.25
164.88 04.24
166.53 04.21
168.19 04.17
169.87 04.11
171.57 04.06
173.29 03.98
175.02 03.90
176.77 03.81
178.54 03.69
180.32 03.56
182.13 03.43
183.95 03.28
185.79 03.12
187.65 02.97
189.52 02.81
191.42 02.67
193.33 02.52
195.27 02.39
197.22 02.27
199.19 02.18
201.18 02.09
203.19 02.04
205.23 01.99
207.28 01.97
209.35 01.96
211.44 01.97
213.56 01.99
215.69 02.02
217.85 02.07
220.03 02.12
222.23 02.18
224.45 02.25
226.70 02.31
228.96 02.37
231.25 02.45
233.57 02.51
235.90 02.57
238.26 02.62
240.64 02.69
243.05 02.73
245.48 02.77
247.93 02.82
250.41 02.84
252.92 02.86
255.45 02.88
258.00 02.88
260.58 02.87
263.19 02.85
265.82 02.82
268.48 02.79
271.16 02.74
273.87 02.69
276.61 02.64
279.38 02.58
282.17 02.52
284.99 02.45
287.84 02.40
290.72 02.34
293.63 02.30
296.57 02.26
299.53 02.22
302.53 02.20
305.55 02.17
308.61 02.15
311.69 02.14
314.81 02.12
317.96 02.11
321.14 02.10
324.35 02.09
327.59 02.07
330.87 02.05
334.18 02.04
337.52 02.03
340.90 02.01
344.30 01.99
347.75 01.97
351.23 01.97
354.74 01.95
358.28 01.93
361.87 01.93
365.49 01.91
369.14 01.91
372.83 01.89
376.56 01.88
380.33 01.87
384.13 01.86
387.97 01.86
391.85 01.85
395.77 01.85
399.73 01.84
403.72 01.83
407.76 01.82
411.84 01.81
415.96 01.78
420.12 01.77
424.32 01.74
428.56 01.72
432.85 01.70
437.18 01.67
441.55 01.64
445.96 01.62
450.42 01.58
454.93 01.56
459.48 01.51
464.07 01.46
468.71 01.41
473.40 01.35
478.13 01.28
482.91 01.20
487.74 01.12
492.62 01.06
497.55 00.99
502.52 00.93
507.55 00.90
512.62 00.87
517.75 00.86
522.93 00.87
528.16 00.88
533.44 00.90
538.77 00.92
544.16 00.93
549.60 00.94
555.10 00.93
560.65 00.92
566.25 00.89
571.92 00.86
577.64 00.80
583.41 00.76
589.25 00.70
595.14 00.66
601.09 00.63
607.10 00.59
613.17 00.57
619.30 00.55
625.50 00.54
631.75 00.55
638.07 00.55
644.45 00.57
650.89 00.58
657.40 00.59
663.98 00.62
670.62 00.65
677.32 00.67
684.10 00.71
690.94 00.72
697.85 00.73
704.83 00.72
711.87 00.69
718.99 00.65
726.18 00.59
733.44 00.51
740.78 00.42
748.19 00.32
755.67 00.21
763.23 00.09
770.86 -00.01
778.57 -00.10
786.35 -00.17
794.22 -00.21
802.16 -00.21
810.18 -00.20
818.28 -00.17
826.46 -00.13
834.73 -00.07
843.08 -00.02
851.51 00.04
860.02 00.09
868.62 00.13
877.31 00.18
886.08 00.20
894.94 00.22
903.89 00.22
912.93 00.23
922.06 00.22
931.28 00.22
940.59 00.20
950.00 00.19
959.50 00.17
969.09 00.15
978.78 00.14
988.57 00.12
998.46 00.09
1008.44 00.06
1018.53 00.03
1028.71 -00.01
1039.00 -00.04
1049.39 -00.07
1059.88 -00.11
1070.48 -00.15
1081.19 -00.18
1092.00 -00.23
1102.92 -00.27
1113.95 -00.32
1125.09 -00.37
1136.34 -00.44
1147.70 -00.49
1159.18 -00.53
1170.77 -00.58
1182.48 -00.64
1194.30 -00.69
1206.25 -00.75
1218.31 -00.81
1230.49 -00.88
1242.80 -00.93
1255.22 -00.99
1267.78 -01.04
1280.45 -01.09
1293.26 -01.13
1306.19 -01.18
1319.25 -01.22
1332.45 -01.27
1345.77 -01.30
1359.23 -01.32
1372.82 -01.33
1386.55 -01.33
1400.41 -01.33
1414.42 -01.34
1428.56 -01.34
1442.85 -01.33
1457.28 -01.33
1471.85 -01.32
1486.57 -01.32
1501.43 -01.33
1516.45 -01.34
1531.61 -01.36
1546.93 -01.41
1562.40 -01.46
1578.02 -01.51
1593.80 -01.57
1609.74 -01.62
1625.84 -01.70
1642.10 -01.79
1658.52 -01.87
1675.10 -01.95
1691.85 -02.04
1708.77 -02.12
1725.86 -02.21
1743.12 -02.29
1760.55 -02.38
1778.15 -02.46
1795.94 -02.53
1813.90 -02.60
1832.03 -02.67
1850.36 -02.73
1868.86 -02.79
1887.55 -02.86
1906.42 -02.92
1925.49 -02.98
1944.74 -03.04
1964.19 -03.10
1983.83 -03.15
2003.67 -03.21
2023.71 -03.26
2043.94 -03.32
2064.38 -03.36
2085.03 -03.41
2105.88 -03.45
2126.94 -03.48
2148.20 -03.51
2169.69 -03.52
2191.38 -03.53
2213.30 -03.52
2235.43 -03.50
2257.78 -03.47
2280.36 -03.43
2303.17 -03.39
2326.20 -03.33
2349.46 -03.27
2372.95 -03.22
2396.68 -03.16
2420.65 -03.12
2444.86 -03.10
2469.31 -03.07
2494.00 -03.06
2518.94 -03.04
2544.13 -03.05
2569.57 -03.06
2595.27 -03.08
2621.22 -03.11
2647.43 -03.15
2673.90 -03.19
2700.64 -03.22
2727.65 -03.25
2754.93 -03.29
2782.48 -03.32
2810.30 -03.33
2838.40 -03.36
2866.79 -03.38
2895.46 -03.38
2924.41 -03.38
2953.65 -03.36
2983.19 -03.34
3013.02 -03.30
3043.15 -03.24
3073.58 -03.18
3104.32 -03.11
3135.36 -03.03
3166.72 -02.93
3198.38 -02.84
3230.37 -02.73
3262.67 -02.63
3295.30 -02.51
3328.25 -02.40
3361.53 -02.27
3395.15 -02.15
3429.10 -02.02
3463.39 -01.89
3498.03 -01.76
3533.01 -01.63
3568.34 -01.49
3604.02 -01.37
3640.06 -01.25
3676.46 -01.14
3713.22 -01.04
3750.36 -00.95
3787.86 -00.87
3825.74 -00.80
3864.00 -00.74
3902.64 -00.69
3941.66 -00.66
3981.08 -00.64
4020.89 -00.64
4061.10 -00.66
4101.71 -00.71
4142.73 -00.78
4184.15 -00.87
4226.00 -01.00
4268.26 -01.15
4310.94 -01.33
4354.05 -01.55
4397.59 -01.79
4441.56 -02.08
4485.98 -02.39
4530.84 -02.74
4576.15 -03.12
4621.91 -03.52
4668.13 -03.95
4714.81 -04.39
4761.96 -04.85
4809.58 -05.32
4857.67 -05.77
4906.25 -06.21
4955.31 -06.61
5004.87 -06.97
5054.91 -07.27
5105.46 -07.50
5156.52 -07.74
5208.08 -07.96
5260.16 -08.11
5312.77 -08.21
5365.89 -08.27
5419.55 -08.29
5473.75 -08.29
5528.49 -08.28
5583.77 -08.26
5639.61 -08.25
5696.00 -08.25
5752.96 -08.27
5810.49 -08.30
5868.60 -08.37
5927.28 -08.46
5986.56 -08.58
6046.42 -08.51
6106.89 -08.40
6167.96 -08.30
6229.64 -08.23
6291.93 -08.16
6354.85 -08.10
6418.40 -08.04
6482.58 -07.96
6547.41 -07.89
6612.88 -07.78
6679.01 -07.65
6745.80 -07.48
6813.26 -07.27
6881.39 -07.03
6950.21 -06.72
7019.71 -06.36
7089.91 -05.95
7160.81 -05.47
7232.41 -04.95
7304.74 -04.53
7377.79 -04.12
7451.56 -03.69
7526.08 -03.27
7601.34 -02.87
7677.35 -02.49
7754.13 -02.15
7831.67 -01.84
7909.98 -01.56
7989.08 -01.29
8068.98 -01.05
8149.67 -00.83
8231.16 -00.61
8313.47 -00.41
8396.61 -00.21
8480.57 -00.01
8565.38 00.20
8651.03 00.42
8737.54 00.64
8824.92 00.85
8913.17 01.06
9002.30 01.24
9092.32 01.40
9183.25 01.54
9275.08 01.64
9367.83 01.72
9461.51 01.78
9556.12 01.82
9651.68 01.84
9748.20 01.84
9845.68 01.81
9944.14 01.75
10043.58 01.65
10144.02 01.51
10245.46 01.34
10347.91 01.23
10451.39 01.09
10555.91 00.91
10661.46 00.65
10768.08 00.31
10875.76 -00.12
10984.52 -00.64
11094.36 -01.25
11205.31 -01.95
11317.36 -02.72
11430.53 -03.59
11544.84 -04.58
11660.29 -05.68
11776.89 -06.91
11894.66 -08.14
12013.60 -09.14
12133.74 -09.54
12255.08 -09.14
12377.63 -08.23
12501.41 -07.14
12626.42 -06.05
12752.68 -05.00
12880.21 -04.01
13009.01 -03.07
13139.10 -02.18
13270.49 -01.34
13403.20 -00.55
13537.23 00.19
13672.60 00.89
13809.33 01.53
13947.42 02.08
14086.90 02.54
14227.77 02.89
14370.04 03.13
14513.74 03.23
14658.88 03.10
14805.47 02.87
14953.52 02.56
15103.06 02.15
15254.09 01.64
15406.63 01.00
15560.70 00.24
15716.30 -00.57
15873.47 -01.37
16032.20 -02.07
16192.52 -02.61
16354.45 -03.04
16517.99 -03.43
16683.17 -03.87
16850.01 -04.38
17018.51 -04.93
17188.69 -05.46
17360.58 -05.92
17534.18 -06.33
17709.53 -06.78
17886.62 -07.36
18065.49 -08.15
18246.14 -09.13
18428.60 -10.18
18612.89 -11.05
18799.02 -11.61
18987.01 -11.89
19176.88 -12.09
19368.65 -12.32
19562.33 -12.51
19757.96 -12.53
19955.54 -12.40
20000.00 -12.36
