20.00 -02.38
20.20 -02.29
20.40 -02.20
20.61 -02.11
20.81 -02.03
21.02 -01.95
21.23 -01.86
21.44 -01.79
21.66 -01.71
21.87 -01.63
22.09 -01.56
22.31 -01.48
22.54 -01.41
22.76 -01.34
22.99 -01.27
23.22 -01.19
23.45 -01.12
23.69 -01.05
23.92 -00.98
24.16 -00.91
24.40 -00.84
24.65 -00.77
24.89 -00.71
25.14 -00.64
25.39 -00.58
25.65 -00.51
25.91 -00.44
26.16 -00.38
26.43 -00.31
26.69 -00.25
26.96 -00.19
27.23 -00.13
27.50 -00.07
27.77 -00.01
28.05 00.05
28.33 00.10
28.62 00.16
28.90 00.21
29.19 00.27
29.48 00.32
29.78 00.37
30.08 00.42
30.38 00.46
30.68 00.51
30.99 00.56
31.30 00.60
31.61 00.64
31.93 00.68
32.24 00.72
32.57 00.76
32.89 00.80
33.22 00.84
33.55 00.87
33.89 00.91
34.23 00.94
34.57 00.98
34.92 01.01
35.27 01.05
35.62 01.08
35.97 01.11
36.33 01.14
36.70 01.18
37.06 01.21
37.43 01.24
37.81 01.27
38.19 01.29
38.57 01.32
38.95 01.35
39.34 01.37
39.74 01.40
40.14 01.42
40.54 01.44
40.94 01.47
41.35 01.49
41.76 01.51
42.18 01.52
42.60 01.54
43.03 01.56
43.46 01.57
43.90 01.59
44.33 01.60
44.78 01.61
45.23 01.62
45.68 01.63
46.13 01.64
46.60 01.65
47.06 01.66
47.53 01.66
48.01 01.67
48.49 01.68
48.97 01.68
49.46 01.69
49.96 01.70
50.46 01.71
50.96 01.72
51.47 01.73
51.99 01.74
52.51 01.76
53.03 01.77
53.56 01.79
54.10 01.81
54.64 01.83
55.18 01.85
55.74 01.88
56.29 01.90
56.86 01.92
57.42 01.95
58.00 01.98
58.58 02.00
59.16 02.03
59.76 02.06
60.35 02.08
60.96 02.11
61.57 02.14
62.18 02.17
62.80 02.19
63.43 02.22
64.07 02.25
64.71 02.28
65.35 02.31
66.01 02.33
66.67 02.36
67.33 02.39
68.01 02.42
68.69 02.45
69.37 02.48
70.07 02.51
70.77 02.53
71.48 02.56
72.19 02.59
72.91 02.62
73.64 02.64
74.38 02.66
75.12 02.69
75.87 02.71
76.63 02.73
77.40 02.74
78.17 02.76
78.95 02.77
79.74 02.78
80.54 02.79
81.35 02.80
82.16 02.81
82.98 02.82
83.81 02.83
84.65 02.83
85.50 02.84
86.35 02.84
87.22 02.85
88.09 02.85
88.97 02.85
89.86 02.85
90.76 02.85
91.66 02.85
92.58 02.85
93.51 02.85
94.44 02.85
95.39 02.84
96.34 02.84
97.30 02.84
98.28 02.83
99.26 02.82
100.25 02.82
101.25 02.81
102.27 02.80
103.29 02.79
104.32 02.78
105.37 02.77
106.42 02.76
107.48 02.75
108.56 02.74
109.64 02.73
110.74 02.71
111.85 02.70
112.97 02.68
114.10 02.67
115.24 02.66
116.39 02.64
117.55 02.63
118.73 02.61
119.92 02.60
121.12 02.58
122.33 02.57
123.55 02.55
124.79 02.54
126.03 02.52
127.29 02.51
128.57 02.49
129.85 02.47
131.15 02.45
132.46 02.44
133.79 02.42
135.12 02.40
136.48 02.38
137.84 02.36
139.22 02.34
140.61 02.31
142.02 02.29
143.44 02.27
144.87 02.24
146.32 02.22
147.78 02.19
149.26 02.17
150.75 02.14
152.26 02.11
153.78 02.09
155.32 02.06
156.88 02.02
158.44 01.99
160.03 01.95
161.63 01.92
163.24 01.89
164.88 01.87
166.53 01.84
168.19 01.80
169.87 01.77
171.57 01.74
173.29 01.71
175.02 01.68
176.77 01.66
178.54 01.63
180.32 01.60
182.13 01.59
183.95 01.57
185.79 01.54
187.65 01.53
189.52 01.51
191.42 01.49
193.33 01.47
195.27 01.46
197.22 01.43
199.19 01.41
201.18 01.38
203.19 01.35
205.23 01.31
207.28 01.28
209.35 01.23
211.44 01.18
213.56 01.13
215.69 01.08
217.85 01.03
220.03 00.97
222.23 00.92
224.45 00.88
226.70 00.83
228.96 00.80
231.25 00.78
233.57 00.76
235.90 00.75
238.26 00.74
240.64 00.75
243.05 00.76
245.48 00.77
247.93 00.79
250.41 00.80
252.92 00.81
255.45 00.83
258.00 00.83
260.58 00.83
263.19 00.83
265.82 00.82
268.48 00.82
271.16 00.80
273.87 00.78
276.61 00.76
279.38 00.73
282.17 00.72
284.99 00.69
287.84 00.68
290.72 00.66
293.63 00.65
296.57 00.64
299.53 00.63
302.53 00.64
305.55 00.63
308.61 00.63
311.69 00.64
314.81 00.64
317.96 00.64
321.14 00.64
324.35 00.64
327.59 00.62
330.87 00.61
334.18 00.59
337.52 00.58
340.90 00.56
344.30 00.54
347.75 00.51
351.23 00.50
354.74 00.48
358.28 00.46
361.87 00.45
365.49 00.43
369.14 00.42
372.83 00.40
376.56 00.38
380.33 00.36
384.13 00.33
387.97 00.31
391.85 00.27
395.77 00.24
399.73 00.19
403.72 00.14
407.76 00.08
411.84 00.03
415.96 -00.03
420.12 -00.07
424.32 -00.13
428.56 -00.16
432.85 -00.18
437.18 -00.21
441.55 -00.21
445.96 -00.20
450.42 -00.19
454.93 -00.17
459.48 -00.14
464.07 -00.11
468.71 -00.08
473.40 -00.05
478.13 -00.02
482.91 00.01
487.74 00.03
492.62 00.06
497.55 00.08
502.52 00.10
507.55 00.12
512.62 00.13
517.75 00.14
522.93 00.16
528.16 00.16
533.44 00.17
538.77 00.17
544.16 00.18
549.60 00.19
555.10 00.20
560.65 00.23
566.25 00.24
571.92 00.27
577.64 00.29
583.41 00.31
589.25 00.33
595.14 00.36
601.09 00.38
607.10 00.39
613.17 00.40
619.30 00.40
625.50 00.41
631.75 00.40
638.07 00.38
644.45 00.36
650.89 00.31
657.40 00.26
663.98 00.20
670.62 00.14
677.32 00.07
684.10 00.00
690.94 -00.07
697.85 -00.13
704.83 -00.21
711.87 -00.28
718.99 -00.34
726.18 -00.40
733.44 -00.46
740.78 -00.52
748.19 -00.56
755.67 -00.60
763.23 -00.64
770.86 -00.67
778.57 -00.72
786.35 -00.76
794.22 -00.79
802.16 -00.80
810.18 -00.82
818.28 -00.82
826.46 -00.82
834.73 -00.80
843.08 -00.79
851.51 -00.76
860.02 -00.73
868.62 -00.68
877.31 -00.62
886.08 -00.56
894.94 -00.50
903.89 -00.45
912.93 -00.38
922.06 -00.32
931.28 -00.25
940.59 -00.21
950.00 -00.15
959.50 -00.10
969.09 -00.07
978.78 -00.02
988.57 00.02
998.46 00.05
1008.44 00.09
1018.53 00.13
1028.71 00.15
1039.00 00.18
1049.39 00.20
1059.88 00.22
1070.48 00.24
1081.19 00.26
1092.00 00.27
1102.92 00.28
1113.95 00.29
1125.09 00.29
1136.34 00.28
1147.70 00.29
1159.18 00.29
1170.77 00.30
1182.48 00.30
1194.30 00.31
1206.25 00.32
1218.31 00.32
1230.49 00.32
1242.80 00.32
1255.22 00.31
1267.78 00.31
1280.45 00.31
1293.26 00.31
1306.19 00.31
1319.25 00.31
1332.45 00.28
1345.77 00.27
1359.23 00.25
1372.82 00.24
1386.55 00.22
1400.41 00.20
1414.42 00.17
1428.56 00.13
1442.85 00.09
1457.28 00.06
1471.85 00.02
1486.57 -00.02
1501.43 -00.06
1516.45 -00.11
1531.61 -00.14
1546.93 -00.20
1562.40 -00.25
1578.02 -00.31
1593.80 -00.36
1609.74 -00.41
1625.84 -00.48
1642.10 -00.55
1658.52 -00.61
1675.10 -00.68
1691.85 -00.76
1708.77 -00.83
1725.86 -00.90
1743.12 -00.97
1760.55 -01.04
1778.15 -01.11
1795.94 -01.16
1813.90 -01.22
1832.03 -01.28
1850.36 -01.32
1868.86 -01.36
1887.55 -01.40
1906.42 -01.44
1925.49 -01.47
1944.74 -01.52
1964.19 -01.56
1983.83 -01.60
2003.67 -01.64
2023.71 -01.69
2043.94 -01.74
2064.38 -01.79
2085.03 -01.85
2105.88 -01.91
2126.94 -01.97
2148.20 -02.02
2169.69 -02.09
2191.38 -02.16
2213.30 -02.23
2235.43 -02.29
2257.78 -02.36
2280.36 -02.44
2303.17 -02.52
2326.20 -02.59
2349.46 -02.66
2372.95 -02.73
2396.68 -02.78
2420.65 -02.83
2444.86 -02.86
2469.31 -02.87
2494.00 -02.88
2518.94 -02.86
2544.13 -02.85
2569.57 -02.82
2595.27 -02.79
2621.22 -02.77
2647.43 -02.74
2673.90 -02.71
2700.64 -02.66
2727.65 -02.61
2754.93 -02.56
2782.48 -02.50
2810.30 -02.42
2838.40 -02.34
2866.79 -02.26
2895.46 -02.15
2924.41 -02.04
2953.65 -01.92
2983.19 -01.79
3013.02 -01.67
3043.15 -01.52
3073.58 -01.39
3104.32 -01.26
3135.36 -01.13
3166.72 -01.00
3198.38 -00.88
3230.37 -00.75
3262.67 -00.64
3295.30 -00.53
3328.25 -00.44
3361.53 -00.35
3395.15 -00.28
3429.10 -00.21
3463.39 -00.15
3498.03 -00.12
3533.01 -00.08
3568.34 -00.05
3604.02 -00.04
3640.06 -00.05
3676.46 -00.08
3713.22 -00.13
3750.36 -00.19
3787.86 -00.27
3825.74 -00.36
3864.00 -00.46
3902.64 -00.59
3941.66 -00.74
3981.08 -00.90
4020.89 -01.09
4061.10 -01.31
4101.71 -01.54
4142.73 -01.79
4184.15 -02.05
4226.00 -02.32
4268.26 -02.59
4310.94 -02.84
4354.05 -03.06
4397.59 -03.21
4441.56 -03.27
4485.98 -03.23
4530.84 -03.06
4576.15 -02.79
4621.91 -02.43
4668.13 -02.01
4714.81 -01.56
4761.96 -01.11
4809.58 -00.69
4857.67 -00.30
4906.25 00.03
4955.31 00.30
5004.87 00.52
5054.91 00.68
5105.46 00.79
5156.52 00.75
5208.08 00.63
5260.16 00.46
5312.77 00.26
5365.89 00.03
5419.55 -00.21
5473.75 -00.45
5528.49 -00.69
5583.77 -00.91
5639.61 -01.12
5696.00 -01.31
5752.96 -01.48
5810.49 -01.62
5868.60 -01.75
5927.28 -01.86
5986.56 -01.98
6046.42 -01.88
6106.89 -01.72
6167.96 -01.58
6229.64 -01.45
6291.93 -01.34
6354.85 -01.24
6418.40 -01.17
6482.58 -01.11
6547.41 -01.08
6612.88 -01.07
6679.01 -01.07
6745.80 -01.10
6813.26 -01.14
6881.39 -01.22
6950.21 -01.31
7019.71 -01.44
7089.91 -01.59
7160.81 -01.77
7232.41 -01.97
7304.74 -02.34
7377.79 -02.73
7451.56 -03.12
7526.08 -03.49
7601.34 -03.82
7677.35 -04.09
7754.13 -04.28
7831.67 -04.39
7909.98 -04.41
7989.08 -04.34
8068.98 -04.22
8149.67 -04.05
8231.16 -03.86
8313.47 -03.67
8396.61 -03.49
8480.57 -03.32
8565.38 -03.18
8651.03 -03.06
8737.54 -02.96
8824.92 -02.89
8913.17 -02.84
9002.30 -02.80
9092.32 -02.77
9183.25 -02.74
9275.08 -02.73
9367.83 -02.72
9461.51 -02.73
9556.12 -02.75
9651.68 -02.79
9748.20 -02.86
9845.68 -02.96
9944.14 -03.10
10043.58 -03.26
10144.02 -03.47
10245.46 -03.70
10347.91 -03.89
10451.39 -04.10
10555.91 -04.34
10661.46 -04.62
10768.08 -04.92
10875.76 -05.24
10984.52 -05.57
11094.36 -05.92
11205.31 -06.28
11317.36 -06.66
11430.53 -07.04
11544.84 -07.44
11660.29 -07.81
11776.89 -08.17
11894.66 -08.46
12013.60 -08.69
12133.74 -08.82
12255.08 -08.83
12377.63 -08.75
12501.41 -08.59
12626.42 -08.36
12752.68 -08.10
12880.21 -07.83
13009.01 -07.56
13139.10 -07.30
13270.49 -07.05
13403.20 -06.81
13537.23 -06.57
13672.60 -06.32
13809.33 -06.05
13947.42 -05.77
14086.90 -05.46
14227.77 -05.13
14370.04 -04.79
14513.74 -04.48
14658.88 -04.32
14805.47 -04.18
14953.52 -04.07
15103.06 -03.98
15254.09 -03.89
15406.63 -03.84
15560.70 -03.79
15716.30 -03.75
15873.47 -03.70
16032.20 -03.64
16192.52 -03.57
16354.45 -03.48
16517.99 -03.38
16683.17 -03.27
16850.01 -03.15
17018.51 -03.01
17188.69 -02.88
17360.58 -02.75
17534.18 -02.62
17709.53 -02.52
17886.62 -02.43
18065.49 -02.38
18246.14 -02.35
18428.60 -02.35
18612.89 -02.37
18799.02 -02.42
18987.01 -02.51
19176.88 -02.63
19368.65 -02.81
19562.33 -03.05
19757.96 -03.36
19955.54 -03.74
20000.00 -03.84
