20.00 02.52
20.20 02.60
20.40 02.68
20.61 02.76
20.81 02.83
21.02 02.90
21.23 02.97
21.44 03.04
21.66 03.11
21.87 03.17
22.09 03.24
22.31 03.30
22.54 03.37
22.76 03.43
22.99 03.50
23.22 03.56
23.45 03.62
23.69 03.69
23.92 03.75
24.16 03.81
24.40 03.87
24.65 03.93
24.89 03.99
25.14 04.05
25.39 04.10
25.65 04.16
25.91 04.22
26.16 04.27
26.43 04.33
26.69 04.39
26.96 04.44
27.23 04.49
27.50 04.54
27.77 04.59
28.05 04.64
28.33 04.69
28.62 04.74
28.90 04.79
29.19 04.83
29.48 04.88
29.78 04.92
30.08 04.96
30.38 05.01
30.68 05.04
30.99 05.08
31.30 05.12
31.61 05.16
31.93 05.19
32.24 05.22
32.57 05.26
32.89 05.29
33.22 05.32
33.55 05.35
33.89 05.38
34.23 05.41
34.57 05.44
34.92 05.47
35.27 05.50
35.62 05.53
35.97 05.55
36.33 05.57
36.70 05.60
37.06 05.62
37.43 05.64
37.81 05.66
38.19 05.68
38.57 05.70
38.95 05.72
39.34 05.73
39.74 05.75
40.14 05.76
40.54 05.78
40.94 05.79
41.35 05.80
41.76 05.80
42.18 05.81
42.60 05.82
43.03 05.82
43.46 05.82
43.90 05.83
44.33 05.82
44.78 05.82
45.23 05.81
45.68 05.81
46.13 05.79
46.60 05.78
47.06 05.77
47.53 05.75
48.01 05.73
48.49 05.71
48.97 05.70
49.46 05.68
49.96 05.66
50.46 05.65
50.96 05.64
51.47 05.63
51.99 05.63
52.51 05.63
53.03 05.64
53.56 05.66
54.10 05.68
54.64 05.72
55.18 05.76
55.74 05.80
56.29 05.85
56.86 05.91
57.42 05.97
58.00 06.04
58.58 06.11
59.16 06.18
59.76 06.25
60.35 06.32
60.96 06.39
61.57 06.45
62.18 06.51
62.80 06.57
63.43 06.62
64.07 06.67
64.71 06.72
65.35 06.76
66.01 06.80
66.67 06.83
67.33 06.86
68.01 06.89
68.69 06.92
69.37 06.94
70.07 06.97
70.77 06.99
71.48 07.02
72.19 07.04
72.91 07.06
73.64 07.08
74.38 07.10
75.12 07.12
75.87 07.14
76.63 07.16
77.40 07.18
78.17 07.20
78.95 07.22
79.74 07.24
80.54 07.25
81.35 07.27
82.16 07.28
82.98 07.30
83.81 07.31
84.65 07.32
85.50 07.33
86.35 07.34
87.22 07.35
88.09 07.35
88.97 07.36
89.86 07.36
90.76 07.37
91.66 07.37
92.58 07.37
93.51 07.37
94.44 07.37
95.39 07.37
96.34 07.37
97.30 07.37
98.28 07.36
99.26 07.36
100.25 07.36
101.25 07.35
102.27 07.35
103.29 07.35
104.32 07.34
105.37 07.34
106.42 07.33
107.48 07.33
108.56 07.33
109.64 07.33
110.74 07.32
111.85 07.32
112.97 07.32
114.10 07.32
115.24 07.31
116.39 07.31
117.55 07.31
118.73 07.30
119.92 07.29
121.12 07.28
122.33 07.27
123.55 07.26
124.79 07.24
126.03 07.23
127.29 07.21
128.57 07.19
129.85 07.17
131.15 07.15
132.46 07.12
133.79 07.10
135.12 07.07
136.48 07.05
137.84 07.02
139.22 07.00
140.61 06.97
142.02 06.95
143.44 06.92
144.87 06.90
146.32 06.88
147.78 06.86
149.26 06.84
150.75 06.82
152.26 06.81
153.78 06.79
155.32 06.78
156.88 06.76
158.44 06.75
160.03 06.73
161.63 06.72
163.24 06.70
164.88 06.70
166.53 06.68
168.19 06.66
169.87 06.65
171.57 06.64
173.29 06.62
175.02 06.61
176.77 06.61
178.54 06.60
180.32 06.59
182.13 06.59
183.95 06.58
185.79 06.57
187.65 06.57
189.52 06.55
191.42 06.53
193.33 06.50
195.27 06.48
197.22 06.44
199.19 06.40
201.18 06.34
203.19 06.29
205.23 06.21
207.28 06.14
209.35 06.05
211.44 05.96
213.56 05.85
215.69 05.75
217.85 05.65
220.03 05.55
222.23 05.47
224.45 05.39
226.70 05.32
228.96 05.25
231.25 05.19
233.57 05.14
235.90 05.10
238.26 05.08
240.64 05.08
243.05 05.07
245.48 05.07
247.93 05.09
250.41 05.09
252.92 05.10
255.45 05.12
258.00 05.14
260.58 05.16
263.19 05.20
265.82 05.22
268.48 05.25
271.16 05.27
273.87 05.27
276.61 05.29
279.38 05.28
282.17 05.29
284.99 05.28
287.84 05.27
290.72 05.25
293.63 05.23
296.57 05.21
299.53 05.17
302.53 05.14
305.55 05.09
308.61 05.04
311.69 05.00
314.81 04.94
317.96 04.89
321.14 04.83
324.35 04.78
327.59 04.72
330.87 04.67
334.18 04.62
337.52 04.59
340.90 04.54
344.30 04.50
347.75 04.45
351.23 04.41
354.74 04.35
358.28 04.29
361.87 04.23
365.49 04.15
369.14 04.08
372.83 03.99
376.56 03.91
380.33 03.83
384.13 03.75
387.97 03.68
391.85 03.60
395.77 03.55
399.73 03.48
403.72 03.43
407.76 03.37
411.84 03.32
415.96 03.25
420.12 03.19
424.32 03.12
428.56 03.06
432.85 02.99
437.18 02.91
441.55 02.84
445.96 02.78
450.42 02.72
454.93 02.68
459.48 02.64
464.07 02.62
468.71 02.61
473.40 02.62
478.13 02.63
482.91 02.65
487.74 02.67
492.62 02.71
497.55 02.73
502.52 02.76
507.55 02.79
512.62 02.81
517.75 02.83
522.93 02.86
528.16 02.88
533.44 02.90
538.77 02.90
544.16 02.90
549.60 02.90
555.10 02.89
560.65 02.88
566.25 02.85
571.92 02.83
577.64 02.78
583.41 02.74
589.25 02.68
595.14 02.62
601.09 02.56
607.10 02.49
613.17 02.43
619.30 02.35
625.50 02.28
631.75 02.20
638.07 02.12
644.45 02.03
650.89 01.92
657.40 01.80
663.98 01.69
670.62 01.56
677.32 01.43
684.10 01.31
690.94 01.18
697.85 01.05
704.83 00.91
711.87 00.77
718.99 00.63
726.18 00.49
733.44 00.36
740.78 00.22
748.19 00.11
755.67 -00.01
763.23 -00.12
770.86 -00.22
778.57 -00.31
786.35 -00.39
794.22 -00.47
802.16 -00.52
810.18 -00.58
818.28 -00.63
826.46 -00.68
834.73 -00.71
843.08 -00.76
851.51 -00.81
860.02 -00.85
868.62 -00.91
877.31 -00.95
886.08 -01.01
894.94 -01.07
903.89 -01.14
912.93 -01.19
922.06 -01.25
931.28 -01.30
940.59 -01.36
950.00 -01.41
959.50 -01.45
969.09 -01.50
978.78 -01.53
988.57 -01.56
998.46 -01.59
1008.44 -01.62
1018.53 -01.64
1028.71 -01.67
1039.00 -01.68
1049.39 -01.69
1059.88 -01.71
1070.48 -01.72
1081.19 -01.73
1092.00 -01.74
1102.92 -01.75
1113.95 -01.74
1125.09 -01.74
1136.34 -01.73
1147.70 -01.71
1159.18 -01.68
1170.77 -01.65
1182.48 -01.63
1194.30 -01.60
1206.25 -01.57
1218.31 -01.53
1230.49 -01.49
1242.80 -01.45
1255.22 -01.42
1267.78 -01.39
1280.45 -01.36
1293.26 -01.32
1306.19 -01.29
1319.25 -01.25
1332.45 -01.23
1345.77 -01.20
1359.23 -01.17
1372.82 -01.15
1386.55 -01.13
1400.41 -01.12
1414.42 -01.11
1428.56 -01.10
1442.85 -01.09
1457.28 -01.09
1471.85 -01.09
1486.57 -01.09
1501.43 -01.10
1516.45 -01.11
1531.61 -01.11
1546.93 -01.12
1562.40 -01.13
1578.02 -01.14
1593.80 -01.16
1609.74 -01.16
1625.84 -01.18
1642.10 -01.19
1658.52 -01.20
1675.10 -01.21
1691.85 -01.24
1708.77 -01.25
1725.86 -01.28
1743.12 -01.30
1760.55 -01.34
1778.15 -01.38
1795.94 -01.41
1813.90 -01.46
1832.03 -01.52
1850.36 -01.58
1868.86 -01.65
1887.55 -01.73
1906.42 -01.81
1925.49 -01.89
1944.74 -01.99
1964.19 -02.08
1983.83 -02.17
2003.67 -02.24
2023.71 -02.30
2043.94 -02.33
2064.38 -02.31
2085.03 -02.23
2105.88 -02.08
2126.94 -01.91
2148.20 -01.70
2169.69 -01.47
2191.38 -01.23
2213.30 -01.00
2235.43 -00.77
2257.78 -00.57
2280.36 -00.40
2303.17 -00.26
2326.20 -00.14
2349.46 -00.07
2372.95 -00.03
2396.68 -00.01
2420.65 -00.01
2444.86 -00.03
2469.31 -00.03
2494.00 -00.04
2518.94 -00.04
2544.13 -00.04
2569.57 -00.04
2595.27 -00.03
2621.22 -00.03
2647.43 -00.02
2673.90 -00.02
2700.64 00.00
2727.65 00.01
2754.93 00.02
2782.48 00.03
2810.30 00.06
2838.40 00.07
2866.79 00.09
2895.46 00.11
2924.41 00.13
2953.65 00.15
2983.19 00.16
3013.02 00.16
3043.15 00.17
3073.58 00.16
3104.32 00.16
3135.36 00.13
3166.72 00.12
3198.38 00.09
3230.37 00.07
3262.67 00.04
3295.30 00.02
3328.25 -00.01
3361.53 -00.03
3395.15 -00.06
3429.10 -00.10
3463.39 -00.14
3498.03 -00.20
3533.01 -00.28
3568.34 -00.37
3604.02 -00.51
3640.06 -00.66
3676.46 -00.85
3713.22 -01.05
3750.36 -01.26
3787.86 -01.49
3825.74 -01.72
3864.00 -01.97
3902.64 -02.22
3941.66 -02.49
3981.08 -02.76
4020.89 -03.03
4061.10 -03.29
4101.71 -03.54
4142.73 -03.75
4184.15 -03.90
4226.00 -03.98
4268.26 -03.98
4310.94 -03.87
4354.05 -03.64
4397.59 -03.31
4441.56 -02.90
4485.98 -02.42
4530.84 -01.91
4576.15 -01.39
4621.91 -00.88
4668.13 -00.38
4714.81 00.09
4761.96 00.54
4809.58 00.97
4857.67 01.37
4906.25 01.74
4955.31 02.08
5004.87 02.40
5054.91 02.70
5105.46 02.97
5156.52 03.14
5208.08 03.24
5260.16 03.32
5312.77 03.37
5365.89 03.39
5419.55 03.38
5473.75 03.33
5528.49 03.24
5583.77 03.11
5639.61 02.94
5696.00 02.71
5752.96 02.42
5810.49 02.07
5868.60 01.65
5927.28 01.15
5986.56 00.56
6046.42 00.10
6106.89 -00.34
6167.96 -00.80
6229.64 -01.16
6291.93 -01.25
6354.85 -00.89
6418.40 -00.03
6482.58 01.25
6547.41 02.74
6612.88 04.30
6679.01 05.81
6745.80 07.22
6813.26 08.53
6881.39 09.71
6950.21 10.79
7019.71 11.77
7089.91 12.64
7160.81 13.43
7232.41 14.13
7304.74 14.61
7377.79 14.99
7451.56 15.29
7526.08 15.53
7601.34 15.71
7677.35 15.81
7754.13 15.86
7831.67 15.84
7909.98 15.77
7989.08 15.63
8068.98 15.44
8149.67 15.20
8231.16 14.91
8313.47 14.56
8396.61 14.17
8480.57 13.74
8565.38 13.28
8651.03 12.78
8737.54 12.27
8824.92 11.75
8913.17 11.22
9002.30 10.69
9092.32 10.15
9183.25 09.61
9275.08 09.06
9367.83 08.50
9461.51 07.93
9556.12 07.35
9651.68 06.76
9748.20 06.15
9845.68 05.53
9944.14 04.90
10043.58 04.29
10144.02 03.74
10245.46 03.27
10347.91 03.02
10451.39 02.91
10555.91 02.95
10661.46 03.12
10768.08 03.40
10875.76 03.76
10984.52 04.18
11094.36 04.60
11205.31 04.99
11317.36 05.36
11430.53 05.69
11544.84 05.97
11660.29 06.21
11776.89 06.39
11894.66 06.53
12013.60 06.60
12133.74 06.65
12255.08 06.66
12377.63 06.65
12501.41 06.65
12626.42 06.65
12752.68 06.69
12880.21 06.73
13009.01 06.79
13139.10 06.86
13270.49 06.94
13403.20 07.02
13537.23 07.09
13672.60 07.15
13809.33 07.23
13947.42 07.28
14086.90 07.35
14227.77 07.41
14370.04 07.47
14513.74 07.50
14658.88 07.40
14805.47 07.30
14953.52 07.21
15103.06 07.11
15254.09 07.02
15406.63 06.91
15560.70 06.78
15716.30 06.65
15873.47 06.50
16032.20 06.35
16192.52 06.19
16354.45 06.00
16517.99 05.78
16683.17 05.51
16850.01 05.21
17018.51 04.85
17188.69 04.43
17360.58 03.96
17534.18 03.41
17709.53 02.73
17886.62 01.93
18065.49 00.98
18246.14 -00.13
18428.60 -01.40
18612.89 -02.81
18799.02 -04.36
18987.01 -06.01
19176.88 -07.72
19368.65 -09.47
19562.33 -11.20
19757.96 -12.89
19955.54 -14.46
20000.00 -14.78
