20.00 -02.23
20.20 -02.12
20.40 -02.02
20.61 -01.91
20.81 -01.82
21.02 -01.72
21.23 -01.63
21.44 -01.54
21.66 -01.44
21.87 -01.36
22.09 -01.27
22.31 -01.18
22.54 -01.09
22.76 -01.01
22.99 -00.92
23.22 -00.84
23.45 -00.76
23.69 -00.67
23.92 -00.59
24.16 -00.51
24.40 -00.42
24.65 -00.34
24.89 -00.26
25.14 -00.18
25.39 -00.10
25.65 -00.02
25.91 00.06
26.16 00.13
26.43 00.21
26.69 00.29
26.96 00.36
27.23 00.44
27.50 00.51
27.77 00.58
28.05 00.65
28.33 00.72
28.62 00.79
28.90 00.86
29.19 00.92
29.48 00.99
29.78 01.05
30.08 01.11
30.38 01.17
30.68 01.23
30.99 01.29
31.30 01.34
31.61 01.40
31.93 01.45
32.24 01.50
32.57 01.55
32.89 01.60
33.22 01.64
33.55 01.69
33.89 01.74
34.23 01.78
34.57 01.83
34.92 01.87
35.27 01.92
35.62 01.96
35.97 02.00
36.33 02.05
36.70 02.09
37.06 02.13
37.43 02.18
37.81 02.22
38.19 02.26
38.57 02.30
38.95 02.34
39.34 02.38
39.74 02.42
40.14 02.46
40.54 02.50
40.94 02.54
41.35 02.58
41.76 02.62
42.18 02.66
42.60 02.69
43.03 02.73
43.46 02.77
43.90 02.81
44.33 02.85
44.78 02.88
45.23 02.92
45.68 02.96
46.13 03.00
46.60 03.03
47.06 03.07
47.53 03.11
48.01 03.15
48.49 03.18
48.97 03.22
49.46 03.25
49.96 03.29
50.46 03.33
50.96 03.36
51.47 03.40
51.99 03.44
52.51 03.47
53.03 03.51
53.56 03.54
54.10 03.58
54.64 03.62
55.18 03.65
55.74 03.69
56.29 03.73
56.86 03.76
57.42 03.80
58.00 03.83
58.58 03.87
59.16 03.90
59.76 03.93
60.35 03.97
60.96 04.00
61.57 04.03
62.18 04.05
62.80 04.08
63.43 04.10
64.07 04.11
64.71 04.12
65.35 04.13
66.01 04.14
66.67 04.14
67.33 04.13
68.01 04.13
68.69 04.12
69.37 04.11
70.07 04.10
70.77 04.10
71.48 04.09
72.19 04.08
72.91 04.07
73.64 04.06
74.38 04.05
75.12 04.04
75.87 04.03
76.63 04.02
77.40 04.00
78.17 03.99
78.95 03.98
79.74 03.97
80.54 03.96
81.35 03.95
82.16 03.94
82.98 03.93
83.81 03.92
84.65 03.90
85.50 03.89
86.35 03.88
87.22 03.87
88.09 03.86
88.97 03.84
89.86 03.83
90.76 03.82
91.66 03.81
92.58 03.80
93.51 03.78
94.44 03.77
95.39 03.76
96.34 03.74
97.30 03.73
98.28 03.71
99.26 03.70
100.25 03.68
101.25 03.67
102.27 03.65
103.29 03.63
104.32 03.62
105.37 03.60
106.42 03.59
107.48 03.57
108.56 03.56
109.64 03.55
110.74 03.54
111.85 03.53
112.97 03.52
114.10 03.51
115.24 03.50
116.39 03.49
117.55 03.49
118.73 03.48
119.92 03.48
121.12 03.47
122.33 03.47
123.55 03.47
124.79 03.47
126.03 03.47
127.29 03.47
128.57 03.47
129.85 03.48
131.15 03.48
132.46 03.49
133.79 03.50
135.12 03.51
136.48 03.52
137.84 03.53
139.22 03.54
140.61 03.54
142.02 03.55
143.44 03.56
144.87 03.56
146.32 03.56
147.78 03.56
149.26 03.56
150.75 03.55
152.26 03.55
153.78 03.54
155.32 03.53
156.88 03.52
158.44 03.50
160.03 03.48
161.63 03.47
163.24 03.46
164.88 03.45
166.53 03.44
168.19 03.43
169.87 03.42
171.57 03.42
173.29 03.41
175.02 03.40
176.77 03.40
178.54 03.39
180.32 03.38
182.13 03.38
183.95 03.36
185.79 03.33
187.65 03.31
189.52 03.26
191.42 03.21
193.33 03.14
195.27 03.06
197.22 02.97
199.19 02.88
201.18 02.76
203.19 02.65
205.23 02.52
207.28 02.41
209.35 02.29
211.44 02.20
213.56 02.11
215.69 02.04
217.85 01.99
220.03 01.95
222.23 01.93
224.45 01.94
226.70 01.95
228.96 01.98
231.25 02.04
233.57 02.10
235.90 02.16
238.26 02.23
240.64 02.31
243.05 02.38
245.48 02.45
247.93 02.52
250.41 02.58
252.92 02.64
255.45 02.69
258.00 02.72
260.58 02.75
263.19 02.77
265.82 02.77
268.48 02.78
271.16 02.77
273.87 02.77
276.61 02.77
279.38 02.76
282.17 02.76
284.99 02.75
287.84 02.76
290.72 02.77
293.63 02.79
296.57 02.82
299.53 02.85
302.53 02.89
305.55 02.93
308.61 02.98
311.69 03.03
314.81 03.08
317.96 03.14
321.14 03.20
324.35 03.27
327.59 03.33
330.87 03.39
334.18 03.45
337.52 03.52
340.90 03.58
344.30 03.64
347.75 03.70
351.23 03.76
354.74 03.82
358.28 03.88
361.87 03.94
365.49 03.99
369.14 04.04
372.83 04.08
376.56 04.10
380.33 04.13
384.13 04.13
387.97 04.12
391.85 04.10
395.77 04.07
399.73 04.01
403.72 03.95
407.76 03.87
411.84 03.78
415.96 03.67
420.12 03.54
424.32 03.38
428.56 03.20
432.85 02.99
437.18 02.75
441.55 02.49
445.96 02.21
450.42 01.91
454.93 01.62
459.48 01.32
464.07 01.03
468.71 00.78
473.40 00.59
478.13 00.44
482.91 00.35
487.74 00.32
492.62 00.35
497.55 00.40
502.52 00.46
507.55 00.53
512.62 00.59
517.75 00.65
522.93 00.71
528.16 00.76
533.44 00.81
538.77 00.83
544.16 00.85
549.60 00.88
555.10 00.89
560.65 00.90
566.25 00.90
571.92 00.92
577.64 00.93
583.41 00.95
589.25 00.96
595.14 00.99
601.09 01.02
607.10 01.05
613.17 01.10
619.30 01.13
625.50 01.17
631.75 01.21
638.07 01.23
644.45 01.25
650.89 01.23
657.40 01.21
663.98 01.19
670.62 01.16
677.32 01.13
684.10 01.11
690.94 01.08
697.85 01.07
704.83 01.06
711.87 01.06
718.99 01.08
726.18 01.09
733.44 01.11
740.78 01.14
748.19 01.18
755.67 01.21
763.23 01.23
770.86 01.25
778.57 01.25
786.35 01.25
794.22 01.24
802.16 01.23
810.18 01.21
818.28 01.19
826.46 01.16
834.73 01.15
843.08 01.13
851.51 01.11
860.02 01.10
868.62 01.09
877.31 01.09
886.08 01.07
894.94 01.04
903.89 01.01
912.93 00.99
922.06 00.95
931.28 00.92
940.59 00.86
950.00 00.81
959.50 00.75
969.09 00.68
978.78 00.62
988.57 00.56
998.46 00.51
1008.44 00.47
1018.53 00.44
1028.71 00.40
1039.00 00.38
1049.39 00.35
1059.88 00.31
1070.48 00.26
1081.19 00.20
1092.00 00.11
1102.92 00.01
1113.95 -00.11
1125.09 -00.25
1136.34 -00.43
1147.70 -00.61
1159.18 -00.81
1170.77 -01.01
1182.48 -01.24
1194.30 -01.46
1206.25 -01.67
1218.31 -01.87
1230.49 -02.05
1242.80 -02.21
1255.22 -02.37
1267.78 -02.51
1280.45 -02.63
1293.26 -02.73
1306.19 -02.82
1319.25 -02.90
1332.45 -02.99
1345.77 -03.07
1359.23 -03.16
1372.82 -03.26
1386.55 -03.37
1400.41 -03.49
1414.42 -03.61
1428.56 -03.74
1442.85 -03.88
1457.28 -04.03
1471.85 -04.18
1486.57 -04.31
1501.43 -04.44
1516.45 -04.56
1531.61 -04.66
1546.93 -04.75
1562.40 -04.83
1578.02 -04.91
1593.80 -04.99
1609.74 -05.07
1625.84 -05.19
1642.10 -05.34
1658.52 -05.49
1675.10 -05.66
1691.85 -05.84
1708.77 -06.00
1725.86 -06.18
1743.12 -06.35
1760.55 -06.53
1778.15 -06.69
1795.94 -06.80
1813.90 -06.87
1832.03 -06.89
1850.36 -06.87
1868.86 -06.84
1887.55 -06.80
1906.42 -06.78
1925.49 -06.75
1944.74 -06.73
1964.19 -06.67
1983.83 -06.61
2003.67 -06.53
2023.71 -06.44
2043.94 -06.34
2064.38 -06.22
2085.03 -06.10
2105.88 -05.95
2126.94 -05.81
2148.20 -05.67
2169.69 -05.53
2191.38 -05.39
2213.30 -05.25
2235.43 -05.10
2257.78 -04.96
2280.36 -04.80
2303.17 -04.65
2326.20 -04.48
2349.46 -04.32
2372.95 -04.14
2396.68 -03.94
2420.65 -03.73
2444.86 -03.51
2469.31 -03.28
2494.00 -03.06
2518.94 -02.83
2544.13 -02.61
2569.57 -02.40
2595.27 -02.19
2621.22 -02.00
2647.43 -01.81
2673.90 -01.62
2700.64 -01.43
2727.65 -01.24
2754.93 -01.06
2782.48 -00.87
2810.30 -00.67
2838.40 -00.49
2866.79 -00.30
2895.46 -00.11
2924.41 00.06
2953.65 00.23
2983.19 00.38
3013.02 00.51
3043.15 00.64
3073.58 00.74
3104.32 00.84
3135.36 00.91
3166.72 00.97
3198.38 01.00
3230.37 01.02
3262.67 01.03
3295.30 01.05
3328.25 01.05
3361.53 01.05
3395.15 01.03
3429.10 00.99
3463.39 00.96
3498.03 00.90
3533.01 00.85
3568.34 00.80
3604.02 00.71
3640.06 00.61
3676.46 00.48
3713.22 00.34
3750.36 00.19
3787.86 00.03
3825.74 -00.12
3864.00 -00.29
3902.64 -00.46
3941.66 -00.65
3981.08 -00.83
4020.89 -01.00
4061.10 -01.14
4101.71 -01.27
4142.73 -01.38
4184.15 -01.45
4226.00 -01.48
4268.26 -01.47
4310.94 -01.47
4354.05 -01.48
4397.59 -01.50
4441.56 -01.54
4485.98 -01.59
4530.84 -01.66
4576.15 -01.76
4621.91 -01.89
4668.13 -02.07
4714.81 -02.29
4761.96 -02.55
4809.58 -02.85
4857.67 -03.14
4906.25 -03.41
4955.31 -03.65
5004.87 -03.91
5054.91 -04.17
5105.46 -04.45
5156.52 -04.81
5208.08 -05.22
5260.16 -05.63
5312.77 -06.03
5365.89 -06.42
5419.55 -06.78
5473.75 -07.10
5528.49 -07.36
5583.77 -07.52
5639.61 -07.59
5696.00 -07.54
5752.96 -07.38
5810.49 -07.13
5868.60 -06.82
5927.28 -06.47
5986.56 -06.11
6046.42 -05.51
6106.89 -04.85
6167.96 -04.20
6229.64 -03.58
6291.93 -02.98
6354.85 -02.43
6418.40 -01.91
6482.58 -01.41
6547.41 -00.96
6612.88 -00.52
6679.01 -00.12
6745.80 00.26
6813.26 00.62
6881.39 00.96
6950.21 01.28
7019.71 01.59
7089.91 01.89
7160.81 02.17
7232.41 02.45
7304.74 02.58
7377.79 02.68
7451.56 02.78
7526.08 02.88
7601.34 02.99
7677.35 03.09
7754.13 03.20
7831.67 03.32
7909.98 03.44
7989.08 03.57
8068.98 03.70
8149.67 03.82
8231.16 03.93
8313.47 04.01
8396.61 04.06
8480.57 04.07
8565.38 04.04
8651.03 03.97
8737.54 03.85
8824.92 03.68
8913.17 03.45
9002.30 03.17
9092.32 02.85
9183.25 02.50
9275.08 02.12
9367.83 01.73
9461.51 01.33
9556.12 00.92
9651.68 00.52
9748.20 00.13
9845.68 -00.23
9944.14 -00.55
10043.58 -00.83
10144.02 -01.08
10245.46 -01.29
10347.91 -01.41
10451.39 -01.51
10555.91 -01.56
10661.46 -01.60
10768.08 -01.62
10875.76 -01.61
10984.52 -01.61
11094.36 -01.61
11205.31 -01.64
11317.36 -01.66
11430.53 -01.70
11544.84 -01.75
11660.29 -01.81
11776.89 -01.89
11894.66 -01.97
12013.60 -02.08
12133.74 -02.19
12255.08 -02.32
12377.63 -02.48
12501.41 -02.67
12626.42 -02.91
12752.68 -03.18
12880.21 -03.50
13009.01 -03.83
13139.10 -04.15
13270.49 -04.42
13403.20 -04.59
13537.23 -04.63
13672.60 -04.53
13809.33 -04.27
13947.42 -03.92
14086.90 -03.49
14227.77 -03.04
14370.04 -02.60
14513.74 -02.24
14658.88 -02.10
14805.47 -02.05
14953.52 -02.08
15103.06 -02.18
15254.09 -02.33
15406.63 -02.54
15560.70 -02.76
15716.30 -02.99
15873.47 -03.19
16032.20 -03.35
16192.52 -03.45
16354.45 -03.49
16517.99 -03.46
16683.17 -03.39
16850.01 -03.30
17018.51 -03.21
17188.69 -03.13
17360.58 -03.05
17534.18 -02.97
17709.53 -02.89
17886.62 -02.78
18065.49 -02.68
18246.14 -02.57
18428.60 -02.49
18612.89 -02.43
18799.02 -02.43
18987.01 -02.46
19176.88 -02.54
19368.65 -02.68
19562.33 -02.91
19757.96 -03.23
19955.54 -03.66
20000.00 -03.77
