20.00 -07.69
20.20 -07.59
20.40 -07.49
20.61 -07.39
20.81 -07.29
21.02 -07.20
21.23 -07.11
21.44 -07.02
21.66 -06.93
21.87 -06.84
22.09 -06.76
22.31 -06.67
22.54 -06.59
22.76 -06.51
22.99 -06.42
23.22 -06.34
23.45 -06.26
23.69 -06.17
23.92 -06.09
24.16 -06.01
24.40 -05.93
24.65 -05.84
24.89 -05.76
25.14 -05.68
25.39 -05.60
25.65 -05.52
25.91 -05.44
26.16 -05.37
26.43 -05.29
26.69 -05.21
26.96 -05.13
27.23 -05.05
27.50 -04.98
27.77 -04.91
28.05 -04.83
28.33 -04.76
28.62 -04.68
28.90 -04.61
29.19 -04.54
29.48 -04.47
29.78 -04.40
30.08 -04.33
30.38 -04.27
30.68 -04.20
30.99 -04.14
31.30 -04.07
31.61 -04.01
31.93 -03.94
32.24 -03.88
32.57 -03.82
32.89 -03.75
33.22 -03.69
33.55 -03.63
33.89 -03.56
34.23 -03.50
34.57 -03.43
34.92 -03.37
35.27 -03.31
35.62 -03.25
35.97 -03.19
36.33 -03.13
36.70 -03.07
37.06 -03.01
37.43 -02.95
37.81 -02.89
38.19 -02.83
38.57 -02.78
38.95 -02.72
39.34 -02.67
39.74 -02.62
40.14 -02.56
40.54 -02.51
40.94 -02.47
41.35 -02.42
41.76 -02.37
42.18 -02.33
42.60 -02.29
43.03 -02.24
43.46 -02.21
43.90 -02.17
44.33 -02.13
44.78 -02.10
45.23 -02.06
45.68 -02.03
46.13 -02.00
46.60 -01.96
47.06 -01.93
47.53 -01.90
48.01 -01.87
48.49 -01.84
48.97 -01.81
49.46 -01.78
49.96 -01.75
50.46 -01.72
50.96 -01.69
51.47 -01.66
51.99 -01.63
52.51 -01.60
53.03 -01.57
53.56 -01.54
54.10 -01.51
54.64 -01.48
55.18 -01.45
55.74 -01.42
56.29 -01.40
56.86 -01.37
57.42 -01.34
58.00 -01.31
58.58 -01.28
59.16 -01.25
59.76 -01.23
60.35 -01.20
60.96 -01.17
61.57 -01.15
62.18 -01.12
62.80 -01.10
63.43 -01.07
64.07 -01.05
64.71 -01.02
65.35 -01.00
66.01 -00.98
66.67 -00.96
67.33 -00.94
68.01 -00.92
68.69 -00.90
69.37 -00.89
70.07 -00.87
70.77 -00.86
71.48 -00.84
72.19 -00.83
72.91 -00.81
73.64 -00.80
74.38 -00.79
75.12 -00.78
75.87 -00.77
76.63 -00.76
77.40 -00.76
78.17 -00.75
78.95 -00.74
79.74 -00.74
80.54 -00.73
81.35 -00.73
82.16 -00.73
82.98 -00.72
83.81 -00.72
84.65 -00.72
85.50 -00.71
86.35 -00.71
87.22 -00.71
88.09 -00.71
88.97 -00.71
89.86 -00.71
90.76 -00.70
91.66 -00.70
92.58 -00.70
93.51 -00.71
94.44 -00.71
95.39 -00.71
96.34 -00.71
97.30 -00.71
98.28 -00.72
99.26 -00.72
100.25 -00.73
101.25 -00.73
102.27 -00.74
103.29 -00.74
104.32 -00.75
105.37 -00.75
106.42 -00.76
107.48 -00.76
108.56 -00.77
109.64 -00.77
110.74 -00.78
111.85 -00.78
112.97 -00.79
114.10 -00.79
115.24 -00.80
116.39 -00.80
117.55 -00.81
118.73 -00.81
119.92 -00.82
121.12 -00.83
122.33 -00.83
123.55 -00.84
124.79 -00.84
126.03 -00.85
127.29 -00.85
128.57 -00.86
129.85 -00.86
131.15 -00.86
132.46 -00.86
133.79 -00.87
135.12 -00.87
136.48 -00.87
137.84 -00.87
139.22 -00.87
140.61 -00.87
142.02 -00.87
143.44 -00.86
144.87 -00.87
146.32 -00.87
147.78 -00.87
149.26 -00.88
150.75 -00.89
152.26 -00.91
153.78 -00.92
155.32 -00.94
156.88 -00.96
158.44 -00.98
160.03 -00.99
161.63 -01.00
163.24 -01.01
164.88 -01.00
166.53 -01.00
168.19 -01.00
169.87 -01.00
171.57 -00.98
173.29 -00.98
175.02 -00.98
176.77 -00.96
178.54 -00.96
180.32 -00.96
182.13 -00.96
183.95 -00.96
185.79 -00.96
187.65 -00.96
189.52 -00.96
191.42 -00.95
193.33 -00.96
195.27 -00.95
197.22 -00.96
199.19 -00.95
201.18 -00.95
203.19 -00.95
205.23 -00.95
207.28 -00.94
209.35 -00.95
211.44 -00.94
213.56 -00.94
215.69 -00.93
217.85 -00.93
220.03 -00.93
222.23 -00.93
224.45 -00.92
226.70 -00.93
228.96 -00.94
231.25 -00.93
233.57 -00.94
235.90 -00.95
238.26 -00.97
240.64 -00.97
243.05 -00.98
245.48 -01.00
247.93 -01.00
250.41 -01.02
252.92 -01.03
255.45 -01.03
258.00 -01.04
260.58 -01.05
263.19 -01.05
265.82 -01.05
268.48 -01.04
271.16 -01.04
273.87 -01.04
276.61 -01.03
279.38 -01.03
282.17 -01.02
284.99 -01.03
287.84 -01.02
290.72 -01.02
293.63 -01.02
296.57 -01.02
299.53 -01.02
302.53 -01.02
305.55 -01.03
308.61 -01.03
311.69 -01.03
314.81 -01.03
317.96 -01.03
321.14 -01.03
324.35 -01.02
327.59 -01.02
330.87 -01.01
334.18 -01.01
337.52 -00.99
340.90 -00.98
344.30 -00.97
347.75 -00.96
351.23 -00.94
354.74 -00.92
358.28 -00.91
361.87 -00.88
365.49 -00.87
369.14 -00.84
372.83 -00.82
376.56 -00.80
380.33 -00.77
384.13 -00.75
387.97 -00.72
391.85 -00.70
395.77 -00.68
399.73 -00.66
403.72 -00.64
407.76 -00.62
411.84 -00.60
415.96 -00.59
420.12 -00.57
424.32 -00.55
428.56 -00.53
432.85 -00.51
437.18 -00.50
441.55 -00.47
445.96 -00.45
450.42 -00.44
454.93 -00.42
459.48 -00.41
464.07 -00.41
468.71 -00.40
473.40 -00.39
478.13 -00.39
482.91 -00.39
487.74 -00.39
492.62 -00.39
497.55 -00.40
502.52 -00.41
507.55 -00.41
512.62 -00.42
517.75 -00.43
522.93 -00.43
528.16 -00.43
533.44 -00.43
538.77 -00.42
544.16 -00.41
549.60 -00.39
555.10 -00.36
560.65 -00.33
566.25 -00.30
571.92 -00.26
577.64 -00.23
583.41 -00.18
589.25 -00.15
595.14 -00.12
601.09 -00.08
607.10 -00.07
613.17 -00.04
619.30 -00.03
625.50 -00.02
631.75 -00.01
638.07 -00.01
644.45 -00.02
650.89 -00.04
657.40 -00.07
663.98 -00.08
670.62 -00.10
677.32 -00.11
684.10 -00.11
690.94 -00.11
697.85 -00.10
704.83 -00.10
711.87 -00.10
718.99 -00.08
726.18 -00.08
733.44 -00.08
740.78 -00.08
748.19 -00.08
755.67 -00.10
763.23 -00.13
770.86 -00.15
778.57 -00.18
786.35 -00.21
794.22 -00.24
802.16 -00.25
810.18 -00.27
818.28 -00.28
826.46 -00.28
834.73 -00.25
843.08 -00.22
851.51 -00.19
860.02 -00.14
868.62 -00.08
877.31 00.00
886.08 00.07
894.94 00.14
903.89 00.21
912.93 00.28
922.06 00.33
931.28 00.38
940.59 00.40
950.00 00.42
959.50 00.43
969.09 00.43
978.78 00.42
988.57 00.40
998.46 00.36
1008.44 00.32
1018.53 00.29
1028.71 00.25
1039.00 00.22
1049.39 00.20
1059.88 00.18
1070.48 00.18
1081.19 00.17
1092.00 00.16
1102.92 00.17
1113.95 00.18
1125.09 00.20
1136.34 00.22
1147.70 00.26
1159.18 00.30
1170.77 00.34
1182.48 00.36
1194.30 00.39
1206.25 00.41
1218.31 00.42
1230.49 00.43
1242.80 00.43
1255.22 00.42
1267.78 00.40
1280.45 00.37
1293.26 00.33
1306.19 00.28
1319.25 00.23
1332.45 00.17
1345.77 00.11
1359.23 00.06
1372.82 00.00
1386.55 -00.06
1400.41 -00.13
1414.42 -00.20
1428.56 -00.27
1442.85 -00.34
1457.28 -00.39
1471.85 -00.44
1486.57 -00.49
1501.43 -00.54
1516.45 -00.59
1531.61 -00.62
1546.93 -00.66
1562.40 -00.69
1578.02 -00.72
1593.80 -00.74
1609.74 -00.76
1625.84 -00.79
1642.10 -00.82
1658.52 -00.84
1675.10 -00.88
1691.85 -00.92
1708.77 -00.96
1725.86 -01.00
1743.12 -01.04
1760.55 -01.08
1778.15 -01.12
1795.94 -01.15
1813.90 -01.19
1832.03 -01.23
1850.36 -01.27
1868.86 -01.31
1887.55 -01.34
1906.42 -01.36
1925.49 -01.39
1944.74 -01.42
1964.19 -01.45
1983.83 -01.47
2003.67 -01.49
2023.71 -01.51
2043.94 -01.51
2064.38 -01.52
2085.03 -01.52
2105.88 -01.51
2126.94 -01.50
2148.20 -01.49
2169.69 -01.47
2191.38 -01.45
2213.30 -01.43
2235.43 -01.39
2257.78 -01.37
2280.36 -01.34
2303.17 -01.32
2326.20 -01.28
2349.46 -01.26
2372.95 -01.24
2396.68 -01.22
2420.65 -01.20
2444.86 -01.19
2469.31 -01.17
2494.00 -01.15
2518.94 -01.13
2544.13 -01.11
2569.57 -01.09
2595.27 -01.07
2621.22 -01.06
2647.43 -01.04
2673.90 -01.02
2700.64 -00.99
2727.65 -00.98
2754.93 -00.96
2782.48 -00.95
2810.30 -00.93
2838.40 -00.94
2866.79 -00.95
2895.46 -00.97
2924.41 -01.01
2953.65 -01.05
2983.19 -01.12
3013.02 -01.21
3043.15 -01.30
3073.58 -01.41
3104.32 -01.51
3135.36 -01.62
3166.72 -01.72
3198.38 -01.82
3230.37 -01.91
3262.67 -01.99
3295.30 -02.03
3328.25 -02.06
3361.53 -02.03
3395.15 -01.97
3429.10 -01.85
3463.39 -01.69
3498.03 -01.50
3533.01 -01.28
3568.34 -01.02
3604.02 -00.75
3640.06 -00.47
3676.46 -00.21
3713.22 00.04
3750.36 00.28
3787.86 00.48
3825.74 00.65
3864.00 00.80
3902.64 00.90
3941.66 00.98
3981.08 01.02
4020.89 01.03
4061.10 01.01
4101.71 00.97
4142.73 00.91
4184.15 00.84
4226.00 00.76
4268.26 00.68
4310.94 00.60
4354.05 00.52
4397.59 00.44
4441.56 00.38
4485.98 00.33
4530.84 00.29
4576.15 00.26
4621.91 00.24
4668.13 00.23
4714.81 00.24
4761.96 00.26
4809.58 00.29
4857.67 00.33
4906.25 00.39
4955.31 00.45
5004.87 00.52
5054.91 00.61
5105.46 00.70
5156.52 00.71
5208.08 00.68
5260.16 00.65
5312.77 00.62
5365.89 00.57
5419.55 00.51
5473.75 00.44
5528.49 00.35
5583.77 00.25
5639.61 00.12
5696.00 -00.03
5752.96 -00.20
5810.49 -00.39
5868.60 -00.61
5927.28 -00.85
5986.56 -01.13
6046.42 -01.22
6106.89 -01.28
6167.96 -01.38
6229.64 -01.52
6291.93 -01.72
6354.85 -01.98
6418.40 -02.30
6482.58 -02.68
6547.41 -03.16
6612.88 -03.70
6679.01 -04.34
6745.80 -05.08
6813.26 -05.90
6881.39 -06.76
6950.21 -07.56
7019.71 -08.11
7089.91 -08.23
7160.81 -07.88
7232.41 -07.16
7304.74 -06.38
7377.79 -05.55
7451.56 -04.72
7526.08 -03.94
7601.34 -03.24
7677.35 -02.65
7754.13 -02.16
7831.67 -01.78
7909.98 -01.50
7989.08 -01.31
8068.98 -01.19
8149.67 -01.14
8231.16 -01.12
8313.47 -01.12
8396.61 -01.13
8480.57 -01.14
8565.38 -01.12
8651.03 -01.09
8737.54 -01.03
8824.92 -00.95
8913.17 -00.84
9002.30 -00.71
9092.32 -00.56
9183.25 -00.42
9275.08 -00.31
9367.83 -00.24
9461.51 -00.24
9556.12 -00.29
9651.68 -00.40
9748.20 -00.56
9845.68 -00.77
9944.14 -01.02
10043.58 -01.34
10144.02 -01.73
10245.46 -02.17
10347.91 -02.58
10451.39 -03.04
10555.91 -03.52
10661.46 -04.05
10768.08 -04.63
10875.76 -05.27
10984.52 -05.93
11094.36 -06.63
11205.31 -07.33
11317.36 -07.98
11430.53 -08.53
11544.84 -08.96
11660.29 -09.21
11776.89 -09.30
11894.66 -09.22
12013.60 -09.02
12133.74 -08.75
12255.08 -08.46
12377.63 -08.22
12501.41 -08.02
12626.42 -07.90
12752.68 -07.84
12880.21 -07.88
13009.01 -07.99
13139.10 -08.18
13270.49 -08.42
13403.20 -08.69
13537.23 -08.99
13672.60 -09.32
13809.33 -09.68
13947.42 -10.08
14086.90 -10.51
14227.77 -10.98
14370.04 -11.48
14513.74 -12.00
14658.88 -12.48
14805.47 -12.52
14953.52 -11.97
15103.06 -10.98
15254.09 -09.83
15406.63 -08.75
15560.70 -07.85
15716.30 -07.13
15873.47 -06.57
16032.20 -06.16
16192.52 -05.85
16354.45 -05.63
16517.99 -05.50
16683.17 -05.47
16850.01 -05.55
17018.51 -05.72
17188.69 -05.95
17360.58 -06.18
17534.18 -06.35
17709.53 -06.44
17886.62 -06.48
18065.49 -06.52
18246.14 -06.59
18428.60 -06.73
18612.89 -06.93
18799.02 -07.21
18987.01 -07.57
19176.88 -08.01
19368.65 -08.59
19562.33 -09.32
19757.96 -10.21
19955.54 -11.27
20000.00 -11.54
