20.00 -01.17
20.20 -01.13
20.40 -01.08
20.61 -01.04
20.81 -01.00
21.02 -00.96
21.23 -00.92
21.44 -00.89
21.66 -00.85
21.87 -00.82
22.09 -00.79
22.31 -00.76
22.54 -00.73
22.76 -00.71
22.99 -00.68
23.22 -00.65
23.45 -00.62
23.69 -00.59
23.92 -00.56
24.16 -00.53
24.40 -00.50
24.65 -00.47
24.89 -00.44
25.14 -00.42
25.39 -00.39
25.65 -00.36
25.91 -00.33
26.16 -00.30
26.43 -00.27
26.69 -00.24
26.96 -00.21
27.23 -00.18
27.50 -00.15
27.77 -00.12
28.05 -00.10
28.33 -00.07
28.62 -00.04
28.90 -00.01
29.19 00.02
29.48 00.05
29.78 00.08
30.08 00.11
30.38 00.13
30.68 00.16
30.99 00.19
31.30 00.22
31.61 00.25
31.93 00.28
32.24 00.31
32.57 00.34
32.89 00.37
33.22 00.40
33.55 00.43
33.89 00.46
34.23 00.49
34.57 00.53
34.92 00.56
35.27 00.59
35.62 00.62
35.97 00.65
36.33 00.68
36.70 00.72
37.06 00.75
37.43 00.78
37.81 00.81
38.19 00.84
38.57 00.87
38.95 00.90
39.34 00.93
39.74 00.96
40.14 00.99
40.54 01.02
40.94 01.05
41.35 01.08
41.76 01.11
42.18 01.13
42.60 01.16
43.03 01.19
43.46 01.21
43.90 01.23
44.33 01.25
44.78 01.28
45.23 01.30
45.68 01.31
46.13 01.33
46.60 01.35
47.06 01.37
47.53 01.38
48.01 01.40
48.49 01.41
48.97 01.43
49.46 01.44
49.96 01.46
50.46 01.47
50.96 01.48
51.47 01.49
51.99 01.50
52.51 01.51
53.03 01.52
53.56 01.53
54.10 01.53
54.64 01.54
55.18 01.54
55.74 01.54
56.29 01.55
56.86 01.55
57.42 01.55
58.00 01.55
58.58 01.54
59.16 01.54
59.76 01.54
60.35 01.54
60.96 01.54
61.57 01.54
62.18 01.54
62.80 01.55
63.43 01.55
64.07 01.56
64.71 01.57
65.35 01.59
66.01 01.61
66.67 01.63
67.33 01.65
68.01 01.67
68.69 01.70
69.37 01.73
70.07 01.76
70.77 01.79
71.48 01.81
72.19 01.84
72.91 01.86
73.64 01.88
74.38 01.90
75.12 01.91
75.87 01.92
76.63 01.93
77.40 01.94
78.17 01.94
78.95 01.94
79.74 01.94
80.54 01.94
81.35 01.94
82.16 01.93
82.98 01.93
83.81 01.92
84.65 01.92
85.50 01.91
86.35 01.91
87.22 01.90
88.09 01.89
88.97 01.88
89.86 01.88
90.76 01.87
91.66 01.86
92.58 01.85
93.51 01.85
94.44 01.84
95.39 01.83
96.34 01.82
97.30 01.81
98.28 01.81
99.26 01.80
100.25 01.80
101.25 01.79
102.27 01.78
103.29 01.78
104.32 01.77
105.37 01.77
106.42 01.77
107.48 01.76
108.56 01.76
109.64 01.76
110.74 01.76
111.85 01.76
112.97 01.76
114.10 01.76
115.24 01.76
116.39 01.76
117.55 01.76
118.73 01.76
119.92 01.75
121.12 01.75
122.33 01.75
123.55 01.74
124.79 01.74
126.03 01.73
127.29 01.73
128.57 01.73
129.85 01.72
131.15 01.72
132.46 01.72
133.79 01.71
135.12 01.71
136.48 01.71
137.84 01.71
139.22 01.71
140.61 01.70
142.02 01.70
143.44 01.70
144.87 01.70
146.32 01.70
147.78 01.70
149.26 01.71
150.75 01.71
152.26 01.72
153.78 01.73
155.32 01.74
156.88 01.74
158.44 01.75
160.03 01.76
161.63 01.78
163.24 01.79
164.88 01.82
166.53 01.83
168.19 01.84
169.87 01.85
171.57 01.87
173.29 01.88
175.02 01.89
176.77 01.91
178.54 01.92
180.32 01.93
182.13 01.95
183.95 01.97
185.79 01.98
187.65 02.00
189.52 02.01
191.42 02.04
193.33 02.05
195.27 02.07
197.22 02.08
199.19 02.10
201.18 02.11
203.19 02.13
205.23 02.13
207.28 02.15
209.35 02.16
211.44 02.17
213.56 02.17
215.69 02.18
217.85 02.18
220.03 02.17
222.23 02.16
224.45 02.15
226.70 02.12
228.96 02.09
231.25 02.06
233.57 02.01
235.90 01.96
238.26 01.90
240.64 01.85
243.05 01.79
245.48 01.74
247.93 01.71
250.41 01.67
252.92 01.65
255.45 01.65
258.00 01.66
260.58 01.68
263.19 01.71
265.82 01.75
268.48 01.80
271.16 01.84
273.87 01.88
276.61 01.93
279.38 01.97
282.17 02.01
284.99 02.04
287.84 02.07
290.72 02.10
293.63 02.14
296.57 02.18
299.53 02.21
302.53 02.25
305.55 02.29
308.61 02.33
311.69 02.38
314.81 02.41
317.96 02.46
321.14 02.49
324.35 02.53
327.59 02.56
330.87 02.58
334.18 02.61
337.52 02.64
340.90 02.65
344.30 02.67
347.75 02.68
351.23 02.69
354.74 02.69
358.28 02.69
361.87 02.69
365.49 02.68
369.14 02.67
372.83 02.64
376.56 02.62
380.33 02.60
384.13 02.57
387.97 02.55
391.85 02.52
395.77 02.50
399.73 02.48
403.72 02.46
407.76 02.44
411.84 02.43
415.96 02.40
420.12 02.38
424.32 02.35
428.56 02.33
432.85 02.30
437.18 02.26
441.55 02.22
445.96 02.17
450.42 02.11
454.93 02.05
459.48 01.97
464.07 01.89
468.71 01.81
473.40 01.74
478.13 01.66
482.91 01.59
487.74 01.52
492.62 01.48
497.55 01.43
502.52 01.38
507.55 01.35
512.62 01.30
517.75 01.25
522.93 01.20
528.16 01.12
533.44 01.04
538.77 00.93
544.16 00.81
549.60 00.69
555.10 00.54
560.65 00.39
566.25 00.24
571.92 00.10
577.64 -00.04
583.41 -00.16
589.25 -00.26
595.14 -00.35
601.09 -00.42
607.10 -00.48
613.17 -00.52
619.30 -00.56
625.50 -00.57
631.75 -00.56
638.07 -00.54
644.45 -00.51
650.89 -00.48
657.40 -00.44
663.98 -00.38
670.62 -00.33
677.32 -00.27
684.10 -00.20
690.94 -00.15
697.85 -00.09
704.83 -00.04
711.87 00.00
718.99 00.06
726.18 00.10
733.44 00.14
740.78 00.18
748.19 00.22
755.67 00.26
763.23 00.29
770.86 00.32
778.57 00.34
786.35 00.35
794.22 00.35
802.16 00.37
810.18 00.37
818.28 00.37
826.46 00.38
834.73 00.40
843.08 00.41
851.51 00.43
860.02 00.45
868.62 00.48
877.31 00.52
886.08 00.55
894.94 00.58
903.89 00.59
912.93 00.62
922.06 00.63
931.28 00.64
940.59 00.64
950.00 00.65
959.50 00.66
969.09 00.66
978.78 00.69
988.57 00.71
998.46 00.73
1008.44 00.76
1018.53 00.78
1028.71 00.79
1039.00 00.80
1049.39 00.81
1059.88 00.79
1070.48 00.78
1081.19 00.76
1092.00 00.72
1102.92 00.68
1113.95 00.63
1125.09 00.57
1136.34 00.48
1147.70 00.38
1159.18 00.25
1170.77 00.12
1182.48 -00.04
1194.30 -00.19
1206.25 -00.35
1218.31 -00.53
1230.49 -00.71
1242.80 -00.89
1255.22 -01.07
1267.78 -01.22
1280.45 -01.35
1293.26 -01.44
1306.19 -01.51
1319.25 -01.57
1332.45 -01.64
1345.77 -01.68
1359.23 -01.69
1372.82 -01.68
1386.55 -01.64
1400.41 -01.60
1414.42 -01.58
1428.56 -01.55
1442.85 -01.54
1457.28 -01.53
1471.85 -01.54
1486.57 -01.56
1501.43 -01.61
1516.45 -01.70
1531.61 -01.80
1546.93 -01.92
1562.40 -02.06
1578.02 -02.20
1593.80 -02.33
1609.74 -02.44
1625.84 -02.55
1642.10 -02.65
1658.52 -02.74
1675.10 -02.83
1691.85 -02.92
1708.77 -03.00
1725.86 -03.10
1743.12 -03.18
1760.55 -03.28
1778.15 -03.38
1795.94 -03.48
1813.90 -03.60
1832.03 -03.73
1850.36 -03.86
1868.86 -04.00
1887.55 -04.15
1906.42 -04.31
1925.49 -04.49
1944.74 -04.70
1964.19 -04.89
1983.83 -05.08
2003.67 -05.25
2023.71 -05.40
2043.94 -05.51
2064.38 -05.60
2085.03 -05.67
2105.88 -05.72
2126.94 -05.76
2148.20 -05.77
2169.69 -05.77
2191.38 -05.77
2213.30 -05.77
2235.43 -05.78
2257.78 -05.81
2280.36 -05.86
2303.17 -05.92
2326.20 -05.97
2349.46 -06.03
2372.95 -06.07
2396.68 -06.09
2420.65 -06.13
2444.86 -06.20
2469.31 -06.29
2494.00 -06.39
2518.94 -06.49
2544.13 -06.59
2569.57 -06.68
2595.27 -06.75
2621.22 -06.81
2647.43 -06.86
2673.90 -06.90
2700.64 -06.91
2727.65 -06.90
2754.93 -06.85
2782.48 -06.78
2810.30 -06.71
2838.40 -06.66
2866.79 -06.64
2895.46 -06.63
2924.41 -06.64
2953.65 -06.64
2983.19 -06.65
3013.02 -06.66
3043.15 -06.66
3073.58 -06.68
3104.32 -06.68
3135.36 -06.69
3166.72 -06.70
3198.38 -06.71
3230.37 -06.71
3262.67 -06.70
3295.30 -06.69
3328.25 -06.68
3361.53 -06.66
3395.15 -06.64
3429.10 -06.60
3463.39 -06.53
3498.03 -06.45
3533.01 -06.34
3568.34 -06.22
3604.02 -06.09
3640.06 -05.95
3676.46 -05.80
3713.22 -05.64
3750.36 -05.47
3787.86 -05.31
3825.74 -05.16
3864.00 -05.02
3902.64 -04.90
3941.66 -04.78
3981.08 -04.65
4020.89 -04.53
4061.10 -04.41
4101.71 -04.31
4142.73 -04.24
4184.15 -04.19
4226.00 -04.17
4268.26 -04.15
4310.94 -04.14
4354.05 -04.13
4397.59 -04.12
4441.56 -04.12
4485.98 -04.14
4530.84 -04.16
4576.15 -04.20
4621.91 -04.26
4668.13 -04.33
4714.81 -04.42
4761.96 -04.53
4809.58 -04.67
4857.67 -04.88
4906.25 -05.15
4955.31 -05.46
5004.87 -05.81
5054.91 -06.17
5105.46 -06.55
5156.52 -07.01
5208.08 -07.50
5260.16 -07.99
5312.77 -08.47
5365.89 -08.95
5419.55 -09.40
5473.75 -09.77
5528.49 -10.07
5583.77 -10.27
5639.61 -10.43
5696.00 -10.51
5752.96 -10.51
5810.49 -10.44
5868.60 -10.31
5927.28 -10.11
5986.56 -09.88
6046.42 -09.41
6106.89 -08.88
6167.96 -08.35
6229.64 -07.84
6291.93 -07.36
6354.85 -06.94
6418.40 -06.56
6482.58 -06.23
6547.41 -05.95
6612.88 -05.71
6679.01 -05.52
6745.80 -05.36
6813.26 -05.20
6881.39 -05.05
6950.21 -04.92
7019.71 -04.75
7089.91 -04.52
7160.81 -04.24
7232.41 -03.93
7304.74 -03.76
7377.79 -03.60
7451.56 -03.40
7526.08 -03.17
7601.34 -02.90
7677.35 -02.60
7754.13 -02.28
7831.67 -01.97
7909.98 -01.67
7989.08 -01.37
8068.98 -01.06
8149.67 -00.74
8231.16 -00.42
8313.47 -00.13
8396.61 00.09
8480.57 00.23
8565.38 00.32
8651.03 00.36
8737.54 00.35
8824.92 00.28
8913.17 00.14
9002.30 -00.06
9092.32 -00.33
9183.25 -00.66
9275.08 -01.02
9367.83 -01.41
9461.51 -01.82
9556.12 -02.24
9651.68 -02.69
9748.20 -03.14
9845.68 -03.58
9944.14 -03.98
10043.58 -04.34
10144.02 -04.68
10245.46 -05.03
10347.91 -05.29
10451.39 -05.48
10555.91 -05.61
10661.46 -05.69
10768.08 -05.73
10875.76 -05.77
10984.52 -05.80
11094.36 -05.86
11205.31 -05.96
11317.36 -06.04
11430.53 -06.12
11544.84 -06.20
11660.29 -06.29
11776.89 -06.43
11894.66 -06.64
12013.60 -06.91
12133.74 -07.19
12255.08 -07.50
12377.63 -07.77
12501.41 -07.96
12626.42 -08.06
12752.68 -08.06
12880.21 -08.00
13009.01 -07.86
13139.10 -07.65
13270.49 -07.40
13403.20 -07.16
13537.23 -06.97
13672.60 -06.85
13809.33 -06.80
13947.42 -06.83
14086.90 -06.94
14227.77 -07.16
14370.04 -07.50
14513.74 -08.00
14658.88 -08.71
14805.47 -09.45
14953.52 -10.15
15103.06 -10.76
15254.09 -11.17
15406.63 -11.38
15560.70 -11.39
15716.30 -11.25
15873.47 -11.00
16032.20 -10.69
16192.52 -10.38
16354.45 -10.08
16517.99 -09.77
16683.17 -09.45
16850.01 -09.11
17018.51 -08.74
17188.69 -08.39
17360.58 -08.08
17534.18 -07.85
17709.53 -07.72
17886.62 -07.67
18065.49 -07.73
18246.14 -07.86
18428.60 -08.09
18612.89 -08.42
18799.02 -08.88
18987.01 -09.48
19176.88 -10.22
19368.65 -11.14
19562.33 -12.19
19757.96 -13.29
19955.54 -14.34
20000.00 -14.55
