20.00 -06.40
20.20 -06.36
20.40 -06.32
20.61 -06.28
20.81 -06.25
21.02 -06.21
21.23 -06.18
21.44 -06.14
21.66 -06.11
21.87 -06.08
22.09 -06.05
22.31 -06.03
22.54 -06.00
22.76 -05.97
22.99 -05.94
23.22 -05.92
23.45 -05.89
23.69 -05.87
23.92 -05.84
24.16 -05.82
24.40 -05.79
24.65 -05.77
24.89 -05.74
25.14 -05.72
25.39 -05.70
25.65 -05.68
25.91 -05.66
26.16 -05.64
26.43 -05.62
26.69 -05.60
26.96 -05.58
27.23 -05.56
27.50 -05.54
27.77 -05.53
28.05 -05.51
28.33 -05.49
28.62 -05.48
28.90 -05.47
29.19 -05.45
29.48 -05.44
29.78 -05.43
30.08 -05.42
30.38 -05.41
30.68 -05.40
30.99 -05.40
31.30 -05.39
31.61 -05.38
31.93 -05.38
32.24 -05.37
32.57 -05.37
32.89 -05.37
33.22 -05.37
33.55 -05.37
33.89 -05.37
34.23 -05.37
34.57 -05.37
34.92 -05.38
35.27 -05.38
35.62 -05.39
35.97 -05.39
36.33 -05.40
36.70 -05.41
37.06 -05.42
37.43 -05.43
37.81 -05.44
38.19 -05.45
38.57 -05.46
38.95 -05.47
39.34 -05.47
39.74 -05.48
40.14 -05.49
40.54 -05.49
40.94 -05.50
41.35 -05.50
41.76 -05.50
42.18 -05.50
42.60 -05.49
43.03 -05.49
43.46 -05.48
43.90 -05.47
44.33 -05.47
44.78 -05.45
45.23 -05.44
45.68 -05.43
46.13 -05.41
46.60 -05.40
47.06 -05.38
47.53 -05.36
48.01 -05.34
48.49 -05.32
48.97 -05.30
49.46 -05.28
49.96 -05.25
50.46 -05.22
50.96 -05.20
51.47 -05.16
51.99 -05.13
52.51 -05.10
53.03 -05.06
53.56 -05.02
54.10 -04.98
54.64 -04.93
55.18 -04.89
55.74 -04.84
56.29 -04.79
56.86 -04.74
57.42 -04.69
58.00 -04.63
58.58 -04.58
59.16 -04.52
59.76 -04.46
60.35 -04.40
60.96 -04.34
61.57 -04.28
62.18 -04.22
62.80 -04.16
63.43 -04.10
64.07 -04.03
64.71 -03.97
65.35 -03.90
66.01 -03.83
66.67 -03.76
67.33 -03.69
68.01 -03.62
68.69 -03.55
69.37 -03.47
70.07 -03.40
70.77 -03.32
71.48 -03.25
72.19 -03.18
72.91 -03.13
73.64 -03.08
74.38 -03.03
75.12 -03.00
75.87 -02.98
76.63 -02.97
77.40 -02.96
78.17 -02.97
78.95 -02.98
79.74 -03.00
80.54 -03.03
81.35 -03.06
82.16 -03.09
82.98 -03.11
83.81 -03.14
84.65 -03.17
85.50 -03.20
86.35 -03.23
87.22 -03.26
88.09 -03.29
88.97 -03.32
89.86 -03.35
90.76 -03.38
91.66 -03.40
92.58 -03.43
93.51 -03.46
94.44 -03.48
95.39 -03.50
96.34 -03.51
97.30 -03.53
98.28 -03.54
99.26 -03.54
100.25 -03.55
101.25 -03.55
102.27 -03.54
103.29 -03.54
104.32 -03.54
105.37 -03.53
106.42 -03.53
107.48 -03.53
108.56 -03.53
109.64 -03.53
110.74 -03.53
111.85 -03.54
112.97 -03.54
114.10 -03.55
115.24 -03.56
116.39 -03.57
117.55 -03.58
118.73 -03.59
119.92 -03.60
121.12 -03.61
122.33 -03.62
123.55 -03.64
124.79 -03.65
126.03 -03.66
127.29 -03.68
128.57 -03.69
129.85 -03.71
131.15 -03.72
132.46 -03.73
133.79 -03.74
135.12 -03.76
136.48 -03.77
137.84 -03.78
139.22 -03.79
140.61 -03.81
142.02 -03.82
143.44 -03.83
144.87 -03.84
146.32 -03.85
147.78 -03.86
149.26 -03.87
150.75 -03.88
152.26 -03.88
153.78 -03.89
155.32 -03.89
156.88 -03.89
158.44 -03.89
160.03 -03.89
161.63 -03.87
163.24 -03.85
164.88 -03.82
166.53 -03.80
168.19 -03.78
169.87 -03.76
171.57 -03.72
173.29 -03.70
175.02 -03.68
176.77 -03.64
178.54 -03.62
180.32 -03.60
182.13 -03.58
183.95 -03.56
185.79 -03.55
187.65 -03.52
189.52 -03.51
191.42 -03.49
193.33 -03.48
195.27 -03.47
197.22 -03.46
199.19 -03.44
201.18 -03.44
203.19 -03.42
205.23 -03.42
207.28 -03.40
209.35 -03.40
211.44 -03.39
213.56 -03.38
215.69 -03.37
217.85 -03.36
220.03 -03.36
222.23 -03.35
224.45 -03.34
226.70 -03.34
228.96 -03.33
231.25 -03.32
233.57 -03.31
235.90 -03.30
238.26 -03.29
240.64 -03.27
243.05 -03.25
245.48 -03.23
247.93 -03.20
250.41 -03.18
252.92 -03.15
255.45 -03.12
258.00 -03.09
260.58 -03.07
263.19 -03.03
265.82 -03.01
268.48 -02.98
271.16 -02.96
273.87 -02.95
276.61 -02.92
279.38 -02.92
282.17 -02.90
284.99 -02.90
287.84 -02.89
290.72 -02.89
293.63 -02.89
296.57 -02.88
299.53 -02.89
302.53 -02.88
305.55 -02.88
308.61 -02.88
311.69 -02.87
314.81 -02.87
317.96 -02.86
321.14 -02.86
324.35 -02.85
327.59 -02.85
330.87 -02.85
334.18 -02.85
337.52 -02.84
340.90 -02.85
344.30 -02.85
347.75 -02.84
351.23 -02.83
354.74 -02.83
358.28 -02.82
361.87 -02.80
365.49 -02.79
369.14 -02.77
372.83 -02.76
376.56 -02.74
380.33 -02.72
384.13 -02.71
387.97 -02.68
391.85 -02.68
395.77 -02.66
399.73 -02.66
403.72 -02.65
407.76 -02.66
411.84 -02.66
415.96 -02.67
420.12 -02.67
424.32 -02.68
428.56 -02.67
432.85 -02.66
437.18 -02.66
441.55 -02.63
445.96 -02.60
450.42 -02.57
454.93 -02.53
459.48 -02.48
464.07 -02.44
468.71 -02.38
473.40 -02.32
478.13 -02.26
482.91 -02.21
487.74 -02.16
492.62 -02.10
497.55 -02.04
502.52 -01.98
507.55 -01.90
512.62 -01.83
517.75 -01.76
522.93 -01.67
528.16 -01.60
533.44 -01.51
538.77 -01.43
544.16 -01.36
549.60 -01.27
555.10 -01.20
560.65 -01.12
566.25 -01.07
571.92 -01.00
577.64 -00.95
583.41 -00.90
589.25 -00.86
595.14 -00.81
601.09 -00.77
607.10 -00.74
613.17 -00.70
619.30 -00.67
625.50 -00.64
631.75 -00.61
638.07 -00.59
644.45 -00.59
650.89 -00.61
657.40 -00.65
663.98 -00.68
670.62 -00.72
677.32 -00.76
684.10 -00.78
690.94 -00.81
697.85 -00.82
704.83 -00.84
711.87 -00.86
718.99 -00.86
726.18 -00.86
733.44 -00.86
740.78 -00.84
748.19 -00.82
755.67 -00.80
763.23 -00.80
770.86 -00.80
778.57 -00.81
786.35 -00.82
794.22 -00.82
802.16 -00.80
810.18 -00.79
818.28 -00.77
826.46 -00.75
834.73 -00.71
843.08 -00.68
851.51 -00.64
860.02 -00.59
868.62 -00.53
877.31 -00.47
886.08 -00.41
894.94 -00.36
903.89 -00.31
912.93 -00.24
922.06 -00.19
931.28 -00.14
940.59 -00.10
950.00 -00.06
959.50 -00.03
969.09 -00.02
978.78 00.00
988.57 00.01
998.46 00.01
1008.44 00.02
1018.53 00.04
1028.71 00.04
1039.00 00.07
1049.39 00.09
1059.88 00.11
1070.48 00.15
1081.19 00.19
1092.00 00.24
1102.92 00.31
1113.95 00.40
1125.09 00.51
1136.34 00.63
1147.70 00.77
1159.18 00.92
1170.77 01.08
1182.48 01.24
1194.30 01.42
1206.25 01.60
1218.31 01.78
1230.49 01.95
1242.80 02.10
1255.22 02.23
1267.78 02.34
1280.45 02.43
1293.26 02.51
1306.19 02.56
1319.25 02.60
1332.45 02.60
1345.77 02.58
1359.23 02.53
1372.82 02.44
1386.55 02.33
1400.41 02.19
1414.42 02.05
1428.56 01.88
1442.85 01.70
1457.28 01.51
1471.85 01.29
1486.57 01.07
1501.43 00.84
1516.45 00.62
1531.61 00.42
1546.93 00.22
1562.40 00.02
1578.02 -00.18
1593.80 -00.39
1609.74 -00.56
1625.84 -00.72
1642.10 -00.87
1658.52 -01.01
1675.10 -01.16
1691.85 -01.32
1708.77 -01.46
1725.86 -01.62
1743.12 -01.76
1760.55 -01.91
1778.15 -02.08
1795.94 -02.25
1813.90 -02.46
1832.03 -02.67
1850.36 -02.89
1868.86 -03.10
1887.55 -03.31
1906.42 -03.50
1925.49 -03.69
1944.74 -03.86
1964.19 -04.00
1983.83 -04.12
2003.67 -04.21
2023.71 -04.29
2043.94 -04.34
2064.38 -04.37
2085.03 -04.37
2105.88 -04.33
2126.94 -04.29
2148.20 -04.25
2169.69 -04.21
2191.38 -04.18
2213.30 -04.15
2235.43 -04.12
2257.78 -04.12
2280.36 -04.12
2303.17 -04.14
2326.20 -04.16
2349.46 -04.19
2372.95 -04.24
2396.68 -04.26
2420.65 -04.28
2444.86 -04.30
2469.31 -04.30
2494.00 -04.31
2518.94 -04.31
2544.13 -04.31
2569.57 -04.32
2595.27 -04.33
2621.22 -04.37
2647.43 -04.42
2673.90 -04.48
2700.64 -04.55
2727.65 -04.64
2754.93 -04.73
2782.48 -04.82
2810.30 -04.90
2838.40 -04.99
2866.79 -05.07
2895.46 -05.12
2924.41 -05.17
2953.65 -05.20
2983.19 -05.22
3013.02 -05.23
3043.15 -05.22
3073.58 -05.23
3104.32 -05.22
3135.36 -05.24
3166.72 -05.25
3198.38 -05.28
3230.37 -05.32
3262.67 -05.37
3295.30 -05.43
3328.25 -05.51
3361.53 -05.59
3395.15 -05.70
3429.10 -05.81
3463.39 -05.93
3498.03 -06.05
3533.01 -06.16
3568.34 -06.25
3604.02 -06.35
3640.06 -06.43
3676.46 -06.52
3713.22 -06.60
3750.36 -06.68
3787.86 -06.76
3825.74 -06.84
3864.00 -06.92
3902.64 -06.99
3941.66 -07.08
3981.08 -07.17
4020.89 -07.27
4061.10 -07.39
4101.71 -07.52
4142.73 -07.66
4184.15 -07.79
4226.00 -07.92
4268.26 -08.05
4310.94 -08.16
4354.05 -08.28
4397.59 -08.39
4441.56 -08.52
4485.98 -08.65
4530.84 -08.79
4576.15 -08.93
4621.91 -09.06
4668.13 -09.17
4714.81 -09.25
4761.96 -09.30
4809.58 -09.31
4857.67 -09.30
4906.25 -09.24
4955.31 -09.15
5004.87 -09.02
5054.91 -08.87
5105.46 -08.69
5156.52 -08.60
5208.08 -08.57
5260.16 -08.55
5312.77 -08.56
5365.89 -08.59
5419.55 -08.64
5473.75 -08.71
5528.49 -08.80
5583.77 -08.88
5639.61 -08.98
5696.00 -09.08
5752.96 -09.17
5810.49 -09.24
5868.60 -09.30
5927.28 -09.35
5986.56 -09.40
6046.42 -09.22
6106.89 -08.98
6167.96 -08.74
6229.64 -08.51
6291.93 -08.29
6354.85 -08.10
6418.40 -07.94
6482.58 -07.80
6547.41 -07.72
6612.88 -07.67
6679.01 -07.68
6745.80 -07.77
6813.26 -07.93
6881.39 -08.19
6950.21 -08.54
7019.71 -08.97
7089.91 -09.48
7160.81 -10.03
7232.41 -10.59
7304.74 -11.23
7377.79 -11.75
7451.56 -12.03
7526.08 -11.97
7601.34 -11.59
7677.35 -10.95
7754.13 -10.17
7831.67 -09.38
7909.98 -08.62
7989.08 -07.92
8068.98 -07.29
8149.67 -06.72
8231.16 -06.23
8313.47 -05.80
8396.61 -05.42
8480.57 -05.10
8565.38 -04.81
8651.03 -04.55
8737.54 -04.30
8824.92 -04.06
8913.17 -03.84
9002.30 -03.63
9092.32 -03.46
9183.25 -03.32
9275.08 -03.20
9367.83 -03.09
9461.51 -02.99
9556.12 -02.89
9651.68 -02.81
9748.20 -02.75
9845.68 -02.72
9944.14 -02.72
10043.58 -02.76
10144.02 -02.84
10245.46 -02.94
10347.91 -02.98
10451.39 -03.05
10555.91 -03.16
10661.46 -03.34
10768.08 -03.58
10875.76 -03.90
10984.52 -04.30
11094.36 -04.77
11205.31 -05.32
11317.36 -05.93
11430.53 -06.59
11544.84 -07.32
11660.29 -08.11
11776.89 -08.98
11894.66 -09.91
12013.60 -10.91
12133.74 -11.93
12255.08 -12.93
12377.63 -13.83
12501.41 -14.55
12626.42 -15.02
12752.68 -15.19
12880.21 -15.09
13009.01 -14.76
13139.10 -14.29
13270.49 -13.73
13403.20 -13.11
13537.23 -12.48
13672.60 -11.85
13809.33 -11.24
13947.42 -10.66
14086.90 -10.12
14227.77 -09.60
14370.04 -09.14
14513.74 -08.76
14658.88 -08.59
14805.47 -08.48
14953.52 -08.44
15103.06 -08.43
15254.09 -08.45
15406.63 -08.52
15560.70 -08.65
15716.30 -08.82
15873.47 -09.04
16032.20 -09.30
16192.52 -09.56
16354.45 -09.82
16517.99 -10.06
16683.17 -10.28
16850.01 -10.50
17018.51 -10.72
17188.69 -10.97
17360.58 -11.22
17534.18 -11.51
17709.53 -11.84
17886.62 -12.23
18065.49 -12.73
18246.14 -13.30
18428.60 -13.96
18612.89 -14.66
18799.02 -15.41
18987.01 -16.18
19176.88 -16.95
19368.65 -17.73
19562.33 -18.48
19757.96 -19.06
19955.54 -19.40
20000.00 -19.43
