20.00 -02.07
20.20 -02.02
20.40 -01.97
20.61 -01.93
20.81 -01.89
21.02 -01.85
21.23 -01.81
21.44 -01.78
21.66 -01.75
21.87 -01.72
22.09 -01.70
22.31 -01.67
22.54 -01.65
22.76 -01.63
22.99 -01.60
23.22 -01.58
23.45 -01.56
23.69 -01.54
23.92 -01.52
24.16 -01.50
24.40 -01.48
24.65 -01.46
24.89 -01.44
25.14 -01.42
25.39 -01.40
25.65 -01.38
25.91 -01.36
26.16 -01.35
26.43 -01.33
26.69 -01.31
26.96 -01.29
27.23 -01.27
27.50 -01.25
27.77 -01.23
28.05 -01.21
28.33 -01.19
28.62 -01.17
28.90 -01.15
29.19 -01.12
29.48 -01.10
29.78 -01.08
30.08 -01.05
30.38 -01.02
30.68 -00.99
30.99 -00.96
31.30 -00.93
31.61 -00.90
31.93 -00.87
32.24 -00.84
32.57 -00.80
32.89 -00.77
33.22 -00.73
33.55 -00.69
33.89 -00.66
34.23 -00.62
34.57 -00.58
34.92 -00.53
35.27 -00.49
35.62 -00.44
35.97 -00.40
36.33 -00.35
36.70 -00.30
37.06 -00.26
37.43 -00.21
37.81 -00.16
38.19 -00.10
38.57 -00.05
38.95 00.00
39.34 00.05
39.74 00.10
40.14 00.15
40.54 00.20
40.94 00.24
41.35 00.29
41.76 00.33
42.18 00.36
42.60 00.39
43.03 00.42
43.46 00.44
43.90 00.46
44.33 00.47
44.78 00.48
45.23 00.49
45.68 00.48
46.13 00.48
46.60 00.47
47.06 00.47
47.53 00.46
48.01 00.45
48.49 00.44
48.97 00.43
49.46 00.42
49.96 00.41
50.46 00.40
50.96 00.40
51.47 00.40
51.99 00.40
52.51 00.40
53.03 00.41
53.56 00.41
54.10 00.43
54.64 00.44
55.18 00.46
55.74 00.49
56.29 00.51
56.86 00.54
57.42 00.57
58.00 00.60
58.58 00.64
59.16 00.67
59.76 00.70
60.35 00.74
60.96 00.77
61.57 00.80
62.18 00.83
62.80 00.85
63.43 00.86
64.07 00.88
64.71 00.88
65.35 00.89
66.01 00.88
66.67 00.88
67.33 00.87
68.01 00.85
68.69 00.84
69.37 00.82
70.07 00.80
70.77 00.78
71.48 00.77
72.19 00.75
72.91 00.73
73.64 00.72
74.38 00.70
75.12 00.68
75.87 00.67
76.63 00.66
77.40 00.64
78.17 00.63
78.95 00.62
79.74 00.61
80.54 00.59
81.35 00.58
82.16 00.57
82.98 00.56
83.81 00.55
84.65 00.54
85.50 00.53
86.35 00.52
87.22 00.51
88.09 00.50
88.97 00.49
89.86 00.48
90.76 00.48
91.66 00.47
92.58 00.46
93.51 00.45
94.44 00.44
95.39 00.43
96.34 00.42
97.30 00.41
98.28 00.41
99.26 00.40
100.25 00.39
101.25 00.38
102.27 00.37
103.29 00.36
104.32 00.35
105.37 00.34
106.42 00.33
107.48 00.33
108.56 00.32
109.64 00.31
110.74 00.31
111.85 00.30
112.97 00.30
114.10 00.29
115.24 00.29
116.39 00.28
117.55 00.28
118.73 00.27
119.92 00.27
121.12 00.26
122.33 00.26
123.55 00.25
124.79 00.24
126.03 00.24
127.29 00.24
128.57 00.23
129.85 00.23
131.15 00.23
132.46 00.23
133.79 00.23
135.12 00.22
136.48 00.22
137.84 00.22
139.22 00.22
140.61 00.21
142.02 00.21
143.44 00.20
144.87 00.20
146.32 00.19
147.78 00.19
149.26 00.18
150.75 00.18
152.26 00.17
153.78 00.17
155.32 00.16
156.88 00.16
158.44 00.16
160.03 00.15
161.63 00.16
163.24 00.17
164.88 00.18
166.53 00.19
168.19 00.20
169.87 00.21
171.57 00.22
173.29 00.23
175.02 00.24
176.77 00.26
178.54 00.27
180.32 00.28
182.13 00.30
183.95 00.31
185.79 00.32
187.65 00.34
189.52 00.35
191.42 00.37
193.33 00.38
195.27 00.39
197.22 00.40
199.19 00.42
201.18 00.43
203.19 00.44
205.23 00.45
207.28 00.46
209.35 00.46
211.44 00.47
213.56 00.47
215.69 00.48
217.85 00.48
220.03 00.48
222.23 00.48
224.45 00.48
226.70 00.47
228.96 00.45
231.25 00.46
233.57 00.45
235.90 00.45
238.26 00.45
240.64 00.47
243.05 00.49
245.48 00.52
247.93 00.56
250.41 00.59
252.92 00.63
255.45 00.69
258.00 00.73
260.58 00.77
263.19 00.83
265.82 00.87
268.48 00.92
271.16 00.97
273.87 01.01
276.61 01.07
279.38 01.12
282.17 01.18
284.99 01.24
287.84 01.31
290.72 01.38
293.63 01.45
296.57 01.52
299.53 01.56
302.53 01.58
305.55 01.58
308.61 01.56
311.69 01.52
314.81 01.44
317.96 01.37
321.14 01.27
324.35 01.20
327.59 01.12
330.87 01.05
334.18 01.01
337.52 01.01
340.90 01.03
344.30 01.07
347.75 01.13
351.23 01.20
354.74 01.25
358.28 01.25
361.87 01.20
365.49 01.08
369.14 00.91
372.83 00.67
376.56 00.40
380.33 00.11
384.13 -00.20
387.97 -00.52
391.85 -00.82
395.77 -01.07
399.73 -01.26
403.72 -01.33
407.76 -01.30
411.84 -01.17
415.96 -00.99
420.12 -00.78
424.32 -00.57
428.56 -00.36
432.85 -00.17
437.18 00.00
441.55 00.16
445.96 00.31
450.42 00.44
454.93 00.57
459.48 00.69
464.07 00.80
468.71 00.92
473.40 01.04
478.13 01.16
482.91 01.27
487.74 01.39
492.62 01.49
497.55 01.57
502.52 01.62
507.55 01.66
512.62 01.68
517.75 01.68
522.93 01.68
528.16 01.66
533.44 01.64
538.77 01.61
544.16 01.58
549.60 01.58
555.10 01.58
560.65 01.61
566.25 01.65
571.92 01.71
577.64 01.76
583.41 01.82
589.25 01.88
595.14 01.94
601.09 01.99
607.10 02.03
613.17 02.07
619.30 02.09
625.50 02.12
631.75 02.14
638.07 02.14
644.45 02.15
650.89 02.14
657.40 02.14
663.98 02.16
670.62 02.19
677.32 02.22
684.10 02.25
690.94 02.26
697.85 02.24
704.83 02.15
711.87 01.99
718.99 01.76
726.18 01.46
733.44 01.09
740.78 00.68
748.19 00.24
755.67 -00.24
763.23 -00.77
770.86 -01.30
778.57 -01.81
786.35 -02.21
794.22 -02.40
802.16 -02.36
810.18 -02.18
818.28 -01.93
826.46 -01.68
834.73 -01.43
843.08 -01.21
851.51 -00.99
860.02 -00.76
868.62 -00.53
877.31 -00.30
886.08 -00.12
894.94 00.04
903.89 00.17
912.93 00.32
922.06 00.45
931.28 00.59
940.59 00.71
950.00 00.83
959.50 00.94
969.09 01.04
978.78 01.15
988.57 01.29
998.46 01.43
1008.44 01.60
1018.53 01.75
1028.71 01.87
1039.00 01.96
1049.39 02.00
1059.88 01.96
1070.48 01.86
1081.19 01.65
1092.00 01.34
1102.92 00.94
1113.95 00.46
1125.09 -00.08
1136.34 -00.68
1147.70 -01.33
1159.18 -02.01
1170.77 -02.67
1182.48 -03.25
1194.30 -03.59
1206.25 -03.66
1218.31 -03.47
1230.49 -03.14
1242.80 -02.83
1255.22 -02.60
1267.78 -02.42
1280.45 -02.29
1293.26 -02.17
1306.19 -02.09
1319.25 -02.06
1332.45 -02.08
1345.77 -02.15
1359.23 -02.24
1372.82 -02.36
1386.55 -02.51
1400.41 -02.72
1414.42 -02.98
1428.56 -03.30
1442.85 -03.67
1457.28 -04.08
1471.85 -04.50
1486.57 -04.94
1501.43 -05.37
1516.45 -05.77
1531.61 -06.12
1546.93 -06.42
1562.40 -06.61
1578.02 -06.68
1593.80 -06.67
1609.74 -06.57
1625.84 -06.44
1642.10 -06.30
1658.52 -06.15
1675.10 -06.05
1691.85 -05.97
1708.77 -05.93
1725.86 -05.91
1743.12 -05.89
1760.55 -05.87
1778.15 -05.85
1795.94 -05.82
1813.90 -05.78
1832.03 -05.74
1850.36 -05.72
1868.86 -05.74
1887.55 -05.75
1906.42 -05.74
1925.49 -05.71
1944.74 -05.65
1964.19 -05.55
1983.83 -05.44
2003.67 -05.33
2023.71 -05.23
2043.94 -05.10
2064.38 -04.95
2085.03 -04.77
2105.88 -04.55
2126.94 -04.35
2148.20 -04.18
2169.69 -04.04
2191.38 -03.92
2213.30 -03.80
2235.43 -03.66
2257.78 -03.52
2280.36 -03.36
2303.17 -03.19
2326.20 -03.02
2349.46 -02.85
2372.95 -02.69
2396.68 -02.52
2420.65 -02.37
2444.86 -02.22
2469.31 -02.07
2494.00 -01.95
2518.94 -01.83
2544.13 -01.74
2569.57 -01.67
2595.27 -01.61
2621.22 -01.56
2647.43 -01.51
2673.90 -01.43
2700.64 -01.34
2727.65 -01.28
2754.93 -01.21
2782.48 -01.14
2810.30 -01.06
2838.40 -01.00
2866.79 -00.95
2895.46 -00.89
2924.41 -00.86
2953.65 -00.83
2983.19 -00.84
3013.02 -00.87
3043.15 -00.91
3073.58 -00.96
3104.32 -01.00
3135.36 -01.07
3166.72 -01.15
3198.38 -01.24
3230.37 -01.31
3262.67 -01.39
3295.30 -01.46
3328.25 -01.52
3361.53 -01.57
3395.15 -01.62
3429.10 -01.66
3463.39 -01.71
3498.03 -01.77
3533.01 -01.81
3568.34 -01.82
3604.02 -01.81
3640.06 -01.79
3676.46 -01.78
3713.22 -01.78
3750.36 -01.78
3787.86 -01.78
3825.74 -01.77
3864.00 -01.75
3902.64 -01.74
3941.66 -01.74
3981.08 -01.75
4020.89 -01.79
4061.10 -01.84
4101.71 -01.88
4142.73 -01.91
4184.15 -01.92
4226.00 -01.92
4268.26 -01.93
4310.94 -01.95
4354.05 -01.98
4397.59 -02.01
4441.56 -02.03
4485.98 -02.07
4530.84 -02.10
4576.15 -02.14
4621.91 -02.19
4668.13 -02.26
4714.81 -02.37
4761.96 -02.52
4809.58 -02.70
4857.67 -02.89
4906.25 -03.10
4955.31 -03.32
5004.87 -03.57
5054.91 -03.88
5105.46 -04.24
5156.52 -04.73
5208.08 -05.30
5260.16 -05.89
5312.77 -06.47
5365.89 -06.98
5419.55 -07.40
5473.75 -07.73
5528.49 -07.98
5583.77 -08.15
5639.61 -08.28
5696.00 -08.40
5752.96 -08.50
5810.49 -08.53
5868.60 -08.49
5927.28 -08.35
5986.56 -08.20
6046.42 -07.85
6106.89 -07.50
6167.96 -07.16
6229.64 -06.74
6291.93 -06.20
6354.85 -05.56
6418.40 -04.87
6482.58 -04.18
6547.41 -03.48
6612.88 -02.70
6679.01 -01.86
6745.80 -01.01
6813.26 -00.19
6881.39 00.56
6950.21 01.26
7019.71 01.91
7089.91 02.50
7160.81 03.05
7232.41 03.60
7304.74 03.97
7377.79 04.29
7451.56 04.57
7526.08 04.81
7601.34 05.01
7677.35 05.18
7754.13 05.32
7831.67 05.42
7909.98 05.46
7989.08 05.44
8068.98 05.37
8149.67 05.23
8231.16 05.03
8313.47 04.76
8396.61 04.42
8480.57 04.02
8565.38 03.56
8651.03 03.06
8737.54 02.52
8824.92 01.95
8913.17 01.38
9002.30 00.80
9092.32 00.23
9183.25 -00.32
9275.08 -00.86
9367.83 -01.39
9461.51 -01.89
9556.12 -02.39
9651.68 -02.86
9748.20 -03.32
9845.68 -03.74
9944.14 -04.14
10043.58 -04.50
10144.02 -04.83
10245.46 -05.13
10347.91 -05.31
10451.39 -05.47
10555.91 -05.59
10661.46 -05.72
10768.08 -05.84
10875.76 -05.96
10984.52 -06.06
11094.36 -06.17
11205.31 -06.27
11317.36 -06.34
11430.53 -06.37
11544.84 -06.35
11660.29 -06.26
11776.89 -06.12
11894.66 -05.90
12013.60 -05.61
12133.74 -05.26
12255.08 -04.86
12377.63 -04.43
12501.41 -04.03
12626.42 -03.68
12752.68 -03.42
12880.21 -03.25
13009.01 -03.15
13139.10 -03.10
13270.49 -03.10
13403.20 -03.12
13537.23 -03.19
13672.60 -03.33
13809.33 -03.53
13947.42 -03.80
14086.90 -04.10
14227.77 -04.40
14370.04 -04.63
14513.74 -04.86
14658.88 -05.22
14805.47 -05.66
14953.52 -06.21
15103.06 -06.88
15254.09 -07.67
15406.63 -08.56
15560.70 -09.51
15716.30 -10.48
15873.47 -11.41
16032.20 -12.24
16192.52 -12.92
16354.45 -13.48
16517.99 -13.93
16683.17 -14.24
16850.01 -14.40
17018.51 -14.42
17188.69 -14.40
17360.58 -14.38
17534.18 -14.39
17709.53 -14.47
17886.62 -14.62
18065.49 -14.87
18246.14 -15.13
18428.60 -15.30
18612.89 -15.25
18799.02 -15.00
18987.01 -14.62
19176.88 -14.20
19368.65 -13.83
19562.33 -13.55
19757.96 -13.37
19955.54 -13.31
20000.00 -13.32
