20.00 00.08
20.20 00.08
20.40 00.09
20.61 00.09
20.81 00.09
21.02 00.10
21.23 00.10
21.44 00.10
21.66 00.11
21.87 00.11
22.09 00.11
22.31 00.11
22.54 00.11
22.76 00.11
22.99 00.11
23.22 00.11
23.45 00.11
23.69 00.10
23.92 00.10
24.16 00.10
24.40 00.10
24.65 00.09
24.89 00.09
25.14 00.08
25.39 00.08
25.65 00.07
25.91 00.07
26.16 00.06
26.43 00.06
26.69 00.05
26.96 00.05
27.23 00.04
27.50 00.03
27.77 00.03
28.05 00.02
28.33 00.02
28.62 00.01
28.90 00.01
29.19 00.00
29.48 00.00
29.78 -00.01
30.08 -00.01
30.38 -00.01
30.68 -00.01
30.99 -00.01
31.30 -00.01
31.61 -00.01
31.93 -00.01
32.24 -00.01
32.57 00.00
32.89 00.00
33.22 00.01
33.55 00.02
33.89 00.02
34.23 00.03
34.57 00.04
34.92 00.05
35.27 00.06
35.62 00.08
35.97 00.09
36.33 00.10
36.70 00.11
37.06 00.13
37.43 00.14
37.81 00.15
38.19 00.17
38.57 00.18
38.95 00.19
39.34 00.21
39.74 00.22
40.14 00.23
40.54 00.24
40.94 00.25
41.35 00.27
41.76 00.28
42.18 00.29
42.60 00.30
43.03 00.31
43.46 00.31
43.90 00.32
44.33 00.33
44.78 00.34
45.23 00.35
45.68 00.35
46.13 00.36
46.60 00.36
47.06 00.37
47.53 00.38
48.01 00.38
48.49 00.38
48.97 00.39
49.46 00.39
49.96 00.39
50.46 00.40
50.96 00.40
51.47 00.40
51.99 00.40
52.51 00.40
53.03 00.40
53.56 00.40
54.10 00.39
54.64 00.39
55.18 00.38
55.74 00.37
56.29 00.36
56.86 00.35
57.42 00.34
58.00 00.33
58.58 00.32
59.16 00.31
59.76 00.29
60.35 00.28
60.96 00.27
61.57 00.26
62.18 00.25
62.80 00.24
63.43 00.23
64.07 00.23
64.71 00.22
65.35 00.22
66.01 00.22
66.67 00.23
67.33 00.23
68.01 00.24
68.69 00.24
69.37 00.25
70.07 00.26
70.77 00.26
71.48 00.27
72.19 00.28
72.91 00.28
73.64 00.29
74.38 00.29
75.12 00.29
75.87 00.30
76.63 00.30
77.40 00.30
78.17 00.30
78.95 00.30
79.74 00.30
80.54 00.30
81.35 00.30
82.16 00.30
82.98 00.30
83.81 00.30
84.65 00.30
85.50 00.30
86.35 00.30
87.22 00.30
88.09 00.30
88.97 00.30
89.86 00.30
90.76 00.30
91.66 00.30
92.58 00.30
93.51 00.30
94.44 00.30
95.39 00.30
96.34 00.30
97.30 00.30
98.28 00.30
99.26 00.30
100.25 00.30
101.25 00.29
102.27 00.29
103.29 00.29
104.32 00.29
105.37 00.28
106.42 00.28
107.48 00.28
108.56 00.28
109.64 00.28
110.74 00.28
111.85 00.28
112.97 00.28
114.10 00.28
115.24 00.29
116.39 00.29
117.55 00.29
118.73 00.29
119.92 00.29
121.12 00.29
122.33 00.29
123.55 00.29
124.79 00.29
126.03 00.29
127.29 00.29
128.57 00.29
129.85 00.28
131.15 00.28
132.46 00.28
133.79 00.28
135.12 00.27
136.48 00.27
137.84 00.26
139.22 00.26
140.61 00.25
142.02 00.25
143.44 00.24
144.87 00.23
146.32 00.22
147.78 00.21
149.26 00.20
150.75 00.19
152.26 00.18
153.78 00.16
155.32 00.14
156.88 00.13
158.44 00.11
160.03 00.08
161.63 00.07
163.24 00.06
164.88 00.05
166.53 00.04
168.19 00.03
169.87 00.02
171.57 00.02
173.29 00.01
175.02 00.01
176.77 00.02
178.54 00.01
180.32 00.01
182.13 00.01
183.95 00.01
185.79 00.00
187.65 00.01
189.52 00.01
191.42 00.02
193.33 00.02
195.27 00.03
197.22 00.03
199.19 00.05
201.18 00.06
203.19 00.08
205.23 00.09
207.28 00.11
209.35 00.12
211.44 00.13
213.56 00.12
215.69 00.13
217.85 00.13
220.03 00.12
222.23 00.13
224.45 00.13
226.70 00.13
228.96 00.13
231.25 00.14
233.57 00.14
235.90 00.14
238.26 00.15
240.64 00.17
243.05 00.17
245.48 00.18
247.93 00.20
250.41 00.20
252.92 00.21
255.45 00.22
258.00 00.23
260.58 00.24
263.19 00.26
265.82 00.27
268.48 00.29
271.16 00.30
273.87 00.32
276.61 00.34
279.38 00.35
282.17 00.37
284.99 00.38
287.84 00.39
290.72 00.39
293.63 00.40
296.57 00.40
299.53 00.39
302.53 00.38
305.55 00.36
308.61 00.34
311.69 00.32
314.81 00.28
317.96 00.25
321.14 00.22
324.35 00.19
327.59 00.16
330.87 00.13
334.18 00.10
337.52 00.10
340.90 00.09
344.30 00.09
347.75 00.09
351.23 00.12
354.74 00.14
358.28 00.17
361.87 00.22
365.49 00.27
369.14 00.33
372.83 00.39
376.56 00.45
380.33 00.53
384.13 00.60
387.97 00.68
391.85 00.74
395.77 00.82
399.73 00.89
403.72 00.96
407.76 01.01
411.84 01.07
415.96 01.11
420.12 01.16
424.32 01.19
428.56 01.22
432.85 01.25
437.18 01.27
441.55 01.29
445.96 01.31
450.42 01.32
454.93 01.34
459.48 01.35
464.07 01.37
468.71 01.38
473.40 01.41
478.13 01.42
482.91 01.44
487.74 01.46
492.62 01.48
497.55 01.49
502.52 01.51
507.55 01.53
512.62 01.55
517.75 01.56
522.93 01.58
528.16 01.59
533.44 01.61
538.77 01.62
544.16 01.63
549.60 01.64
555.10 01.63
560.65 01.63
566.25 01.61
571.92 01.60
577.64 01.58
583.41 01.56
589.25 01.52
595.14 01.49
601.09 01.46
607.10 01.42
613.17 01.39
619.30 01.34
625.50 01.30
631.75 01.27
638.07 01.21
644.45 01.16
650.89 01.09
657.40 01.02
663.98 00.97
670.62 00.91
677.32 00.86
684.10 00.82
690.94 00.78
697.85 00.77
704.83 00.75
711.87 00.75
718.99 00.76
726.18 00.78
733.44 00.80
740.78 00.83
748.19 00.87
755.67 00.92
763.23 00.97
770.86 01.03
778.57 01.10
786.35 01.17
794.22 01.24
802.16 01.33
810.18 01.41
818.28 01.49
826.46 01.57
834.73 01.66
843.08 01.74
851.51 01.80
860.02 01.86
868.62 01.90
877.31 01.96
886.08 01.99
894.94 02.01
903.89 02.02
912.93 02.03
922.06 02.02
931.28 02.00
940.59 01.96
950.00 01.91
959.50 01.84
969.09 01.74
978.78 01.62
988.57 01.47
998.46 01.28
1008.44 01.07
1018.53 00.83
1028.71 00.56
1039.00 00.28
1049.39 -00.02
1059.88 -00.33
1070.48 -00.63
1081.19 -00.92
1092.00 -01.22
1102.92 -01.49
1113.95 -01.74
1125.09 -01.97
1136.34 -02.17
1147.70 -02.33
1159.18 -02.48
1170.77 -02.60
1182.48 -02.73
1194.30 -02.82
1206.25 -02.90
1218.31 -02.96
1230.49 -03.01
1242.80 -03.05
1255.22 -03.10
1267.78 -03.15
1280.45 -03.21
1293.26 -03.27
1306.19 -03.34
1319.25 -03.42
1332.45 -03.51
1345.77 -03.59
1359.23 -03.67
1372.82 -03.75
1386.55 -03.82
1400.41 -03.88
1414.42 -03.94
1428.56 -03.98
1442.85 -04.01
1457.28 -04.02
1471.85 -04.03
1486.57 -04.04
1501.43 -04.05
1516.45 -04.06
1531.61 -04.07
1546.93 -04.08
1562.40 -04.08
1578.02 -04.08
1593.80 -04.07
1609.74 -04.04
1625.84 -04.03
1642.10 -04.02
1658.52 -04.00
1675.10 -03.99
1691.85 -03.98
1708.77 -03.94
1725.86 -03.91
1743.12 -03.86
1760.55 -03.81
1778.15 -03.76
1795.94 -03.72
1813.90 -03.69
1832.03 -03.66
1850.36 -03.62
1868.86 -03.57
1887.55 -03.53
1906.42 -03.50
1925.49 -03.48
1944.74 -03.49
1964.19 -03.50
1983.83 -03.53
2003.67 -03.55
2023.71 -03.57
2043.94 -03.59
2064.38 -03.62
2085.03 -03.66
2105.88 -03.70
2126.94 -03.75
2148.20 -03.78
2169.69 -03.81
2191.38 -03.83
2213.30 -03.85
2235.43 -03.86
2257.78 -03.89
2280.36 -03.92
2303.17 -03.95
2326.20 -03.96
2349.46 -04.00
2372.95 -04.03
2396.68 -04.07
2420.65 -04.11
2444.86 -04.15
2469.31 -04.18
2494.00 -04.22
2518.94 -04.25
2544.13 -04.28
2569.57 -04.32
2595.27 -04.35
2621.22 -04.38
2647.43 -04.41
2673.90 -04.43
2700.64 -04.45
2727.65 -04.48
2754.93 -04.52
2782.48 -04.56
2810.30 -04.58
2838.40 -04.63
2866.79 -04.68
2895.46 -04.73
2924.41 -04.79
2953.65 -04.85
2983.19 -04.92
3013.02 -05.00
3043.15 -05.09
3073.58 -05.19
3104.32 -05.28
3135.36 -05.38
3166.72 -05.48
3198.38 -05.61
3230.37 -05.72
3262.67 -05.83
3295.30 -05.95
3328.25 -06.07
3361.53 -06.19
3395.15 -06.32
3429.10 -06.44
3463.39 -06.55
3498.03 -06.68
3533.01 -06.79
3568.34 -06.91
3604.02 -07.03
3640.06 -07.16
3676.46 -07.30
3713.22 -07.43
3750.36 -07.56
3787.86 -07.69
3825.74 -07.82
3864.00 -07.94
3902.64 -08.05
3941.66 -08.16
3981.08 -08.27
4020.89 -08.37
4061.10 -08.47
4101.71 -08.55
4142.73 -08.64
4184.15 -08.71
4226.00 -08.79
4268.26 -08.87
4310.94 -08.94
4354.05 -09.02
4397.59 -09.09
4441.56 -09.16
4485.98 -09.22
4530.84 -09.27
4576.15 -09.32
4621.91 -09.35
4668.13 -09.37
4714.81 -09.36
4761.96 -09.32
4809.58 -09.24
4857.67 -09.11
4906.25 -08.95
4955.31 -08.75
5004.87 -08.51
5054.91 -08.24
5105.46 -07.94
5156.52 -07.70
5208.08 -07.51
5260.16 -07.31
5312.77 -07.13
5365.89 -06.96
5419.55 -06.81
5473.75 -06.68
5528.49 -06.58
5583.77 -06.48
5639.61 -06.41
5696.00 -06.34
5752.96 -06.29
5810.49 -06.23
5868.60 -06.16
5927.28 -06.07
5986.56 -05.98
6046.42 -05.63
6106.89 -05.19
6167.96 -04.72
6229.64 -04.23
6291.93 -03.71
6354.85 -03.18
6418.40 -02.64
6482.58 -02.08
6547.41 -01.53
6612.88 -00.97
6679.01 -00.42
6745.80 00.13
6813.26 00.68
6881.39 01.22
6950.21 01.76
7019.71 02.29
7089.91 02.80
7160.81 03.31
7232.41 03.79
7304.74 04.10
7377.79 04.35
7451.56 04.57
7526.08 04.75
7601.34 04.88
7677.35 04.96
7754.13 04.99
7831.67 04.97
7909.98 04.88
7989.08 04.73
8068.98 04.53
8149.67 04.27
8231.16 03.96
8313.47 03.61
8396.61 03.22
8480.57 02.79
8565.38 02.34
8651.03 01.86
8737.54 01.39
8824.92 00.91
8913.17 00.45
9002.30 00.00
9092.32 -00.44
9183.25 -00.87
9275.08 -01.29
9367.83 -01.70
9461.51 -02.11
9556.12 -02.50
9651.68 -02.87
9748.20 -03.21
9845.68 -03.50
9944.14 -03.74
10043.58 -03.94
10144.02 -04.09
10245.46 -04.19
10347.91 -04.18
10451.39 -04.16
10555.91 -04.13
10661.46 -04.12
10768.08 -04.16
10875.76 -04.24
10984.52 -04.38
11094.36 -04.59
11205.31 -04.89
11317.36 -05.27
11430.53 -05.74
11544.84 -06.29
11660.29 -06.93
11776.89 -07.66
11894.66 -08.44
12013.60 -09.21
12133.74 -09.78
12255.08 -09.88
12377.63 -09.42
12501.41 -08.56
12626.42 -07.56
12752.68 -06.57
12880.21 -05.72
13009.01 -05.00
13139.10 -04.40
13270.49 -03.91
13403.20 -03.49
13537.23 -03.14
13672.60 -02.86
13809.33 -02.63
13947.42 -02.46
14086.90 -02.31
14227.77 -02.16
14370.04 -01.97
14513.74 -01.77
14658.88 -01.67
14805.47 -01.57
14953.52 -01.49
15103.06 -01.44
15254.09 -01.42
15406.63 -01.44
15560.70 -01.49
15716.30 -01.56
15873.47 -01.66
16032.20 -01.81
16192.52 -02.00
16354.45 -02.21
16517.99 -02.43
16683.17 -02.61
16850.01 -02.75
17018.51 -02.83
17188.69 -02.89
17360.58 -02.91
17534.18 -02.90
17709.53 -02.86
17886.62 -02.74
18065.49 -02.57
18246.14 -02.36
18428.60 -02.16
18612.89 -01.98
18799.02 -01.86
18987.01 -01.79
19176.88 -01.78
19368.65 -01.84
19562.33 -01.97
19757.96 -02.19
19955.54 -02.52
20000.00 -02.61
