20.00 -01.24
20.20 -01.15
20.40 -01.07
20.61 -00.99
20.81 -00.92
21.02 -00.85
21.23 -00.78
21.44 -00.71
21.66 -00.64
21.87 -00.58
22.09 -00.52
22.31 -00.46
22.54 -00.39
22.76 -00.34
22.99 -00.28
23.22 -00.22
23.45 -00.16
23.69 -00.10
23.92 -00.04
24.16 00.01
24.40 00.07
24.65 00.13
24.89 00.19
25.14 00.24
25.39 00.30
25.65 00.35
25.91 00.41
26.16 00.46
26.43 00.52
26.69 00.57
26.96 00.62
27.23 00.67
27.50 00.72
27.77 00.77
28.05 00.82
28.33 00.87
28.62 00.92
28.90 00.97
29.19 01.01
29.48 01.06
29.78 01.10
30.08 01.15
30.38 01.19
30.68 01.23
30.99 01.27
31.30 01.31
31.61 01.35
31.93 01.38
32.24 01.42
32.57 01.46
32.89 01.49
33.22 01.53
33.55 01.56
33.89 01.60
34.23 01.63
34.57 01.67
34.92 01.70
35.27 01.74
35.62 01.77
35.97 01.81
36.33 01.84
36.70 01.87
37.06 01.91
37.43 01.94
37.81 01.98
38.19 02.01
38.57 02.04
38.95 02.08
39.34 02.11
39.74 02.14
40.14 02.17
40.54 02.21
40.94 02.24
41.35 02.27
41.76 02.30
42.18 02.34
42.60 02.37
43.03 02.40
43.46 02.43
43.90 02.47
44.33 02.50
44.78 02.53
45.23 02.56
45.68 02.60
46.13 02.63
46.60 02.66
47.06 02.69
47.53 02.73
48.01 02.76
48.49 02.79
48.97 02.82
49.46 02.86
49.96 02.89
50.46 02.92
50.96 02.95
51.47 02.98
51.99 03.01
52.51 03.04
53.03 03.07
53.56 03.10
54.10 03.13
54.64 03.16
55.18 03.19
55.74 03.22
56.29 03.25
56.86 03.28
57.42 03.31
58.00 03.33
58.58 03.36
59.16 03.39
59.76 03.42
60.35 03.44
60.96 03.47
61.57 03.50
62.18 03.52
62.80 03.55
63.43 03.57
64.07 03.60
64.71 03.62
65.35 03.65
66.01 03.67
66.67 03.70
67.33 03.72
68.01 03.74
68.69 03.77
69.37 03.79
70.07 03.81
70.77 03.83
71.48 03.86
72.19 03.88
72.91 03.90
73.64 03.92
74.38 03.94
75.12 03.96
75.87 03.98
76.63 04.01
77.40 04.03
78.17 04.05
78.95 04.07
79.74 04.09
80.54 04.11
81.35 04.12
82.16 04.14
82.98 04.16
83.81 04.18
84.65 04.19
85.50 04.21
86.35 04.22
87.22 04.23
88.09 04.24
88.97 04.25
89.86 04.26
90.76 04.27
91.66 04.28
92.58 04.29
93.51 04.30
94.44 04.30
95.39 04.31
96.34 04.31
97.30 04.32
98.28 04.32
99.26 04.32
100.25 04.32
101.25 04.33
102.27 04.33
103.29 04.33
104.32 04.33
105.37 04.32
106.42 04.32
107.48 04.32
108.56 04.31
109.64 04.31
110.74 04.30
111.85 04.29
112.97 04.29
114.10 04.28
115.24 04.27
116.39 04.26
117.55 04.25
118.73 04.24
119.92 04.23
121.12 04.21
122.33 04.20
123.55 04.19
124.79 04.18
126.03 04.16
127.29 04.15
128.57 04.14
129.85 04.12
131.15 04.11
132.46 04.09
133.79 04.08
135.12 04.06
136.48 04.04
137.84 04.02
139.22 04.00
140.61 03.98
142.02 03.96
143.44 03.94
144.87 03.92
146.32 03.89
147.78 03.87
149.26 03.84
150.75 03.81
152.26 03.78
153.78 03.75
155.32 03.72
156.88 03.68
158.44 03.65
160.03 03.62
161.63 03.60
163.24 03.58
164.88 03.57
166.53 03.55
168.19 03.53
169.87 03.50
171.57 03.49
173.29 03.47
175.02 03.44
176.77 03.43
178.54 03.40
180.32 03.37
182.13 03.36
183.95 03.33
185.79 03.30
187.65 03.28
189.52 03.25
191.42 03.23
193.33 03.20
195.27 03.18
197.22 03.14
199.19 03.11
201.18 03.07
203.19 03.03
205.23 02.98
207.28 02.93
209.35 02.88
211.44 02.83
213.56 02.77
215.69 02.72
217.85 02.67
220.03 02.61
222.23 02.57
224.45 02.54
226.70 02.49
228.96 02.46
231.25 02.43
233.57 02.40
235.90 02.38
238.26 02.35
240.64 02.34
243.05 02.32
245.48 02.31
247.93 02.31
250.41 02.30
252.92 02.29
255.45 02.30
258.00 02.31
260.58 02.31
263.19 02.33
265.82 02.33
268.48 02.35
271.16 02.36
273.87 02.36
276.61 02.38
279.38 02.38
282.17 02.39
284.99 02.39
287.84 02.40
290.72 02.39
293.63 02.40
296.57 02.41
299.53 02.42
302.53 02.43
305.55 02.42
308.61 02.43
311.69 02.43
314.81 02.41
317.96 02.41
321.14 02.39
324.35 02.37
327.59 02.33
330.87 02.29
334.18 02.24
337.52 02.20
340.90 02.14
344.30 02.08
347.75 02.01
351.23 01.96
354.74 01.89
358.28 01.82
361.87 01.75
365.49 01.68
369.14 01.62
372.83 01.55
376.56 01.48
380.33 01.43
384.13 01.36
387.97 01.32
391.85 01.26
395.77 01.23
399.73 01.19
403.72 01.16
407.76 01.13
411.84 01.12
415.96 01.09
420.12 01.09
424.32 01.07
428.56 01.06
432.85 01.04
437.18 01.01
441.55 00.99
445.96 00.97
450.42 00.93
454.93 00.91
459.48 00.87
464.07 00.83
468.71 00.78
473.40 00.75
478.13 00.70
482.91 00.65
487.74 00.60
492.62 00.55
497.55 00.49
502.52 00.44
507.55 00.39
512.62 00.34
517.75 00.29
522.93 00.26
528.16 00.23
533.44 00.22
538.77 00.21
544.16 00.22
549.60 00.24
555.10 00.27
560.65 00.31
566.25 00.34
571.92 00.38
577.64 00.41
583.41 00.46
589.25 00.49
595.14 00.53
601.09 00.57
607.10 00.60
613.17 00.64
619.30 00.68
625.50 00.73
631.75 00.78
638.07 00.83
644.45 00.88
650.89 00.92
657.40 00.95
663.98 01.00
670.62 01.05
677.32 01.09
684.10 01.13
690.94 01.17
697.85 01.21
704.83 01.24
711.87 01.26
718.99 01.29
726.18 01.29
733.44 01.29
740.78 01.28
748.19 01.28
755.67 01.26
763.23 01.23
770.86 01.21
778.57 01.18
786.35 01.14
794.22 01.11
802.16 01.08
810.18 01.04
818.28 01.01
826.46 00.98
834.73 00.95
843.08 00.91
851.51 00.87
860.02 00.83
868.62 00.78
877.31 00.74
886.08 00.69
894.94 00.64
903.89 00.58
912.93 00.54
922.06 00.49
931.28 00.44
940.59 00.39
950.00 00.35
959.50 00.30
969.09 00.25
978.78 00.20
988.57 00.16
998.46 00.09
1008.44 00.04
1018.53 -00.02
1028.71 -00.09
1039.00 -00.14
1049.39 -00.19
1059.88 -00.25
1070.48 -00.30
1081.19 -00.35
1092.00 -00.39
1102.92 -00.43
1113.95 -00.46
1125.09 -00.50
1136.34 -00.55
1147.70 -00.60
1159.18 -00.66
1170.77 -00.72
1182.48 -00.80
1194.30 -00.87
1206.25 -00.95
1218.31 -01.03
1230.49 -01.12
1242.80 -01.21
1255.22 -01.32
1267.78 -01.43
1280.45 -01.54
1293.26 -01.64
1306.19 -01.74
1319.25 -01.84
1332.45 -01.95
1345.77 -02.05
1359.23 -02.15
1372.82 -02.26
1386.55 -02.37
1400.41 -02.47
1414.42 -02.56
1428.56 -02.65
1442.85 -02.74
1457.28 -02.82
1471.85 -02.91
1486.57 -03.00
1501.43 -03.09
1516.45 -03.19
1531.61 -03.26
1546.93 -03.35
1562.40 -03.42
1578.02 -03.48
1593.80 -03.52
1609.74 -03.54
1625.84 -03.56
1642.10 -03.57
1658.52 -03.57
1675.10 -03.57
1691.85 -03.56
1708.77 -03.53
1725.86 -03.49
1743.12 -03.44
1760.55 -03.39
1778.15 -03.35
1795.94 -03.29
1813.90 -03.25
1832.03 -03.21
1850.36 -03.17
1868.86 -03.14
1887.55 -03.10
1906.42 -03.06
1925.49 -03.03
1944.74 -03.02
1964.19 -02.99
1983.83 -02.97
2003.67 -02.95
2023.71 -02.92
2043.94 -02.89
2064.38 -02.86
2085.03 -02.83
2105.88 -02.78
2126.94 -02.75
2148.20 -02.72
2169.69 -02.69
2191.38 -02.66
2213.30 -02.64
2235.43 -02.60
2257.78 -02.57
2280.36 -02.54
2303.17 -02.51
2326.20 -02.48
2349.46 -02.45
2372.95 -02.43
2396.68 -02.41
2420.65 -02.40
2444.86 -02.39
2469.31 -02.37
2494.00 -02.37
2518.94 -02.37
2544.13 -02.39
2569.57 -02.43
2595.27 -02.47
2621.22 -02.53
2647.43 -02.60
2673.90 -02.66
2700.64 -02.72
2727.65 -02.80
2754.93 -02.88
2782.48 -02.96
2810.30 -03.03
2838.40 -03.12
2866.79 -03.20
2895.46 -03.29
2924.41 -03.38
2953.65 -03.47
2983.19 -03.58
3013.02 -03.69
3043.15 -03.79
3073.58 -03.90
3104.32 -04.01
3135.36 -04.12
3166.72 -04.23
3198.38 -04.35
3230.37 -04.46
3262.67 -04.57
3295.30 -04.68
3328.25 -04.78
3361.53 -04.87
3395.15 -04.98
3429.10 -05.08
3463.39 -05.18
3498.03 -05.30
3533.01 -05.42
3568.34 -05.56
3604.02 -05.72
3640.06 -05.89
3676.46 -06.08
3713.22 -06.29
3750.36 -06.50
3787.86 -06.73
3825.74 -06.97
3864.00 -07.21
3902.64 -07.47
3941.66 -07.71
3981.08 -07.94
4020.89 -08.14
4061.10 -08.30
4101.71 -08.39
4142.73 -08.42
4184.15 -08.37
4226.00 -08.17
4268.26 -07.80
4310.94 -07.22
4354.05 -06.49
4397.59 -05.70
4441.56 -04.94
4485.98 -04.27
4530.84 -03.70
4576.15 -03.23
4621.91 -02.86
4668.13 -02.56
4714.81 -02.34
4761.96 -02.19
4809.58 -02.12
4857.67 -02.13
4906.25 -02.21
4955.31 -02.35
5004.87 -02.51
5054.91 -02.65
5105.46 -02.75
5156.52 -02.86
5208.08 -02.91
5260.16 -02.87
5312.77 -02.71
5365.89 -02.46
5419.55 -02.13
5473.75 -01.78
5528.49 -01.43
5583.77 -01.09
5639.61 -00.81
5696.00 -00.60
5752.96 -00.45
5810.49 -00.37
5868.60 -00.39
5927.28 -00.49
5986.56 -00.70
6046.42 -00.77
6106.89 -00.87
6167.96 -01.06
6229.64 -01.34
6291.93 -01.70
6354.85 -02.14
6418.40 -02.65
6482.58 -03.21
6547.41 -03.84
6612.88 -04.51
6679.01 -05.23
6745.80 -06.02
6813.26 -06.87
6881.39 -07.78
6950.21 -08.71
7019.71 -09.59
7089.91 -10.29
7160.81 -10.65
7232.41 -10.57
7304.74 -10.19
7377.79 -09.51
7451.56 -08.64
7526.08 -07.70
7601.34 -06.74
7677.35 -05.78
7754.13 -04.85
7831.67 -03.96
7909.98 -03.13
7989.08 -02.37
8068.98 -01.69
8149.67 -01.09
8231.16 -00.57
8313.47 -00.11
8396.61 00.28
8480.57 00.61
8565.38 00.87
8651.03 01.05
8737.54 01.17
8824.92 01.22
8913.17 01.22
9002.30 01.15
9092.32 01.05
9183.25 00.90
9275.08 00.72
9367.83 00.51
9461.51 00.28
9556.12 00.03
9651.68 -00.22
9748.20 -00.48
9845.68 -00.74
9944.14 -00.99
10043.58 -01.23
10144.02 -01.47
10245.46 -01.69
10347.91 -01.82
10451.39 -01.94
10555.91 -02.05
10661.46 -02.17
10768.08 -02.28
10875.76 -02.39
10984.52 -02.48
11094.36 -02.57
11205.31 -02.65
11317.36 -02.71
11430.53 -02.77
11544.84 -02.80
11660.29 -02.81
11776.89 -02.80
11894.66 -02.77
12013.60 -02.73
12133.74 -02.67
12255.08 -02.59
12377.63 -02.49
12501.41 -02.37
12626.42 -02.23
12752.68 -02.07
12880.21 -01.94
13009.01 -01.82
13139.10 -01.74
13270.49 -01.68
13403.20 -01.65
13537.23 -01.63
13672.60 -01.63
13809.33 -01.64
13947.42 -01.69
14086.90 -01.77
14227.77 -01.87
14370.04 -01.98
14513.74 -02.11
14658.88 -02.35
14805.47 -02.58
14953.52 -02.80
15103.06 -03.04
15254.09 -03.29
15406.63 -03.58
15560.70 -03.89
15716.30 -04.20
15873.47 -04.51
16032.20 -04.82
16192.52 -05.11
16354.45 -05.41
16517.99 -05.71
16683.17 -06.00
16850.01 -06.29
17018.51 -06.56
17188.69 -06.84
17360.58 -07.12
17534.18 -07.43
17709.53 -07.79
17886.62 -08.16
18065.49 -08.56
18246.14 -08.96
18428.60 -09.37
18612.89 -09.78
18799.02 -10.24
18987.01 -10.73
19176.88 -11.26
19368.65 -11.83
19562.33 -12.45
19757.96 -13.11
19955.54 -13.81
20000.00 -13.97
