20.00 -03.89
20.20 -03.80
20.40 -03.72
20.61 -03.64
20.81 -03.57
21.02 -03.50
21.23 -03.44
21.44 -03.37
21.66 -03.31
21.87 -03.26
22.09 -03.21
22.31 -03.16
22.54 -03.11
22.76 -03.07
22.99 -03.03
23.22 -03.00
23.45 -02.97
23.69 -02.93
23.92 -02.91
24.16 -02.88
24.40 -02.86
24.65 -02.84
24.89 -02.82
25.14 -02.80
25.39 -02.79
25.65 -02.78
25.91 -02.76
26.16 -02.75
26.43 -02.74
26.69 -02.73
26.96 -02.72
27.23 -02.71
27.50 -02.70
27.77 -02.68
28.05 -02.67
28.33 -02.66
28.62 -02.64
28.90 -02.62
29.19 -02.59
29.48 -02.57
29.78 -02.54
30.08 -02.50
30.38 -02.46
30.68 -02.41
30.99 -02.36
31.30 -02.30
31.61 -02.24
31.93 -02.18
32.24 -02.11
32.57 -02.03
32.89 -01.94
33.22 -01.85
33.55 -01.76
33.89 -01.66
34.23 -01.55
34.57 -01.44
34.92 -01.32
35.27 -01.20
35.62 -01.08
35.97 -00.95
36.33 -00.81
36.70 -00.67
37.06 -00.53
37.43 -00.38
37.81 -00.24
38.19 -00.09
38.57 00.06
38.95 00.20
39.34 00.34
39.74 00.49
40.14 00.63
40.54 00.76
40.94 00.88
41.35 01.00
41.76 01.10
42.18 01.20
42.60 01.28
43.03 01.35
43.46 01.40
43.90 01.45
44.33 01.48
44.78 01.50
45.23 01.51
45.68 01.52
46.13 01.51
46.60 01.50
47.06 01.49
47.53 01.48
48.01 01.46
48.49 01.45
48.97 01.43
49.46 01.41
49.96 01.40
50.46 01.39
50.96 01.39
51.47 01.39
51.99 01.39
52.51 01.41
53.03 01.42
53.56 01.45
54.10 01.49
54.64 01.53
55.18 01.57
55.74 01.63
56.29 01.69
56.86 01.75
57.42 01.82
58.00 01.89
58.58 01.96
59.16 02.03
59.76 02.11
60.35 02.18
60.96 02.25
61.57 02.32
62.18 02.39
62.80 02.45
63.43 02.50
64.07 02.55
64.71 02.60
65.35 02.64
66.01 02.68
66.67 02.71
67.33 02.74
68.01 02.76
68.69 02.79
69.37 02.81
70.07 02.83
70.77 02.85
71.48 02.86
72.19 02.88
72.91 02.89
73.64 02.91
74.38 02.92
75.12 02.93
75.87 02.94
76.63 02.94
77.40 02.95
78.17 02.95
78.95 02.96
79.74 02.96
80.54 02.97
81.35 02.97
82.16 02.98
82.98 02.98
83.81 02.98
84.65 02.99
85.50 02.99
86.35 02.99
87.22 02.99
88.09 03.00
88.97 03.00
89.86 03.00
90.76 03.00
91.66 03.00
92.58 03.00
93.51 03.00
94.44 03.00
95.39 03.00
96.34 03.00
97.30 02.99
98.28 02.99
99.26 02.98
100.25 02.97
101.25 02.96
102.27 02.95
103.29 02.94
104.32 02.93
105.37 02.92
106.42 02.92
107.48 02.91
108.56 02.90
109.64 02.90
110.74 02.89
111.85 02.89
112.97 02.89
114.10 02.88
115.24 02.88
116.39 02.87
117.55 02.86
118.73 02.85
119.92 02.84
121.12 02.82
122.33 02.80
123.55 02.78
124.79 02.76
126.03 02.73
127.29 02.70
128.57 02.67
129.85 02.64
131.15 02.60
132.46 02.57
133.79 02.53
135.12 02.50
136.48 02.48
137.84 02.46
139.22 02.45
140.61 02.45
142.02 02.46
143.44 02.47
144.87 02.48
146.32 02.49
147.78 02.50
149.26 02.51
150.75 02.51
152.26 02.51
153.78 02.49
155.32 02.47
156.88 02.44
158.44 02.40
160.03 02.36
161.63 02.32
163.24 02.28
164.88 02.26
166.53 02.23
168.19 02.21
169.87 02.20
171.57 02.21
173.29 02.21
175.02 02.22
176.77 02.24
178.54 02.24
180.32 02.24
182.13 02.25
183.95 02.25
185.79 02.24
187.65 02.23
189.52 02.21
191.42 02.20
193.33 02.17
195.27 02.15
197.22 02.12
199.19 02.11
201.18 02.09
203.19 02.08
205.23 02.06
207.28 02.05
209.35 02.02
211.44 02.00
213.56 01.96
215.69 01.94
217.85 01.93
220.03 01.92
222.23 01.95
224.45 01.99
226.70 02.04
228.96 02.10
231.25 02.18
233.57 02.26
235.90 02.35
238.26 02.45
240.64 02.55
243.05 02.64
245.48 02.71
247.93 02.77
250.41 02.82
252.92 02.84
255.45 02.87
258.00 02.88
260.58 02.88
263.19 02.88
265.82 02.87
268.48 02.86
271.16 02.83
273.87 02.80
276.61 02.79
279.38 02.76
282.17 02.74
284.99 02.72
287.84 02.70
290.72 02.68
293.63 02.66
296.57 02.65
299.53 02.63
302.53 02.61
305.55 02.59
308.61 02.57
311.69 02.55
314.81 02.51
317.96 02.47
321.14 02.41
324.35 02.36
327.59 02.29
330.87 02.21
334.18 02.12
337.52 02.04
340.90 01.94
344.30 01.83
347.75 01.72
351.23 01.62
354.74 01.51
358.28 01.41
361.87 01.33
365.49 01.25
369.14 01.18
372.83 01.11
376.56 01.05
380.33 01.01
384.13 00.96
387.97 00.92
391.85 00.87
395.77 00.82
399.73 00.77
403.72 00.72
407.76 00.66
411.84 00.61
415.96 00.55
420.12 00.50
424.32 00.45
428.56 00.41
432.85 00.37
437.18 00.33
441.55 00.31
445.96 00.30
450.42 00.29
454.93 00.30
459.48 00.32
464.07 00.35
468.71 00.39
473.40 00.45
478.13 00.51
482.91 00.58
487.74 00.65
492.62 00.73
497.55 00.79
502.52 00.85
507.55 00.92
512.62 00.97
517.75 01.01
522.93 01.05
528.16 01.08
533.44 01.12
538.77 01.14
544.16 01.17
549.60 01.20
555.10 01.23
560.65 01.27
566.25 01.30
571.92 01.35
577.64 01.38
583.41 01.42
589.25 01.44
595.14 01.47
601.09 01.49
607.10 01.49
613.17 01.49
619.30 01.47
625.50 01.43
631.75 01.38
638.07 01.30
644.45 01.19
650.89 01.04
657.40 00.87
663.98 00.70
670.62 00.50
677.32 00.30
684.10 00.12
690.94 -00.06
697.85 -00.20
704.83 -00.33
711.87 -00.42
718.99 -00.47
726.18 -00.50
733.44 -00.49
740.78 -00.46
748.19 -00.40
755.67 -00.34
763.23 -00.27
770.86 -00.20
778.57 -00.14
786.35 -00.07
794.22 00.00
802.16 00.08
810.18 00.14
818.28 00.18
826.46 00.20
834.73 00.19
843.08 00.15
851.51 00.10
860.02 00.03
868.62 -00.05
877.31 -00.14
886.08 -00.25
894.94 -00.37
903.89 -00.49
912.93 -00.59
922.06 -00.66
931.28 -00.70
940.59 -00.71
950.00 -00.70
959.50 -00.67
969.09 -00.65
978.78 -00.60
988.57 -00.55
998.46 -00.51
1008.44 -00.47
1018.53 -00.43
1028.71 -00.42
1039.00 -00.40
1049.39 -00.39
1059.88 -00.39
1070.48 -00.39
1081.19 -00.38
1092.00 -00.39
1102.92 -00.39
1113.95 -00.38
1125.09 -00.37
1136.34 -00.37
1147.70 -00.34
1159.18 -00.31
1170.77 -00.28
1182.48 -00.26
1194.30 -00.24
1206.25 -00.24
1218.31 -00.25
1230.49 -00.27
1242.80 -00.29
1255.22 -00.32
1267.78 -00.34
1280.45 -00.36
1293.26 -00.39
1306.19 -00.45
1319.25 -00.53
1332.45 -00.65
1345.77 -00.78
1359.23 -00.92
1372.82 -01.04
1386.55 -01.15
1400.41 -01.24
1414.42 -01.33
1428.56 -01.42
1442.85 -01.51
1457.28 -01.56
1471.85 -01.57
1486.57 -01.52
1501.43 -01.44
1516.45 -01.34
1531.61 -01.23
1546.93 -01.14
1562.40 -01.07
1578.02 -01.01
1593.80 -00.95
1609.74 -00.86
1625.84 -00.78
1642.10 -00.70
1658.52 -00.62
1675.10 -00.55
1691.85 -00.49
1708.77 -00.42
1725.86 -00.37
1743.12 -00.31
1760.55 -00.26
1778.15 -00.22
1795.94 -00.17
1813.90 -00.14
1832.03 -00.12
1850.36 -00.11
1868.86 -00.12
1887.55 -00.14
1906.42 -00.19
1925.49 -00.25
1944.74 -00.33
1964.19 -00.42
1983.83 -00.52
2003.67 -00.64
2023.71 -00.79
2043.94 -00.94
2064.38 -01.07
2085.03 -01.18
2105.88 -01.25
2126.94 -01.30
2148.20 -01.33
2169.69 -01.34
2191.38 -01.32
2213.30 -01.28
2235.43 -01.21
2257.78 -01.14
2280.36 -01.06
2303.17 -00.98
2326.20 -00.93
2349.46 -00.91
2372.95 -00.92
2396.68 -00.94
2420.65 -00.99
2444.86 -01.07
2469.31 -01.15
2494.00 -01.26
2518.94 -01.36
2544.13 -01.49
2569.57 -01.62
2595.27 -01.76
2621.22 -01.91
2647.43 -02.05
2673.90 -02.18
2700.64 -02.27
2727.65 -02.35
2754.93 -02.43
2782.48 -02.49
2810.30 -02.55
2838.40 -02.62
2866.79 -02.71
2895.46 -02.79
2924.41 -02.89
2953.65 -02.99
2983.19 -03.12
3013.02 -03.27
3043.15 -03.42
3073.58 -03.58
3104.32 -03.72
3135.36 -03.82
3166.72 -03.85
3198.38 -03.80
3230.37 -03.69
3262.67 -03.53
3295.30 -03.35
3328.25 -03.16
3361.53 -02.95
3395.15 -02.74
3429.10 -02.53
3463.39 -02.36
3498.03 -02.24
3533.01 -02.16
3568.34 -02.14
3604.02 -02.15
3640.06 -02.19
3676.46 -02.24
3713.22 -02.31
3750.36 -02.38
3787.86 -02.47
3825.74 -02.57
3864.00 -02.67
3902.64 -02.76
3941.66 -02.85
3981.08 -02.93
4020.89 -03.00
4061.10 -03.09
4101.71 -03.19
4142.73 -03.31
4184.15 -03.44
4226.00 -03.58
4268.26 -03.72
4310.94 -03.88
4354.05 -04.06
4397.59 -04.24
4441.56 -04.44
4485.98 -04.63
4530.84 -04.82
4576.15 -05.02
4621.91 -05.21
4668.13 -05.39
4714.81 -05.56
4761.96 -05.71
4809.58 -05.84
4857.67 -05.96
4906.25 -06.08
4955.31 -06.19
5004.87 -06.28
5054.91 -06.35
5105.46 -06.37
5156.52 -06.42
5208.08 -06.43
5260.16 -06.38
5312.77 -06.26
5365.89 -06.08
5419.55 -05.82
5473.75 -05.47
5528.49 -05.02
5583.77 -04.46
5639.61 -03.86
5696.00 -03.28
5752.96 -02.74
5810.49 -02.24
5868.60 -01.79
5927.28 -01.36
5986.56 -00.96
6046.42 -00.36
6106.89 00.28
6167.96 00.85
6229.64 01.33
6291.93 01.73
6354.85 02.09
6418.40 02.42
6482.58 02.69
6547.41 02.86
6612.88 02.94
6679.01 02.92
6745.80 02.84
6813.26 02.74
6881.39 02.62
6950.21 02.54
7019.71 02.48
7089.91 02.46
7160.81 02.43
7232.41 02.44
7304.74 02.39
7377.79 02.43
7451.56 02.52
7526.08 02.59
7601.34 02.60
7677.35 02.56
7754.13 02.49
7831.67 02.40
7909.98 02.31
7989.08 02.20
8068.98 02.08
8149.67 01.96
8231.16 01.84
8313.47 01.74
8396.61 01.68
8480.57 01.63
8565.38 01.58
8651.03 01.50
8737.54 01.38
8824.92 01.24
8913.17 01.10
9002.30 00.95
9092.32 00.79
9183.25 00.62
9275.08 00.45
9367.83 00.28
9461.51 00.11
9556.12 -00.07
9651.68 -00.26
9748.20 -00.46
9845.68 -00.67
9944.14 -00.89
10043.58 -01.11
10144.02 -01.32
10245.46 -01.51
10347.91 -01.61
10451.39 -01.69
10555.91 -01.72
10661.46 -01.70
10768.08 -01.61
10875.76 -01.46
10984.52 -01.28
11094.36 -01.09
11205.31 -00.87
11317.36 -00.61
11430.53 -00.30
11544.84 00.08
11660.29 00.53
11776.89 01.02
11894.66 01.55
12013.60 02.08
12133.74 02.59
12255.08 03.07
12377.63 03.52
12501.41 03.93
12626.42 04.30
12752.68 04.62
12880.21 04.89
13009.01 05.12
13139.10 05.30
13270.49 05.42
13403.20 05.49
13537.23 05.53
13672.60 05.54
13809.33 05.55
13947.42 05.53
14086.90 05.51
14227.77 05.45
14370.04 05.35
14513.74 05.16
14658.88 04.78
14805.47 04.35
14953.52 03.87
15103.06 03.35
15254.09 02.78
15406.63 02.13
15560.70 01.42
15716.30 00.67
15873.47 -00.07
16032.20 -00.74
16192.52 -01.29
16354.45 -01.71
16517.99 -02.01
16683.17 -02.22
16850.01 -02.38
17018.51 -02.51
17188.69 -02.65
17360.58 -02.81
17534.18 -03.01
17709.53 -03.28
17886.62 -03.59
18065.49 -03.99
18246.14 -04.46
18428.60 -05.04
18612.89 -05.71
18799.02 -06.49
18987.01 -07.36
19176.88 -08.31
19368.65 -09.37
19562.33 -10.52
19757.96 -11.77
19955.54 -13.13
20000.00 -13.45
