20.00 -02.47
20.20 -02.39
20.40 -02.32
20.61 -02.25
20.81 -02.18
21.02 -02.12
21.23 -02.06
21.44 -02.00
21.66 -01.94
21.87 -01.88
22.09 -01.83
22.31 -01.77
22.54 -01.72
22.76 -01.66
22.99 -01.61
23.22 -01.56
23.45 -01.51
23.69 -01.45
23.92 -01.40
24.16 -01.35
24.40 -01.30
24.65 -01.25
24.89 -01.20
25.14 -01.15
25.39 -01.10
25.65 -01.05
25.91 -01.00
26.16 -00.96
26.43 -00.91
26.69 -00.86
26.96 -00.82
27.23 -00.77
27.50 -00.73
27.77 -00.68
28.05 -00.64
28.33 -00.60
28.62 -00.55
28.90 -00.51
29.19 -00.47
29.48 -00.43
29.78 -00.39
30.08 -00.36
30.38 -00.32
30.68 -00.28
30.99 -00.25
31.30 -00.21
31.61 -00.18
31.93 -00.14
32.24 -00.11
32.57 -00.08
32.89 -00.04
33.22 -00.01
33.55 00.02
33.89 00.06
34.23 00.09
34.57 00.12
34.92 00.16
35.27 00.19
35.62 00.22
35.97 00.25
36.33 00.28
36.70 00.31
37.06 00.34
37.43 00.37
37.81 00.40
38.19 00.43
38.57 00.45
38.95 00.48
39.34 00.50
39.74 00.53
40.14 00.55
40.54 00.58
40.94 00.60
41.35 00.62
41.76 00.64
42.18 00.66
42.60 00.67
43.03 00.69
43.46 00.70
43.90 00.71
44.33 00.73
44.78 00.74
45.23 00.75
45.68 00.76
46.13 00.76
46.60 00.77
47.06 00.78
47.53 00.79
48.01 00.80
48.49 00.81
48.97 00.82
49.46 00.83
49.96 00.83
50.46 00.84
50.96 00.85
51.47 00.86
51.99 00.87
52.51 00.88
53.03 00.89
53.56 00.91
54.10 00.92
54.64 00.93
55.18 00.94
55.74 00.95
56.29 00.96
56.86 00.98
57.42 00.99
58.00 01.00
58.58 01.01
59.16 01.03
59.76 01.04
60.35 01.06
60.96 01.07
61.57 01.09
62.18 01.11
62.80 01.13
63.43 01.15
64.07 01.18
64.71 01.22
65.35 01.26
66.01 01.30
66.67 01.35
67.33 01.40
68.01 01.46
68.69 01.52
69.37 01.59
70.07 01.66
70.77 01.72
71.48 01.79
72.19 01.85
72.91 01.91
73.64 01.96
74.38 02.01
75.12 02.06
75.87 02.10
76.63 02.13
77.40 02.17
78.17 02.19
78.95 02.22
79.74 02.24
80.54 02.25
81.35 02.27
82.16 02.28
82.98 02.29
83.81 02.30
84.65 02.31
85.50 02.31
86.35 02.31
87.22 02.31
88.09 02.31
88.97 02.31
89.86 02.31
90.76 02.30
91.66 02.29
92.58 02.29
93.51 02.28
94.44 02.27
95.39 02.26
96.34 02.25
97.30 02.24
98.28 02.22
99.26 02.21
100.25 02.20
101.25 02.18
102.27 02.17
103.29 02.16
104.32 02.14
105.37 02.13
106.42 02.12
107.48 02.12
108.56 02.11
109.64 02.11
110.74 02.11
111.85 02.11
112.97 02.11
114.10 02.11
115.24 02.11
116.39 02.11
117.55 02.11
118.73 02.10
119.92 02.10
121.12 02.09
122.33 02.08
123.55 02.07
124.79 02.06
126.03 02.05
127.29 02.04
128.57 02.02
129.85 02.01
131.15 02.00
132.46 01.98
133.79 01.97
135.12 01.96
136.48 01.94
137.84 01.93
139.22 01.91
140.61 01.90
142.02 01.89
143.44 01.88
144.87 01.86
146.32 01.85
147.78 01.84
149.26 01.83
150.75 01.81
152.26 01.80
153.78 01.78
155.32 01.77
156.88 01.75
158.44 01.73
160.03 01.72
161.63 01.71
163.24 01.70
164.88 01.70
166.53 01.69
168.19 01.68
169.87 01.67
171.57 01.67
173.29 01.65
175.02 01.64
176.77 01.63
178.54 01.61
180.32 01.60
182.13 01.59
183.95 01.57
185.79 01.56
187.65 01.55
189.52 01.53
191.42 01.53
193.33 01.51
195.27 01.51
197.22 01.49
199.19 01.49
201.18 01.47
203.19 01.46
205.23 01.45
207.28 01.44
209.35 01.42
211.44 01.41
213.56 01.38
215.69 01.36
217.85 01.35
220.03 01.32
222.23 01.29
224.45 01.27
226.70 01.24
228.96 01.21
231.25 01.18
233.57 01.16
235.90 01.13
238.26 01.10
240.64 01.09
243.05 01.07
245.48 01.04
247.93 01.03
250.41 01.01
252.92 00.99
255.45 00.98
258.00 00.96
260.58 00.94
263.19 00.92
265.82 00.90
268.48 00.88
271.16 00.86
273.87 00.84
276.61 00.83
279.38 00.81
282.17 00.80
284.99 00.78
287.84 00.78
290.72 00.77
293.63 00.77
296.57 00.77
299.53 00.77
302.53 00.77
305.55 00.76
308.61 00.76
311.69 00.76
314.81 00.74
317.96 00.73
321.14 00.71
324.35 00.69
327.59 00.67
330.87 00.63
334.18 00.60
337.52 00.57
340.90 00.54
344.30 00.50
347.75 00.46
351.23 00.43
354.74 00.38
358.28 00.34
361.87 00.31
365.49 00.26
369.14 00.23
372.83 00.18
376.56 00.14
380.33 00.11
384.13 00.06
387.97 00.03
391.85 -00.02
395.77 -00.06
399.73 -00.11
403.72 -00.15
407.76 -00.21
411.84 -00.26
415.96 -00.31
420.12 -00.36
424.32 -00.43
428.56 -00.48
432.85 -00.54
437.18 -00.61
441.55 -00.66
445.96 -00.71
450.42 -00.77
454.93 -00.81
459.48 -00.84
464.07 -00.87
468.71 -00.89
473.40 -00.88
478.13 -00.87
482.91 -00.86
487.74 -00.84
492.62 -00.80
497.55 -00.77
502.52 -00.73
507.55 -00.69
512.62 -00.65
517.75 -00.61
522.93 -00.56
528.16 -00.53
533.44 -00.48
538.77 -00.44
544.16 -00.40
549.60 -00.34
555.10 -00.30
560.65 -00.25
566.25 -00.21
571.92 -00.16
577.64 -00.12
583.41 -00.07
589.25 -00.04
595.14 00.01
601.09 00.05
607.10 00.07
613.17 00.10
619.30 00.12
625.50 00.15
631.75 00.18
638.07 00.19
644.45 00.20
650.89 00.19
657.40 00.18
663.98 00.18
670.62 00.18
677.32 00.17
684.10 00.18
690.94 00.19
697.85 00.20
704.83 00.21
711.87 00.22
718.99 00.23
726.18 00.24
733.44 00.25
740.78 00.26
748.19 00.28
755.67 00.29
763.23 00.30
770.86 00.32
778.57 00.32
786.35 00.33
794.22 00.33
802.16 00.35
810.18 00.35
818.28 00.35
826.46 00.35
834.73 00.36
843.08 00.36
851.51 00.35
860.02 00.34
868.62 00.33
877.31 00.33
886.08 00.32
894.94 00.32
903.89 00.32
912.93 00.35
922.06 00.36
931.28 00.38
940.59 00.39
950.00 00.41
959.50 00.42
969.09 00.43
978.78 00.43
988.57 00.43
998.46 00.41
1008.44 00.39
1018.53 00.36
1028.71 00.33
1039.00 00.31
1049.39 00.28
1059.88 00.25
1070.48 00.22
1081.19 00.20
1092.00 00.17
1102.92 00.15
1113.95 00.13
1125.09 00.11
1136.34 00.08
1147.70 00.06
1159.18 00.03
1170.77 00.00
1182.48 -00.04
1194.30 -00.08
1206.25 -00.11
1218.31 -00.15
1230.49 -00.20
1242.80 -00.24
1255.22 -00.29
1267.78 -00.34
1280.45 -00.38
1293.26 -00.41
1306.19 -00.44
1319.25 -00.47
1332.45 -00.52
1345.77 -00.55
1359.23 -00.58
1372.82 -00.61
1386.55 -00.64
1400.41 -00.67
1414.42 -00.70
1428.56 -00.73
1442.85 -00.77
1457.28 -00.81
1471.85 -00.85
1486.57 -00.89
1501.43 -00.94
1516.45 -00.99
1531.61 -01.03
1546.93 -01.09
1562.40 -01.15
1578.02 -01.21
1593.80 -01.28
1609.74 -01.33
1625.84 -01.39
1642.10 -01.45
1658.52 -01.49
1675.10 -01.54
1691.85 -01.59
1708.77 -01.61
1725.86 -01.65
1743.12 -01.66
1760.55 -01.69
1778.15 -01.71
1795.94 -01.72
1813.90 -01.74
1832.03 -01.76
1850.36 -01.79
1868.86 -01.82
1887.55 -01.85
1906.42 -01.88
1925.49 -01.92
1944.74 -01.98
1964.19 -02.03
1983.83 -02.07
2003.67 -02.12
2023.71 -02.16
2043.94 -02.20
2064.38 -02.25
2085.03 -02.30
2105.88 -02.33
2126.94 -02.38
2148.20 -02.44
2169.69 -02.49
2191.38 -02.55
2213.30 -02.60
2235.43 -02.65
2257.78 -02.72
2280.36 -02.78
2303.17 -02.83
2326.20 -02.88
2349.46 -02.93
2372.95 -02.98
2396.68 -03.02
2420.65 -03.06
2444.86 -03.10
2469.31 -03.13
2494.00 -03.17
2518.94 -03.20
2544.13 -03.24
2569.57 -03.27
2595.27 -03.29
2621.22 -03.32
2647.43 -03.35
2673.90 -03.36
2700.64 -03.37
2727.65 -03.38
2754.93 -03.39
2782.48 -03.40
2810.30 -03.40
2838.40 -03.42
2866.79 -03.44
2895.46 -03.46
2924.41 -03.49
2953.65 -03.53
2983.19 -03.59
3013.02 -03.65
3043.15 -03.71
3073.58 -03.79
3104.32 -03.86
3135.36 -03.95
3166.72 -04.04
3198.38 -04.14
3230.37 -04.25
3262.67 -04.37
3295.30 -04.49
3328.25 -04.62
3361.53 -04.76
3395.15 -04.92
3429.10 -05.08
3463.39 -05.26
3498.03 -05.46
3533.01 -05.67
3568.34 -05.90
3604.02 -06.14
3640.06 -06.38
3676.46 -06.64
3713.22 -06.89
3750.36 -07.13
3787.86 -07.35
3825.74 -07.56
3864.00 -07.75
3902.64 -07.90
3941.66 -08.00
3981.08 -08.05
4020.89 -08.05
4061.10 -08.00
4101.71 -07.92
4142.73 -07.81
4184.15 -07.68
4226.00 -07.53
4268.26 -07.36
4310.94 -07.19
4354.05 -07.01
4397.59 -06.83
4441.56 -06.67
4485.98 -06.52
4530.84 -06.40
4576.15 -06.29
4621.91 -06.20
4668.13 -06.11
4714.81 -06.04
4761.96 -05.97
4809.58 -05.91
4857.67 -05.87
4906.25 -05.82
4955.31 -05.79
5004.87 -05.75
5054.91 -05.69
5105.46 -05.63
5156.52 -05.65
5208.08 -05.69
5260.16 -05.74
5312.77 -05.79
5365.89 -05.83
5419.55 -05.87
5473.75 -05.89
5528.49 -05.90
5583.77 -05.89
5639.61 -05.88
5696.00 -05.86
5752.96 -05.85
5810.49 -05.84
5868.60 -05.84
5927.28 -05.82
5986.56 -05.79
6046.42 -05.50
6106.89 -05.12
6167.96 -04.74
6229.64 -04.37
6291.93 -04.03
6354.85 -03.71
6418.40 -03.42
6482.58 -03.13
6547.41 -02.86
6612.88 -02.60
6679.01 -02.36
6745.80 -02.16
6813.26 -02.01
6881.39 -01.91
6950.21 -01.83
7019.71 -01.75
7089.91 -01.62
7160.81 -01.41
7232.41 -01.14
7304.74 -00.99
7377.79 -00.86
7451.56 -00.73
7526.08 -00.58
7601.34 -00.37
7677.35 -00.10
7754.13 00.25
7831.67 00.64
7909.98 01.02
7989.08 01.36
8068.98 01.65
8149.67 01.91
8231.16 02.16
8313.47 02.40
8396.61 02.59
8480.57 02.65
8565.38 02.57
8651.03 02.35
8737.54 02.00
8824.92 01.54
8913.17 00.98
9002.30 00.33
9092.32 -00.45
9183.25 -01.40
9275.08 -02.59
9367.83 -04.03
9461.51 -05.64
9556.12 -07.11
9651.68 -08.09
9748.20 -08.57
9845.68 -08.84
9944.14 -09.10
10043.58 -09.40
10144.02 -09.76
10245.46 -10.21
10347.91 -10.68
10451.39 -11.25
10555.91 -11.91
10661.46 -12.64
10768.08 -13.35
10875.76 -13.93
10984.52 -14.23
11094.36 -14.21
11205.31 -13.95
11317.36 -13.53
11430.53 -13.04
11544.84 -12.49
11660.29 -11.91
11776.89 -11.36
11894.66 -10.87
12013.60 -10.45
12133.74 -10.09
12255.08 -09.83
12377.63 -09.65
12501.41 -09.54
12626.42 -09.50
12752.68 -09.53
12880.21 -09.67
13009.01 -09.88
13139.10 -10.14
13270.49 -10.42
13403.20 -10.65
13537.23 -10.74
13672.60 -10.59
13809.33 -10.17
13947.42 -09.53
14086.90 -08.81
14227.77 -08.12
14370.04 -07.49
14513.74 -06.95
14658.88 -06.60
14805.47 -06.26
14953.52 -05.91
15103.06 -05.53
15254.09 -05.15
15406.63 -04.80
15560.70 -04.51
15716.30 -04.27
15873.47 -04.08
16032.20 -03.93
16192.52 -03.82
16354.45 -03.76
16517.99 -03.77
16683.17 -03.86
16850.01 -04.03
17018.51 -04.28
17188.69 -04.63
17360.58 -05.02
17534.18 -05.46
17709.53 -05.97
17886.62 -06.55
18065.49 -07.20
18246.14 -07.91
18428.60 -08.66
18612.89 -09.37
18799.02 -10.05
18987.01 -10.64
19176.88 -11.10
19368.65 -11.39
19562.33 -11.52
19757.96 -11.53
19955.54 -11.49
20000.00 -11.48
