20.00 01.79
20.20 01.86
20.40 01.93
20.61 02.01
20.81 02.07
21.02 02.14
21.23 02.21
21.44 02.27
21.66 02.33
21.87 02.39
22.09 02.45
22.31 02.51
22.54 02.57
22.76 02.62
22.99 02.68
23.22 02.73
23.45 02.78
23.69 02.84
23.92 02.89
24.16 02.94
24.40 02.99
24.65 03.04
24.89 03.09
25.14 03.13
25.39 03.18
25.65 03.22
25.91 03.27
26.16 03.31
26.43 03.35
26.69 03.39
26.96 03.43
27.23 03.47
27.50 03.50
27.77 03.53
28.05 03.57
28.33 03.60
28.62 03.63
28.90 03.65
29.19 03.68
29.48 03.70
29.78 03.72
30.08 03.74
30.38 03.76
30.68 03.77
30.99 03.79
31.30 03.80
31.61 03.81
31.93 03.81
32.24 03.81
32.57 03.81
32.89 03.81
33.22 03.81
33.55 03.80
33.89 03.79
34.23 03.77
34.57 03.76
34.92 03.74
35.27 03.72
35.62 03.70
35.97 03.67
36.33 03.65
36.70 03.62
37.06 03.59
37.43 03.56
37.81 03.54
38.19 03.51
38.57 03.48
38.95 03.45
39.34 03.42
39.74 03.40
40.14 03.37
40.54 03.35
40.94 03.33
41.35 03.31
41.76 03.30
42.18 03.29
42.60 03.28
43.03 03.27
43.46 03.27
43.90 03.27
44.33 03.27
44.78 03.28
45.23 03.28
45.68 03.29
46.13 03.31
46.60 03.32
47.06 03.34
47.53 03.36
48.01 03.38
48.49 03.40
48.97 03.43
49.46 03.45
49.96 03.47
50.46 03.48
50.96 03.50
51.47 03.51
51.99 03.52
52.51 03.52
53.03 03.51
53.56 03.50
54.10 03.48
54.64 03.45
55.18 03.41
55.74 03.37
56.29 03.31
56.86 03.25
57.42 03.18
58.00 03.10
58.58 03.02
59.16 02.94
59.76 02.85
60.35 02.77
60.96 02.69
61.57 02.62
62.18 02.57
62.80 02.53
63.43 02.52
64.07 02.53
64.71 02.58
65.35 02.65
66.01 02.76
66.67 02.89
67.33 03.04
68.01 03.22
68.69 03.42
69.37 03.63
70.07 03.84
70.77 04.04
71.48 04.24
72.19 04.42
72.91 04.57
73.64 04.71
74.38 04.83
75.12 04.92
75.87 04.99
76.63 05.04
77.40 05.07
78.17 05.09
78.95 05.09
79.74 05.08
80.54 05.06
81.35 05.04
82.16 05.03
82.98 05.01
83.81 04.99
84.65 04.98
85.50 04.97
86.35 04.96
87.22 04.95
88.09 04.94
88.97 04.94
89.86 04.94
90.76 04.94
91.66 04.93
92.58 04.93
93.51 04.91
94.44 04.89
95.39 04.85
96.34 04.80
97.30 04.74
98.28 04.66
99.26 04.56
100.25 04.46
101.25 04.34
102.27 04.21
103.29 04.08
104.32 03.97
105.37 03.86
106.42 03.78
107.48 03.73
108.56 03.71
109.64 03.72
110.74 03.75
111.85 03.80
112.97 03.85
114.10 03.91
115.24 03.97
116.39 04.01
117.55 04.04
118.73 04.05
119.92 04.04
121.12 04.01
122.33 03.96
123.55 03.89
124.79 03.80
126.03 03.70
127.29 03.58
128.57 03.46
129.85 03.33
131.15 03.19
132.46 03.05
133.79 02.91
135.12 02.76
136.48 02.61
137.84 02.46
139.22 02.32
140.61 02.18
142.02 02.03
143.44 01.90
144.87 01.76
146.32 01.63
147.78 01.49
149.26 01.36
150.75 01.22
152.26 01.08
153.78 00.93
155.32 00.77
156.88 00.61
158.44 00.43
160.03 00.24
161.63 00.05
163.24 -00.15
164.88 -00.34
166.53 -00.55
168.19 -00.77
169.87 -00.99
171.57 -01.20
173.29 -01.40
175.02 -01.60
176.77 -01.75
178.54 -01.89
180.32 -01.98
182.13 -02.03
183.95 -02.07
185.79 -02.11
187.65 -02.15
189.52 -02.22
191.42 -02.30
193.33 -02.41
195.27 -02.54
197.22 -02.72
199.19 -02.93
201.18 -03.20
203.19 -03.50
205.23 -03.84
207.28 -04.19
209.35 -04.52
211.44 -04.81
213.56 -05.07
215.69 -05.27
217.85 -05.43
220.03 -05.55
222.23 -05.62
224.45 -05.66
226.70 -05.68
228.96 -05.68
231.25 -05.66
233.57 -05.66
235.90 -05.66
238.26 -05.65
240.64 -05.65
243.05 -05.65
245.48 -05.66
247.93 -05.67
250.41 -05.70
252.92 -05.75
255.45 -05.79
258.00 -05.86
260.58 -05.94
263.19 -06.03
265.82 -06.14
268.48 -06.25
271.16 -06.37
273.87 -06.50
276.61 -06.61
279.38 -06.72
282.17 -06.81
284.99 -06.89
287.84 -06.94
290.72 -06.98
293.63 -06.99
296.57 -06.98
299.53 -06.97
302.53 -06.94
305.55 -06.90
308.61 -06.84
311.69 -06.77
314.81 -06.68
317.96 -06.56
321.14 -06.43
324.35 -06.27
327.59 -06.11
330.87 -05.92
334.18 -05.73
337.52 -05.51
340.90 -05.29
344.30 -05.07
347.75 -04.84
351.23 -04.60
354.74 -04.38
358.28 -04.16
361.87 -03.94
365.49 -03.75
369.14 -03.56
372.83 -03.39
376.56 -03.23
380.33 -03.08
384.13 -02.94
387.97 -02.80
391.85 -02.68
395.77 -02.56
399.73 -02.46
403.72 -02.36
407.76 -02.27
411.84 -02.18
415.96 -02.10
420.12 -02.02
424.32 -01.95
428.56 -01.86
432.85 -01.78
437.18 -01.71
441.55 -01.63
445.96 -01.55
450.42 -01.48
454.93 -01.39
459.48 -01.31
464.07 -01.23
468.71 -01.15
473.40 -01.06
478.13 -00.98
482.91 -00.90
487.74 -00.82
492.62 -00.74
497.55 -00.67
502.52 -00.60
507.55 -00.52
512.62 -00.47
517.75 -00.41
522.93 -00.35
528.16 -00.31
533.44 -00.27
538.77 -00.24
544.16 -00.22
549.60 -00.20
555.10 -00.19
560.65 -00.17
566.25 -00.16
571.92 -00.14
577.64 -00.13
583.41 -00.12
589.25 -00.11
595.14 -00.09
601.09 -00.08
607.10 -00.07
613.17 -00.05
619.30 -00.04
625.50 -00.02
631.75 00.00
638.07 00.01
644.45 00.02
650.89 00.02
657.40 00.02
663.98 00.03
670.62 00.03
677.32 00.04
684.10 00.06
690.94 00.06
697.85 00.08
704.83 00.09
711.87 00.09
718.99 00.11
726.18 00.11
733.44 00.11
740.78 00.11
748.19 00.12
755.67 00.12
763.23 00.12
770.86 00.13
778.57 00.13
786.35 00.13
794.22 00.13
802.16 00.15
810.18 00.15
818.28 00.15
826.46 00.16
834.73 00.17
843.08 00.18
851.51 00.18
860.02 00.18
868.62 00.18
877.31 00.19
886.08 00.18
894.94 00.17
903.89 00.16
912.93 00.16
922.06 00.15
931.28 00.14
940.59 00.12
950.00 00.11
959.50 00.09
969.09 00.06
978.78 00.04
988.57 00.01
998.46 -00.02
1008.44 -00.04
1018.53 -00.06
1028.71 -00.09
1039.00 -00.11
1049.39 -00.13
1059.88 -00.16
1070.48 -00.17
1081.19 -00.18
1092.00 -00.19
1102.92 -00.19
1113.95 -00.19
1125.09 -00.18
1136.34 -00.17
1147.70 -00.16
1159.18 -00.13
1170.77 -00.10
1182.48 -00.08
1194.30 -00.05
1206.25 -00.01
1218.31 00.02
1230.49 00.06
1242.80 00.09
1255.22 00.11
1267.78 00.14
1280.45 00.16
1293.26 00.19
1306.19 00.21
1319.25 00.22
1332.45 00.22
1345.77 00.22
1359.23 00.21
1372.82 00.19
1386.55 00.17
1400.41 00.15
1414.42 00.11
1428.56 00.07
1442.85 00.03
1457.28 -00.02
1471.85 -00.07
1486.57 -00.12
1501.43 -00.17
1516.45 -00.21
1531.61 -00.24
1546.93 -00.27
1562.40 -00.30
1578.02 -00.32
1593.80 -00.34
1609.74 -00.35
1625.84 -00.37
1642.10 -00.40
1658.52 -00.42
1675.10 -00.46
1691.85 -00.50
1708.77 -00.54
1725.86 -00.60
1743.12 -00.64
1760.55 -00.69
1778.15 -00.75
1795.94 -00.78
1813.90 -00.83
1832.03 -00.87
1850.36 -00.92
1868.86 -00.96
1887.55 -01.00
1906.42 -01.04
1925.49 -01.09
1944.74 -01.14
1964.19 -01.19
1983.83 -01.23
2003.67 -01.27
2023.71 -01.31
2043.94 -01.34
2064.38 -01.37
2085.03 -01.40
2105.88 -01.42
2126.94 -01.46
2148.20 -01.50
2169.69 -01.53
2191.38 -01.57
2213.30 -01.60
2235.43 -01.61
2257.78 -01.63
2280.36 -01.65
2303.17 -01.67
2326.20 -01.67
2349.46 -01.68
2372.95 -01.68
2396.68 -01.66
2420.65 -01.65
2444.86 -01.65
2469.31 -01.64
2494.00 -01.66
2518.94 -01.66
2544.13 -01.68
2569.57 -01.71
2595.27 -01.74
2621.22 -01.79
2647.43 -01.84
2673.90 -01.90
2700.64 -01.96
2727.65 -02.03
2754.93 -02.11
2782.48 -02.18
2810.30 -02.25
2838.40 -02.32
2866.79 -02.39
2895.46 -02.44
2924.41 -02.50
2953.65 -02.53
2983.19 -02.58
3013.02 -02.61
3043.15 -02.63
3073.58 -02.65
3104.32 -02.67
3135.36 -02.69
3166.72 -02.70
3198.38 -02.72
3230.37 -02.72
3262.67 -02.72
3295.30 -02.71
3328.25 -02.69
3361.53 -02.65
3395.15 -02.59
3429.10 -02.50
3463.39 -02.38
3498.03 -02.24
3533.01 -02.06
3568.34 -01.85
3604.02 -01.61
3640.06 -01.36
3676.46 -01.09
3713.22 -00.80
3750.36 -00.51
3787.86 -00.23
3825.74 00.05
3864.00 00.30
3902.64 00.53
3941.66 00.74
3981.08 00.91
4020.89 01.04
4061.10 01.12
4101.71 01.16
4142.73 01.16
4184.15 01.11
4226.00 01.03
4268.26 00.92
4310.94 00.77
4354.05 00.59
4397.59 00.39
4441.56 00.16
4485.98 -00.10
4530.84 -00.36
4576.15 -00.64
4621.91 -00.92
4668.13 -01.21
4714.81 -01.50
4761.96 -01.80
4809.58 -02.11
4857.67 -02.42
4906.25 -02.72
4955.31 -03.01
5004.87 -03.29
5054.91 -03.53
5105.46 -03.74
5156.52 -03.99
5208.08 -04.23
5260.16 -04.42
5312.77 -04.55
5365.89 -04.61
5419.55 -04.60
5473.75 -04.51
5528.49 -04.37
5583.77 -04.16
5639.61 -03.93
5696.00 -03.67
5752.96 -03.41
5810.49 -03.15
5868.60 -02.91
5927.28 -02.70
5986.56 -02.52
6046.42 -02.17
6106.89 -01.78
6167.96 -01.44
6229.64 -01.15
6291.93 -00.90
6354.85 -00.69
6418.40 -00.52
6482.58 -00.39
6547.41 -00.29
6612.88 -00.22
6679.01 -00.18
6745.80 -00.16
6813.26 -00.16
6881.39 -00.19
6950.21 -00.22
7019.71 -00.27
7089.91 -00.33
7160.81 -00.38
7232.41 -00.43
7304.74 -00.62
7377.79 -00.80
7451.56 -00.95
7526.08 -01.06
7601.34 -01.13
7677.35 -01.15
7754.13 -01.14
7831.67 -01.11
7909.98 -01.08
7989.08 -01.04
8068.98 -01.01
8149.67 -00.98
8231.16 -00.96
8313.47 -00.94
8396.61 -00.94
8480.57 -00.94
8565.38 -00.97
8651.03 -01.00
8737.54 -01.05
8824.92 -01.08
8913.17 -01.10
9002.30 -01.08
9092.32 -01.03
9183.25 -00.94
9275.08 -00.80
9367.83 -00.61
9461.51 -00.38
9556.12 -00.12
9651.68 00.18
9748.20 00.50
9845.68 00.82
9944.14 01.12
10043.58 01.39
10144.02 01.60
10245.46 01.74
10347.91 01.90
10451.39 01.99
10555.91 02.00
10661.46 01.91
10768.08 01.73
10875.76 01.45
10984.52 01.09
11094.36 00.63
11205.31 00.07
11317.36 -00.56
11430.53 -01.22
11544.84 -01.87
11660.29 -02.38
11776.89 -02.67
11894.66 -02.61
12013.60 -02.23
12133.74 -01.63
12255.08 -00.97
12377.63 -00.34
12501.41 00.22
12626.42 00.71
12752.68 01.13
12880.21 01.45
13009.01 01.71
13139.10 01.87
13270.49 01.93
13403.20 01.92
13537.23 01.86
13672.60 01.78
13809.33 01.77
13947.42 01.82
14086.90 01.96
14227.77 02.19
14370.04 02.47
14513.74 02.74
14658.88 02.88
14805.47 03.01
14953.52 03.11
15103.06 03.17
15254.09 03.21
15406.63 03.19
15560.70 03.11
15716.30 02.97
15873.47 02.76
16032.20 02.48
16192.52 02.13
16354.45 01.74
16517.99 01.32
16683.17 00.86
16850.01 00.36
17018.51 -00.17
17188.69 -00.77
17360.58 -01.41
17534.18 -02.08
17709.53 -02.76
17886.62 -03.40
18065.49 -04.01
18246.14 -04.57
18428.60 -05.12
18612.89 -05.67
18799.02 -06.24
18987.01 -06.84
19176.88 -07.46
19368.65 -08.13
19562.33 -08.83
19757.96 -09.57
19955.54 -10.36
20000.00 -10.55
