20.00 -18.71
20.20 -18.54
20.40 -18.37
20.61 -18.20
20.81 -18.03
21.02 -17.86
21.23 -17.69
21.44 -17.53
21.66 -17.35
21.87 -17.19
22.09 -17.02
22.31 -16.85
22.54 -16.67
22.76 -16.51
22.99 -16.33
23.22 -16.16
23.45 -15.99
23.69 -15.81
23.92 -15.64
24.16 -15.47
24.40 -15.29
24.65 -15.11
24.89 -14.94
25.14 -14.76
25.39 -14.59
25.65 -14.40
25.91 -14.22
26.16 -14.05
26.43 -13.86
26.69 -13.68
26.96 -13.50
27.23 -13.32
27.50 -13.14
27.77 -12.96
28.05 -12.78
28.33 -12.59
28.62 -12.40
28.90 -12.22
29.19 -12.04
29.48 -11.86
29.78 -11.67
30.08 -11.48
30.38 -11.30
30.68 -11.12
30.99 -10.93
31.30 -10.74
31.61 -10.55
31.93 -10.36
32.24 -10.18
32.57 -09.98
32.89 -09.79
33.22 -09.59
33.55 -09.40
33.89 -09.20
34.23 -09.00
34.57 -08.80
34.92 -08.60
35.27 -08.40
35.62 -08.20
35.97 -08.00
36.33 -07.80
36.70 -07.60
37.06 -07.40
37.43 -07.20
37.81 -07.00
38.19 -06.80
38.57 -06.60
38.95 -06.40
39.34 -06.20
39.74 -05.99
40.14 -05.79
40.54 -05.59
40.94 -05.40
41.35 -05.20
41.76 -05.00
42.18 -04.81
42.60 -04.62
43.03 -04.43
43.46 -04.24
43.90 -04.05
44.33 -03.87
44.78 -03.69
45.23 -03.50
45.68 -03.32
46.13 -03.14
46.60 -02.96
47.06 -02.78
47.53 -02.60
48.01 -02.41
48.49 -02.23
48.97 -02.05
49.46 -01.86
49.96 -01.68
50.46 -01.49
50.96 -01.31
51.47 -01.13
51.99 -00.94
52.51 -00.75
53.03 -00.56
53.56 -00.37
54.10 -00.17
54.64 00.02
55.18 00.22
55.74 00.41
56.29 00.61
56.86 00.81
57.42 01.01
58.00 01.21
58.58 01.40
59.16 01.60
59.76 01.80
60.35 01.99
60.96 02.19
61.57 02.37
62.18 02.55
62.80 02.71
63.43 02.86
64.07 03.00
64.71 03.12
65.35 03.22
66.01 03.32
66.67 03.40
67.33 03.46
68.01 03.52
68.69 03.55
69.37 03.58
70.07 03.60
70.77 03.62
71.48 03.62
72.19 03.62
72.91 03.61
73.64 03.59
74.38 03.56
75.12 03.53
75.87 03.48
76.63 03.44
77.40 03.38
78.17 03.32
78.95 03.26
79.74 03.19
80.54 03.12
81.35 03.05
82.16 02.98
82.98 02.91
83.81 02.84
84.65 02.76
85.50 02.69
86.35 02.62
87.22 02.55
88.09 02.47
88.97 02.40
89.86 02.33
90.76 02.25
91.66 02.18
92.58 02.10
93.51 02.03
94.44 01.95
95.39 01.87
96.34 01.78
97.30 01.70
98.28 01.61
99.26 01.52
100.25 01.43
101.25 01.33
102.27 01.23
103.29 01.13
104.32 01.04
105.37 00.94
106.42 00.84
107.48 00.75
108.56 00.66
109.64 00.56
110.74 00.48
111.85 00.39
112.97 00.31
114.10 00.23
115.24 00.15
116.39 00.07
117.55 00.00
118.73 -00.08
119.92 -00.15
121.12 -00.22
122.33 -00.29
123.55 -00.35
124.79 -00.42
126.03 -00.48
127.29 -00.54
128.57 -00.60
129.85 -00.66
131.15 -00.72
132.46 -00.78
133.79 -00.84
135.12 -00.89
136.48 -00.94
137.84 -01.00
139.22 -01.05
140.61 -01.09
142.02 -01.14
143.44 -01.19
144.87 -01.23
146.32 -01.28
147.78 -01.33
149.26 -01.37
150.75 -01.42
152.26 -01.46
153.78 -01.51
155.32 -01.56
156.88 -01.61
158.44 -01.65
160.03 -01.70
161.63 -01.74
163.24 -01.78
164.88 -01.81
166.53 -01.84
168.19 -01.87
169.87 -01.89
171.57 -01.90
173.29 -01.92
175.02 -01.93
176.77 -01.93
178.54 -01.93
180.32 -01.93
182.13 -01.93
183.95 -01.93
185.79 -01.93
187.65 -01.92
189.52 -01.93
191.42 -01.93
193.33 -01.95
195.27 -01.95
197.22 -01.97
199.19 -01.98
201.18 -02.00
203.19 -02.01
205.23 -02.02
207.28 -02.03
209.35 -02.05
211.44 -02.06
213.56 -02.07
215.69 -02.08
217.85 -02.08
220.03 -02.10
222.23 -02.10
224.45 -02.11
226.70 -02.12
228.96 -02.14
231.25 -02.14
233.57 -02.16
235.90 -02.17
238.26 -02.19
240.64 -02.19
243.05 -02.21
245.48 -02.22
247.93 -02.23
250.41 -02.24
252.92 -02.26
255.45 -02.26
258.00 -02.27
260.58 -02.28
263.19 -02.28
265.82 -02.29
268.48 -02.29
271.16 -02.30
273.87 -02.31
276.61 -02.31
279.38 -02.32
282.17 -02.32
284.99 -02.33
287.84 -02.33
290.72 -02.34
293.63 -02.34
296.57 -02.34
299.53 -02.35
302.53 -02.34
305.55 -02.35
308.61 -02.34
311.69 -02.34
314.81 -02.34
317.96 -02.33
321.14 -02.33
324.35 -02.32
327.59 -02.31
330.87 -02.31
334.18 -02.31
337.52 -02.29
340.90 -02.29
344.30 -02.29
347.75 -02.28
351.23 -02.27
354.74 -02.26
358.28 -02.25
361.87 -02.24
365.49 -02.23
369.14 -02.22
372.83 -02.22
376.56 -02.22
380.33 -02.21
384.13 -02.21
387.97 -02.20
391.85 -02.20
395.77 -02.20
399.73 -02.20
403.72 -02.20
407.76 -02.21
411.84 -02.21
415.96 -02.22
420.12 -02.22
424.32 -02.24
428.56 -02.25
432.85 -02.25
437.18 -02.27
441.55 -02.27
445.96 -02.27
450.42 -02.28
454.93 -02.27
459.48 -02.27
464.07 -02.27
468.71 -02.26
473.40 -02.23
478.13 -02.22
482.91 -02.20
487.74 -02.18
492.62 -02.15
497.55 -02.13
502.52 -02.12
507.55 -02.09
512.62 -02.07
517.75 -02.05
522.93 -02.03
528.16 -02.01
533.44 -01.97
538.77 -01.95
544.16 -01.93
549.60 -01.90
555.10 -01.88
560.65 -01.85
566.25 -01.82
571.92 -01.78
577.64 -01.75
583.41 -01.71
589.25 -01.68
595.14 -01.64
601.09 -01.59
607.10 -01.56
613.17 -01.51
619.30 -01.46
625.50 -01.41
631.75 -01.36
638.07 -01.32
644.45 -01.28
650.89 -01.26
657.40 -01.24
663.98 -01.21
670.62 -01.19
677.32 -01.17
684.10 -01.13
690.94 -01.11
697.85 -01.08
704.83 -01.06
711.87 -01.04
718.99 -01.02
726.18 -01.02
733.44 -01.01
740.78 -01.00
748.19 -00.98
755.67 -00.96
763.23 -00.95
770.86 -00.92
778.57 -00.91
786.35 -00.89
794.22 -00.86
802.16 -00.81
810.18 -00.78
818.28 -00.74
826.46 -00.71
834.73 -00.67
843.08 -00.65
851.51 -00.63
860.02 -00.61
868.62 -00.59
877.31 -00.56
886.08 -00.54
894.94 -00.51
903.89 -00.49
912.93 -00.43
922.06 -00.38
931.28 -00.32
940.59 -00.25
950.00 -00.17
959.50 -00.08
969.09 00.00
978.78 00.10
988.57 00.20
998.46 00.29
1008.44 00.40
1018.53 00.51
1028.71 00.61
1039.00 00.71
1049.39 00.81
1059.88 00.89
1070.48 00.97
1081.19 01.05
1092.00 01.11
1102.92 01.17
1113.95 01.23
1125.09 01.28
1136.34 01.32
1147.70 01.38
1159.18 01.43
1170.77 01.50
1182.48 01.57
1194.30 01.65
1206.25 01.75
1218.31 01.84
1230.49 01.92
1242.80 02.00
1255.22 02.07
1267.78 02.15
1280.45 02.22
1293.26 02.31
1306.19 02.40
1319.25 02.49
1332.45 02.56
1345.77 02.64
1359.23 02.72
1372.82 02.81
1386.55 02.90
1400.41 02.98
1414.42 03.06
1428.56 03.13
1442.85 03.21
1457.28 03.28
1471.85 03.35
1486.57 03.41
1501.43 03.47
1516.45 03.53
1531.61 03.59
1546.93 03.65
1562.40 03.69
1578.02 03.71
1593.80 03.71
1609.74 03.70
1625.84 03.65
1642.10 03.57
1658.52 03.49
1675.10 03.40
1691.85 03.30
1708.77 03.20
1725.86 03.09
1743.12 02.99
1760.55 02.89
1778.15 02.81
1795.94 02.76
1813.90 02.71
1832.03 02.68
1850.36 02.64
1868.86 02.61
1887.55 02.57
1906.42 02.51
1925.49 02.43
1944.74 02.34
1964.19 02.24
1983.83 02.13
2003.67 02.02
2023.71 01.89
2043.94 01.75
2064.38 01.60
2085.03 01.44
2105.88 01.28
2126.94 01.11
2148.20 00.94
2169.69 00.79
2191.38 00.64
2213.30 00.48
2235.43 00.34
2257.78 00.19
2280.36 00.05
2303.17 -00.09
2326.20 -00.21
2349.46 -00.34
2372.95 -00.48
2396.68 -00.61
2420.65 -00.76
2444.86 -00.92
2469.31 -01.07
2494.00 -01.22
2518.94 -01.37
2544.13 -01.54
2569.57 -01.70
2595.27 -01.86
2621.22 -02.02
2647.43 -02.18
2673.90 -02.34
2700.64 -02.48
2727.65 -02.63
2754.93 -02.79
2782.48 -02.96
2810.30 -03.14
2838.40 -03.33
2866.79 -03.53
2895.46 -03.71
2924.41 -03.88
2953.65 -04.02
2983.19 -04.14
3013.02 -04.24
3043.15 -04.30
3073.58 -04.35
3104.32 -04.38
3135.36 -04.40
3166.72 -04.40
3198.38 -04.41
3230.37 -04.40
3262.67 -04.43
3295.30 -04.45
3328.25 -04.50
3361.53 -04.54
3395.15 -04.60
3429.10 -04.65
3463.39 -04.68
3498.03 -04.71
3533.01 -04.72
3568.34 -04.72
3604.02 -04.73
3640.06 -04.74
3676.46 -04.78
3713.22 -04.82
3750.36 -04.88
3787.86 -04.96
3825.74 -05.07
3864.00 -05.19
3902.64 -05.35
3941.66 -05.53
3981.08 -05.74
4020.89 -05.97
4061.10 -06.23
4101.71 -06.50
4142.73 -06.81
4184.15 -07.12
4226.00 -07.45
4268.26 -07.76
4310.94 -08.04
4354.05 -08.22
4397.59 -08.28
4441.56 -08.20
4485.98 -08.00
4530.84 -07.69
4576.15 -07.30
4621.91 -06.87
4668.13 -06.44
4714.81 -06.01
4761.96 -05.62
4809.58 -05.27
4857.67 -04.97
4906.25 -04.75
4955.31 -04.59
5004.87 -04.50
5054.91 -04.45
5105.46 -04.45
5156.52 -04.57
5208.08 -04.75
5260.16 -04.96
5312.77 -05.17
5365.89 -05.40
5419.55 -05.62
5473.75 -05.82
5528.49 -06.01
5583.77 -06.17
5639.61 -06.29
5696.00 -06.36
5752.96 -06.38
5810.49 -06.34
5868.60 -06.24
5927.28 -06.10
5986.56 -05.94
6046.42 -05.54
6106.89 -05.07
6167.96 -04.58
6229.64 -04.10
6291.93 -03.62
6354.85 -03.15
6418.40 -02.68
6482.58 -02.23
6547.41 -01.80
6612.88 -01.39
6679.01 -00.99
6745.80 -00.62
6813.26 -00.28
6881.39 00.02
6950.21 00.28
7019.71 00.47
7089.91 00.58
7160.81 00.62
7232.41 00.57
7304.74 00.27
7377.79 -00.14
7451.56 -00.65
7526.08 -01.25
7601.34 -01.91
7677.35 -02.64
7754.13 -03.38
7831.67 -04.10
7909.98 -04.69
7989.08 -05.08
8068.98 -05.19
8149.67 -05.05
8231.16 -04.72
8313.47 -04.33
8396.61 -03.96
8480.57 -03.70
8565.38 -03.55
8651.03 -03.50
8737.54 -03.52
8824.92 -03.59
8913.17 -03.68
9002.30 -03.77
9092.32 -03.83
9183.25 -03.83
9275.08 -03.75
9367.83 -03.59
9461.51 -03.34
9556.12 -03.02
9651.68 -02.65
9748.20 -02.24
9845.68 -01.83
9944.14 -01.45
10043.58 -01.13
10144.02 -00.89
10245.46 -00.71
10347.91 -00.52
10451.39 -00.39
10555.91 -00.32
10661.46 -00.32
10768.08 -00.38
10875.76 -00.50
10984.52 -00.67
11094.36 -00.89
11205.31 -01.18
11317.36 -01.50
11430.53 -01.84
11544.84 -02.18
11660.29 -02.51
11776.89 -02.82
11894.66 -03.09
12013.60 -03.33
12133.74 -03.55
12255.08 -03.81
12377.63 -04.11
12501.41 -04.47
12626.42 -04.88
12752.68 -05.34
12880.21 -05.88
13009.01 -06.50
13139.10 -07.21
13270.49 -07.99
13403.20 -08.75
13537.23 -09.36
13672.60 -09.66
13809.33 -09.49
13947.42 -08.88
14086.90 -08.01
14227.77 -07.08
14370.04 -06.23
14513.74 -05.53
14658.88 -05.09
14805.47 -04.78
14953.52 -04.58
15103.06 -04.47
15254.09 -04.47
15406.63 -04.57
15560.70 -04.77
15716.30 -05.03
15873.47 -05.32
16032.20 -05.58
16192.52 -05.75
16354.45 -05.76
16517.99 -05.58
16683.17 -05.21
16850.01 -04.67
17018.51 -04.05
17188.69 -03.44
17360.58 -02.88
17534.18 -02.41
17709.53 -02.05
17886.62 -01.78
18065.49 -01.62
18246.14 -01.55
18428.60 -01.59
18612.89 -01.72
18799.02 -01.96
18987.01 -02.31
19176.88 -02.76
19368.65 -03.32
19562.33 -03.95
19757.96 -04.65
19955.54 -05.38
20000.00 -05.55
