20.00 -07.46
20.20 -07.35
20.40 -07.25
20.61 -07.14
20.81 -07.04
21.02 -06.94
21.23 -06.84
21.44 -06.75
21.66 -06.65
21.87 -06.56
22.09 -06.47
22.31 -06.38
22.54 -06.29
22.76 -06.20
22.99 -06.11
23.22 -06.02
23.45 -05.93
23.69 -05.84
23.92 -05.75
24.16 -05.66
24.40 -05.57
24.65 -05.48
24.89 -05.39
25.14 -05.30
25.39 -05.21
25.65 -05.12
25.91 -05.03
26.16 -04.95
26.43 -04.86
26.69 -04.77
26.96 -04.68
27.23 -04.60
27.50 -04.51
27.77 -04.43
28.05 -04.34
28.33 -04.26
28.62 -04.17
28.90 -04.09
29.19 -04.01
29.48 -03.93
29.78 -03.85
30.08 -03.76
30.38 -03.68
30.68 -03.61
30.99 -03.53
31.30 -03.45
31.61 -03.37
31.93 -03.29
32.24 -03.21
32.57 -03.13
32.89 -03.05
33.22 -02.97
33.55 -02.89
33.89 -02.81
34.23 -02.73
34.57 -02.65
34.92 -02.57
35.27 -02.49
35.62 -02.41
35.97 -02.33
36.33 -02.25
36.70 -02.17
37.06 -02.10
37.43 -02.02
37.81 -01.94
38.19 -01.87
38.57 -01.79
38.95 -01.72
39.34 -01.65
39.74 -01.58
40.14 -01.51
40.54 -01.44
40.94 -01.37
41.35 -01.30
41.76 -01.23
42.18 -01.17
42.60 -01.11
43.03 -01.05
43.46 -00.99
43.90 -00.93
44.33 -00.87
44.78 -00.81
45.23 -00.76
45.68 -00.71
46.13 -00.65
46.60 -00.60
47.06 -00.55
47.53 -00.50
48.01 -00.45
48.49 -00.41
48.97 -00.36
49.46 -00.32
49.96 -00.27
50.46 -00.23
50.96 -00.19
51.47 -00.15
51.99 -00.11
52.51 -00.07
53.03 -00.03
53.56 00.00
54.10 00.04
54.64 00.07
55.18 00.10
55.74 00.14
56.29 00.17
56.86 00.20
57.42 00.23
58.00 00.26
58.58 00.28
59.16 00.31
59.76 00.33
60.35 00.36
60.96 00.38
61.57 00.40
62.18 00.43
62.80 00.45
63.43 00.46
64.07 00.48
64.71 00.50
65.35 00.51
66.01 00.53
66.67 00.54
67.33 00.56
68.01 00.57
68.69 00.58
69.37 00.59
70.07 00.60
70.77 00.61
71.48 00.62
72.19 00.63
72.91 00.64
73.64 00.64
74.38 00.65
75.12 00.66
75.87 00.66
76.63 00.67
77.40 00.67
78.17 00.68
78.95 00.68
79.74 00.68
80.54 00.68
81.35 00.69
82.16 00.69
82.98 00.69
83.81 00.69
84.65 00.68
85.50 00.68
86.35 00.68
87.22 00.67
88.09 00.66
88.97 00.66
89.86 00.65
90.76 00.64
91.66 00.63
92.58 00.62
93.51 00.61
94.44 00.60
95.39 00.59
96.34 00.58
97.30 00.56
98.28 00.55
99.26 00.54
100.25 00.53
101.25 00.52
102.27 00.50
103.29 00.49
104.32 00.48
105.37 00.46
106.42 00.44
107.48 00.43
108.56 00.41
109.64 00.39
110.74 00.37
111.85 00.34
112.97 00.32
114.10 00.30
115.24 00.27
116.39 00.25
117.55 00.23
118.73 00.20
119.92 00.18
121.12 00.16
122.33 00.13
123.55 00.11
124.79 00.09
126.03 00.06
127.29 00.04
128.57 00.01
129.85 -00.01
131.15 -00.04
132.46 -00.07
133.79 -00.10
135.12 -00.12
136.48 -00.15
137.84 -00.17
139.22 -00.19
140.61 -00.21
142.02 -00.22
143.44 -00.24
144.87 -00.25
146.32 -00.26
147.78 -00.27
149.26 -00.28
150.75 -00.29
152.26 -00.30
153.78 -00.31
155.32 -00.33
156.88 -00.34
158.44 -00.36
160.03 -00.37
161.63 -00.38
163.24 -00.39
164.88 -00.38
166.53 -00.39
168.19 -00.39
169.87 -00.39
171.57 -00.38
173.29 -00.38
175.02 -00.38
176.77 -00.36
178.54 -00.36
180.32 -00.35
182.13 -00.34
183.95 -00.33
185.79 -00.32
187.65 -00.31
189.52 -00.30
191.42 -00.29
193.33 -00.29
195.27 -00.28
197.22 -00.27
199.19 -00.26
201.18 -00.26
203.19 -00.25
205.23 -00.25
207.28 -00.25
209.35 -00.25
211.44 -00.24
213.56 -00.24
215.69 -00.24
217.85 -00.23
220.03 -00.24
222.23 -00.23
224.45 -00.23
226.70 -00.23
228.96 -00.24
231.25 -00.24
233.57 -00.24
235.90 -00.25
238.26 -00.26
240.64 -00.26
243.05 -00.28
245.48 -00.29
247.93 -00.30
250.41 -00.32
252.92 -00.33
255.45 -00.34
258.00 -00.36
260.58 -00.38
263.19 -00.39
265.82 -00.40
268.48 -00.41
271.16 -00.42
273.87 -00.43
276.61 -00.43
279.38 -00.44
282.17 -00.44
284.99 -00.45
287.84 -00.45
290.72 -00.46
293.63 -00.46
296.57 -00.46
299.53 -00.47
302.53 -00.47
305.55 -00.47
308.61 -00.47
311.69 -00.46
314.81 -00.46
317.96 -00.45
321.14 -00.45
324.35 -00.43
327.59 -00.43
330.87 -00.42
334.18 -00.41
337.52 -00.39
340.90 -00.38
344.30 -00.37
347.75 -00.35
351.23 -00.32
354.74 -00.31
358.28 -00.29
361.87 -00.25
365.49 -00.23
369.14 -00.20
372.83 -00.17
376.56 -00.15
380.33 -00.11
384.13 -00.09
387.97 -00.06
391.85 -00.04
395.77 -00.01
399.73 00.00
403.72 00.03
407.76 00.04
411.84 00.07
415.96 00.08
420.12 00.10
424.32 00.11
428.56 00.13
432.85 00.14
437.18 00.15
441.55 00.17
445.96 00.18
450.42 00.19
454.93 00.20
459.48 00.20
464.07 00.20
468.71 00.20
473.40 00.20
478.13 00.20
482.91 00.19
487.74 00.19
492.62 00.19
497.55 00.19
502.52 00.19
507.55 00.20
512.62 00.20
517.75 00.20
522.93 00.22
528.16 00.22
533.44 00.24
538.77 00.25
544.16 00.26
549.60 00.28
555.10 00.30
560.65 00.32
566.25 00.34
571.92 00.36
577.64 00.38
583.41 00.41
589.25 00.42
595.14 00.44
601.09 00.46
607.10 00.47
613.17 00.49
619.30 00.49
625.50 00.50
631.75 00.50
638.07 00.50
644.45 00.49
650.89 00.46
657.40 00.44
663.98 00.42
670.62 00.39
677.32 00.37
684.10 00.34
690.94 00.31
697.85 00.28
704.83 00.24
711.87 00.19
718.99 00.15
726.18 00.09
733.44 00.03
740.78 -00.04
748.19 -00.10
755.67 -00.17
763.23 -00.24
770.86 -00.30
778.57 -00.37
786.35 -00.42
794.22 -00.48
802.16 -00.51
810.18 -00.54
818.28 -00.56
826.46 -00.57
834.73 -00.55
843.08 -00.53
851.51 -00.50
860.02 -00.45
868.62 -00.39
877.31 -00.31
886.08 -00.23
894.94 -00.15
903.89 -00.07
912.93 00.01
922.06 00.07
931.28 00.13
940.59 00.16
950.00 00.20
959.50 00.23
969.09 00.25
978.78 00.27
988.57 00.27
998.46 00.26
1008.44 00.25
1018.53 00.25
1028.71 00.24
1039.00 00.25
1049.39 00.27
1059.88 00.28
1070.48 00.30
1081.19 00.31
1092.00 00.30
1102.92 00.31
1113.95 00.31
1125.09 00.32
1136.34 00.32
1147.70 00.32
1159.18 00.32
1170.77 00.30
1182.48 00.26
1194.30 00.23
1206.25 00.19
1218.31 00.14
1230.49 00.09
1242.80 00.04
1255.22 -00.03
1267.78 -00.10
1280.45 -00.18
1293.26 -00.25
1306.19 -00.33
1319.25 -00.41
1332.45 -00.51
1345.77 -00.59
1359.23 -00.67
1372.82 -00.75
1386.55 -00.84
1400.41 -00.93
1414.42 -01.02
1428.56 -01.10
1442.85 -01.17
1457.28 -01.23
1471.85 -01.29
1486.57 -01.35
1501.43 -01.40
1516.45 -01.45
1531.61 -01.49
1546.93 -01.54
1562.40 -01.57
1578.02 -01.61
1593.80 -01.64
1609.74 -01.67
1625.84 -01.71
1642.10 -01.75
1658.52 -01.78
1675.10 -01.83
1691.85 -01.87
1708.77 -01.90
1725.86 -01.95
1743.12 -01.99
1760.55 -02.03
1778.15 -02.07
1795.94 -02.10
1813.90 -02.14
1832.03 -02.18
1850.36 -02.22
1868.86 -02.25
1887.55 -02.27
1906.42 -02.29
1925.49 -02.30
1944.74 -02.31
1964.19 -02.31
1983.83 -02.31
2003.67 -02.31
2023.71 -02.29
2043.94 -02.27
2064.38 -02.25
2085.03 -02.23
2105.88 -02.20
2126.94 -02.17
2148.20 -02.14
2169.69 -02.11
2191.38 -02.09
2213.30 -02.07
2235.43 -02.04
2257.78 -02.02
2280.36 -02.00
2303.17 -01.99
2326.20 -01.97
2349.46 -01.95
2372.95 -01.95
2396.68 -01.93
2420.65 -01.91
2444.86 -01.89
2469.31 -01.85
2494.00 -01.82
2518.94 -01.78
2544.13 -01.74
2569.57 -01.70
2595.27 -01.66
2621.22 -01.63
2647.43 -01.61
2673.90 -01.58
2700.64 -01.55
2727.65 -01.54
2754.93 -01.54
2782.48 -01.55
2810.30 -01.56
2838.40 -01.59
2866.79 -01.63
2895.46 -01.66
2924.41 -01.72
2953.65 -01.78
2983.19 -01.86
3013.02 -01.96
3043.15 -02.06
3073.58 -02.18
3104.32 -02.30
3135.36 -02.44
3166.72 -02.58
3198.38 -02.74
3230.37 -02.89
3262.67 -03.03
3295.30 -03.16
3328.25 -03.27
3361.53 -03.33
3395.15 -03.36
3429.10 -03.33
3463.39 -03.27
3498.03 -03.17
3533.01 -03.02
3568.34 -02.82
3604.02 -02.61
3640.06 -02.38
3676.46 -02.13
3713.22 -01.89
3750.36 -01.64
3787.86 -01.40
3825.74 -01.17
3864.00 -00.97
3902.64 -00.78
3941.66 -00.63
3981.08 -00.50
4020.89 -00.41
4061.10 -00.35
4101.71 -00.32
4142.73 -00.33
4184.15 -00.36
4226.00 -00.41
4268.26 -00.48
4310.94 -00.57
4354.05 -00.67
4397.59 -00.77
4441.56 -00.87
4485.98 -00.97
4530.84 -01.06
4576.15 -01.14
4621.91 -01.21
4668.13 -01.27
4714.81 -01.32
4761.96 -01.35
4809.58 -01.36
4857.67 -01.37
4906.25 -01.35
4955.31 -01.33
5004.87 -01.29
5054.91 -01.24
5105.46 -01.18
5156.52 -01.19
5208.08 -01.23
5260.16 -01.27
5312.77 -01.31
5365.89 -01.34
5419.55 -01.37
5473.75 -01.41
5528.49 -01.45
5583.77 -01.50
5639.61 -01.55
5696.00 -01.62
5752.96 -01.70
5810.49 -01.79
5868.60 -01.91
5927.28 -02.05
5986.56 -02.23
6046.42 -02.24
6106.89 -02.22
6167.96 -02.27
6229.64 -02.39
6291.93 -02.59
6354.85 -02.89
6418.40 -03.29
6482.58 -03.78
6547.41 -04.36
6612.88 -05.01
6679.01 -05.67
6745.80 -06.27
6813.26 -06.69
6881.39 -06.78
6950.21 -06.40
7019.71 -05.53
7089.91 -04.36
7160.81 -03.10
7232.41 -01.88
7304.74 -00.91
7377.79 -00.10
7451.56 00.59
7526.08 01.16
7601.34 01.63
7677.35 02.00
7754.13 02.29
7831.67 02.49
7909.98 02.61
7989.08 02.65
8068.98 02.61
8149.67 02.50
8231.16 02.34
8313.47 02.14
8396.61 01.90
8480.57 01.64
8565.38 01.36
8651.03 01.08
8737.54 00.79
8824.92 00.51
8913.17 00.24
9002.30 -00.01
9092.32 -00.25
9183.25 -00.48
9275.08 -00.71
9367.83 -00.94
9461.51 -01.18
9556.12 -01.44
9651.68 -01.72
9748.20 -02.01
9845.68 -02.32
9944.14 -02.65
10043.58 -03.01
10144.02 -03.39
10245.46 -03.80
10347.91 -04.13
10451.39 -04.48
10555.91 -04.83
10661.46 -05.23
10768.08 -05.65
10875.76 -06.09
10984.52 -06.55
11094.36 -07.02
11205.31 -07.50
11317.36 -07.95
11430.53 -08.38
11544.84 -08.75
11660.29 -09.06
11776.89 -09.30
11894.66 -09.42
12013.60 -09.43
12133.74 -09.31
12255.08 -09.13
12377.63 -08.94
12501.41 -08.78
12626.42 -08.66
12752.68 -08.55
12880.21 -08.46
13009.01 -08.33
13139.10 -08.17
13270.49 -07.99
13403.20 -07.82
13537.23 -07.68
13672.60 -07.57
13809.33 -07.51
13947.42 -07.51
14086.90 -07.58
14227.77 -07.74
14370.04 -07.99
14513.74 -08.36
14658.88 -08.97
14805.47 -09.67
14953.52 -10.40
15103.06 -11.06
15254.09 -11.46
15406.63 -11.45
15560.70 -11.00
15716.30 -10.25
15873.47 -09.37
16032.20 -08.51
16192.52 -07.73
16354.45 -07.07
16517.99 -06.52
16683.17 -06.09
16850.01 -05.77
17018.51 -05.59
17188.69 -05.57
17360.58 -05.68
17534.18 -05.90
17709.53 -06.22
17886.62 -06.56
18065.49 -06.94
18246.14 -07.35
18428.60 -07.81
18612.89 -08.30
18799.02 -08.81
18987.01 -09.33
19176.88 -09.82
19368.65 -10.29
19562.33 -10.73
19757.96 -11.19
19955.54 -11.74
20000.00 -11.88
