20.00 -01.00
20.20 -00.92
20.40 -00.84
20.61 -00.76
20.81 -00.69
21.02 -00.62
21.23 -00.55
21.44 -00.48
21.66 -00.42
21.87 -00.36
22.09 -00.30
22.31 -00.24
22.54 -00.18
22.76 -00.13
22.99 -00.07
23.22 -00.01
23.45 00.04
23.69 00.10
23.92 00.15
24.16 00.21
24.40 00.26
24.65 00.32
24.89 00.37
25.14 00.42
25.39 00.48
25.65 00.53
25.91 00.58
26.16 00.63
26.43 00.69
26.69 00.74
26.96 00.79
27.23 00.84
27.50 00.88
27.77 00.93
28.05 00.98
28.33 01.03
28.62 01.07
28.90 01.12
29.19 01.16
29.48 01.21
29.78 01.25
30.08 01.29
30.38 01.33
30.68 01.37
30.99 01.41
31.30 01.45
31.61 01.49
31.93 01.53
32.24 01.57
32.57 01.61
32.89 01.64
33.22 01.68
33.55 01.72
33.89 01.76
34.23 01.80
34.57 01.83
34.92 01.87
35.27 01.91
35.62 01.94
35.97 01.98
36.33 02.02
36.70 02.05
37.06 02.09
37.43 02.12
37.81 02.16
38.19 02.19
38.57 02.23
38.95 02.26
39.34 02.29
39.74 02.32
40.14 02.35
40.54 02.39
40.94 02.42
41.35 02.45
41.76 02.48
42.18 02.51
42.60 02.54
43.03 02.57
43.46 02.60
43.90 02.63
44.33 02.66
44.78 02.69
45.23 02.72
45.68 02.75
46.13 02.77
46.60 02.80
47.06 02.83
47.53 02.85
48.01 02.88
48.49 02.90
48.97 02.92
49.46 02.94
49.96 02.96
50.46 02.98
50.96 03.00
51.47 03.02
51.99 03.03
52.51 03.04
53.03 03.05
53.56 03.05
54.10 03.05
54.64 03.04
55.18 03.03
55.74 03.01
56.29 02.99
56.86 02.96
57.42 02.92
58.00 02.89
58.58 02.84
59.16 02.80
59.76 02.76
60.35 02.72
60.96 02.68
61.57 02.65
62.18 02.62
62.80 02.61
63.43 02.62
64.07 02.64
64.71 02.68
65.35 02.73
66.01 02.80
66.67 02.89
67.33 03.00
68.01 03.12
68.69 03.24
69.37 03.38
70.07 03.52
70.77 03.65
71.48 03.79
72.19 03.91
72.91 04.02
73.64 04.12
74.38 04.21
75.12 04.28
75.87 04.34
76.63 04.39
77.40 04.43
78.17 04.46
78.95 04.48
79.74 04.49
80.54 04.50
81.35 04.50
82.16 04.50
82.98 04.50
83.81 04.49
84.65 04.49
85.50 04.48
86.35 04.46
87.22 04.45
88.09 04.43
88.97 04.41
89.86 04.39
90.76 04.37
91.66 04.35
92.58 04.32
93.51 04.29
94.44 04.26
95.39 04.23
96.34 04.20
97.30 04.16
98.28 04.13
99.26 04.09
100.25 04.05
101.25 04.00
102.27 03.96
103.29 03.91
104.32 03.85
105.37 03.80
106.42 03.73
107.48 03.67
108.56 03.60
109.64 03.53
110.74 03.46
111.85 03.38
112.97 03.30
114.10 03.22
115.24 03.13
116.39 03.05
117.55 02.97
118.73 02.88
119.92 02.79
121.12 02.71
122.33 02.62
123.55 02.53
124.79 02.45
126.03 02.36
127.29 02.27
128.57 02.17
129.85 02.08
131.15 01.99
132.46 01.89
133.79 01.79
135.12 01.69
136.48 01.58
137.84 01.47
139.22 01.36
140.61 01.24
142.02 01.12
143.44 01.00
144.87 00.88
146.32 00.75
147.78 00.63
149.26 00.51
150.75 00.39
152.26 00.27
153.78 00.15
155.32 00.04
156.88 -00.08
158.44 -00.19
160.03 -00.30
161.63 -00.40
163.24 -00.51
164.88 -00.60
166.53 -00.71
168.19 -00.81
169.87 -00.91
171.57 -01.00
173.29 -01.09
175.02 -01.18
176.77 -01.24
178.54 -01.32
180.32 -01.38
182.13 -01.42
183.95 -01.47
185.79 -01.52
187.65 -01.55
189.52 -01.59
191.42 -01.62
193.33 -01.65
195.27 -01.67
197.22 -01.70
199.19 -01.72
201.18 -01.74
203.19 -01.76
205.23 -01.77
207.28 -01.78
209.35 -01.78
211.44 -01.78
213.56 -01.78
215.69 -01.76
217.85 -01.75
220.03 -01.73
222.23 -01.71
224.45 -01.68
226.70 -01.65
228.96 -01.63
231.25 -01.60
233.57 -01.57
235.90 -01.55
238.26 -01.52
240.64 -01.48
243.05 -01.46
245.48 -01.43
247.93 -01.38
250.41 -01.34
252.92 -01.30
255.45 -01.23
258.00 -01.17
260.58 -01.10
263.19 -01.02
265.82 -00.93
268.48 -00.84
271.16 -00.75
273.87 -00.66
276.61 -00.56
279.38 -00.47
282.17 -00.36
284.99 -00.27
287.84 -00.17
290.72 -00.08
293.63 00.01
296.57 00.11
299.53 00.19
302.53 00.27
305.55 00.35
308.61 00.43
311.69 00.51
314.81 00.58
317.96 00.64
321.14 00.69
324.35 00.75
327.59 00.79
330.87 00.82
334.18 00.85
337.52 00.88
340.90 00.89
344.30 00.90
347.75 00.90
351.23 00.91
354.74 00.90
358.28 00.89
361.87 00.88
365.49 00.87
369.14 00.86
372.83 00.84
376.56 00.82
380.33 00.81
384.13 00.79
387.97 00.78
391.85 00.76
395.77 00.75
399.73 00.74
403.72 00.74
407.76 00.72
411.84 00.72
415.96 00.70
420.12 00.68
424.32 00.65
428.56 00.62
432.85 00.58
437.18 00.53
441.55 00.49
445.96 00.44
450.42 00.39
454.93 00.34
459.48 00.30
464.07 00.25
468.71 00.22
473.40 00.20
478.13 00.19
482.91 00.17
487.74 00.17
492.62 00.17
497.55 00.16
502.52 00.16
507.55 00.16
512.62 00.15
517.75 00.13
522.93 00.13
528.16 00.11
533.44 00.11
538.77 00.10
544.16 00.09
549.60 00.09
555.10 00.07
560.65 00.07
566.25 00.05
571.92 00.04
577.64 00.01
583.41 00.00
589.25 -00.04
595.14 -00.06
601.09 -00.09
607.10 -00.13
613.17 -00.16
619.30 -00.20
625.50 -00.23
631.75 -00.26
638.07 -00.30
644.45 -00.33
650.89 -00.38
657.40 -00.42
663.98 -00.45
670.62 -00.49
677.32 -00.53
684.10 -00.55
690.94 -00.59
697.85 -00.61
704.83 -00.65
711.87 -00.69
718.99 -00.73
726.18 -00.78
733.44 -00.83
740.78 -00.88
748.19 -00.93
755.67 -00.98
763.23 -01.02
770.86 -01.04
778.57 -01.05
786.35 -01.06
794.22 -01.05
802.16 -01.02
810.18 -00.99
818.28 -00.95
826.46 -00.90
834.73 -00.84
843.08 -00.77
851.51 -00.71
860.02 -00.63
868.62 -00.56
877.31 -00.48
886.08 -00.40
894.94 -00.33
903.89 -00.26
912.93 -00.18
922.06 -00.11
931.28 -00.04
940.59 00.00
950.00 00.04
959.50 00.07
969.09 00.06
978.78 00.04
988.57 00.00
998.46 -00.04
1008.44 -00.05
1018.53 -00.01
1028.71 00.04
1039.00 00.14
1049.39 00.25
1059.88 00.35
1070.48 00.47
1081.19 00.59
1092.00 00.72
1102.92 00.85
1113.95 00.97
1125.09 01.08
1136.34 01.13
1147.70 01.16
1159.18 01.16
1170.77 01.14
1182.48 01.11
1194.30 01.09
1206.25 01.06
1218.31 01.02
1230.49 00.98
1242.80 00.94
1255.22 00.89
1267.78 00.84
1280.45 00.80
1293.26 00.76
1306.19 00.72
1319.25 00.68
1332.45 00.63
1345.77 00.58
1359.23 00.53
1372.82 00.48
1386.55 00.43
1400.41 00.37
1414.42 00.31
1428.56 00.25
1442.85 00.19
1457.28 00.13
1471.85 00.07
1486.57 00.01
1501.43 -00.04
1516.45 -00.09
1531.61 -00.13
1546.93 -00.18
1562.40 -00.22
1578.02 -00.26
1593.80 -00.29
1609.74 -00.31
1625.84 -00.34
1642.10 -00.35
1658.52 -00.35
1675.10 -00.36
1691.85 -00.37
1708.77 -00.36
1725.86 -00.36
1743.12 -00.36
1760.55 -00.36
1778.15 -00.37
1795.94 -00.37
1813.90 -00.37
1832.03 -00.38
1850.36 -00.40
1868.86 -00.41
1887.55 -00.42
1906.42 -00.44
1925.49 -00.45
1944.74 -00.48
1964.19 -00.49
1983.83 -00.51
2003.67 -00.53
2023.71 -00.56
2043.94 -00.59
2064.38 -00.63
2085.03 -00.67
2105.88 -00.71
2126.94 -00.77
2148.20 -00.82
2169.69 -00.88
2191.38 -00.95
2213.30 -01.01
2235.43 -01.07
2257.78 -01.13
2280.36 -01.20
2303.17 -01.27
2326.20 -01.32
2349.46 -01.39
2372.95 -01.46
2396.68 -01.52
2420.65 -01.60
2444.86 -01.68
2469.31 -01.76
2494.00 -01.85
2518.94 -01.93
2544.13 -02.02
2569.57 -02.11
2595.27 -02.20
2621.22 -02.29
2647.43 -02.38
2673.90 -02.45
2700.64 -02.51
2727.65 -02.58
2754.93 -02.63
2782.48 -02.68
2810.30 -02.70
2838.40 -02.74
2866.79 -02.77
2895.46 -02.78
2924.41 -02.81
2953.65 -02.84
2983.19 -02.88
3013.02 -02.91
3043.15 -02.95
3073.58 -02.99
3104.32 -03.03
3135.36 -03.09
3166.72 -03.15
3198.38 -03.23
3230.37 -03.32
3262.67 -03.42
3295.30 -03.53
3328.25 -03.66
3361.53 -03.79
3395.15 -03.93
3429.10 -04.06
3463.39 -04.20
3498.03 -04.34
3533.01 -04.48
3568.34 -04.60
3604.02 -04.72
3640.06 -04.83
3676.46 -04.91
3713.22 -04.96
3750.36 -04.99
3787.86 -04.98
3825.74 -04.95
3864.00 -04.89
3902.64 -04.80
3941.66 -04.66
3981.08 -04.48
4020.89 -04.25
4061.10 -04.01
4101.71 -03.75
4142.73 -03.51
4184.15 -03.27
4226.00 -03.03
4268.26 -02.81
4310.94 -02.60
4354.05 -02.40
4397.59 -02.22
4441.56 -02.05
4485.98 -01.88
4530.84 -01.71
4576.15 -01.51
4621.91 -01.28
4668.13 -01.02
4714.81 -00.73
4761.96 -00.42
4809.58 -00.10
4857.67 00.24
4906.25 00.57
4955.31 00.90
5004.87 01.21
5054.91 01.51
5105.46 01.79
5156.52 01.96
5208.08 02.08
5260.16 02.17
5312.77 02.25
5365.89 02.30
5419.55 02.33
5473.75 02.35
5528.49 02.33
5583.77 02.30
5639.61 02.23
5696.00 02.14
5752.96 02.00
5810.49 01.84
5868.60 01.64
5927.28 01.41
5986.56 01.15
6046.42 01.10
6106.89 01.11
6167.96 01.09
6229.64 01.06
6291.93 00.99
6354.85 00.90
6418.40 00.80
6482.58 00.69
6547.41 00.58
6612.88 00.46
6679.01 00.35
6745.80 00.23
6813.26 00.13
6881.39 00.04
6950.21 00.00
7019.71 00.00
7089.91 00.05
7160.81 00.14
7232.41 00.27
7304.74 00.29
7377.79 00.31
7451.56 00.34
7526.08 00.37
7601.34 00.41
7677.35 00.45
7754.13 00.50
7831.67 00.55
7909.98 00.63
7989.08 00.74
8068.98 00.88
8149.67 01.04
8231.16 01.21
8313.47 01.36
8396.61 01.49
8480.57 01.59
8565.38 01.67
8651.03 01.75
8737.54 01.83
8824.92 01.91
8913.17 01.96
9002.30 01.98
9092.32 01.97
9183.25 01.93
9275.08 01.87
9367.83 01.80
9461.51 01.73
9556.12 01.65
9651.68 01.58
9748.20 01.48
9845.68 01.37
9944.14 01.25
10043.58 01.15
10144.02 01.10
10245.46 01.12
10347.91 01.27
10451.39 01.48
10555.91 01.74
10661.46 02.02
10768.08 02.30
10875.76 02.59
10984.52 02.88
11094.36 03.15
11205.31 03.39
11317.36 03.62
11430.53 03.82
11544.84 03.99
11660.29 04.14
11776.89 04.24
11894.66 04.33
12013.60 04.37
12133.74 04.39
12255.08 04.39
12377.63 04.36
12501.41 04.31
12626.42 04.22
12752.68 04.11
12880.21 03.97
13009.01 03.82
13139.10 03.66
13270.49 03.49
13403.20 03.32
13537.23 03.15
13672.60 02.98
13809.33 02.83
13947.42 02.68
14086.90 02.56
14227.77 02.46
14370.04 02.40
14513.74 02.34
14658.88 02.19
14805.47 02.05
14953.52 01.93
15103.06 01.81
15254.09 01.73
15406.63 01.63
15560.70 01.53
15716.30 01.41
15873.47 01.28
16032.20 01.11
16192.52 00.91
16354.45 00.64
16517.99 00.32
16683.17 -00.05
16850.01 -00.47
17018.51 -00.91
17188.69 -01.39
17360.58 -01.87
17534.18 -02.37
17709.53 -02.89
17886.62 -03.46
18065.49 -04.10
18246.14 -04.80
18428.60 -05.55
18612.89 -06.31
18799.02 -07.07
18987.01 -07.81
19176.88 -08.50
19368.65 -09.18
19562.33 -09.83
19757.96 -10.48
19955.54 -11.15
20000.00 -11.31
