20.00 -01.14
20.20 -01.07
20.40 -01.00
20.61 -00.93
20.81 -00.87
21.02 -00.81
21.23 -00.75
21.44 -00.69
21.66 -00.64
21.87 -00.59
22.09 -00.53
22.31 -00.49
22.54 -00.43
22.76 -00.39
22.99 -00.34
23.22 -00.29
23.45 -00.24
23.69 -00.19
23.92 -00.14
24.16 -00.10
24.40 -00.05
24.65 00.00
24.89 00.05
25.14 00.10
25.39 00.14
25.65 00.19
25.91 00.24
26.16 00.29
26.43 00.33
26.69 00.38
26.96 00.43
27.23 00.47
27.50 00.52
27.77 00.57
28.05 00.61
28.33 00.66
28.62 00.70
28.90 00.75
29.19 00.79
29.48 00.84
29.78 00.88
30.08 00.93
30.38 00.97
30.68 01.01
30.99 01.05
31.30 01.10
31.61 01.14
31.93 01.19
32.24 01.23
32.57 01.28
32.89 01.32
33.22 01.37
33.55 01.42
33.89 01.47
34.23 01.52
34.57 01.57
34.92 01.62
35.27 01.66
35.62 01.71
35.97 01.76
36.33 01.80
36.70 01.85
37.06 01.89
37.43 01.94
37.81 01.98
38.19 02.03
38.57 02.07
38.95 02.11
39.34 02.15
39.74 02.19
40.14 02.23
40.54 02.27
40.94 02.31
41.35 02.34
41.76 02.37
42.18 02.40
42.60 02.43
43.03 02.45
43.46 02.46
43.90 02.47
44.33 02.48
44.78 02.48
45.23 02.47
45.68 02.45
46.13 02.44
46.60 02.41
47.06 02.39
47.53 02.36
48.01 02.33
48.49 02.29
48.97 02.26
49.46 02.23
49.96 02.20
50.46 02.17
50.96 02.15
51.47 02.14
51.99 02.13
52.51 02.14
53.03 02.15
53.56 02.18
54.10 02.22
54.64 02.27
55.18 02.33
55.74 02.40
56.29 02.48
56.86 02.58
57.42 02.67
58.00 02.78
58.58 02.89
59.16 02.99
59.76 03.11
60.35 03.21
60.96 03.32
61.57 03.42
62.18 03.51
62.80 03.60
63.43 03.68
64.07 03.75
64.71 03.82
65.35 03.88
66.01 03.93
66.67 03.98
67.33 04.02
68.01 04.06
68.69 04.09
69.37 04.13
70.07 04.15
70.77 04.18
71.48 04.20
72.19 04.23
72.91 04.25
73.64 04.26
74.38 04.28
75.12 04.29
75.87 04.31
76.63 04.32
77.40 04.33
78.17 04.33
78.95 04.34
79.74 04.34
80.54 04.35
81.35 04.35
82.16 04.35
82.98 04.35
83.81 04.34
84.65 04.33
85.50 04.33
86.35 04.32
87.22 04.31
88.09 04.29
88.97 04.28
89.86 04.26
90.76 04.24
91.66 04.22
92.58 04.20
93.51 04.18
94.44 04.16
95.39 04.13
96.34 04.11
97.30 04.08
98.28 04.05
99.26 04.02
100.25 03.99
101.25 03.96
102.27 03.92
103.29 03.89
104.32 03.86
105.37 03.82
106.42 03.79
107.48 03.76
108.56 03.72
109.64 03.69
110.74 03.66
111.85 03.62
112.97 03.59
114.10 03.55
115.24 03.51
116.39 03.46
117.55 03.42
118.73 03.37
119.92 03.31
121.12 03.26
122.33 03.20
123.55 03.14
124.79 03.07
126.03 03.01
127.29 02.94
128.57 02.87
129.85 02.80
131.15 02.73
132.46 02.65
133.79 02.58
135.12 02.51
136.48 02.43
137.84 02.35
139.22 02.27
140.61 02.19
142.02 02.11
143.44 02.02
144.87 01.94
146.32 01.85
147.78 01.77
149.26 01.68
150.75 01.60
152.26 01.52
153.78 01.44
155.32 01.36
156.88 01.27
158.44 01.18
160.03 01.09
161.63 00.99
163.24 00.90
164.88 00.81
166.53 00.71
168.19 00.61
169.87 00.51
171.57 00.42
173.29 00.33
175.02 00.25
176.77 00.18
178.54 00.11
180.32 00.04
182.13 -00.01
183.95 -00.08
185.79 -00.16
187.65 -00.23
189.52 -00.32
191.42 -00.41
193.33 -00.52
195.27 -00.62
197.22 -00.74
199.19 -00.86
201.18 -00.98
203.19 -01.10
205.23 -01.23
207.28 -01.34
209.35 -01.46
211.44 -01.55
213.56 -01.65
215.69 -01.73
217.85 -01.81
220.03 -01.88
222.23 -01.94
224.45 -02.00
226.70 -02.05
228.96 -02.10
231.25 -02.13
233.57 -02.17
235.90 -02.20
238.26 -02.22
240.64 -02.22
243.05 -02.22
245.48 -02.22
247.93 -02.20
250.41 -02.18
252.92 -02.17
255.45 -02.15
258.00 -02.14
260.58 -02.14
263.19 -02.13
265.82 -02.13
268.48 -02.13
271.16 -02.13
273.87 -02.13
276.61 -02.11
279.38 -02.11
282.17 -02.09
284.99 -02.07
287.84 -02.05
290.72 -02.03
293.63 -02.01
296.57 -01.98
299.53 -01.97
302.53 -01.95
305.55 -01.96
308.61 -01.96
311.69 -01.97
314.81 -01.99
317.96 -02.01
321.14 -02.04
324.35 -02.07
327.59 -02.11
330.87 -02.16
334.18 -02.20
337.52 -02.24
340.90 -02.28
344.30 -02.32
347.75 -02.36
351.23 -02.38
354.74 -02.41
358.28 -02.44
361.87 -02.44
365.49 -02.46
369.14 -02.46
372.83 -02.46
376.56 -02.46
380.33 -02.45
384.13 -02.45
387.97 -02.43
391.85 -02.42
395.77 -02.39
399.73 -02.38
403.72 -02.36
407.76 -02.34
411.84 -02.31
415.96 -02.28
420.12 -02.24
424.32 -02.20
428.56 -02.14
432.85 -02.06
437.18 -01.99
441.55 -01.89
445.96 -01.77
450.42 -01.65
454.93 -01.51
459.48 -01.37
464.07 -01.22
468.71 -01.06
473.40 -00.90
478.13 -00.74
482.91 -00.57
487.74 -00.41
492.62 -00.22
497.55 -00.05
502.52 00.13
507.55 00.33
512.62 00.51
517.75 00.70
522.93 00.89
528.16 01.07
533.44 01.25
538.77 01.41
544.16 01.55
549.60 01.69
555.10 01.81
560.65 01.91
566.25 01.99
571.92 02.06
577.64 02.10
583.41 02.14
589.25 02.15
595.14 02.16
601.09 02.16
607.10 02.14
613.17 02.13
619.30 02.10
625.50 02.08
631.75 02.06
638.07 02.04
644.45 02.01
650.89 01.96
657.40 01.91
663.98 01.87
670.62 01.82
677.32 01.77
684.10 01.72
690.94 01.66
697.85 01.60
704.83 01.53
711.87 01.46
718.99 01.39
726.18 01.32
733.44 01.24
740.78 01.17
748.19 01.11
755.67 01.04
763.23 00.97
770.86 00.92
778.57 00.85
786.35 00.79
794.22 00.72
802.16 00.67
810.18 00.60
818.28 00.53
826.46 00.46
834.73 00.39
843.08 00.31
851.51 00.24
860.02 00.16
868.62 00.07
877.31 00.00
886.08 -00.09
894.94 -00.18
903.89 -00.27
912.93 -00.35
922.06 -00.44
931.28 -00.52
940.59 -00.61
950.00 -00.69
959.50 -00.77
969.09 -00.86
978.78 -00.95
988.57 -01.03
998.46 -01.12
1008.44 -01.19
1018.53 -01.26
1028.71 -01.33
1039.00 -01.39
1049.39 -01.43
1059.88 -01.48
1070.48 -01.50
1081.19 -01.51
1092.00 -01.52
1102.92 -01.51
1113.95 -01.50
1125.09 -01.48
1136.34 -01.48
1147.70 -01.47
1159.18 -01.47
1170.77 -01.47
1182.48 -01.49
1194.30 -01.49
1206.25 -01.50
1218.31 -01.51
1230.49 -01.53
1242.80 -01.54
1255.22 -01.57
1267.78 -01.59
1280.45 -01.61
1293.26 -01.62
1306.19 -01.64
1319.25 -01.67
1332.45 -01.71
1345.77 -01.75
1359.23 -01.80
1372.82 -01.86
1386.55 -01.93
1400.41 -02.00
1414.42 -02.09
1428.56 -02.18
1442.85 -02.29
1457.28 -02.41
1471.85 -02.56
1486.57 -02.72
1501.43 -02.91
1516.45 -03.13
1531.61 -03.37
1546.93 -03.66
1562.40 -03.98
1578.02 -04.35
1593.80 -04.76
1609.74 -05.21
1625.84 -05.70
1642.10 -06.22
1658.52 -06.73
1675.10 -07.23
1691.85 -07.67
1708.77 -08.01
1725.86 -08.23
1743.12 -08.30
1760.55 -08.24
1778.15 -08.05
1795.94 -07.75
1813.90 -07.39
1832.03 -07.01
1850.36 -06.63
1868.86 -06.27
1887.55 -05.93
1906.42 -05.63
1925.49 -05.35
1944.74 -05.12
1964.19 -04.90
1983.83 -04.71
2003.67 -04.55
2023.71 -04.40
2043.94 -04.27
2064.38 -04.16
2085.03 -04.06
2105.88 -03.96
2126.94 -03.88
2148.20 -03.81
2169.69 -03.75
2191.38 -03.70
2213.30 -03.65
2235.43 -03.61
2257.78 -03.58
2280.36 -03.57
2303.17 -03.57
2326.20 -03.57
2349.46 -03.59
2372.95 -03.62
2396.68 -03.66
2420.65 -03.72
2444.86 -03.78
2469.31 -03.84
2494.00 -03.92
2518.94 -03.99
2544.13 -04.08
2569.57 -04.16
2595.27 -04.25
2621.22 -04.36
2647.43 -04.46
2673.90 -04.57
2700.64 -04.67
2727.65 -04.79
2754.93 -04.91
2782.48 -05.03
2810.30 -05.15
2838.40 -05.27
2866.79 -05.40
2895.46 -05.51
2924.41 -05.63
2953.65 -05.75
2983.19 -05.87
3013.02 -05.99
3043.15 -06.10
3073.58 -06.22
3104.32 -06.34
3135.36 -06.47
3166.72 -06.59
3198.38 -06.74
3230.37 -06.88
3262.67 -07.05
3295.30 -07.22
3328.25 -07.40
3361.53 -07.59
3395.15 -07.79
3429.10 -07.98
3463.39 -08.18
3498.03 -08.39
3533.01 -08.58
3568.34 -08.77
3604.02 -08.97
3640.06 -09.17
3676.46 -09.37
3713.22 -09.57
3750.36 -09.77
3787.86 -09.97
3825.74 -10.16
3864.00 -10.36
3902.64 -10.55
3941.66 -10.72
3981.08 -10.87
4020.89 -10.96
4061.10 -10.97
4101.71 -10.87
4142.73 -10.65
4184.15 -10.32
4226.00 -09.89
4268.26 -09.39
4310.94 -08.83
4354.05 -08.22
4397.59 -07.56
4441.56 -06.86
4485.98 -06.14
4530.84 -05.43
4576.15 -04.73
4621.91 -04.06
4668.13 -03.42
4714.81 -02.81
4761.96 -02.22
4809.58 -01.66
4857.67 -01.13
4906.25 -00.64
4955.31 -00.19
5004.87 00.22
5054.91 00.60
5105.46 00.94
5156.52 01.18
5208.08 01.35
5260.16 01.51
5312.77 01.63
5365.89 01.74
5419.55 01.82
5473.75 01.87
5528.49 01.87
5583.77 01.85
5639.61 01.76
5696.00 01.62
5752.96 01.41
5810.49 01.12
5868.60 00.77
5927.28 00.33
5986.56 -00.20
6046.42 -00.58
6106.89 -00.99
6167.96 -01.48
6229.64 -02.07
6291.93 -02.73
6354.85 -03.45
6418.40 -04.21
6482.58 -04.97
6547.41 -05.72
6612.88 -06.40
6679.01 -07.03
6745.80 -07.59
6813.26 -08.06
6881.39 -08.45
6950.21 -08.70
7019.71 -08.73
7089.91 -08.49
7160.81 -07.97
7232.41 -07.21
7304.74 -06.44
7377.79 -05.63
7451.56 -04.79
7526.08 -03.98
7601.34 -03.20
7677.35 -02.48
7754.13 -01.82
7831.67 -01.23
7909.98 -00.72
7989.08 -00.27
8068.98 00.10
8149.67 00.40
8231.16 00.63
8313.47 00.78
8396.61 00.87
8480.57 00.88
8565.38 00.82
8651.03 00.69
8737.54 00.50
8824.92 00.24
8913.17 -00.08
9002.30 -00.45
9092.32 -00.86
9183.25 -01.30
9275.08 -01.77
9367.83 -02.23
9461.51 -02.67
9556.12 -03.08
9651.68 -03.45
9748.20 -03.76
9845.68 -04.02
9944.14 -04.23
10043.58 -04.41
10144.02 -04.56
10245.46 -04.67
10347.91 -04.66
10451.39 -04.62
10555.91 -04.55
10661.46 -04.48
10768.08 -04.41
10875.76 -04.36
10984.52 -04.33
11094.36 -04.33
11205.31 -04.36
11317.36 -04.38
11430.53 -04.37
11544.84 -04.33
11660.29 -04.23
11776.89 -04.12
11894.66 -03.98
12013.60 -03.87
12133.74 -03.76
12255.08 -03.69
12377.63 -03.64
12501.41 -03.64
12626.42 -03.69
12752.68 -03.81
12880.21 -04.03
13009.01 -04.34
13139.10 -04.75
13270.49 -05.21
13403.20 -05.68
13537.23 -06.07
13672.60 -06.31
13809.33 -06.37
13947.42 -06.29
14086.90 -06.13
14227.77 -05.95
14370.04 -05.81
14513.74 -05.75
14658.88 -05.89
14805.47 -06.08
14953.52 -06.28
15103.06 -06.48
15254.09 -06.65
15406.63 -06.80
15560.70 -06.92
15716.30 -07.01
15873.47 -07.06
16032.20 -07.09
16192.52 -07.12
16354.45 -07.16
16517.99 -07.25
16683.17 -07.42
16850.01 -07.69
17018.51 -08.08
17188.69 -08.62
17360.58 -09.29
17534.18 -10.09
17709.53 -10.99
17886.62 -11.94
18065.49 -12.93
18246.14 -13.91
18428.60 -14.85
18612.89 -15.72
18799.02 -16.50
18987.01 -17.15
19176.88 -17.63
19368.65 -17.95
19562.33 -18.15
19757.96 -18.25
19955.54 -18.34
20000.00 -18.36
