20.00 -08.67
20.20 -08.53
20.40 -08.39
20.61 -08.26
20.81 -08.13
21.02 -08.00
21.23 -07.88
21.44 -07.75
21.66 -07.63
21.87 -07.51
22.09 -07.39
22.31 -07.27
22.54 -07.15
22.76 -07.03
22.99 -06.92
23.22 -06.80
23.45 -06.68
23.69 -06.56
23.92 -06.45
24.16 -06.33
24.40 -06.22
24.65 -06.10
24.89 -05.98
25.14 -05.87
25.39 -05.75
25.65 -05.64
25.91 -05.52
26.16 -05.41
26.43 -05.30
26.69 -05.19
26.96 -05.07
27.23 -04.96
27.50 -04.85
27.77 -04.74
28.05 -04.64
28.33 -04.53
28.62 -04.42
28.90 -04.31
29.19 -04.21
29.48 -04.11
29.78 -04.00
30.08 -03.90
30.38 -03.80
30.68 -03.70
30.99 -03.60
31.30 -03.51
31.61 -03.41
31.93 -03.31
32.24 -03.22
32.57 -03.12
32.89 -03.03
33.22 -02.93
33.55 -02.83
33.89 -02.74
34.23 -02.64
34.57 -02.55
34.92 -02.45
35.27 -02.36
35.62 -02.26
35.97 -02.17
36.33 -02.08
36.70 -01.98
37.06 -01.89
37.43 -01.80
37.81 -01.71
38.19 -01.62
38.57 -01.53
38.95 -01.45
39.34 -01.36
39.74 -01.27
40.14 -01.19
40.54 -01.10
40.94 -01.02
41.35 -00.94
41.76 -00.86
42.18 -00.78
42.60 -00.70
43.03 -00.62
43.46 -00.54
43.90 -00.47
44.33 -00.39
44.78 -00.32
45.23 -00.24
45.68 -00.17
46.13 -00.10
46.60 -00.02
47.06 00.05
47.53 00.12
48.01 00.19
48.49 00.26
48.97 00.32
49.46 00.39
49.96 00.46
50.46 00.52
50.96 00.58
51.47 00.64
51.99 00.71
52.51 00.77
53.03 00.82
53.56 00.88
54.10 00.94
54.64 00.99
55.18 01.05
55.74 01.10
56.29 01.15
56.86 01.20
57.42 01.25
58.00 01.30
58.58 01.35
59.16 01.39
59.76 01.44
60.35 01.48
60.96 01.53
61.57 01.57
62.18 01.61
62.80 01.64
63.43 01.68
64.07 01.72
64.71 01.75
65.35 01.78
66.01 01.81
66.67 01.84
67.33 01.87
68.01 01.90
68.69 01.92
69.37 01.95
70.07 01.97
70.77 01.99
71.48 02.01
72.19 02.03
72.91 02.05
73.64 02.06
74.38 02.08
75.12 02.09
75.87 02.10
76.63 02.11
77.40 02.12
78.17 02.13
78.95 02.13
79.74 02.14
80.54 02.14
81.35 02.15
82.16 02.15
82.98 02.16
83.81 02.16
84.65 02.16
85.50 02.16
86.35 02.16
87.22 02.17
88.09 02.17
88.97 02.17
89.86 02.17
90.76 02.17
91.66 02.17
92.58 02.17
93.51 02.17
94.44 02.17
95.39 02.17
96.34 02.17
97.30 02.18
98.28 02.18
99.26 02.18
100.25 02.18
101.25 02.18
102.27 02.18
103.29 02.18
104.32 02.18
105.37 02.18
106.42 02.18
107.48 02.18
108.56 02.18
109.64 02.18
110.74 02.18
111.85 02.18
112.97 02.18
114.10 02.17
115.24 02.17
116.39 02.17
117.55 02.16
118.73 02.16
119.92 02.15
121.12 02.15
122.33 02.14
123.55 02.13
124.79 02.13
126.03 02.12
127.29 02.11
128.57 02.10
129.85 02.09
131.15 02.07
132.46 02.06
133.79 02.04
135.12 02.03
136.48 02.01
137.84 02.00
139.22 01.98
140.61 01.96
142.02 01.94
143.44 01.92
144.87 01.90
146.32 01.88
147.78 01.86
149.26 01.84
150.75 01.82
152.26 01.80
153.78 01.77
155.32 01.75
156.88 01.73
158.44 01.70
160.03 01.68
161.63 01.67
163.24 01.66
164.88 01.66
166.53 01.65
168.19 01.65
169.87 01.65
171.57 01.67
173.29 01.68
175.02 01.70
176.77 01.72
178.54 01.73
180.32 01.73
182.13 01.74
183.95 01.74
185.79 01.73
187.65 01.72
189.52 01.69
191.42 01.67
193.33 01.63
195.27 01.59
197.22 01.55
199.19 01.51
201.18 01.46
203.19 01.43
205.23 01.39
207.28 01.36
209.35 01.33
211.44 01.32
213.56 01.32
215.69 01.33
217.85 01.37
220.03 01.41
222.23 01.49
224.45 01.57
226.70 01.66
228.96 01.74
231.25 01.84
233.57 01.91
235.90 01.98
238.26 02.04
240.64 02.10
243.05 02.13
245.48 02.14
247.93 02.15
250.41 02.13
252.92 02.10
255.45 02.07
258.00 02.04
260.58 02.00
263.19 01.97
265.82 01.93
268.48 01.91
271.16 01.88
273.87 01.84
276.61 01.82
279.38 01.80
282.17 01.78
284.99 01.75
287.84 01.73
290.72 01.71
293.63 01.69
296.57 01.68
299.53 01.65
302.53 01.64
305.55 01.62
308.61 01.60
311.69 01.59
314.81 01.57
317.96 01.56
321.14 01.54
324.35 01.53
327.59 01.51
330.87 01.49
334.18 01.47
337.52 01.47
340.90 01.45
344.30 01.43
347.75 01.42
351.23 01.41
354.74 01.40
358.28 01.38
361.87 01.38
365.49 01.36
369.14 01.36
372.83 01.34
376.56 01.32
380.33 01.32
384.13 01.30
387.97 01.30
391.85 01.28
395.77 01.28
399.73 01.26
403.72 01.26
407.76 01.25
411.84 01.24
415.96 01.23
420.12 01.23
424.32 01.21
428.56 01.21
432.85 01.20
437.18 01.19
441.55 01.18
445.96 01.17
450.42 01.15
454.93 01.14
459.48 01.12
464.07 01.09
468.71 01.07
473.40 01.05
478.13 01.03
482.91 01.00
487.74 00.98
492.62 00.97
497.55 00.94
502.52 00.92
507.55 00.92
512.62 00.90
517.75 00.89
522.93 00.89
528.16 00.88
533.44 00.88
538.77 00.88
544.16 00.87
549.60 00.88
555.10 00.88
560.65 00.88
566.25 00.88
571.92 00.88
577.64 00.87
583.41 00.88
589.25 00.87
595.14 00.87
601.09 00.87
607.10 00.87
613.17 00.87
619.30 00.87
625.50 00.87
631.75 00.88
638.07 00.88
644.45 00.87
650.89 00.85
657.40 00.83
663.98 00.81
670.62 00.79
677.32 00.76
684.10 00.74
690.94 00.72
697.85 00.70
704.83 00.66
711.87 00.62
718.99 00.59
726.18 00.55
733.44 00.50
740.78 00.45
748.19 00.40
755.67 00.34
763.23 00.29
770.86 00.24
778.57 00.18
786.35 00.12
794.22 00.06
802.16 00.02
810.18 -00.04
818.28 -00.09
826.46 -00.15
834.73 -00.19
843.08 -00.24
851.51 -00.29
860.02 -00.33
868.62 -00.37
877.31 -00.40
886.08 -00.43
894.94 -00.46
903.89 -00.49
912.93 -00.49
922.06 -00.50
931.28 -00.50
940.59 -00.51
950.00 -00.52
959.50 -00.53
969.09 -00.55
978.78 -00.57
988.57 -00.59
998.46 -00.62
1008.44 -00.64
1018.53 -00.66
1028.71 -00.69
1039.00 -00.71
1049.39 -00.74
1059.88 -00.77
1070.48 -00.79
1081.19 -00.81
1092.00 -00.84
1102.92 -00.86
1113.95 -00.87
1125.09 -00.89
1136.34 -00.91
1147.70 -00.91
1159.18 -00.91
1170.77 -00.90
1182.48 -00.89
1194.30 -00.86
1206.25 -00.83
1218.31 -00.80
1230.49 -00.76
1242.80 -00.73
1255.22 -00.70
1267.78 -00.66
1280.45 -00.62
1293.26 -00.57
1306.19 -00.53
1319.25 -00.49
1332.45 -00.46
1345.77 -00.42
1359.23 -00.40
1372.82 -00.37
1386.55 -00.35
1400.41 -00.34
1414.42 -00.33
1428.56 -00.32
1442.85 -00.32
1457.28 -00.32
1471.85 -00.33
1486.57 -00.34
1501.43 -00.34
1516.45 -00.34
1531.61 -00.32
1546.93 -00.31
1562.40 -00.29
1578.02 -00.26
1593.80 -00.23
1609.74 -00.18
1625.84 -00.14
1642.10 -00.09
1658.52 -00.02
1675.10 00.04
1691.85 00.09
1708.77 00.16
1725.86 00.22
1743.12 00.29
1760.55 00.34
1778.15 00.40
1795.94 00.47
1813.90 00.53
1832.03 00.59
1850.36 00.65
1868.86 00.72
1887.55 00.78
1906.42 00.85
1925.49 00.92
1944.74 00.98
1964.19 01.07
1983.83 01.17
2003.67 01.27
2023.71 01.39
2043.94 01.51
2064.38 01.64
2085.03 01.79
2105.88 01.96
2126.94 02.13
2148.20 02.31
2169.69 02.49
2191.38 02.68
2213.30 02.88
2235.43 03.09
2257.78 03.28
2280.36 03.48
2303.17 03.67
2326.20 03.86
2349.46 04.02
2372.95 04.17
2396.68 04.30
2420.65 04.40
2444.86 04.47
2469.31 04.52
2494.00 04.53
2518.94 04.51
2544.13 04.45
2569.57 04.36
2595.27 04.24
2621.22 04.08
2647.43 03.90
2673.90 03.67
2700.64 03.44
2727.65 03.17
2754.93 02.88
2782.48 02.57
2810.30 02.26
2838.40 01.92
2866.79 01.58
2895.46 01.25
2924.41 00.91
2953.65 00.59
2983.19 00.27
3013.02 -00.03
3043.15 -00.30
3073.58 -00.55
3104.32 -00.76
3135.36 -00.96
3166.72 -01.12
3198.38 -01.27
3230.37 -01.39
3262.67 -01.50
3295.30 -01.57
3328.25 -01.63
3361.53 -01.64
3395.15 -01.62
3429.10 -01.56
3463.39 -01.46
3498.03 -01.33
3533.01 -01.16
3568.34 -00.98
3604.02 -00.79
3640.06 -00.58
3676.46 -00.33
3713.22 -00.03
3750.36 00.32
3787.86 00.72
3825.74 01.17
3864.00 01.67
3902.64 02.17
3941.66 02.68
3981.08 03.17
4020.89 03.62
4061.10 04.01
4101.71 04.33
4142.73 04.57
4184.15 04.73
4226.00 04.82
4268.26 04.85
4310.94 04.80
4354.05 04.69
4397.59 04.53
4441.56 04.31
4485.98 04.04
4530.84 03.72
4576.15 03.37
4621.91 03.00
4668.13 02.60
4714.81 02.20
4761.96 01.77
4809.58 01.33
4857.67 00.86
4906.25 00.37
4955.31 -00.15
5004.87 -00.67
5054.91 -01.18
5105.46 -01.65
5156.52 -02.16
5208.08 -02.65
5260.16 -03.08
5312.77 -03.45
5365.89 -03.78
5419.55 -04.08
5473.75 -04.37
5528.49 -04.66
5583.77 -04.93
5639.61 -05.22
5696.00 -05.50
5752.96 -05.78
5810.49 -06.05
5868.60 -06.31
5927.28 -06.54
5986.56 -06.77
6046.42 -06.75
6106.89 -06.65
6167.96 -06.54
6229.64 -06.43
6291.93 -06.31
6354.85 -06.18
6418.40 -06.02
6482.58 -05.85
6547.41 -05.68
6612.88 -05.50
6679.01 -05.34
6745.80 -05.18
6813.26 -04.98
6881.39 -04.77
6950.21 -04.52
7019.71 -04.24
7089.91 -03.94
7160.81 -03.62
7232.41 -03.26
7304.74 -03.00
7377.79 -02.71
7451.56 -02.36
7526.08 -01.95
7601.34 -01.50
7677.35 -01.03
7754.13 -00.56
7831.67 -00.09
7909.98 00.37
7989.08 00.81
8068.98 01.24
8149.67 01.63
8231.16 01.99
8313.47 02.31
8396.61 02.58
8480.57 02.80
8565.38 03.00
8651.03 03.17
8737.54 03.33
8824.92 03.48
8913.17 03.62
9002.30 03.76
9092.32 03.89
9183.25 04.04
9275.08 04.20
9367.83 04.39
9461.51 04.60
9556.12 04.85
9651.68 05.12
9748.20 05.42
9845.68 05.75
9944.14 06.10
10043.58 06.45
10144.02 06.79
10245.46 07.07
10347.91 07.35
10451.39 07.54
10555.91 07.64
10661.46 07.63
10768.08 07.54
10875.76 07.36
10984.52 07.10
11094.36 06.74
11205.31 06.24
11317.36 05.61
11430.53 04.84
11544.84 03.95
11660.29 03.02
11776.89 02.12
11894.66 01.32
12013.60 00.62
12133.74 -00.01
12255.08 -00.62
12377.63 -01.24
12501.41 -01.82
12626.42 -02.26
12752.68 -02.44
12880.21 -02.36
13009.01 -02.06
13139.10 -01.65
13270.49 -01.20
13403.20 -00.78
13537.23 -00.43
13672.60 -00.15
13809.33 00.05
13947.42 00.16
14086.90 00.20
14227.77 00.17
14370.04 00.08
14513.74 -00.10
14658.88 -00.45
14805.47 -00.81
14953.52 -01.13
15103.06 -01.36
15254.09 -01.45
15406.63 -01.42
15560.70 -01.30
15716.30 -01.15
15873.47 -01.03
16032.20 -00.98
16192.52 -01.02
16354.45 -01.14
16517.99 -01.35
16683.17 -01.65
16850.01 -02.05
17018.51 -02.60
17188.69 -03.32
17360.58 -04.27
17534.18 -05.50
17709.53 -07.03
17886.62 -08.76
18065.49 -10.60
18246.14 -12.44
18428.60 -14.20
18612.89 -15.80
18799.02 -17.17
18987.01 -18.15
19176.88 -18.57
19368.65 -18.41
19562.33 -17.78
19757.96 -16.92
19955.54 -16.09
20000.00 -15.93
