20.00 -09.81
20.20 -09.71
20.40 -09.62
20.61 -09.52
20.81 -09.43
21.02 -09.34
21.23 -09.25
21.44 -09.16
21.66 -09.07
21.87 -08.99
22.09 -08.90
22.31 -08.82
22.54 -08.73
22.76 -08.65
22.99 -08.56
23.22 -08.48
23.45 -08.39
23.69 -08.31
23.92 -08.23
24.16 -08.14
24.40 -08.06
24.65 -07.98
24.89 -07.90
25.14 -07.82
25.39 -07.74
25.65 -07.65
25.91 -07.57
26.16 -07.50
26.43 -07.41
26.69 -07.34
26.96 -07.26
27.23 -07.18
27.50 -07.11
27.77 -07.03
28.05 -06.96
28.33 -06.88
28.62 -06.81
28.90 -06.74
29.19 -06.67
29.48 -06.60
29.78 -06.53
30.08 -06.46
30.38 -06.40
30.68 -06.33
30.99 -06.27
31.30 -06.20
31.61 -06.14
31.93 -06.08
32.24 -06.03
32.57 -05.97
32.89 -05.91
33.22 -05.86
33.55 -05.80
33.89 -05.75
34.23 -05.69
34.57 -05.64
34.92 -05.58
35.27 -05.53
35.62 -05.48
35.97 -05.43
36.33 -05.38
36.70 -05.32
37.06 -05.27
37.43 -05.22
37.81 -05.17
38.19 -05.12
38.57 -05.07
38.95 -05.02
39.34 -04.97
39.74 -04.92
40.14 -04.88
40.54 -04.83
40.94 -04.78
41.35 -04.74
41.76 -04.69
42.18 -04.65
42.60 -04.60
43.03 -04.55
43.46 -04.51
43.90 -04.46
44.33 -04.42
44.78 -04.37
45.23 -04.33
45.68 -04.28
46.13 -04.24
46.60 -04.19
47.06 -04.15
47.53 -04.10
48.01 -04.06
48.49 -04.02
48.97 -03.98
49.46 -03.93
49.96 -03.89
50.46 -03.85
50.96 -03.81
51.47 -03.77
51.99 -03.73
52.51 -03.70
53.03 -03.66
53.56 -03.63
54.10 -03.59
54.64 -03.56
55.18 -03.53
55.74 -03.49
56.29 -03.46
56.86 -03.43
57.42 -03.40
58.00 -03.37
58.58 -03.34
59.16 -03.31
59.76 -03.28
60.35 -03.25
60.96 -03.22
61.57 -03.19
62.18 -03.16
62.80 -03.13
63.43 -03.10
64.07 -03.07
64.71 -03.04
65.35 -03.01
66.01 -02.98
66.67 -02.95
67.33 -02.92
68.01 -02.89
68.69 -02.85
69.37 -02.82
70.07 -02.79
70.77 -02.76
71.48 -02.73
72.19 -02.70
72.91 -02.67
73.64 -02.64
74.38 -02.61
75.12 -02.59
75.87 -02.56
76.63 -02.54
77.40 -02.51
78.17 -02.49
78.95 -02.47
79.74 -02.45
80.54 -02.43
81.35 -02.40
82.16 -02.38
82.98 -02.36
83.81 -02.34
84.65 -02.32
85.50 -02.30
86.35 -02.28
87.22 -02.26
88.09 -02.24
88.97 -02.22
89.86 -02.20
90.76 -02.18
91.66 -02.17
92.58 -02.14
93.51 -02.12
94.44 -02.10
95.39 -02.08
96.34 -02.05
97.30 -02.02
98.28 -01.99
99.26 -01.96
100.25 -01.93
101.25 -01.89
102.27 -01.86
103.29 -01.82
104.32 -01.79
105.37 -01.76
106.42 -01.73
107.48 -01.71
108.56 -01.68
109.64 -01.66
110.74 -01.65
111.85 -01.63
112.97 -01.61
114.10 -01.60
115.24 -01.59
116.39 -01.57
117.55 -01.56
118.73 -01.55
119.92 -01.53
121.12 -01.51
122.33 -01.50
123.55 -01.48
124.79 -01.46
126.03 -01.44
127.29 -01.42
128.57 -01.39
129.85 -01.37
131.15 -01.35
132.46 -01.33
133.79 -01.30
135.12 -01.28
136.48 -01.26
137.84 -01.24
139.22 -01.22
140.61 -01.20
142.02 -01.18
143.44 -01.17
144.87 -01.15
146.32 -01.14
147.78 -01.13
149.26 -01.12
150.75 -01.11
152.26 -01.10
153.78 -01.10
155.32 -01.09
156.88 -01.08
158.44 -01.08
160.03 -01.07
161.63 -01.06
163.24 -01.04
164.88 -01.02
166.53 -01.01
168.19 -01.00
169.87 -00.99
171.57 -00.97
173.29 -00.97
175.02 -00.96
176.77 -00.95
178.54 -00.95
180.32 -00.95
182.13 -00.95
183.95 -00.95
185.79 -00.96
187.65 -00.96
189.52 -00.96
191.42 -00.96
193.33 -00.97
195.27 -00.97
197.22 -00.98
199.19 -00.98
201.18 -01.00
203.19 -01.01
205.23 -01.03
207.28 -01.04
209.35 -01.06
211.44 -01.07
213.56 -01.09
215.69 -01.08
217.85 -01.07
220.03 -01.06
222.23 -01.02
224.45 -00.97
226.70 -00.92
228.96 -00.86
231.25 -00.79
233.57 -00.73
235.90 -00.66
238.26 -00.60
240.64 -00.53
243.05 -00.48
245.48 -00.43
247.93 -00.38
250.41 -00.35
252.92 -00.31
255.45 -00.28
258.00 -00.25
260.58 -00.23
263.19 -00.20
265.82 -00.18
268.48 -00.15
271.16 -00.14
273.87 -00.13
276.61 -00.11
279.38 -00.10
282.17 -00.09
284.99 -00.08
287.84 -00.07
290.72 -00.06
293.63 -00.05
296.57 -00.03
299.53 -00.03
302.53 -00.01
305.55 00.00
308.61 00.01
311.69 00.02
314.81 00.02
317.96 00.02
321.14 00.01
324.35 00.01
327.59 -00.01
330.87 -00.04
334.18 -00.06
337.52 -00.09
340.90 -00.13
344.30 -00.18
347.75 -00.23
351.23 -00.28
354.74 -00.35
358.28 -00.43
361.87 -00.50
365.49 -00.58
369.14 -00.65
372.83 -00.73
376.56 -00.80
380.33 -00.85
384.13 -00.91
387.97 -00.95
391.85 -00.98
395.77 -01.00
399.73 -01.01
403.72 -01.00
407.76 -00.99
411.84 -00.96
415.96 -00.93
420.12 -00.89
424.32 -00.85
428.56 -00.79
432.85 -00.72
437.18 -00.66
441.55 -00.59
445.96 -00.52
450.42 -00.46
454.93 -00.39
459.48 -00.34
464.07 -00.29
468.71 -00.24
473.40 -00.19
478.13 -00.15
482.91 -00.11
487.74 -00.08
492.62 -00.04
497.55 -00.01
502.52 00.02
507.55 00.06
512.62 00.08
517.75 00.10
522.93 00.12
528.16 00.13
533.44 00.15
538.77 00.16
544.16 00.17
549.60 00.19
555.10 00.19
560.65 00.21
566.25 00.22
571.92 00.24
577.64 00.25
583.41 00.27
589.25 00.28
595.14 00.30
601.09 00.32
607.10 00.34
613.17 00.36
619.30 00.38
625.50 00.40
631.75 00.43
638.07 00.45
644.45 00.47
650.89 00.47
657.40 00.47
663.98 00.49
670.62 00.49
677.32 00.49
684.10 00.50
690.94 00.50
697.85 00.50
704.83 00.47
711.87 00.44
718.99 00.40
726.18 00.36
733.44 00.32
740.78 00.28
748.19 00.25
755.67 00.22
763.23 00.19
770.86 00.17
778.57 00.16
786.35 00.15
794.22 00.16
802.16 00.19
810.18 00.21
818.28 00.23
826.46 00.23
834.73 00.24
843.08 00.24
851.51 00.23
860.02 00.23
868.62 00.21
877.31 00.21
886.08 00.20
894.94 00.18
903.89 00.17
912.93 00.18
922.06 00.18
931.28 00.20
940.59 00.21
950.00 00.23
959.50 00.25
969.09 00.25
978.78 00.26
988.57 00.27
998.46 00.26
1008.44 00.26
1018.53 00.25
1028.71 00.22
1039.00 00.20
1049.39 00.18
1059.88 00.14
1070.48 00.12
1081.19 00.09
1092.00 00.06
1102.92 00.03
1113.95 00.01
1125.09 -00.01
1136.34 -00.04
1147.70 -00.06
1159.18 -00.08
1170.77 -00.11
1182.48 -00.14
1194.30 -00.17
1206.25 -00.20
1218.31 -00.24
1230.49 -00.28
1242.80 -00.33
1255.22 -00.40
1267.78 -00.47
1280.45 -00.54
1293.26 -00.61
1306.19 -00.68
1319.25 -00.76
1332.45 -00.85
1345.77 -00.93
1359.23 -01.01
1372.82 -01.09
1386.55 -01.17
1400.41 -01.24
1414.42 -01.31
1428.56 -01.38
1442.85 -01.44
1457.28 -01.51
1471.85 -01.58
1486.57 -01.66
1501.43 -01.74
1516.45 -01.83
1531.61 -01.91
1546.93 -02.00
1562.40 -02.10
1578.02 -02.20
1593.80 -02.29
1609.74 -02.37
1625.84 -02.46
1642.10 -02.55
1658.52 -02.64
1675.10 -02.75
1691.85 -02.85
1708.77 -02.93
1725.86 -03.02
1743.12 -03.09
1760.55 -03.18
1778.15 -03.27
1795.94 -03.36
1813.90 -03.46
1832.03 -03.55
1850.36 -03.63
1868.86 -03.70
1887.55 -03.76
1906.42 -03.83
1925.49 -03.90
1944.74 -03.98
1964.19 -04.05
1983.83 -04.09
2003.67 -04.12
2023.71 -04.15
2043.94 -04.18
2064.38 -04.21
2085.03 -04.25
2105.88 -04.27
2126.94 -04.30
2148.20 -04.33
2169.69 -04.37
2191.38 -04.42
2213.30 -04.49
2235.43 -04.57
2257.78 -04.68
2280.36 -04.81
2303.17 -04.95
2326.20 -05.11
2349.46 -05.31
2372.95 -05.52
2396.68 -05.71
2420.65 -05.89
2444.86 -06.02
2469.31 -06.09
2494.00 -06.12
2518.94 -06.10
2544.13 -06.05
2569.57 -05.97
2595.27 -05.86
2621.22 -05.73
2647.43 -05.58
2673.90 -05.44
2700.64 -05.32
2727.65 -05.24
2754.93 -05.19
2782.48 -05.15
2810.30 -05.12
2838.40 -05.11
2866.79 -05.10
2895.46 -05.07
2924.41 -05.04
2953.65 -05.01
2983.19 -04.99
3013.02 -04.96
3043.15 -04.92
3073.58 -04.88
3104.32 -04.82
3135.36 -04.77
3166.72 -04.68
3198.38 -04.58
3230.37 -04.45
3262.67 -04.30
3295.30 -04.10
3328.25 -03.86
3361.53 -03.57
3395.15 -03.24
3429.10 -02.85
3463.39 -02.44
3498.03 -02.01
3533.01 -01.57
3568.34 -01.15
3604.02 -00.78
3640.06 -00.45
3676.46 -00.18
3713.22 00.03
3750.36 00.17
3787.86 00.25
3825.74 00.26
3864.00 00.21
3902.64 00.10
3941.66 -00.08
3981.08 -00.32
4020.89 -00.61
4061.10 -00.93
4101.71 -01.27
4142.73 -01.61
4184.15 -01.93
4226.00 -02.22
4268.26 -02.47
4310.94 -02.68
4354.05 -02.82
4397.59 -02.92
4441.56 -02.96
4485.98 -02.95
4530.84 -02.91
4576.15 -02.84
4621.91 -02.74
4668.13 -02.64
4714.81 -02.53
4761.96 -02.42
4809.58 -02.32
4857.67 -02.21
4906.25 -02.11
4955.31 -02.00
5004.87 -01.88
5054.91 -01.75
5105.46 -01.60
5156.52 -01.51
5208.08 -01.43
5260.16 -01.32
5312.77 -01.19
5365.89 -01.03
5419.55 -00.85
5473.75 -00.66
5528.49 -00.47
5583.77 -00.27
5639.61 -00.08
5696.00 00.09
5752.96 00.26
5810.49 00.41
5868.60 00.55
5927.28 00.66
5986.56 00.75
6046.42 01.03
6106.89 01.36
6167.96 01.67
6229.64 01.96
6291.93 02.23
6354.85 02.48
6418.40 02.70
6482.58 02.92
6547.41 03.11
6612.88 03.29
6679.01 03.45
6745.80 03.61
6813.26 03.76
6881.39 03.90
6950.21 04.05
7019.71 04.20
7089.91 04.35
7160.81 04.51
7232.41 04.68
7304.74 04.70
7377.79 04.72
7451.56 04.75
7526.08 04.78
7601.34 04.83
7677.35 04.87
7754.13 04.91
7831.67 04.90
7909.98 04.86
7989.08 04.75
8068.98 04.60
8149.67 04.42
8231.16 04.22
8313.47 04.02
8396.61 03.82
8480.57 03.63
8565.38 03.46
8651.03 03.34
8737.54 03.27
8824.92 03.30
8913.17 03.44
9002.30 03.66
9092.32 03.94
9183.25 04.26
9275.08 04.60
9367.83 04.96
9461.51 05.33
9556.12 05.72
9651.68 06.09
9748.20 06.44
9845.68 06.75
9944.14 06.99
10043.58 07.16
10144.02 07.24
10245.46 07.24
10347.91 07.24
10451.39 07.17
10555.91 07.03
10661.46 06.80
10768.08 06.47
10875.76 06.06
10984.52 05.57
11094.36 05.02
11205.31 04.41
11317.36 03.81
11430.53 03.24
11544.84 02.73
11660.29 02.29
11776.89 01.89
11894.66 01.55
12013.60 01.23
12133.74 00.98
12255.08 00.82
12377.63 00.74
12501.41 00.73
12626.42 00.77
12752.68 00.83
12880.21 00.88
13009.01 00.92
13139.10 00.92
13270.49 00.88
13403.20 00.80
13537.23 00.67
13672.60 00.49
13809.33 00.26
13947.42 00.00
14086.90 -00.27
14227.77 -00.53
14370.04 -00.74
14513.74 -00.95
14658.88 -01.24
14805.47 -01.49
14953.52 -01.70
15103.06 -01.88
15254.09 -02.03
15406.63 -02.16
15560.70 -02.26
15716.30 -02.31
15873.47 -02.30
16032.20 -02.22
16192.52 -02.07
16354.45 -01.86
16517.99 -01.59
16683.17 -01.28
16850.01 -00.95
17018.51 -00.64
17188.69 -00.40
17360.58 -00.25
17534.18 -00.23
17709.53 -00.36
17886.62 -00.59
18065.49 -00.94
18246.14 -01.39
18428.60 -01.99
18612.89 -02.73
18799.02 -03.70
18987.01 -04.93
19176.88 -06.45
19368.65 -08.28
19562.33 -10.33
19757.96 -12.37
19955.54 -14.07
20000.00 -14.34
