20.00 -01.47
20.20 -01.38
20.40 -01.29
20.61 -01.19
20.81 -01.11
21.02 -01.02
21.23 -00.94
21.44 -00.85
21.66 -00.77
21.87 -00.69
22.09 -00.60
22.31 -00.52
22.54 -00.44
22.76 -00.36
22.99 -00.28
23.22 -00.19
23.45 -00.11
23.69 -00.03
23.92 00.05
24.16 00.13
24.40 00.21
24.65 00.29
24.89 00.37
25.14 00.45
25.39 00.52
25.65 00.60
25.91 00.68
26.16 00.76
26.43 00.84
26.69 00.91
26.96 00.99
27.23 01.07
27.50 01.14
27.77 01.22
28.05 01.29
28.33 01.36
28.62 01.44
28.90 01.51
29.19 01.58
29.48 01.65
29.78 01.72
30.08 01.79
30.38 01.86
30.68 01.92
30.99 01.99
31.30 02.06
31.61 02.12
31.93 02.19
32.24 02.25
32.57 02.32
32.89 02.38
33.22 02.45
33.55 02.52
33.89 02.58
34.23 02.65
34.57 02.71
34.92 02.78
35.27 02.84
35.62 02.90
35.97 02.96
36.33 03.02
36.70 03.08
37.06 03.14
37.43 03.20
37.81 03.26
38.19 03.31
38.57 03.37
38.95 03.42
39.34 03.47
39.74 03.53
40.14 03.58
40.54 03.63
40.94 03.67
41.35 03.72
41.76 03.76
42.18 03.80
42.60 03.84
43.03 03.87
43.46 03.90
43.90 03.93
44.33 03.96
44.78 03.98
45.23 04.01
45.68 04.03
46.13 04.05
46.60 04.07
47.06 04.09
47.53 04.10
48.01 04.12
48.49 04.14
48.97 04.16
49.46 04.18
49.96 04.20
50.46 04.22
50.96 04.24
51.47 04.26
51.99 04.29
52.51 04.31
53.03 04.34
53.56 04.37
54.10 04.39
54.64 04.42
55.18 04.45
55.74 04.49
56.29 04.52
56.86 04.55
57.42 04.59
58.00 04.62
58.58 04.66
59.16 04.69
59.76 04.73
60.35 04.77
60.96 04.81
61.57 04.84
62.18 04.88
62.80 04.91
63.43 04.95
64.07 04.98
64.71 05.01
65.35 05.04
66.01 05.07
66.67 05.10
67.33 05.13
68.01 05.15
68.69 05.18
69.37 05.20
70.07 05.22
70.77 05.23
71.48 05.25
72.19 05.26
72.91 05.27
73.64 05.28
74.38 05.28
75.12 05.27
75.87 05.26
76.63 05.25
77.40 05.23
78.17 05.21
78.95 05.19
79.74 05.16
80.54 05.13
81.35 05.09
82.16 05.06
82.98 05.03
83.81 05.00
84.65 04.97
85.50 04.95
86.35 04.92
87.22 04.90
88.09 04.88
88.97 04.86
89.86 04.84
90.76 04.83
91.66 04.81
92.58 04.80
93.51 04.79
94.44 04.79
95.39 04.78
96.34 04.78
97.30 04.78
98.28 04.79
99.26 04.79
100.25 04.80
101.25 04.81
102.27 04.82
103.29 04.83
104.32 04.84
105.37 04.85
106.42 04.86
107.48 04.86
108.56 04.86
109.64 04.86
110.74 04.85
111.85 04.85
112.97 04.84
114.10 04.82
115.24 04.81
116.39 04.80
117.55 04.78
118.73 04.77
119.92 04.75
121.12 04.73
122.33 04.71
123.55 04.69
124.79 04.67
126.03 04.65
127.29 04.63
128.57 04.60
129.85 04.58
131.15 04.56
132.46 04.53
133.79 04.50
135.12 04.48
136.48 04.45
137.84 04.42
139.22 04.39
140.61 04.37
142.02 04.34
143.44 04.31
144.87 04.27
146.32 04.24
147.78 04.21
149.26 04.18
150.75 04.15
152.26 04.12
153.78 04.09
155.32 04.05
156.88 04.02
158.44 03.99
160.03 03.96
161.63 03.93
163.24 03.91
164.88 03.90
166.53 03.88
168.19 03.85
169.87 03.83
171.57 03.82
173.29 03.79
175.02 03.76
176.77 03.75
178.54 03.72
180.32 03.69
182.13 03.67
183.95 03.64
185.79 03.60
187.65 03.58
189.52 03.54
191.42 03.51
193.33 03.46
195.27 03.43
197.22 03.38
199.19 03.33
201.18 03.28
203.19 03.23
205.23 03.17
207.28 03.12
209.35 03.06
211.44 03.00
213.56 02.94
215.69 02.88
217.85 02.83
220.03 02.78
222.23 02.73
224.45 02.70
226.70 02.65
228.96 02.61
231.25 02.59
233.57 02.56
235.90 02.54
238.26 02.51
240.64 02.50
243.05 02.48
245.48 02.46
247.93 02.44
250.41 02.42
252.92 02.39
255.45 02.38
258.00 02.35
260.58 02.31
263.19 02.29
265.82 02.25
268.48 02.22
271.16 02.17
273.87 02.13
276.61 02.09
279.38 02.04
282.17 02.00
284.99 01.95
287.84 01.91
290.72 01.86
293.63 01.82
296.57 01.78
299.53 01.74
302.53 01.70
305.55 01.66
308.61 01.63
311.69 01.60
314.81 01.56
317.96 01.52
321.14 01.47
324.35 01.44
327.59 01.38
330.87 01.33
334.18 01.27
337.52 01.22
340.90 01.16
344.30 01.10
347.75 01.03
351.23 00.97
354.74 00.90
358.28 00.83
361.87 00.77
365.49 00.71
369.14 00.66
372.83 00.60
376.56 00.54
380.33 00.50
384.13 00.45
387.97 00.42
391.85 00.38
395.77 00.36
399.73 00.32
403.72 00.29
407.76 00.25
411.84 00.22
415.96 00.19
420.12 00.16
424.32 00.12
428.56 00.09
432.85 00.06
437.18 00.03
441.55 00.02
445.96 00.01
450.42 00.01
454.93 00.03
459.48 00.05
464.07 00.08
468.71 00.13
473.40 00.19
478.13 00.25
482.91 00.33
487.74 00.40
492.62 00.49
497.55 00.57
502.52 00.65
507.55 00.73
512.62 00.80
517.75 00.87
522.93 00.93
528.16 00.97
533.44 01.00
538.77 01.02
544.16 01.03
549.60 01.05
555.10 01.06
560.65 01.08
566.25 01.08
571.92 01.09
577.64 01.08
583.41 01.09
589.25 01.09
595.14 01.11
601.09 01.13
607.10 01.14
613.17 01.15
619.30 01.15
625.50 01.15
631.75 01.14
638.07 01.12
644.45 01.11
650.89 01.07
657.40 01.03
663.98 01.00
670.62 00.95
677.32 00.91
684.10 00.87
690.94 00.82
697.85 00.78
704.83 00.74
711.87 00.69
718.99 00.65
726.18 00.58
733.44 00.51
740.78 00.43
748.19 00.36
755.67 00.28
763.23 00.20
770.86 00.14
778.57 00.07
786.35 00.00
794.22 -00.05
802.16 -00.09
810.18 -00.13
818.28 -00.15
826.46 -00.15
834.73 -00.14
843.08 -00.13
851.51 -00.13
860.02 -00.14
868.62 -00.15
877.31 -00.15
886.08 -00.18
894.94 -00.23
903.89 -00.29
912.93 -00.36
922.06 -00.46
931.28 -00.55
940.59 -00.66
950.00 -00.75
959.50 -00.84
969.09 -00.93
978.78 -01.00
988.57 -01.05
998.46 -01.09
1008.44 -01.10
1018.53 -01.08
1028.71 -01.06
1039.00 -01.01
1049.39 -00.97
1059.88 -00.94
1070.48 -00.90
1081.19 -00.87
1092.00 -00.84
1102.92 -00.81
1113.95 -00.77
1125.09 -00.73
1136.34 -00.70
1147.70 -00.66
1159.18 -00.62
1170.77 -00.59
1182.48 -00.58
1194.30 -00.55
1206.25 -00.54
1218.31 -00.53
1230.49 -00.52
1242.80 -00.52
1255.22 -00.55
1267.78 -00.57
1280.45 -00.59
1293.26 -00.61
1306.19 -00.62
1319.25 -00.63
1332.45 -00.64
1345.77 -00.65
1359.23 -00.67
1372.82 -00.69
1386.55 -00.71
1400.41 -00.73
1414.42 -00.75
1428.56 -00.77
1442.85 -00.79
1457.28 -00.81
1471.85 -00.83
1486.57 -00.86
1501.43 -00.88
1516.45 -00.91
1531.61 -00.93
1546.93 -00.97
1562.40 -01.01
1578.02 -01.05
1593.80 -01.09
1609.74 -01.12
1625.84 -01.15
1642.10 -01.18
1658.52 -01.22
1675.10 -01.27
1691.85 -01.32
1708.77 -01.35
1725.86 -01.38
1743.12 -01.39
1760.55 -01.40
1778.15 -01.43
1795.94 -01.45
1813.90 -01.48
1832.03 -01.51
1850.36 -01.52
1868.86 -01.52
1887.55 -01.50
1906.42 -01.49
1925.49 -01.48
1944.74 -01.48
1964.19 -01.47
1983.83 -01.46
2003.67 -01.43
2023.71 -01.39
2043.94 -01.36
2064.38 -01.34
2085.03 -01.33
2105.88 -01.30
2126.94 -01.28
2148.20 -01.25
2169.69 -01.22
2191.38 -01.18
2213.30 -01.16
2235.43 -01.12
2257.78 -01.08
2280.36 -01.04
2303.17 -00.99
2326.20 -00.94
2349.46 -00.91
2372.95 -00.89
2396.68 -00.87
2420.65 -00.86
2444.86 -00.85
2469.31 -00.83
2494.00 -00.83
2518.94 -00.82
2544.13 -00.83
2569.57 -00.84
2595.27 -00.86
2621.22 -00.89
2647.43 -00.93
2673.90 -00.99
2700.64 -01.08
2727.65 -01.22
2754.93 -01.40
2782.48 -01.57
2810.30 -01.71
2838.40 -01.82
2866.79 -01.88
2895.46 -01.88
2924.41 -01.82
2953.65 -01.70
2983.19 -01.55
3013.02 -01.34
3043.15 -01.07
3073.58 -00.75
3104.32 -00.39
3135.36 -00.04
3166.72 00.28
3198.38 00.57
3230.37 00.84
3262.67 01.07
3295.30 01.28
3328.25 01.48
3361.53 01.67
3395.15 01.84
3429.10 01.99
3463.39 02.11
3498.03 02.19
3533.01 02.26
3568.34 02.30
3604.02 02.30
3640.06 02.28
3676.46 02.20
3713.22 02.09
3750.36 01.93
3787.86 01.72
3825.74 01.47
3864.00 01.18
3902.64 00.84
3941.66 00.45
3981.08 00.04
4020.89 -00.40
4061.10 -00.86
4101.71 -01.32
4142.73 -01.75
4184.15 -02.15
4226.00 -02.52
4268.26 -02.85
4310.94 -03.14
4354.05 -03.38
4397.59 -03.58
4441.56 -03.76
4485.98 -03.91
4530.84 -04.03
4576.15 -04.13
4621.91 -04.20
4668.13 -04.26
4714.81 -04.30
4761.96 -04.33
4809.58 -04.34
4857.67 -04.35
4906.25 -04.35
4955.31 -04.34
5004.87 -04.34
5054.91 -04.34
5105.46 -04.33
5156.52 -04.41
5208.08 -04.54
5260.16 -04.66
5312.77 -04.78
5365.89 -04.90
5419.55 -05.02
5473.75 -05.14
5528.49 -05.25
5583.77 -05.34
5639.61 -05.43
5696.00 -05.51
5752.96 -05.57
5810.49 -05.62
5868.60 -05.64
5927.28 -05.65
5986.56 -05.64
6046.42 -05.40
6106.89 -05.06
6167.96 -04.69
6229.64 -04.30
6291.93 -03.87
6354.85 -03.41
6418.40 -02.91
6482.58 -02.37
6547.41 -01.80
6612.88 -01.19
6679.01 -00.55
6745.80 00.11
6813.26 00.78
6881.39 01.45
6950.21 02.12
7019.71 02.77
7089.91 03.39
7160.81 03.97
7232.41 04.53
7304.74 04.90
7377.79 05.21
7451.56 05.47
7526.08 05.67
7601.34 05.80
7677.35 05.85
7754.13 05.84
7831.67 05.75
7909.98 05.61
7989.08 05.40
8068.98 05.13
8149.67 04.80
8231.16 04.41
8313.47 03.95
8396.61 03.47
8480.57 02.97
8565.38 02.51
8651.03 02.08
8737.54 01.70
8824.92 01.37
8913.17 01.08
9002.30 00.84
9092.32 00.64
9183.25 00.47
9275.08 00.33
9367.83 00.19
9461.51 00.05
9556.12 -00.09
9651.68 -00.24
9748.20 -00.40
9845.68 -00.56
9944.14 -00.72
10043.58 -00.89
10144.02 -01.06
10245.46 -01.23
10347.91 -01.31
10451.39 -01.39
10555.91 -01.46
10661.46 -01.55
10768.08 -01.64
10875.76 -01.74
10984.52 -01.83
11094.36 -01.92
11205.31 -02.03
11317.36 -02.13
11430.53 -02.23
11544.84 -02.32
11660.29 -02.39
11776.89 -02.45
11894.66 -02.47
12013.60 -02.47
12133.74 -02.41
12255.08 -02.30
12377.63 -02.14
12501.41 -01.93
12626.42 -01.66
12752.68 -01.34
12880.21 -00.98
13009.01 -00.57
13139.10 -00.12
13270.49 00.36
13403.20 00.86
13537.23 01.36
13672.60 01.81
13809.33 02.22
13947.42 02.53
14086.90 02.79
14227.77 02.97
14370.04 03.10
14513.74 03.14
14658.88 02.98
14805.47 02.75
14953.52 02.47
15103.06 02.12
15254.09 01.75
15406.63 01.35
15560.70 00.97
15716.30 00.62
15873.47 00.30
16032.20 00.00
16192.52 -00.30
16354.45 -00.62
16517.99 -00.96
16683.17 -01.31
16850.01 -01.69
17018.51 -02.06
17188.69 -02.45
17360.58 -02.83
17534.18 -03.23
17709.53 -03.65
17886.62 -04.07
18065.49 -04.51
18246.14 -04.93
18428.60 -05.31
18612.89 -05.62
18799.02 -05.83
18987.01 -05.94
19176.88 -05.92
19368.65 -05.83
19562.33 -05.70
19757.96 -05.58
19955.54 -05.50
20000.00 -05.49
