20.00 02.10
20.20 02.14
20.40 02.17
20.61 02.20
20.81 02.22
21.02 02.25
21.23 02.27
21.44 02.29
21.66 02.31
21.87 02.32
22.09 02.34
22.31 02.35
22.54 02.37
22.76 02.38
22.99 02.39
23.22 02.40
23.45 02.41
23.69 02.42
23.92 02.43
24.16 02.44
24.40 02.45
24.65 02.46
24.89 02.47
25.14 02.48
25.39 02.49
25.65 02.50
25.91 02.51
26.16 02.51
26.43 02.52
26.69 02.53
26.96 02.54
27.23 02.55
27.50 02.56
27.77 02.57
28.05 02.58
28.33 02.59
28.62 02.60
28.90 02.61
29.19 02.62
29.48 02.63
29.78 02.64
30.08 02.65
30.38 02.67
30.68 02.68
30.99 02.70
31.30 02.71
31.61 02.73
31.93 02.75
32.24 02.77
32.57 02.78
32.89 02.80
33.22 02.82
33.55 02.84
33.89 02.87
34.23 02.89
34.57 02.91
34.92 02.93
35.27 02.96
35.62 02.98
35.97 03.01
36.33 03.04
36.70 03.06
37.06 03.09
37.43 03.12
37.81 03.15
38.19 03.18
38.57 03.20
38.95 03.23
39.34 03.26
39.74 03.29
40.14 03.32
40.54 03.35
40.94 03.37
41.35 03.39
41.76 03.42
42.18 03.43
42.60 03.45
43.03 03.46
43.46 03.47
43.90 03.48
44.33 03.48
44.78 03.48
45.23 03.48
45.68 03.48
46.13 03.48
46.60 03.48
47.06 03.47
47.53 03.47
48.01 03.47
48.49 03.46
48.97 03.46
49.46 03.46
49.96 03.45
50.46 03.45
50.96 03.44
51.47 03.44
51.99 03.44
52.51 03.43
53.03 03.43
53.56 03.43
54.10 03.42
54.64 03.42
55.18 03.42
55.74 03.41
56.29 03.41
56.86 03.40
57.42 03.40
58.00 03.40
58.58 03.39
59.16 03.39
59.76 03.38
60.35 03.38
60.96 03.38
61.57 03.38
62.18 03.39
62.80 03.40
63.43 03.43
64.07 03.47
64.71 03.53
65.35 03.60
66.01 03.69
66.67 03.79
67.33 03.91
68.01 04.05
68.69 04.19
69.37 04.35
70.07 04.50
70.77 04.66
71.48 04.81
72.19 04.94
72.91 05.07
73.64 05.18
74.38 05.28
75.12 05.37
75.87 05.44
76.63 05.49
77.40 05.54
78.17 05.57
78.95 05.59
79.74 05.60
80.54 05.61
81.35 05.61
82.16 05.61
82.98 05.61
83.81 05.60
84.65 05.59
85.50 05.58
86.35 05.57
87.22 05.55
88.09 05.53
88.97 05.51
89.86 05.49
90.76 05.46
91.66 05.44
92.58 05.41
93.51 05.38
94.44 05.36
95.39 05.33
96.34 05.30
97.30 05.27
98.28 05.24
99.26 05.20
100.25 05.17
101.25 05.14
102.27 05.10
103.29 05.07
104.32 05.03
105.37 05.00
106.42 04.96
107.48 04.93
108.56 04.89
109.64 04.86
110.74 04.82
111.85 04.78
112.97 04.75
114.10 04.71
115.24 04.68
116.39 04.64
117.55 04.61
118.73 04.57
119.92 04.54
121.12 04.50
122.33 04.46
123.55 04.43
124.79 04.39
126.03 04.35
127.29 04.31
128.57 04.27
129.85 04.23
131.15 04.19
132.46 04.14
133.79 04.10
135.12 04.05
136.48 04.00
137.84 03.95
139.22 03.91
140.61 03.86
142.02 03.81
143.44 03.76
144.87 03.71
146.32 03.66
147.78 03.61
149.26 03.57
150.75 03.52
152.26 03.47
153.78 03.42
155.32 03.37
156.88 03.33
158.44 03.28
160.03 03.23
161.63 03.19
163.24 03.15
164.88 03.12
166.53 03.09
168.19 03.05
169.87 03.02
171.57 03.00
173.29 02.97
175.02 02.94
176.77 02.93
178.54 02.90
180.32 02.87
182.13 02.85
183.95 02.82
185.79 02.78
187.65 02.75
189.52 02.71
191.42 02.67
193.33 02.62
195.27 02.58
197.22 02.52
199.19 02.48
201.18 02.43
203.19 02.39
205.23 02.34
207.28 02.30
209.35 02.25
211.44 02.20
213.56 02.15
215.69 02.11
217.85 02.06
220.03 02.00
222.23 01.94
224.45 01.88
226.70 01.80
228.96 01.72
231.25 01.66
233.57 01.59
235.90 01.52
238.26 01.45
240.64 01.40
243.05 01.35
245.48 01.29
247.93 01.26
250.41 01.22
252.92 01.18
255.45 01.16
258.00 01.12
260.58 01.09
263.19 01.08
265.82 01.05
268.48 01.04
271.16 01.02
273.87 01.01
276.61 01.00
279.38 00.98
282.17 00.98
284.99 00.96
287.84 00.96
290.72 00.94
293.63 00.94
296.57 00.94
299.53 00.94
302.53 00.96
305.55 00.97
308.61 01.00
311.69 01.03
314.81 01.06
317.96 01.09
321.14 01.12
324.35 01.15
327.59 01.17
330.87 01.19
334.18 01.20
337.52 01.21
340.90 01.21
344.30 01.20
347.75 01.19
351.23 01.18
354.74 01.16
358.28 01.14
361.87 01.13
365.49 01.11
369.14 01.10
372.83 01.08
376.56 01.06
380.33 01.06
384.13 01.05
387.97 01.05
391.85 01.05
395.77 01.05
399.73 01.05
403.72 01.06
407.76 01.06
411.84 01.06
415.96 01.06
420.12 01.06
424.32 01.05
428.56 01.05
432.85 01.06
437.18 01.05
441.55 01.05
445.96 01.06
450.42 01.06
454.93 01.08
459.48 01.10
464.07 01.12
468.71 01.15
473.40 01.20
478.13 01.24
482.91 01.28
487.74 01.32
492.62 01.38
497.55 01.44
502.52 01.50
507.55 01.57
512.62 01.64
517.75 01.71
522.93 01.80
528.16 01.88
533.44 01.98
538.77 02.06
544.16 02.15
549.60 02.24
555.10 02.32
560.65 02.39
566.25 02.45
571.92 02.51
577.64 02.55
583.41 02.58
589.25 02.59
595.14 02.61
601.09 02.60
607.10 02.58
613.17 02.56
619.30 02.52
625.50 02.48
631.75 02.44
638.07 02.38
644.45 02.31
650.89 02.21
657.40 02.11
663.98 02.02
670.62 01.93
677.32 01.83
684.10 01.75
690.94 01.66
697.85 01.59
704.83 01.51
711.87 01.44
718.99 01.39
726.18 01.33
733.44 01.28
740.78 01.23
748.19 01.20
755.67 01.16
763.23 01.11
770.86 01.08
778.57 01.03
786.35 00.97
794.22 00.90
802.16 00.83
810.18 00.73
818.28 00.63
826.46 00.52
834.73 00.41
843.08 00.29
851.51 00.17
860.02 00.06
868.62 -00.03
877.31 -00.11
886.08 -00.18
894.94 -00.23
903.89 -00.28
912.93 -00.29
922.06 -00.31
931.28 -00.33
940.59 -00.35
950.00 -00.37
959.50 -00.39
969.09 -00.43
978.78 -00.47
988.57 -00.52
998.46 -00.58
1008.44 -00.64
1018.53 -00.70
1028.71 -00.78
1039.00 -00.86
1049.39 -00.93
1059.88 -01.02
1070.48 -01.10
1081.19 -01.18
1092.00 -01.28
1102.92 -01.36
1113.95 -01.44
1125.09 -01.52
1136.34 -01.60
1147.70 -01.67
1159.18 -01.74
1170.77 -01.81
1182.48 -01.90
1194.30 -01.97
1206.25 -02.05
1218.31 -02.12
1230.49 -02.19
1242.80 -02.26
1255.22 -02.33
1267.78 -02.40
1280.45 -02.46
1293.26 -02.52
1306.19 -02.58
1319.25 -02.64
1332.45 -02.72
1345.77 -02.79
1359.23 -02.88
1372.82 -02.99
1386.55 -03.11
1400.41 -03.25
1414.42 -03.39
1428.56 -03.55
1442.85 -03.72
1457.28 -03.90
1471.85 -04.08
1486.57 -04.27
1501.43 -04.46
1516.45 -04.64
1531.61 -04.80
1546.93 -04.95
1562.40 -05.08
1578.02 -05.20
1593.80 -05.30
1609.74 -05.36
1625.84 -05.42
1642.10 -05.45
1658.52 -05.46
1675.10 -05.47
1691.85 -05.48
1708.77 -05.48
1725.86 -05.49
1743.12 -05.49
1760.55 -05.49
1778.15 -05.49
1795.94 -05.47
1813.90 -05.45
1832.03 -05.42
1850.36 -05.38
1868.86 -05.34
1887.55 -05.30
1906.42 -05.26
1925.49 -05.22
1944.74 -05.20
1964.19 -05.19
1983.83 -05.18
2003.67 -05.19
2023.71 -05.21
2043.94 -05.23
2064.38 -05.26
2085.03 -05.29
2105.88 -05.31
2126.94 -05.33
2148.20 -05.35
2169.69 -05.35
2191.38 -05.32
2213.30 -05.27
2235.43 -05.19
2257.78 -05.10
2280.36 -05.00
2303.17 -04.90
2326.20 -04.78
2349.46 -04.67
2372.95 -04.57
2396.68 -04.46
2420.65 -04.38
2444.86 -04.30
2469.31 -04.21
2494.00 -04.15
2518.94 -04.07
2544.13 -04.02
2569.57 -03.97
2595.27 -03.92
2621.22 -03.88
2647.43 -03.85
2673.90 -03.82
2700.64 -03.80
2727.65 -03.81
2754.93 -03.84
2782.48 -03.89
2810.30 -03.94
2838.40 -04.02
2866.79 -04.10
2895.46 -04.17
2924.41 -04.25
2953.65 -04.30
2983.19 -04.35
3013.02 -04.38
3043.15 -04.37
3073.58 -04.36
3104.32 -04.31
3135.36 -04.26
3166.72 -04.18
3198.38 -04.11
3230.37 -04.02
3262.67 -03.95
3295.30 -03.88
3328.25 -03.82
3361.53 -03.76
3395.15 -03.73
3429.10 -03.72
3463.39 -03.74
3498.03 -03.80
3533.01 -03.89
3568.34 -03.99
3604.02 -04.13
3640.06 -04.26
3676.46 -04.40
3713.22 -04.53
3750.36 -04.64
3787.86 -04.72
3825.74 -04.77
3864.00 -04.78
3902.64 -04.74
3941.66 -04.66
3981.08 -04.55
4020.89 -04.43
4061.10 -04.31
4101.71 -04.21
4142.73 -04.12
4184.15 -04.05
4226.00 -04.00
4268.26 -03.97
4310.94 -03.94
4354.05 -03.91
4397.59 -03.88
4441.56 -03.84
4485.98 -03.79
4530.84 -03.72
4576.15 -03.63
4621.91 -03.52
4668.13 -03.38
4714.81 -03.23
4761.96 -03.08
4809.58 -02.92
4857.67 -02.76
4906.25 -02.61
4955.31 -02.48
5004.87 -02.36
5054.91 -02.26
5105.46 -02.17
5156.52 -02.19
5208.08 -02.25
5260.16 -02.32
5312.77 -02.39
5365.89 -02.47
5419.55 -02.55
5473.75 -02.62
5528.49 -02.70
5583.77 -02.76
5639.61 -02.82
5696.00 -02.87
5752.96 -02.91
5810.49 -02.94
5868.60 -02.96
5927.28 -02.97
5986.56 -02.98
6046.42 -02.77
6106.89 -02.48
6167.96 -02.19
6229.64 -01.88
6291.93 -01.57
6354.85 -01.25
6418.40 -00.91
6482.58 -00.57
6547.41 -00.22
6612.88 00.14
6679.01 00.49
6745.80 00.85
6813.26 01.21
6881.39 01.56
6950.21 01.90
7019.71 02.24
7089.91 02.55
7160.81 02.85
7232.41 03.12
7304.74 03.23
7377.79 03.29
7451.56 03.33
7526.08 03.34
7601.34 03.32
7677.35 03.27
7754.13 03.19
7831.67 03.08
7909.98 02.94
7989.08 02.76
8068.98 02.56
8149.67 02.33
8231.16 02.08
8313.47 01.81
8396.61 01.53
8480.57 01.23
8565.38 00.94
8651.03 00.64
8737.54 00.35
8824.92 00.07
8913.17 -00.20
9002.30 -00.47
9092.32 -00.74
9183.25 -01.00
9275.08 -01.28
9367.83 -01.55
9461.51 -01.84
9556.12 -02.14
9651.68 -02.45
9748.20 -02.77
9845.68 -03.09
9944.14 -03.42
10043.58 -03.75
10144.02 -04.08
10245.46 -04.38
10347.91 -04.58
10451.39 -04.75
10555.91 -04.89
10661.46 -05.02
10768.08 -05.13
10875.76 -05.22
10984.52 -05.26
11094.36 -05.28
11205.31 -05.27
11317.36 -05.21
11430.53 -05.09
11544.84 -04.92
11660.29 -04.70
11776.89 -04.44
11894.66 -04.14
12013.60 -03.84
12133.74 -03.52
12255.08 -03.22
12377.63 -02.94
12501.41 -02.71
12626.42 -02.53
12752.68 -02.41
12880.21 -02.36
13009.01 -02.38
13139.10 -02.46
13270.49 -02.62
13403.20 -02.86
13537.23 -03.16
13672.60 -03.53
13809.33 -03.93
13947.42 -04.36
14086.90 -04.79
14227.77 -05.18
14370.04 -05.52
14513.74 -05.83
14658.88 -06.20
14805.47 -06.53
14953.52 -06.83
15103.06 -07.11
15254.09 -07.37
15406.63 -07.68
15560.70 -08.01
15716.30 -08.39
15873.47 -08.81
16032.20 -09.22
16192.52 -09.59
16354.45 -09.86
16517.99 -10.00
16683.17 -09.99
16850.01 -09.84
17018.51 -09.61
17188.69 -09.34
17360.58 -09.06
17534.18 -08.81
17709.53 -08.63
17886.62 -08.51
18065.49 -08.48
18246.14 -08.52
18428.60 -08.65
18612.89 -08.85
18799.02 -09.13
18987.01 -09.49
19176.88 -09.90
19368.65 -10.39
19562.33 -10.93
19757.96 -11.52
19955.54 -12.15
20000.00 -12.30
