20.00 -00.09
20.20 -00.05
20.40 -00.01
20.61 00.04
20.81 00.08
21.02 00.11
21.23 00.15
21.44 00.19
21.66 00.22
21.87 00.25
22.09 00.28
22.31 00.31
22.54 00.34
22.76 00.36
22.99 00.38
23.22 00.40
23.45 00.42
23.69 00.44
23.92 00.45
24.16 00.47
24.40 00.48
24.65 00.50
24.89 00.51
25.14 00.52
25.39 00.54
25.65 00.55
25.91 00.57
26.16 00.58
26.43 00.60
26.69 00.61
26.96 00.62
27.23 00.64
27.50 00.65
27.77 00.66
28.05 00.68
28.33 00.69
28.62 00.71
28.90 00.72
29.19 00.73
29.48 00.75
29.78 00.76
30.08 00.77
30.38 00.79
30.68 00.80
30.99 00.81
31.30 00.83
31.61 00.84
31.93 00.85
32.24 00.87
32.57 00.88
32.89 00.89
33.22 00.90
33.55 00.92
33.89 00.93
34.23 00.94
34.57 00.95
34.92 00.97
35.27 00.98
35.62 00.99
35.97 01.01
36.33 01.02
36.70 01.03
37.06 01.05
37.43 01.06
37.81 01.08
38.19 01.09
38.57 01.10
38.95 01.12
39.34 01.13
39.74 01.15
40.14 01.16
40.54 01.17
40.94 01.19
41.35 01.20
41.76 01.21
42.18 01.22
42.60 01.24
43.03 01.25
43.46 01.26
43.90 01.27
44.33 01.28
44.78 01.30
45.23 01.31
45.68 01.32
46.13 01.32
46.60 01.33
47.06 01.34
47.53 01.35
48.01 01.35
48.49 01.35
48.97 01.36
49.46 01.36
49.96 01.36
50.46 01.37
50.96 01.37
51.47 01.37
51.99 01.37
52.51 01.38
53.03 01.38
53.56 01.38
54.10 01.38
54.64 01.39
55.18 01.39
55.74 01.39
56.29 01.39
56.86 01.40
57.42 01.40
58.00 01.40
58.58 01.40
59.16 01.41
59.76 01.41
60.35 01.41
60.96 01.41
61.57 01.42
62.18 01.42
62.80 01.42
63.43 01.42
64.07 01.43
64.71 01.43
65.35 01.43
66.01 01.43
66.67 01.44
67.33 01.44
68.01 01.44
68.69 01.44
69.37 01.44
70.07 01.44
70.77 01.44
71.48 01.44
72.19 01.44
72.91 01.44
73.64 01.44
74.38 01.44
75.12 01.43
75.87 01.43
76.63 01.43
77.40 01.42
78.17 01.42
78.95 01.42
79.74 01.41
80.54 01.41
81.35 01.41
82.16 01.41
82.98 01.40
83.81 01.40
84.65 01.40
85.50 01.39
86.35 01.39
87.22 01.39
88.09 01.38
88.97 01.38
89.86 01.38
90.76 01.38
91.66 01.37
92.58 01.37
93.51 01.37
94.44 01.36
95.39 01.36
96.34 01.36
97.30 01.35
98.28 01.35
99.26 01.35
100.25 01.34
101.25 01.34
102.27 01.34
103.29 01.34
104.32 01.33
105.37 01.33
106.42 01.32
107.48 01.32
108.56 01.32
109.64 01.31
110.74 01.31
111.85 01.31
112.97 01.30
114.10 01.30
115.24 01.30
116.39 01.29
117.55 01.29
118.73 01.29
119.92 01.29
121.12 01.29
122.33 01.29
123.55 01.29
124.79 01.29
126.03 01.29
127.29 01.29
128.57 01.29
129.85 01.29
131.15 01.29
132.46 01.29
133.79 01.29
135.12 01.29
136.48 01.29
137.84 01.28
139.22 01.28
140.61 01.28
142.02 01.28
143.44 01.27
144.87 01.27
146.32 01.27
147.78 01.27
149.26 01.26
150.75 01.26
152.26 01.26
153.78 01.26
155.32 01.26
156.88 01.26
158.44 01.26
160.03 01.26
161.63 01.27
163.24 01.28
164.88 01.30
166.53 01.31
168.19 01.32
169.87 01.33
171.57 01.35
173.29 01.35
175.02 01.36
176.77 01.37
178.54 01.37
180.32 01.38
182.13 01.39
183.95 01.39
185.79 01.39
187.65 01.41
189.52 01.41
191.42 01.42
193.33 01.42
195.27 01.42
197.22 01.42
199.19 01.43
201.18 01.42
203.19 01.43
205.23 01.42
207.28 01.43
209.35 01.42
211.44 01.43
213.56 01.43
215.69 01.43
217.85 01.44
220.03 01.44
222.23 01.45
224.45 01.45
226.70 01.45
228.96 01.44
231.25 01.44
233.57 01.43
235.90 01.42
238.26 01.40
240.64 01.39
243.05 01.38
245.48 01.35
247.93 01.34
250.41 01.31
252.92 01.28
255.45 01.25
258.00 01.21
260.58 01.17
263.19 01.13
265.82 01.07
268.48 01.02
271.16 00.96
273.87 00.91
276.61 00.86
279.38 00.81
282.17 00.78
284.99 00.74
287.84 00.71
290.72 00.68
293.63 00.68
296.57 00.68
299.53 00.68
302.53 00.70
305.55 00.71
308.61 00.74
311.69 00.78
314.81 00.80
317.96 00.85
321.14 00.88
324.35 00.93
327.59 00.96
330.87 01.00
334.18 01.03
337.52 01.07
340.90 01.10
344.30 01.12
347.75 01.14
351.23 01.17
354.74 01.18
358.28 01.19
361.87 01.21
365.49 01.22
369.14 01.23
372.83 01.24
376.56 01.23
380.33 01.24
384.13 01.23
387.97 01.23
391.85 01.21
395.77 01.21
399.73 01.18
403.72 01.17
407.76 01.14
411.84 01.12
415.96 01.09
420.12 01.07
424.32 01.03
428.56 01.01
432.85 00.99
437.18 00.97
441.55 00.95
445.96 00.93
450.42 00.91
454.93 00.89
459.48 00.85
464.07 00.81
468.71 00.76
473.40 00.70
478.13 00.61
482.91 00.52
487.74 00.40
492.62 00.29
497.55 00.15
502.52 00.01
507.55 -00.13
512.62 -00.28
517.75 -00.42
522.93 -00.54
528.16 -00.65
533.44 -00.74
538.77 -00.81
544.16 -00.85
549.60 -00.87
555.10 -00.88
560.65 -00.86
566.25 -00.84
571.92 -00.79
577.64 -00.75
583.41 -00.70
589.25 -00.64
595.14 -00.58
601.09 -00.51
607.10 -00.45
613.17 -00.38
619.30 -00.33
625.50 -00.27
631.75 -00.22
638.07 -00.18
644.45 -00.15
650.89 -00.15
657.40 -00.14
663.98 -00.13
670.62 -00.12
677.32 -00.12
684.10 -00.10
690.94 -00.09
697.85 -00.06
704.83 -00.04
711.87 00.00
718.99 00.06
726.18 00.12
733.44 00.19
740.78 00.26
748.19 00.34
755.67 00.41
763.23 00.48
770.86 00.56
778.57 00.61
786.35 00.67
794.22 00.71
802.16 00.77
810.18 00.80
818.28 00.84
826.46 00.87
834.73 00.90
843.08 00.93
851.51 00.94
860.02 00.96
868.62 00.97
877.31 00.99
886.08 01.00
894.94 01.01
903.89 01.01
912.93 01.04
922.06 01.06
931.28 01.11
940.59 01.16
950.00 01.22
959.50 01.27
969.09 01.32
978.78 01.37
988.57 01.43
998.46 01.46
1008.44 01.48
1018.53 01.48
1028.71 01.46
1039.00 01.43
1049.39 01.39
1059.88 01.33
1070.48 01.28
1081.19 01.24
1092.00 01.18
1102.92 01.13
1113.95 01.06
1125.09 00.99
1136.34 00.92
1147.70 00.86
1159.18 00.80
1170.77 00.72
1182.48 00.61
1194.30 00.49
1206.25 00.35
1218.31 00.20
1230.49 00.03
1242.80 -00.13
1255.22 -00.31
1267.78 -00.48
1280.45 -00.66
1293.26 -00.84
1306.19 -01.03
1319.25 -01.20
1332.45 -01.39
1345.77 -01.56
1359.23 -01.73
1372.82 -01.92
1386.55 -02.11
1400.41 -02.31
1414.42 -02.52
1428.56 -02.74
1442.85 -02.97
1457.28 -03.20
1471.85 -03.41
1486.57 -03.63
1501.43 -03.86
1516.45 -04.10
1531.61 -04.34
1546.93 -04.59
1562.40 -04.84
1578.02 -05.08
1593.80 -05.31
1609.74 -05.53
1625.84 -05.76
1642.10 -05.98
1658.52 -06.18
1675.10 -06.38
1691.85 -06.55
1708.77 -06.70
1725.86 -06.83
1743.12 -06.92
1760.55 -07.01
1778.15 -07.09
1795.94 -07.18
1813.90 -07.31
1832.03 -07.46
1850.36 -07.62
1868.86 -07.78
1887.55 -07.93
1906.42 -08.06
1925.49 -08.19
1944.74 -08.32
1964.19 -08.43
1983.83 -08.51
2003.67 -08.57
2023.71 -08.58
2043.94 -08.56
2064.38 -08.53
2085.03 -08.48
2105.88 -08.42
2126.94 -08.37
2148.20 -08.31
2169.69 -08.25
2191.38 -08.18
2213.30 -08.12
2235.43 -08.04
2257.78 -07.96
2280.36 -07.86
2303.17 -07.75
2326.20 -07.63
2349.46 -07.49
2372.95 -07.35
2396.68 -07.18
2420.65 -07.01
2444.86 -06.83
2469.31 -06.63
2494.00 -06.44
2518.94 -06.23
2544.13 -06.01
2569.57 -05.76
2595.27 -05.45
2621.22 -05.10
2647.43 -04.71
2673.90 -04.31
2700.64 -03.91
2727.65 -03.54
2754.93 -03.22
2782.48 -02.93
2810.30 -02.66
2838.40 -02.41
2866.79 -02.17
2895.46 -01.95
2924.41 -01.76
2953.65 -01.57
2983.19 -01.37
3013.02 -01.13
3043.15 -00.84
3073.58 -00.51
3104.32 -00.15
3135.36 00.21
3166.72 00.55
3198.38 00.87
3230.37 01.19
3262.67 01.49
3295.30 01.79
3328.25 02.05
3361.53 02.29
3395.15 02.50
3429.10 02.71
3463.39 02.90
3498.03 03.08
3533.01 03.26
3568.34 03.43
3604.02 03.56
3640.06 03.67
3676.46 03.75
3713.22 03.80
3750.36 03.84
3787.86 03.86
3825.74 03.85
3864.00 03.83
3902.64 03.80
3941.66 03.77
3981.08 03.75
4020.89 03.74
4061.10 03.74
4101.71 03.76
4142.73 03.76
4184.15 03.75
4226.00 03.73
4268.26 03.70
4310.94 03.65
4354.05 03.58
4397.59 03.50
4441.56 03.39
4485.98 03.27
4530.84 03.15
4576.15 03.04
4621.91 02.94
4668.13 02.86
4714.81 02.78
4761.96 02.71
4809.58 02.63
4857.67 02.53
4906.25 02.41
4955.31 02.26
5004.87 02.07
5054.91 01.84
5105.46 01.55
5156.52 01.13
5208.08 00.61
5260.16 00.05
5312.77 -00.55
5365.89 -01.17
5419.55 -01.80
5473.75 -02.42
5528.49 -03.02
5583.77 -03.57
5639.61 -04.08
5696.00 -04.51
5752.96 -04.86
5810.49 -05.12
5868.60 -05.27
5927.28 -05.38
5986.56 -05.44
6046.42 -05.27
6106.89 -05.02
6167.96 -04.78
6229.64 -04.57
6291.93 -04.39
6354.85 -04.25
6418.40 -04.14
6482.58 -04.04
6547.41 -03.97
6612.88 -03.89
6679.01 -03.79
6745.80 -03.68
6813.26 -03.52
6881.39 -03.34
6950.21 -03.09
7019.71 -02.80
7089.91 -02.45
7160.81 -02.08
7232.41 -01.66
7304.74 -01.38
7377.79 -01.10
7451.56 -00.81
7526.08 -00.50
7601.34 -00.19
7677.35 00.10
7754.13 00.36
7831.67 00.60
7909.98 00.83
7989.08 01.04
8068.98 01.25
8149.67 01.43
8231.16 01.58
8313.47 01.66
8396.61 01.66
8480.57 01.61
8565.38 01.52
8651.03 01.42
8737.54 01.35
8824.92 01.30
8913.17 01.29
9002.30 01.31
9092.32 01.34
9183.25 01.39
9275.08 01.45
9367.83 01.53
9461.51 01.60
9556.12 01.65
9651.68 01.66
9748.20 01.61
9845.68 01.49
9944.14 01.31
10043.58 01.08
10144.02 00.82
10245.46 00.56
10347.91 00.38
10451.39 00.21
10555.91 00.09
10661.46 00.01
10768.08 -00.02
10875.76 00.02
10984.52 00.10
11094.36 00.16
11205.31 00.17
11317.36 00.12
11430.53 -00.02
11544.84 -00.22
11660.29 -00.46
11776.89 -00.76
11894.66 -01.10
12013.60 -01.52
12133.74 -02.03
12255.08 -02.65
12377.63 -03.36
12501.41 -04.15
12626.42 -04.94
12752.68 -05.64
12880.21 -06.21
13009.01 -06.63
13139.10 -06.94
13270.49 -07.20
13403.20 -07.44
13537.23 -07.70
13672.60 -07.99
13809.33 -08.32
13947.42 -08.71
14086.90 -09.16
14227.77 -09.68
14370.04 -10.26
14513.74 -10.96
14658.88 -11.87
14805.47 -12.83
14953.52 -13.81
15103.06 -14.78
15254.09 -15.68
15406.63 -16.46
15560.70 -17.06
15716.30 -17.44
15873.47 -17.58
16032.20 -17.47
16192.52 -17.09
16354.45 -16.48
16517.99 -15.77
16683.17 -15.07
16850.01 -14.46
17018.51 -13.98
17188.69 -13.66
17360.58 -13.46
17534.18 -13.37
17709.53 -13.38
17886.62 -13.47
18065.49 -13.67
18246.14 -13.97
18428.60 -14.43
18612.89 -15.03
18799.02 -15.76
18987.01 -16.59
19176.88 -17.50
19368.65 -18.48
19562.33 -19.51
19757.96 -20.59
19955.54 -21.73
20000.00 -21.99
