20.00 -04.09
20.20 -03.97
20.40 -03.85
20.61 -03.73
20.81 -03.61
21.02 -03.49
21.23 -03.38
21.44 -03.26
21.66 -03.15
21.87 -03.04
22.09 -02.93
22.31 -02.82
22.54 -02.71
22.76 -02.61
22.99 -02.50
23.22 -02.40
23.45 -02.29
23.69 -02.19
23.92 -02.09
24.16 -01.98
24.40 -01.88
24.65 -01.78
24.89 -01.68
25.14 -01.58
25.39 -01.48
25.65 -01.38
25.91 -01.27
26.16 -01.18
26.43 -01.08
26.69 -00.98
26.96 -00.89
27.23 -00.79
27.50 -00.69
27.77 -00.60
28.05 -00.51
28.33 -00.42
28.62 -00.32
28.90 -00.23
29.19 -00.14
29.48 -00.06
29.78 00.03
30.08 00.12
30.38 00.20
30.68 00.29
30.99 00.37
31.30 00.46
31.61 00.54
31.93 00.62
32.24 00.70
32.57 00.79
32.89 00.87
33.22 00.95
33.55 01.03
33.89 01.12
34.23 01.20
34.57 01.28
34.92 01.36
35.27 01.43
35.62 01.50
35.97 01.57
36.33 01.65
36.70 01.72
37.06 01.79
37.43 01.86
37.81 01.93
38.19 02.00
38.57 02.07
38.95 02.14
39.34 02.21
39.74 02.28
40.14 02.35
40.54 02.41
40.94 02.48
41.35 02.54
41.76 02.60
42.18 02.66
42.60 02.72
43.03 02.77
43.46 02.83
43.90 02.88
44.33 02.94
44.78 02.99
45.23 03.05
45.68 03.10
46.13 03.16
46.60 03.21
47.06 03.27
47.53 03.33
48.01 03.38
48.49 03.43
48.97 03.48
49.46 03.52
49.96 03.57
50.46 03.61
50.96 03.65
51.47 03.69
51.99 03.73
52.51 03.76
53.03 03.80
53.56 03.84
54.10 03.88
54.64 03.92
55.18 03.95
55.74 03.99
56.29 04.02
56.86 04.06
57.42 04.08
58.00 04.11
58.58 04.14
59.16 04.16
59.76 04.18
60.35 04.20
60.96 04.21
61.57 04.23
62.18 04.24
62.80 04.24
63.43 04.24
64.07 04.25
64.71 04.25
65.35 04.26
66.01 04.26
66.67 04.27
67.33 04.27
68.01 04.27
68.69 04.27
69.37 04.28
70.07 04.28
70.77 04.29
71.48 04.30
72.19 04.32
72.91 04.34
73.64 04.36
74.38 04.39
75.12 04.42
75.87 04.45
76.63 04.47
77.40 04.50
78.17 04.52
78.95 04.54
79.74 04.56
80.54 04.58
81.35 04.59
82.16 04.61
82.98 04.62
83.81 04.63
84.65 04.63
85.50 04.63
86.35 04.63
87.22 04.63
88.09 04.62
88.97 04.61
89.86 04.60
90.76 04.59
91.66 04.58
92.58 04.57
93.51 04.57
94.44 04.57
95.39 04.56
96.34 04.55
97.30 04.54
98.28 04.53
99.26 04.52
100.25 04.51
101.25 04.50
102.27 04.49
103.29 04.48
104.32 04.47
105.37 04.46
106.42 04.45
107.48 04.43
108.56 04.41
109.64 04.39
110.74 04.37
111.85 04.35
112.97 04.33
114.10 04.31
115.24 04.29
116.39 04.27
117.55 04.24
118.73 04.22
119.92 04.20
121.12 04.17
122.33 04.15
123.55 04.12
124.79 04.09
126.03 04.06
127.29 04.03
128.57 04.00
129.85 03.97
131.15 03.94
132.46 03.91
133.79 03.88
135.12 03.86
136.48 03.83
137.84 03.80
139.22 03.77
140.61 03.74
142.02 03.71
143.44 03.67
144.87 03.64
146.32 03.60
147.78 03.56
149.26 03.53
150.75 03.49
152.26 03.45
153.78 03.41
155.32 03.38
156.88 03.34
158.44 03.31
160.03 03.27
161.63 03.25
163.24 03.23
164.88 03.22
166.53 03.19
168.19 03.17
169.87 03.14
171.57 03.12
173.29 03.09
175.02 03.06
176.77 03.04
178.54 03.01
180.32 02.98
182.13 02.97
183.95 02.95
185.79 02.93
187.65 02.93
189.52 02.90
191.42 02.89
193.33 02.85
195.27 02.81
197.22 02.76
199.19 02.72
201.18 02.66
203.19 02.61
205.23 02.56
207.28 02.51
209.35 02.45
211.44 02.41
213.56 02.36
215.69 02.33
217.85 02.30
220.03 02.26
222.23 02.23
224.45 02.20
226.70 02.16
228.96 02.12
231.25 02.08
233.57 02.04
235.90 01.99
238.26 01.94
240.64 01.90
243.05 01.85
245.48 01.79
247.93 01.75
250.41 01.69
252.92 01.65
255.45 01.63
258.00 01.62
260.58 01.65
263.19 01.74
265.82 01.87
268.48 02.05
271.16 02.25
273.87 02.46
276.61 02.66
279.38 02.82
282.17 02.95
284.99 03.02
287.84 03.04
290.72 03.02
293.63 02.98
296.57 02.92
299.53 02.85
302.53 02.77
305.55 02.69
308.61 02.62
311.69 02.56
314.81 02.49
317.96 02.43
321.14 02.37
324.35 02.32
327.59 02.27
330.87 02.22
334.18 02.17
337.52 02.14
340.90 02.11
344.30 02.07
347.75 02.04
351.23 02.01
354.74 01.98
358.28 01.94
361.87 01.92
365.49 01.88
369.14 01.85
372.83 01.82
376.56 01.78
380.33 01.75
384.13 01.71
387.97 01.68
391.85 01.65
395.77 01.62
399.73 01.59
403.72 01.57
407.76 01.53
411.84 01.51
415.96 01.48
420.12 01.46
424.32 01.43
428.56 01.40
432.85 01.37
437.18 01.32
441.55 01.28
445.96 01.23
450.42 01.17
454.93 01.12
459.48 01.06
464.07 01.02
468.71 00.98
473.40 00.95
478.13 00.92
482.91 00.89
487.74 00.86
492.62 00.84
497.55 00.81
502.52 00.79
507.55 00.78
512.62 00.77
517.75 00.76
522.93 00.75
528.16 00.74
533.44 00.73
538.77 00.71
544.16 00.69
549.60 00.69
555.10 00.67
560.65 00.67
566.25 00.66
571.92 00.67
577.64 00.66
583.41 00.67
589.25 00.66
595.14 00.66
601.09 00.66
607.10 00.65
613.17 00.65
619.30 00.63
625.50 00.63
631.75 00.62
638.07 00.61
644.45 00.60
650.89 00.56
657.40 00.53
663.98 00.51
670.62 00.49
677.32 00.46
684.10 00.45
690.94 00.44
697.85 00.43
704.83 00.42
711.87 00.41
718.99 00.41
726.18 00.40
733.44 00.38
740.78 00.37
748.19 00.37
755.67 00.35
763.23 00.34
770.86 00.34
778.57 00.32
786.35 00.30
794.22 00.28
802.16 00.27
810.18 00.25
818.28 00.22
826.46 00.19
834.73 00.16
843.08 00.13
851.51 00.08
860.02 00.04
868.62 -00.01
877.31 -00.06
886.08 -00.12
894.94 -00.17
903.89 -00.23
912.93 -00.26
922.06 -00.29
931.28 -00.30
940.59 -00.32
950.00 -00.31
959.50 -00.30
969.09 -00.29
978.78 -00.27
988.57 -00.25
998.46 -00.24
1008.44 -00.22
1018.53 -00.21
1028.71 -00.21
1039.00 -00.20
1049.39 -00.19
1059.88 -00.20
1070.48 -00.20
1081.19 -00.21
1092.00 -00.24
1102.92 -00.26
1113.95 -00.29
1125.09 -00.32
1136.34 -00.38
1147.70 -00.43
1159.18 -00.48
1170.77 -00.54
1182.48 -00.60
1194.30 -00.66
1206.25 -00.71
1218.31 -00.76
1230.49 -00.80
1242.80 -00.84
1255.22 -00.87
1267.78 -00.89
1280.45 -00.91
1293.26 -00.91
1306.19 -00.91
1319.25 -00.90
1332.45 -00.91
1345.77 -00.90
1359.23 -00.90
1372.82 -00.89
1386.55 -00.88
1400.41 -00.87
1414.42 -00.85
1428.56 -00.83
1442.85 -00.82
1457.28 -00.81
1471.85 -00.79
1486.57 -00.78
1501.43 -00.77
1516.45 -00.74
1531.61 -00.68
1546.93 -00.62
1562.40 -00.55
1578.02 -00.46
1593.80 -00.37
1609.74 -00.30
1625.84 -00.28
1642.10 -00.31
1658.52 -00.36
1675.10 -00.40
1691.85 -00.38
1708.77 -00.27
1725.86 -00.06
1743.12 00.25
1760.55 00.63
1778.15 01.02
1795.94 01.44
1813.90 01.85
1832.03 02.27
1850.36 02.69
1868.86 03.12
1887.55 03.57
1906.42 04.03
1925.49 04.50
1944.74 04.93
1964.19 05.33
1983.83 05.69
2003.67 06.01
2023.71 06.26
2043.94 06.44
2064.38 06.56
2085.03 06.63
2105.88 06.67
2126.94 06.64
2148.20 06.58
2169.69 06.50
2191.38 06.39
2213.30 06.27
2235.43 06.11
2257.78 05.90
2280.36 05.67
2303.17 05.41
2326.20 05.15
2349.46 04.86
2372.95 04.58
2396.68 04.31
2420.65 04.03
2444.86 03.75
2469.31 03.49
2494.00 03.24
2518.94 03.00
2544.13 02.75
2569.57 02.51
2595.27 02.28
2621.22 02.04
2647.43 01.80
2673.90 01.58
2700.64 01.37
2727.65 01.15
2754.93 00.93
2782.48 00.73
2810.30 00.54
2838.40 00.36
2866.79 00.20
2895.46 00.07
2924.41 -00.06
2953.65 -00.16
2983.19 -00.28
3013.02 -00.40
3043.15 -00.49
3073.58 -00.57
3104.32 -00.62
3135.36 -00.62
3166.72 -00.53
3198.38 -00.37
3230.37 -00.14
3262.67 00.16
3295.30 00.54
3328.25 01.00
3361.53 01.53
3395.15 02.08
3429.10 02.65
3463.39 03.19
3498.03 03.62
3533.01 03.99
3568.34 04.28
3604.02 04.48
3640.06 04.59
3676.46 04.60
3713.22 04.56
3750.36 04.49
3787.86 04.38
3825.74 04.23
3864.00 04.05
3902.64 03.83
3941.66 03.57
3981.08 03.25
4020.89 02.86
4061.10 02.43
4101.71 01.98
4142.73 01.53
4184.15 01.08
4226.00 00.65
4268.26 00.22
4310.94 -00.20
4354.05 -00.60
4397.59 -00.99
4441.56 -01.31
4485.98 -01.57
4530.84 -01.81
4576.15 -02.08
4621.91 -02.42
4668.13 -02.92
4714.81 -03.53
4761.96 -04.14
4809.58 -04.64
4857.67 -04.93
4906.25 -04.91
4955.31 -04.74
5004.87 -04.54
5054.91 -04.36
5105.46 -04.27
5156.52 -04.39
5208.08 -04.66
5260.16 -05.02
5312.77 -05.46
5365.89 -05.94
5419.55 -06.37
5473.75 -06.64
5528.49 -06.79
5583.77 -06.84
5639.61 -06.88
5696.00 -06.98
5752.96 -07.18
5810.49 -07.45
5868.60 -07.77
5927.28 -08.09
5986.56 -08.31
6046.42 -08.23
6106.89 -08.01
6167.96 -07.76
6229.64 -07.50
6291.93 -07.28
6354.85 -07.07
6418.40 -06.85
6482.58 -06.61
6547.41 -06.33
6612.88 -05.97
6679.01 -05.60
6745.80 -05.23
6813.26 -04.88
6881.39 -04.60
6950.21 -04.36
7019.71 -04.13
7089.91 -03.87
7160.81 -03.56
7232.41 -03.19
7304.74 -02.90
7377.79 -02.61
7451.56 -02.27
7526.08 -01.89
7601.34 -01.46
7677.35 -01.03
7754.13 -00.61
7831.67 -00.22
7909.98 00.13
7989.08 00.43
8068.98 00.73
8149.67 01.03
8231.16 01.34
8313.47 01.66
8396.61 01.99
8480.57 02.33
8565.38 02.67
8651.03 03.00
8737.54 03.31
8824.92 03.60
8913.17 03.86
9002.30 04.11
9092.32 04.34
9183.25 04.58
9275.08 04.84
9367.83 05.11
9461.51 05.39
9556.12 05.66
9651.68 05.92
9748.20 06.14
9845.68 06.34
9944.14 06.50
10043.58 06.63
10144.02 06.71
10245.46 06.71
10347.91 06.69
10451.39 06.56
10555.91 06.27
10661.46 05.78
10768.08 05.03
10875.76 04.08
10984.52 02.98
11094.36 01.82
11205.31 00.78
11317.36 00.24
11430.53 00.02
11544.84 -00.06
11660.29 -00.15
11776.89 -00.44
11894.66 -01.09
12013.60 -02.11
12133.74 -03.43
12255.08 -04.91
12377.63 -06.23
12501.41 -06.68
12626.42 -06.32
12752.68 -05.40
12880.21 -04.25
13009.01 -03.17
13139.10 -02.32
13270.49 -01.69
13403.20 -01.26
13537.23 -01.03
13672.60 -01.00
13809.33 -01.11
13947.42 -01.27
14086.90 -01.43
14227.77 -01.53
14370.04 -01.52
14513.74 -01.42
14658.88 -01.38
14805.47 -01.33
14953.52 -01.28
15103.06 -01.27
15254.09 -01.30
15406.63 -01.37
15560.70 -01.46
15716.30 -01.56
15873.47 -01.66
16032.20 -01.77
16192.52 -01.94
16354.45 -02.21
16517.99 -02.62
16683.17 -03.23
16850.01 -04.04
17018.51 -05.05
17188.69 -06.24
17360.58 -07.60
17534.18 -09.14
17709.53 -10.87
17886.62 -12.72
18065.49 -14.62
18246.14 -16.37
18428.60 -17.63
18612.89 -18.50
18799.02 -19.04
18987.01 -19.18
19176.88 -18.75
19368.65 -17.54
19562.33 -16.17
19757.96 -14.86
19955.54 -13.79
20000.00 -13.62
