20.00 -03.72
20.20 -03.63
20.40 -03.55
20.61 -03.46
20.81 -03.38
21.02 -03.30
21.23 -03.22
21.44 -03.15
21.66 -03.07
21.87 -02.99
22.09 -02.92
22.31 -02.85
22.54 -02.77
22.76 -02.70
22.99 -02.63
23.22 -02.55
23.45 -02.48
23.69 -02.41
23.92 -02.34
24.16 -02.27
24.40 -02.20
24.65 -02.13
24.89 -02.06
25.14 -01.99
25.39 -01.92
25.65 -01.85
25.91 -01.78
26.16 -01.72
26.43 -01.65
26.69 -01.58
26.96 -01.51
27.23 -01.45
27.50 -01.39
27.77 -01.32
28.05 -01.26
28.33 -01.20
28.62 -01.13
28.90 -01.07
29.19 -01.01
29.48 -00.96
29.78 -00.90
30.08 -00.84
30.38 -00.78
30.68 -00.73
30.99 -00.67
31.30 -00.62
31.61 -00.57
31.93 -00.52
32.24 -00.47
32.57 -00.41
32.89 -00.36
33.22 -00.31
33.55 -00.26
33.89 -00.21
34.23 -00.16
34.57 -00.12
34.92 -00.07
35.27 -00.02
35.62 00.03
35.97 00.08
36.33 00.12
36.70 00.17
37.06 00.21
37.43 00.26
37.81 00.30
38.19 00.34
38.57 00.39
38.95 00.43
39.34 00.47
39.74 00.51
40.14 00.55
40.54 00.59
40.94 00.62
41.35 00.66
41.76 00.70
42.18 00.73
42.60 00.77
43.03 00.80
43.46 00.83
43.90 00.87
44.33 00.90
44.78 00.93
45.23 00.96
45.68 00.99
46.13 01.02
46.60 01.05
47.06 01.08
47.53 01.10
48.01 01.13
48.49 01.15
48.97 01.18
49.46 01.20
49.96 01.22
50.46 01.24
50.96 01.26
51.47 01.28
51.99 01.29
52.51 01.31
53.03 01.32
53.56 01.33
54.10 01.34
54.64 01.34
55.18 01.34
55.74 01.34
56.29 01.34
56.86 01.34
57.42 01.34
58.00 01.33
58.58 01.33
59.16 01.32
59.76 01.32
60.35 01.31
60.96 01.31
61.57 01.30
62.18 01.30
62.80 01.30
63.43 01.29
64.07 01.29
64.71 01.29
65.35 01.30
66.01 01.30
66.67 01.30
67.33 01.31
68.01 01.31
68.69 01.32
69.37 01.33
70.07 01.33
70.77 01.35
71.48 01.36
72.19 01.37
72.91 01.39
73.64 01.41
74.38 01.44
75.12 01.46
75.87 01.50
76.63 01.54
77.40 01.58
78.17 01.63
78.95 01.68
79.74 01.73
80.54 01.79
81.35 01.85
82.16 01.90
82.98 01.95
83.81 02.00
84.65 02.04
85.50 02.07
86.35 02.10
87.22 02.13
88.09 02.14
88.97 02.15
89.86 02.16
90.76 02.16
91.66 02.17
92.58 02.17
93.51 02.17
94.44 02.17
95.39 02.17
96.34 02.18
97.30 02.19
98.28 02.20
99.26 02.21
100.25 02.22
101.25 02.23
102.27 02.25
103.29 02.26
104.32 02.27
105.37 02.28
106.42 02.28
107.48 02.28
108.56 02.27
109.64 02.26
110.74 02.25
111.85 02.24
112.97 02.22
114.10 02.20
115.24 02.18
116.39 02.16
117.55 02.15
118.73 02.13
119.92 02.12
121.12 02.11
122.33 02.11
123.55 02.10
124.79 02.10
126.03 02.11
127.29 02.11
128.57 02.12
129.85 02.13
131.15 02.14
132.46 02.16
133.79 02.17
135.12 02.18
136.48 02.20
137.84 02.21
139.22 02.23
140.61 02.24
142.02 02.24
143.44 02.25
144.87 02.25
146.32 02.25
147.78 02.24
149.26 02.23
150.75 02.22
152.26 02.20
153.78 02.18
155.32 02.16
156.88 02.14
158.44 02.12
160.03 02.09
161.63 02.08
163.24 02.07
164.88 02.07
166.53 02.06
168.19 02.05
169.87 02.04
171.57 02.04
173.29 02.03
175.02 02.02
176.77 02.02
178.54 02.01
180.32 01.99
182.13 01.99
183.95 01.98
185.79 01.97
187.65 01.97
189.52 01.97
191.42 01.99
193.33 02.00
195.27 02.03
197.22 02.04
199.19 02.06
201.18 02.07
203.19 02.09
205.23 02.08
207.28 02.09
209.35 02.07
211.44 02.04
213.56 02.00
215.69 01.96
217.85 01.91
220.03 01.86
222.23 01.82
224.45 01.79
226.70 01.75
228.96 01.71
231.25 01.69
233.57 01.66
235.90 01.63
238.26 01.61
240.64 01.60
243.05 01.58
245.48 01.57
247.93 01.56
250.41 01.55
252.92 01.54
255.45 01.55
258.00 01.55
260.58 01.57
263.19 01.59
265.82 01.62
268.48 01.65
271.16 01.67
273.87 01.69
276.61 01.73
279.38 01.74
282.17 01.77
284.99 01.78
287.84 01.80
290.72 01.81
293.63 01.82
296.57 01.83
299.53 01.83
302.53 01.84
305.55 01.83
308.61 01.83
311.69 01.83
314.81 01.82
317.96 01.82
321.14 01.80
324.35 01.80
327.59 01.78
330.87 01.77
334.18 01.76
337.52 01.75
340.90 01.74
344.30 01.73
347.75 01.71
351.23 01.71
354.74 01.69
358.28 01.67
361.87 01.66
365.49 01.64
369.14 01.62
372.83 01.60
376.56 01.58
380.33 01.56
384.13 01.54
387.97 01.52
391.85 01.50
395.77 01.48
399.73 01.46
403.72 01.45
407.76 01.44
411.84 01.43
415.96 01.42
420.12 01.41
424.32 01.40
428.56 01.40
432.85 01.40
437.18 01.40
441.55 01.40
445.96 01.41
450.42 01.41
454.93 01.42
459.48 01.41
464.07 01.41
468.71 01.40
473.40 01.40
478.13 01.39
482.91 01.38
487.74 01.37
492.62 01.37
497.55 01.35
502.52 01.34
507.55 01.33
512.62 01.32
517.75 01.30
522.93 01.29
528.16 01.28
533.44 01.27
538.77 01.25
544.16 01.23
549.60 01.22
555.10 01.19
560.65 01.16
566.25 01.12
571.92 01.09
577.64 01.04
583.41 01.00
589.25 00.96
595.14 00.93
601.09 00.91
607.10 00.88
613.17 00.87
619.30 00.86
625.50 00.86
631.75 00.87
638.07 00.88
644.45 00.89
650.89 00.88
657.40 00.86
663.98 00.86
670.62 00.83
677.32 00.81
684.10 00.79
690.94 00.75
697.85 00.73
704.83 00.69
711.87 00.66
718.99 00.63
726.18 00.59
733.44 00.55
740.78 00.50
748.19 00.47
755.67 00.43
763.23 00.39
770.86 00.37
778.57 00.34
786.35 00.31
794.22 00.28
802.16 00.26
810.18 00.23
818.28 00.21
826.46 00.18
834.73 00.17
843.08 00.14
851.51 00.11
860.02 00.07
868.62 00.04
877.31 00.01
886.08 -00.04
894.94 -00.09
903.89 -00.13
912.93 -00.16
922.06 -00.20
931.28 -00.22
940.59 -00.25
950.00 -00.28
959.50 -00.30
969.09 -00.34
978.78 -00.37
988.57 -00.40
998.46 -00.44
1008.44 -00.47
1018.53 -00.49
1028.71 -00.53
1039.00 -00.56
1049.39 -00.59
1059.88 -00.63
1070.48 -00.65
1081.19 -00.67
1092.00 -00.70
1102.92 -00.72
1113.95 -00.74
1125.09 -00.76
1136.34 -00.79
1147.70 -00.81
1159.18 -00.83
1170.77 -00.84
1182.48 -00.87
1194.30 -00.89
1206.25 -00.91
1218.31 -00.93
1230.49 -00.95
1242.80 -00.98
1255.22 -01.01
1267.78 -01.04
1280.45 -01.08
1293.26 -01.11
1306.19 -01.13
1319.25 -01.16
1332.45 -01.19
1345.77 -01.21
1359.23 -01.24
1372.82 -01.28
1386.55 -01.32
1400.41 -01.36
1414.42 -01.39
1428.56 -01.43
1442.85 -01.47
1457.28 -01.51
1471.85 -01.55
1486.57 -01.59
1501.43 -01.63
1516.45 -01.66
1531.61 -01.67
1546.93 -01.68
1562.40 -01.67
1578.02 -01.66
1593.80 -01.62
1609.74 -01.57
1625.84 -01.53
1642.10 -01.47
1658.52 -01.40
1675.10 -01.33
1691.85 -01.25
1708.77 -01.15
1725.86 -01.06
1743.12 -00.96
1760.55 -00.89
1778.15 -00.83
1795.94 -00.77
1813.90 -00.72
1832.03 -00.66
1850.36 -00.59
1868.86 -00.51
1887.55 -00.43
1906.42 -00.36
1925.49 -00.29
1944.74 -00.22
1964.19 -00.14
1983.83 -00.04
2003.67 00.04
2023.71 00.11
2043.94 00.17
2064.38 00.19
2085.03 00.20
2105.88 00.19
2126.94 00.17
2148.20 00.13
2169.69 00.07
2191.38 -00.01
2213.30 -00.11
2235.43 -00.19
2257.78 -00.29
2280.36 -00.38
2303.17 -00.48
2326.20 -00.56
2349.46 -00.64
2372.95 -00.70
2396.68 -00.72
2420.65 -00.73
2444.86 -00.71
2469.31 -00.65
2494.00 -00.57
2518.94 -00.44
2544.13 -00.31
2569.57 -00.14
2595.27 00.04
2621.22 00.23
2647.43 00.42
2673.90 00.62
2700.64 00.82
2727.65 01.01
2754.93 01.21
2782.48 01.39
2810.30 01.56
2838.40 01.71
2866.79 01.86
2895.46 02.01
2924.41 02.14
2953.65 02.26
2983.19 02.35
3013.02 02.44
3043.15 02.51
3073.58 02.55
3104.32 02.57
3135.36 02.55
3166.72 02.52
3198.38 02.46
3230.37 02.37
3262.67 02.26
3295.30 02.13
3328.25 01.98
3361.53 01.81
3395.15 01.62
3429.10 01.42
3463.39 01.23
3498.03 01.02
3533.01 00.83
3568.34 00.66
3604.02 00.48
3640.06 00.33
3676.46 00.19
3713.22 00.09
3750.36 00.05
3787.86 00.07
3825.74 00.16
3864.00 00.31
3902.64 00.51
3941.66 00.77
3981.08 01.08
4020.89 01.44
4061.10 01.83
4101.71 02.25
4142.73 02.68
4184.15 03.12
4226.00 03.54
4268.26 03.94
4310.94 04.31
4354.05 04.65
4397.59 04.96
4441.56 05.22
4485.98 05.45
4530.84 05.64
4576.15 05.79
4621.91 05.90
4668.13 05.97
4714.81 06.01
4761.96 06.03
4809.58 06.01
4857.67 05.98
4906.25 05.93
4955.31 05.87
5004.87 05.79
5054.91 05.70
5105.46 05.60
5156.52 05.41
5208.08 05.17
5260.16 04.92
5312.77 04.66
5365.89 04.39
5419.55 04.10
5473.75 03.80
5528.49 03.48
5583.77 03.17
5639.61 02.84
5696.00 02.52
5752.96 02.20
5810.49 01.90
5868.60 01.61
5927.28 01.35
5986.56 01.11
6046.42 01.12
6106.89 01.25
6167.96 01.40
6229.64 01.59
6291.93 01.82
6354.85 02.08
6418.40 02.36
6482.58 02.69
6547.41 03.02
6612.88 03.39
6679.01 03.76
6745.80 04.13
6813.26 04.50
6881.39 04.85
6950.21 05.17
7019.71 05.47
7089.91 05.72
7160.81 05.93
7232.41 06.09
7304.74 06.05
7377.79 05.94
7451.56 05.78
7526.08 05.58
7601.34 05.33
7677.35 05.06
7754.13 04.76
7831.67 04.44
7909.98 04.12
7989.08 03.81
8068.98 03.50
8149.67 03.20
8231.16 02.91
8313.47 02.63
8396.61 02.35
8480.57 02.07
8565.38 01.79
8651.03 01.50
8737.54 01.19
8824.92 00.87
8913.17 00.52
9002.30 00.15
9092.32 -00.23
9183.25 -00.61
9275.08 -01.00
9367.83 -01.38
9461.51 -01.76
9556.12 -02.12
9651.68 -02.47
9748.20 -02.79
9845.68 -03.07
9944.14 -03.31
10043.58 -03.51
10144.02 -03.68
10245.46 -03.82
10347.91 -03.85
10451.39 -03.85
10555.91 -03.83
10661.46 -03.82
10768.08 -03.82
10875.76 -03.83
10984.52 -03.86
11094.36 -03.93
11205.31 -04.04
11317.36 -04.17
11430.53 -04.33
11544.84 -04.51
11660.29 -04.71
11776.89 -04.94
11894.66 -05.18
12013.60 -05.44
12133.74 -05.66
12255.08 -05.85
12377.63 -05.96
12501.41 -05.97
12626.42 -05.88
12752.68 -05.67
12880.21 -05.38
13009.01 -05.01
13139.10 -04.61
13270.49 -04.20
13403.20 -03.82
13537.23 -03.49
13672.60 -03.22
13809.33 -03.02
13947.42 -02.91
14086.90 -02.85
14227.77 -02.86
14370.04 -02.94
14513.74 -03.11
14658.88 -03.49
14805.47 -03.92
14953.52 -04.39
15103.06 -04.87
15254.09 -05.33
15406.63 -05.77
15560.70 -06.17
15716.30 -06.53
15873.47 -06.87
16032.20 -07.19
16192.52 -07.50
16354.45 -07.79
16517.99 -08.03
16683.17 -08.18
16850.01 -08.22
17018.51 -08.13
17188.69 -07.93
17360.58 -07.60
17534.18 -07.18
17709.53 -06.74
17886.62 -06.30
18065.49 -05.92
18246.14 -05.61
18428.60 -05.40
18612.89 -05.29
18799.02 -05.30
18987.01 -05.42
19176.88 -05.65
19368.65 -06.03
19562.33 -06.53
19757.96 -07.18
19955.54 -07.98
20000.00 -08.18
