20.00 -02.53
20.20 -02.44
20.40 -02.36
20.61 -02.28
20.81 -02.20
21.02 -02.12
21.23 -02.04
21.44 -01.97
21.66 -01.89
21.87 -01.82
22.09 -01.76
22.31 -01.69
22.54 -01.63
22.76 -01.57
22.99 -01.51
23.22 -01.46
23.45 -01.40
23.69 -01.35
23.92 -01.30
24.16 -01.25
24.40 -01.20
24.65 -01.15
24.89 -01.11
25.14 -01.06
25.39 -01.01
25.65 -00.96
25.91 -00.92
26.16 -00.87
26.43 -00.83
26.69 -00.78
26.96 -00.74
27.23 -00.69
27.50 -00.65
27.77 -00.60
28.05 -00.56
28.33 -00.52
28.62 -00.47
28.90 -00.43
29.19 -00.39
29.48 -00.35
29.78 -00.31
30.08 -00.27
30.38 -00.23
30.68 -00.19
30.99 -00.15
31.30 -00.12
31.61 -00.08
31.93 -00.04
32.24 -00.01
32.57 00.02
32.89 00.06
33.22 00.09
33.55 00.12
33.89 00.15
34.23 00.19
34.57 00.22
34.92 00.25
35.27 00.28
35.62 00.31
35.97 00.35
36.33 00.38
36.70 00.41
37.06 00.44
37.43 00.48
37.81 00.51
38.19 00.54
38.57 00.57
38.95 00.60
39.34 00.63
39.74 00.66
40.14 00.68
40.54 00.71
40.94 00.74
41.35 00.76
41.76 00.78
42.18 00.81
42.60 00.83
43.03 00.85
43.46 00.87
43.90 00.89
44.33 00.90
44.78 00.92
45.23 00.93
45.68 00.94
46.13 00.95
46.60 00.96
47.06 00.96
47.53 00.97
48.01 00.97
48.49 00.96
48.97 00.95
49.46 00.94
49.96 00.93
50.46 00.92
50.96 00.90
51.47 00.88
51.99 00.86
52.51 00.84
53.03 00.82
53.56 00.80
54.10 00.77
54.64 00.76
55.18 00.74
55.74 00.72
56.29 00.71
56.86 00.71
57.42 00.71
58.00 00.71
58.58 00.72
59.16 00.73
59.76 00.75
60.35 00.77
60.96 00.79
61.57 00.82
62.18 00.85
62.80 00.87
63.43 00.91
64.07 00.94
64.71 00.97
65.35 01.00
66.01 01.03
66.67 01.06
67.33 01.10
68.01 01.13
68.69 01.16
69.37 01.19
70.07 01.22
70.77 01.26
71.48 01.29
72.19 01.32
72.91 01.35
73.64 01.38
74.38 01.42
75.12 01.45
75.87 01.48
76.63 01.51
77.40 01.54
78.17 01.57
78.95 01.60
79.74 01.62
80.54 01.65
81.35 01.67
82.16 01.68
82.98 01.70
83.81 01.71
84.65 01.72
85.50 01.73
86.35 01.74
87.22 01.74
88.09 01.74
88.97 01.75
89.86 01.75
90.76 01.75
91.66 01.76
92.58 01.76
93.51 01.76
94.44 01.77
95.39 01.77
96.34 01.77
97.30 01.78
98.28 01.78
99.26 01.78
100.25 01.79
101.25 01.79
102.27 01.79
103.29 01.79
104.32 01.79
105.37 01.79
106.42 01.79
107.48 01.79
108.56 01.79
109.64 01.78
110.74 01.78
111.85 01.77
112.97 01.77
114.10 01.76
115.24 01.75
116.39 01.74
117.55 01.73
118.73 01.71
119.92 01.70
121.12 01.69
122.33 01.67
123.55 01.66
124.79 01.64
126.03 01.62
127.29 01.61
128.57 01.59
129.85 01.58
131.15 01.57
132.46 01.55
133.79 01.54
135.12 01.52
136.48 01.51
137.84 01.50
139.22 01.48
140.61 01.46
142.02 01.45
143.44 01.43
144.87 01.41
146.32 01.39
147.78 01.37
149.26 01.35
150.75 01.33
152.26 01.31
153.78 01.29
155.32 01.27
156.88 01.25
158.44 01.22
160.03 01.20
161.63 01.20
163.24 01.19
164.88 01.19
166.53 01.18
168.19 01.17
169.87 01.17
171.57 01.17
173.29 01.16
175.02 01.15
176.77 01.15
178.54 01.14
180.32 01.13
182.13 01.13
183.95 01.11
185.79 01.10
187.65 01.09
189.52 01.07
191.42 01.06
193.33 01.04
195.27 01.01
197.22 00.98
199.19 00.94
201.18 00.90
203.19 00.86
205.23 00.81
207.28 00.77
209.35 00.72
211.44 00.67
213.56 00.62
215.69 00.58
217.85 00.55
220.03 00.51
222.23 00.48
224.45 00.46
226.70 00.44
228.96 00.42
231.25 00.43
233.57 00.42
235.90 00.43
238.26 00.43
240.64 00.45
243.05 00.47
245.48 00.49
247.93 00.53
250.41 00.56
252.92 00.59
255.45 00.64
258.00 00.66
260.58 00.69
263.19 00.71
265.82 00.73
268.48 00.75
271.16 00.77
273.87 00.78
276.61 00.80
279.38 00.81
282.17 00.81
284.99 00.81
287.84 00.81
290.72 00.80
293.63 00.80
296.57 00.80
299.53 00.78
302.53 00.77
305.55 00.75
308.61 00.73
311.69 00.71
314.81 00.68
317.96 00.65
321.14 00.62
324.35 00.59
327.59 00.56
330.87 00.53
334.18 00.50
337.52 00.49
340.90 00.48
344.30 00.47
347.75 00.46
351.23 00.47
354.74 00.47
358.28 00.47
361.87 00.49
365.49 00.50
369.14 00.53
372.83 00.54
376.56 00.56
380.33 00.59
384.13 00.61
387.97 00.64
391.85 00.66
395.77 00.70
399.73 00.72
403.72 00.76
407.76 00.78
411.84 00.81
415.96 00.83
420.12 00.86
424.32 00.88
428.56 00.90
432.85 00.93
437.18 00.94
441.55 00.97
445.96 00.99
450.42 01.00
454.93 01.02
459.48 01.03
464.07 01.04
468.71 01.04
473.40 01.06
478.13 01.06
482.91 01.06
487.74 01.06
492.62 01.07
497.55 01.07
502.52 01.06
507.55 01.07
512.62 01.06
517.75 01.06
522.93 01.06
528.16 01.05
533.44 01.06
538.77 01.05
544.16 01.05
549.60 01.06
555.10 01.06
560.65 01.07
566.25 01.07
571.92 01.09
577.64 01.09
583.41 01.10
589.25 01.10
595.14 01.11
601.09 01.12
607.10 01.12
613.17 01.12
619.30 01.12
625.50 01.13
631.75 01.14
638.07 01.13
644.45 01.13
650.89 01.10
657.40 01.08
663.98 01.07
670.62 01.05
677.32 01.02
684.10 01.01
690.94 00.99
697.85 00.98
704.83 00.95
711.87 00.93
718.99 00.92
726.18 00.90
733.44 00.88
740.78 00.85
748.19 00.84
755.67 00.81
763.23 00.78
770.86 00.76
778.57 00.74
786.35 00.71
794.22 00.68
802.16 00.66
810.18 00.63
818.28 00.61
826.46 00.58
834.73 00.56
843.08 00.53
851.51 00.50
860.02 00.47
868.62 00.43
877.31 00.40
886.08 00.36
894.94 00.31
903.89 00.26
912.93 00.24
922.06 00.20
931.28 00.17
940.59 00.13
950.00 00.11
959.50 00.08
969.09 00.04
978.78 00.00
988.57 -00.03
998.46 -00.08
1008.44 -00.13
1018.53 -00.18
1028.71 -00.25
1039.00 -00.32
1049.39 -00.38
1059.88 -00.44
1070.48 -00.49
1081.19 -00.55
1092.00 -00.61
1102.92 -00.66
1113.95 -00.72
1125.09 -00.77
1136.34 -00.84
1147.70 -00.89
1159.18 -00.95
1170.77 -01.01
1182.48 -01.09
1194.30 -01.16
1206.25 -01.23
1218.31 -01.31
1230.49 -01.38
1242.80 -01.45
1255.22 -01.53
1267.78 -01.60
1280.45 -01.66
1293.26 -01.71
1306.19 -01.77
1319.25 -01.83
1332.45 -01.90
1345.77 -01.96
1359.23 -02.02
1372.82 -02.09
1386.55 -02.16
1400.41 -02.23
1414.42 -02.31
1428.56 -02.38
1442.85 -02.46
1457.28 -02.53
1471.85 -02.60
1486.57 -02.67
1501.43 -02.74
1516.45 -02.81
1531.61 -02.88
1546.93 -02.95
1562.40 -03.01
1578.02 -03.07
1593.80 -03.11
1609.74 -03.15
1625.84 -03.21
1642.10 -03.27
1658.52 -03.33
1675.10 -03.41
1691.85 -03.48
1708.77 -03.54
1725.86 -03.60
1743.12 -03.65
1760.55 -03.70
1778.15 -03.75
1795.94 -03.81
1813.90 -03.87
1832.03 -03.93
1850.36 -03.99
1868.86 -04.03
1887.55 -04.06
1906.42 -04.09
1925.49 -04.12
1944.74 -04.17
1964.19 -04.21
1983.83 -04.26
2003.67 -04.28
2023.71 -04.30
2043.94 -04.32
2064.38 -04.34
2085.03 -04.37
2105.88 -04.41
2126.94 -04.45
2148.20 -04.49
2169.69 -04.53
2191.38 -04.56
2213.30 -04.60
2235.43 -04.65
2257.78 -04.71
2280.36 -04.77
2303.17 -04.83
2326.20 -04.86
2349.46 -04.90
2372.95 -04.94
2396.68 -04.97
2420.65 -05.01
2444.86 -05.04
2469.31 -05.06
2494.00 -05.08
2518.94 -05.10
2544.13 -05.12
2569.57 -05.14
2595.27 -05.17
2621.22 -05.21
2647.43 -05.25
2673.90 -05.30
2700.64 -05.34
2727.65 -05.39
2754.93 -05.44
2782.48 -05.50
2810.30 -05.53
2838.40 -05.57
2866.79 -05.61
2895.46 -05.66
2924.41 -05.71
2953.65 -05.75
2983.19 -05.80
3013.02 -05.86
3043.15 -05.92
3073.58 -05.99
3104.32 -06.06
3135.36 -06.13
3166.72 -06.21
3198.38 -06.31
3230.37 -06.39
3262.67 -06.49
3295.30 -06.57
3328.25 -06.68
3361.53 -06.78
3395.15 -06.91
3429.10 -07.02
3463.39 -07.14
3498.03 -07.27
3533.01 -07.40
3568.34 -07.51
3604.02 -07.63
3640.06 -07.73
3676.46 -07.82
3713.22 -07.88
3750.36 -07.89
3787.86 -07.86
3825.74 -07.79
3864.00 -07.67
3902.64 -07.50
3941.66 -07.29
3981.08 -07.04
4020.89 -06.74
4061.10 -06.42
4101.71 -06.08
4142.73 -05.71
4184.15 -05.33
4226.00 -04.94
4268.26 -04.52
4310.94 -04.09
4354.05 -03.63
4397.59 -03.13
4441.56 -02.59
4485.98 -02.01
4530.84 -01.39
4576.15 -00.74
4621.91 -00.07
4668.13 00.61
4714.81 01.28
4761.96 01.92
4809.58 02.53
4857.67 03.09
4906.25 03.61
4955.31 04.08
5004.87 04.50
5054.91 04.88
5105.46 05.21
5156.52 05.43
5208.08 05.57
5260.16 05.69
5312.77 05.78
5365.89 05.86
5419.55 05.94
5473.75 06.01
5528.49 06.07
5583.77 06.15
5639.61 06.24
5696.00 06.33
5752.96 06.42
5810.49 06.52
5868.60 06.61
5927.28 06.66
5986.56 06.67
6046.42 06.84
6106.89 07.02
6167.96 07.14
6229.64 07.17
6291.93 07.14
6354.85 07.03
6418.40 06.84
6482.58 06.59
6547.41 06.25
6612.88 05.86
6679.01 05.42
6745.80 04.97
6813.26 04.57
6881.39 04.26
6950.21 04.08
7019.71 04.08
7089.91 04.19
7160.81 04.40
7232.41 04.65
7304.74 04.76
7377.79 04.84
7451.56 04.89
7526.08 04.91
7601.34 04.89
7677.35 04.81
7754.13 04.69
7831.67 04.51
7909.98 04.30
7989.08 04.05
8068.98 03.80
8149.67 03.55
8231.16 03.33
8313.47 03.12
8396.61 02.94
8480.57 02.79
8565.38 02.66
8651.03 02.54
8737.54 02.45
8824.92 02.37
8913.17 02.30
9002.30 02.25
9092.32 02.20
9183.25 02.16
9275.08 02.12
9367.83 02.10
9461.51 02.08
9556.12 02.09
9651.68 02.12
9748.20 02.18
9845.68 02.28
9944.14 02.41
10043.58 02.59
10144.02 02.80
10245.46 03.05
10347.91 03.42
10451.39 03.80
10555.91 04.19
10661.46 04.54
10768.08 04.84
10875.76 05.08
10984.52 05.26
11094.36 05.37
11205.31 05.39
11317.36 05.34
11430.53 05.21
11544.84 05.00
11660.29 04.73
11776.89 04.38
11894.66 03.98
12013.60 03.53
12133.74 03.08
12255.08 02.65
12377.63 02.30
12501.41 02.04
12626.42 01.89
12752.68 01.85
12880.21 01.87
13009.01 01.96
13139.10 02.07
13270.49 02.20
13403.20 02.34
13537.23 02.46
13672.60 02.57
13809.33 02.66
13947.42 02.71
14086.90 02.73
14227.77 02.73
14370.04 02.70
14513.74 02.60
14658.88 02.35
14805.47 02.07
14953.52 01.79
15103.06 01.50
15254.09 01.24
15406.63 00.98
15560.70 00.74
15716.30 00.50
15873.47 00.27
16032.20 00.02
16192.52 -00.25
16354.45 -00.53
16517.99 -00.83
16683.17 -01.13
16850.01 -01.43
17018.51 -01.72
17188.69 -02.00
17360.58 -02.23
17534.18 -02.43
17709.53 -02.62
17886.62 -02.80
18065.49 -03.02
18246.14 -03.26
18428.60 -03.57
18612.89 -03.93
18799.02 -04.36
18987.01 -04.86
19176.88 -05.42
19368.65 -06.05
19562.33 -06.75
19757.96 -07.51
19955.54 -08.29
20000.00 -08.47
