20.00 01.66
20.20 01.71
20.40 01.75
20.61 01.79
20.81 01.83
21.02 01.87
21.23 01.90
21.44 01.94
21.66 01.97
21.87 02.00
22.09 02.03
22.31 02.07
22.54 02.10
22.76 02.13
22.99 02.16
23.22 02.18
23.45 02.21
23.69 02.24
23.92 02.27
24.16 02.30
24.40 02.32
24.65 02.35
24.89 02.38
25.14 02.40
25.39 02.43
25.65 02.45
25.91 02.48
26.16 02.50
26.43 02.52
26.69 02.55
26.96 02.57
27.23 02.59
27.50 02.61
27.77 02.63
28.05 02.65
28.33 02.67
28.62 02.69
28.90 02.70
29.19 02.72
29.48 02.73
29.78 02.75
30.08 02.76
30.38 02.78
30.68 02.79
30.99 02.80
31.30 02.81
31.61 02.82
31.93 02.82
32.24 02.83
32.57 02.84
32.89 02.84
33.22 02.85
33.55 02.85
33.89 02.85
34.23 02.85
34.57 02.85
34.92 02.85
35.27 02.85
35.62 02.85
35.97 02.85
36.33 02.85
36.70 02.84
37.06 02.84
37.43 02.84
37.81 02.83
38.19 02.83
38.57 02.83
38.95 02.83
39.34 02.82
39.74 02.82
40.14 02.82
40.54 02.82
40.94 02.82
41.35 02.82
41.76 02.82
42.18 02.83
42.60 02.83
43.03 02.84
43.46 02.85
43.90 02.85
44.33 02.86
44.78 02.87
45.23 02.88
45.68 02.90
46.13 02.91
46.60 02.92
47.06 02.94
47.53 02.96
48.01 02.97
48.49 02.99
48.97 03.01
49.46 03.02
49.96 03.04
50.46 03.06
50.96 03.07
51.47 03.08
51.99 03.10
52.51 03.10
53.03 03.11
53.56 03.11
54.10 03.10
54.64 03.10
55.18 03.08
55.74 03.07
56.29 03.04
56.86 03.02
57.42 02.99
58.00 02.96
58.58 02.92
59.16 02.89
59.76 02.85
60.35 02.82
60.96 02.78
61.57 02.76
62.18 02.73
62.80 02.71
63.43 02.70
64.07 02.70
64.71 02.71
65.35 02.72
66.01 02.74
66.67 02.77
67.33 02.80
68.01 02.84
68.69 02.89
69.37 02.94
70.07 02.98
70.77 03.03
71.48 03.08
72.19 03.13
72.91 03.17
73.64 03.21
74.38 03.25
75.12 03.29
75.87 03.32
76.63 03.35
77.40 03.38
78.17 03.41
78.95 03.43
79.74 03.45
80.54 03.47
81.35 03.49
82.16 03.51
82.98 03.53
83.81 03.55
84.65 03.56
85.50 03.58
86.35 03.59
87.22 03.60
88.09 03.61
88.97 03.62
89.86 03.63
90.76 03.64
91.66 03.65
92.58 03.65
93.51 03.66
94.44 03.66
95.39 03.67
96.34 03.67
97.30 03.67
98.28 03.67
99.26 03.67
100.25 03.67
101.25 03.67
102.27 03.67
103.29 03.67
104.32 03.66
105.37 03.66
106.42 03.65
107.48 03.65
108.56 03.64
109.64 03.64
110.74 03.63
111.85 03.62
112.97 03.62
114.10 03.61
115.24 03.60
116.39 03.59
117.55 03.58
118.73 03.57
119.92 03.56
121.12 03.55
122.33 03.54
123.55 03.53
124.79 03.52
126.03 03.51
127.29 03.49
128.57 03.48
129.85 03.47
131.15 03.45
132.46 03.44
133.79 03.42
135.12 03.41
136.48 03.39
137.84 03.38
139.22 03.36
140.61 03.35
142.02 03.34
143.44 03.33
144.87 03.32
146.32 03.31
147.78 03.30
149.26 03.29
150.75 03.28
152.26 03.27
153.78 03.26
155.32 03.24
156.88 03.22
158.44 03.20
160.03 03.18
161.63 03.17
163.24 03.15
164.88 03.14
166.53 03.13
168.19 03.11
169.87 03.10
171.57 03.09
173.29 03.08
175.02 03.06
176.77 03.06
178.54 03.05
180.32 03.05
182.13 03.06
183.95 03.05
185.79 03.05
187.65 03.06
189.52 03.06
191.42 03.08
193.33 03.08
195.27 03.09
197.22 03.09
199.19 03.10
201.18 03.10
203.19 03.10
205.23 03.10
207.28 03.11
209.35 03.11
211.44 03.12
213.56 03.12
215.69 03.13
217.85 03.14
220.03 03.14
222.23 03.15
224.45 03.15
226.70 03.15
228.96 03.14
231.25 03.15
233.57 03.14
235.90 03.14
238.26 03.13
240.64 03.14
243.05 03.13
245.48 03.13
247.93 03.14
250.41 03.15
252.92 03.15
255.45 03.15
258.00 03.15
260.58 03.14
263.19 03.14
265.82 03.12
268.48 03.12
271.16 03.10
273.87 03.08
276.61 03.07
279.38 03.05
282.17 03.05
284.99 03.03
287.84 03.02
290.72 03.00
293.63 02.98
296.57 02.97
299.53 02.95
302.53 02.93
305.55 02.91
308.61 02.90
311.69 02.89
314.81 02.87
317.96 02.86
321.14 02.85
324.35 02.84
327.59 02.82
330.87 02.81
334.18 02.79
337.52 02.78
340.90 02.76
344.30 02.74
347.75 02.71
351.23 02.69
354.74 02.66
358.28 02.63
361.87 02.59
365.49 02.55
369.14 02.51
372.83 02.46
376.56 02.40
380.33 02.34
384.13 02.28
387.97 02.22
391.85 02.14
395.77 02.08
399.73 01.99
403.72 01.92
407.76 01.83
411.84 01.74
415.96 01.64
420.12 01.54
424.32 01.44
428.56 01.34
432.85 01.24
437.18 01.12
441.55 01.02
445.96 00.91
450.42 00.80
454.93 00.70
459.48 00.61
464.07 00.52
468.71 00.45
473.40 00.40
478.13 00.36
482.91 00.33
487.74 00.32
492.62 00.34
497.55 00.37
502.52 00.40
507.55 00.46
512.62 00.50
517.75 00.55
522.93 00.61
528.16 00.65
533.44 00.69
538.77 00.72
544.16 00.73
549.60 00.75
555.10 00.75
560.65 00.76
566.25 00.75
571.92 00.74
577.64 00.73
583.41 00.72
589.25 00.69
595.14 00.68
601.09 00.66
607.10 00.63
613.17 00.62
619.30 00.59
625.50 00.57
631.75 00.56
638.07 00.54
644.45 00.51
650.89 00.47
657.40 00.44
663.98 00.41
670.62 00.38
677.32 00.34
684.10 00.32
690.94 00.29
697.85 00.27
704.83 00.25
711.87 00.23
718.99 00.22
726.18 00.22
733.44 00.21
740.78 00.21
748.19 00.23
755.67 00.24
763.23 00.25
770.86 00.28
778.57 00.30
786.35 00.32
794.22 00.34
802.16 00.38
810.18 00.40
818.28 00.42
826.46 00.45
834.73 00.48
843.08 00.49
851.51 00.50
860.02 00.50
868.62 00.48
877.31 00.45
886.08 00.40
894.94 00.31
903.89 00.21
912.93 00.11
922.06 -00.02
931.28 -00.15
940.59 -00.29
950.00 -00.41
959.50 -00.53
969.09 -00.63
978.78 -00.71
988.57 -00.75
998.46 -00.78
1008.44 -00.76
1018.53 -00.73
1028.71 -00.70
1039.00 -00.65
1049.39 -00.60
1059.88 -00.57
1070.48 -00.53
1081.19 -00.50
1092.00 -00.49
1102.92 -00.48
1113.95 -00.47
1125.09 -00.46
1136.34 -00.47
1147.70 -00.47
1159.18 -00.47
1170.77 -00.47
1182.48 -00.48
1194.30 -00.48
1206.25 -00.48
1218.31 -00.48
1230.49 -00.47
1242.80 -00.47
1255.22 -00.48
1267.78 -00.49
1280.45 -00.49
1293.26 -00.49
1306.19 -00.50
1319.25 -00.51
1332.45 -00.55
1345.77 -00.58
1359.23 -00.61
1372.82 -00.66
1386.55 -00.71
1400.41 -00.77
1414.42 -00.83
1428.56 -00.89
1442.85 -00.96
1457.28 -01.02
1471.85 -01.09
1486.57 -01.15
1501.43 -01.22
1516.45 -01.27
1531.61 -01.32
1546.93 -01.37
1562.40 -01.42
1578.02 -01.46
1593.80 -01.50
1609.74 -01.52
1625.84 -01.56
1642.10 -01.59
1658.52 -01.62
1675.10 -01.65
1691.85 -01.69
1708.77 -01.72
1725.86 -01.76
1743.12 -01.80
1760.55 -01.84
1778.15 -01.89
1795.94 -01.93
1813.90 -01.98
1832.03 -02.04
1850.36 -02.09
1868.86 -02.14
1887.55 -02.19
1906.42 -02.24
1925.49 -02.29
1944.74 -02.35
1964.19 -02.40
1983.83 -02.45
2003.67 -02.50
2023.71 -02.55
2043.94 -02.60
2064.38 -02.65
2085.03 -02.71
2105.88 -02.76
2126.94 -02.81
2148.20 -02.87
2169.69 -02.93
2191.38 -02.99
2213.30 -03.04
2235.43 -03.09
2257.78 -03.14
2280.36 -03.19
2303.17 -03.23
2326.20 -03.26
2349.46 -03.29
2372.95 -03.32
2396.68 -03.33
2420.65 -03.34
2444.86 -03.34
2469.31 -03.32
2494.00 -03.30
2518.94 -03.26
2544.13 -03.21
2569.57 -03.13
2595.27 -03.04
2621.22 -02.93
2647.43 -02.80
2673.90 -02.65
2700.64 -02.48
2727.65 -02.33
2754.93 -02.17
2782.48 -02.03
2810.30 -01.88
2838.40 -01.75
2866.79 -01.64
2895.46 -01.53
2924.41 -01.45
2953.65 -01.39
2983.19 -01.35
3013.02 -01.32
3043.15 -01.30
3073.58 -01.29
3104.32 -01.27
3135.36 -01.27
3166.72 -01.27
3198.38 -01.28
3230.37 -01.29
3262.67 -01.32
3295.30 -01.36
3328.25 -01.43
3361.53 -01.51
3395.15 -01.63
3429.10 -01.77
3463.39 -01.96
3498.03 -02.20
3533.01 -02.47
3568.34 -02.80
3604.02 -03.18
3640.06 -03.60
3676.46 -04.05
3713.22 -04.52
3750.36 -04.97
3787.86 -05.39
3825.74 -05.74
3864.00 -05.98
3902.64 -06.11
3941.66 -06.10
3981.08 -05.98
4020.89 -05.75
4061.10 -05.45
4101.71 -05.12
4142.73 -04.79
4184.15 -04.47
4226.00 -04.19
4268.26 -03.94
4310.94 -03.74
4354.05 -03.59
4397.59 -03.48
4441.56 -03.41
4485.98 -03.37
4530.84 -03.38
4576.15 -03.41
4621.91 -03.47
4668.13 -03.56
4714.81 -03.66
4761.96 -03.77
4809.58 -03.88
4857.67 -03.97
4906.25 -04.04
4955.31 -04.10
5004.87 -04.15
5054.91 -04.19
5105.46 -04.23
5156.52 -04.35
5208.08 -04.52
5260.16 -04.69
5312.77 -04.87
5365.89 -05.06
5419.55 -05.26
5473.75 -05.45
5528.49 -05.63
5583.77 -05.76
5639.61 -05.85
5696.00 -05.88
5752.96 -05.83
5810.49 -05.71
5868.60 -05.53
5927.28 -05.30
5986.56 -05.03
6046.42 -04.53
6106.89 -03.95
6167.96 -03.38
6229.64 -02.83
6291.93 -02.32
6354.85 -01.86
6418.40 -01.45
6482.58 -01.10
6547.41 -00.82
6612.88 -00.60
6679.01 -00.43
6745.80 -00.33
6813.26 -00.27
6881.39 -00.28
6950.21 -00.33
7019.71 -00.42
7089.91 -00.53
7160.81 -00.65
7232.41 -00.77
7304.74 -01.02
7377.79 -01.28
7451.56 -01.50
7526.08 -01.71
7601.34 -01.91
7677.35 -02.10
7754.13 -02.30
7831.67 -02.51
7909.98 -02.76
7989.08 -03.04
8068.98 -03.36
8149.67 -03.73
8231.16 -04.14
8313.47 -04.58
8396.61 -05.07
8480.57 -05.59
8565.38 -06.14
8651.03 -06.70
8737.54 -07.24
8824.92 -07.72
8913.17 -08.11
9002.30 -08.39
9092.32 -08.53
9183.25 -08.53
9275.08 -08.42
9367.83 -08.21
9461.51 -07.95
9556.12 -07.66
9651.68 -07.36
9748.20 -07.09
9845.68 -06.84
9944.14 -06.63
10043.58 -06.45
10144.02 -06.30
10245.46 -06.17
10347.91 -05.98
10451.39 -05.82
10555.91 -05.69
10661.46 -05.60
10768.08 -05.52
10875.76 -05.43
10984.52 -05.31
11094.36 -05.16
11205.31 -04.98
11317.36 -04.77
11430.53 -04.53
11544.84 -04.28
11660.29 -04.01
11776.89 -03.73
11894.66 -03.44
12013.60 -03.16
12133.74 -02.91
12255.08 -02.70
12377.63 -02.53
12501.41 -02.40
12626.42 -02.30
12752.68 -02.21
12880.21 -02.13
13009.01 -02.05
13139.10 -01.98
13270.49 -01.92
13403.20 -01.89
13537.23 -01.92
13672.60 -01.99
13809.33 -02.12
13947.42 -02.32
14086.90 -02.56
14227.77 -02.87
14370.04 -03.24
14513.74 -03.71
14658.88 -04.39
14805.47 -05.13
14953.52 -05.87
15103.06 -06.55
15254.09 -07.07
15406.63 -07.41
15560.70 -07.56
15716.30 -07.56
15873.47 -07.43
16032.20 -07.20
16192.52 -06.88
16354.45 -06.49
16517.99 -06.02
16683.17 -05.50
16850.01 -04.95
17018.51 -04.38
17188.69 -03.84
17360.58 -03.32
17534.18 -02.87
17709.53 -02.48
17886.62 -02.13
18065.49 -01.83
18246.14 -01.54
18428.60 -01.26
18612.89 -00.95
18799.02 -00.62
18987.01 -00.28
19176.88 00.07
19368.65 00.37
19562.33 00.62
19757.96 00.79
19955.54 00.85
20000.00 00.84
