20.00 00.89
20.20 00.92
20.40 00.96
20.61 00.99
20.81 01.02
21.02 01.05
21.23 01.08
21.44 01.11
21.66 01.14
21.87 01.17
22.09 01.19
22.31 01.22
22.54 01.24
22.76 01.26
22.99 01.28
23.22 01.30
23.45 01.32
23.69 01.34
23.92 01.36
24.16 01.37
24.40 01.39
24.65 01.41
24.89 01.42
25.14 01.44
25.39 01.45
25.65 01.47
25.91 01.48
26.16 01.50
26.43 01.51
26.69 01.53
26.96 01.54
27.23 01.56
27.50 01.57
27.77 01.58
28.05 01.60
28.33 01.61
28.62 01.62
28.90 01.63
29.19 01.65
29.48 01.66
29.78 01.67
30.08 01.68
30.38 01.69
30.68 01.70
30.99 01.71
31.30 01.72
31.61 01.73
31.93 01.73
32.24 01.74
32.57 01.75
32.89 01.76
33.22 01.76
33.55 01.77
33.89 01.77
34.23 01.78
34.57 01.78
34.92 01.79
35.27 01.79
35.62 01.79
35.97 01.80
36.33 01.80
36.70 01.80
37.06 01.80
37.43 01.80
37.81 01.80
38.19 01.81
38.57 01.81
38.95 01.81
39.34 01.81
39.74 01.81
40.14 01.81
40.54 01.81
40.94 01.81
41.35 01.81
41.76 01.81
42.18 01.81
42.60 01.81
43.03 01.81
43.46 01.81
43.90 01.81
44.33 01.81
44.78 01.81
45.23 01.80
45.68 01.80
46.13 01.80
46.60 01.80
47.06 01.80
47.53 01.79
48.01 01.79
48.49 01.79
48.97 01.78
49.46 01.78
49.96 01.78
50.46 01.77
50.96 01.77
51.47 01.76
51.99 01.76
52.51 01.75
53.03 01.75
53.56 01.74
54.10 01.74
54.64 01.73
55.18 01.73
55.74 01.72
56.29 01.72
56.86 01.72
57.42 01.71
58.00 01.71
58.58 01.71
59.16 01.71
59.76 01.71
60.35 01.71
60.96 01.72
61.57 01.72
62.18 01.73
62.80 01.73
63.43 01.74
64.07 01.75
64.71 01.76
65.35 01.78
66.01 01.79
66.67 01.81
67.33 01.82
68.01 01.85
68.69 01.87
69.37 01.90
70.07 01.94
70.77 01.98
71.48 02.03
72.19 02.08
72.91 02.14
73.64 02.21
74.38 02.28
75.12 02.36
75.87 02.44
76.63 02.51
77.40 02.59
78.17 02.66
78.95 02.73
79.74 02.79
80.54 02.83
81.35 02.86
82.16 02.88
82.98 02.89
83.81 02.88
84.65 02.86
85.50 02.82
86.35 02.78
87.22 02.73
88.09 02.68
88.97 02.63
89.86 02.58
90.76 02.54
91.66 02.51
92.58 02.49
93.51 02.48
94.44 02.48
95.39 02.50
96.34 02.53
97.30 02.57
98.28 02.62
99.26 02.67
100.25 02.72
101.25 02.77
102.27 02.82
103.29 02.86
104.32 02.89
105.37 02.92
106.42 02.94
107.48 02.95
108.56 02.96
109.64 02.95
110.74 02.95
111.85 02.93
112.97 02.92
114.10 02.90
115.24 02.88
116.39 02.86
117.55 02.84
118.73 02.81
119.92 02.79
121.12 02.76
122.33 02.73
123.55 02.70
124.79 02.67
126.03 02.64
127.29 02.61
128.57 02.57
129.85 02.53
131.15 02.49
132.46 02.45
133.79 02.41
135.12 02.37
136.48 02.32
137.84 02.28
139.22 02.23
140.61 02.18
142.02 02.13
143.44 02.07
144.87 02.02
146.32 01.97
147.78 01.92
149.26 01.86
150.75 01.81
152.26 01.76
153.78 01.71
155.32 01.66
156.88 01.61
158.44 01.55
160.03 01.50
161.63 01.46
163.24 01.41
164.88 01.37
166.53 01.31
168.19 01.26
169.87 01.20
171.57 01.14
173.29 01.07
175.02 00.99
176.77 00.92
178.54 00.85
180.32 00.78
182.13 00.73
183.95 00.68
185.79 00.64
187.65 00.63
189.52 00.62
191.42 00.61
193.33 00.59
195.27 00.58
197.22 00.55
199.19 00.51
201.18 00.46
203.19 00.40
205.23 00.31
207.28 00.20
209.35 00.07
211.44 -00.06
213.56 -00.21
215.69 -00.34
217.85 -00.48
220.03 -00.61
222.23 -00.73
224.45 -00.83
226.70 -00.93
228.96 -01.02
231.25 -01.08
233.57 -01.14
235.90 -01.18
238.26 -01.22
240.64 -01.25
243.05 -01.28
245.48 -01.31
247.93 -01.32
250.41 -01.34
252.92 -01.36
255.45 -01.38
258.00 -01.41
260.58 -01.44
263.19 -01.48
265.82 -01.52
268.48 -01.55
271.16 -01.59
273.87 -01.63
276.61 -01.66
279.38 -01.71
282.17 -01.76
284.99 -01.83
287.84 -01.89
290.72 -01.96
293.63 -02.03
296.57 -02.10
299.53 -02.19
302.53 -02.27
305.55 -02.37
308.61 -02.46
311.69 -02.57
314.81 -02.69
317.96 -02.80
321.14 -02.92
324.35 -03.03
327.59 -03.16
330.87 -03.28
334.18 -03.40
337.52 -03.50
340.90 -03.60
344.30 -03.69
347.75 -03.76
351.23 -03.80
354.74 -03.83
358.28 -03.83
361.87 -03.81
365.49 -03.76
369.14 -03.69
372.83 -03.61
376.56 -03.51
380.33 -03.39
384.13 -03.26
387.97 -03.12
391.85 -02.99
395.77 -02.84
399.73 -02.69
403.72 -02.54
407.76 -02.39
411.84 -02.25
415.96 -02.11
420.12 -01.97
424.32 -01.84
428.56 -01.72
432.85 -01.59
437.18 -01.49
441.55 -01.38
445.96 -01.28
450.42 -01.19
454.93 -01.10
459.48 -01.02
464.07 -00.94
468.71 -00.86
473.40 -00.77
478.13 -00.70
482.91 -00.63
487.74 -00.56
492.62 -00.49
497.55 -00.43
502.52 -00.37
507.55 -00.31
512.62 -00.26
517.75 -00.20
522.93 -00.14
528.16 -00.08
533.44 -00.01
538.77 00.06
544.16 00.12
549.60 00.20
555.10 00.28
560.65 00.36
566.25 00.43
571.92 00.51
577.64 00.57
583.41 00.64
589.25 00.69
595.14 00.75
601.09 00.80
607.10 00.84
613.17 00.89
619.30 00.92
625.50 00.96
631.75 01.00
638.07 01.02
644.45 01.04
650.89 01.04
657.40 01.03
663.98 01.04
670.62 01.03
677.32 01.03
684.10 01.03
690.94 01.02
697.85 01.03
704.83 01.02
711.87 01.02
718.99 01.02
726.18 01.02
733.44 01.02
740.78 01.01
748.19 01.02
755.67 01.01
763.23 01.00
770.86 00.99
778.57 00.98
786.35 00.96
794.22 00.93
802.16 00.92
810.18 00.89
818.28 00.86
826.46 00.84
834.73 00.82
843.08 00.79
851.51 00.76
860.02 00.74
868.62 00.71
877.31 00.69
886.08 00.66
894.94 00.62
903.89 00.59
912.93 00.57
922.06 00.54
931.28 00.51
940.59 00.47
950.00 00.44
959.50 00.40
969.09 00.35
978.78 00.31
988.57 00.27
998.46 00.22
1008.44 00.17
1018.53 00.12
1028.71 00.07
1039.00 00.02
1049.39 -00.04
1059.88 -00.10
1070.48 -00.16
1081.19 -00.21
1092.00 -00.29
1102.92 -00.35
1113.95 -00.42
1125.09 -00.48
1136.34 -00.57
1147.70 -00.64
1159.18 -00.71
1170.77 -00.79
1182.48 -00.87
1194.30 -00.95
1206.25 -01.03
1218.31 -01.12
1230.49 -01.20
1242.80 -01.29
1255.22 -01.40
1267.78 -01.49
1280.45 -01.58
1293.26 -01.67
1306.19 -01.75
1319.25 -01.82
1332.45 -01.90
1345.77 -01.95
1359.23 -02.00
1372.82 -02.05
1386.55 -02.08
1400.41 -02.11
1414.42 -02.13
1428.56 -02.16
1442.85 -02.18
1457.28 -02.20
1471.85 -02.23
1486.57 -02.26
1501.43 -02.29
1516.45 -02.32
1531.61 -02.35
1546.93 -02.38
1562.40 -02.40
1578.02 -02.42
1593.80 -02.44
1609.74 -02.44
1625.84 -02.45
1642.10 -02.46
1658.52 -02.46
1675.10 -02.47
1691.85 -02.49
1708.77 -02.50
1725.86 -02.52
1743.12 -02.55
1760.55 -02.60
1778.15 -02.65
1795.94 -02.71
1813.90 -02.78
1832.03 -02.86
1850.36 -02.94
1868.86 -03.02
1887.55 -03.10
1906.42 -03.18
1925.49 -03.25
1944.74 -03.32
1964.19 -03.37
1983.83 -03.41
2003.67 -03.44
2023.71 -03.45
2043.94 -03.45
2064.38 -03.44
2085.03 -03.43
2105.88 -03.40
2126.94 -03.37
2148.20 -03.33
2169.69 -03.30
2191.38 -03.26
2213.30 -03.22
2235.43 -03.17
2257.78 -03.14
2280.36 -03.11
2303.17 -03.08
2326.20 -03.05
2349.46 -03.03
2372.95 -03.02
2396.68 -03.00
2420.65 -03.00
2444.86 -03.01
2469.31 -03.02
2494.00 -03.05
2518.94 -03.07
2544.13 -03.12
2569.57 -03.18
2595.27 -03.25
2621.22 -03.33
2647.43 -03.41
2673.90 -03.49
2700.64 -03.55
2727.65 -03.62
2754.93 -03.67
2782.48 -03.70
2810.30 -03.71
2838.40 -03.70
2866.79 -03.67
2895.46 -03.62
2924.41 -03.58
2953.65 -03.51
2983.19 -03.47
3013.02 -03.43
3043.15 -03.39
3073.58 -03.39
3104.32 -03.38
3135.36 -03.41
3166.72 -03.44
3198.38 -03.48
3230.37 -03.52
3262.67 -03.57
3295.30 -03.59
3328.25 -03.61
3361.53 -03.60
3395.15 -03.57
3429.10 -03.51
3463.39 -03.42
3498.03 -03.33
3533.01 -03.21
3568.34 -03.09
3604.02 -02.97
3640.06 -02.85
3676.46 -02.74
3713.22 -02.64
3750.36 -02.55
3787.86 -02.45
3825.74 -02.37
3864.00 -02.29
3902.64 -02.22
3941.66 -02.16
3981.08 -02.12
4020.89 -02.10
4061.10 -02.09
4101.71 -02.11
4142.73 -02.13
4184.15 -02.17
4226.00 -02.23
4268.26 -02.28
4310.94 -02.35
4354.05 -02.41
4397.59 -02.48
4441.56 -02.54
4485.98 -02.59
4530.84 -02.64
4576.15 -02.69
4621.91 -02.74
4668.13 -02.78
4714.81 -02.82
4761.96 -02.87
4809.58 -02.91
4857.67 -02.95
4906.25 -02.98
4955.31 -03.01
5004.87 -03.03
5054.91 -03.03
5105.46 -03.03
5156.52 -03.09
5208.08 -03.18
5260.16 -03.25
5312.77 -03.31
5365.89 -03.36
5419.55 -03.40
5473.75 -03.42
5528.49 -03.44
5583.77 -03.44
5639.61 -03.43
5696.00 -03.42
5752.96 -03.40
5810.49 -03.37
5868.60 -03.34
5927.28 -03.29
5986.56 -03.25
6046.42 -02.97
6106.89 -02.61
6167.96 -02.24
6229.64 -01.85
6291.93 -01.47
6354.85 -01.08
6418.40 -00.69
6482.58 -00.29
6547.41 00.10
6612.88 00.50
6679.01 00.89
6745.80 01.27
6813.26 01.65
6881.39 02.01
6950.21 02.36
7019.71 02.70
7089.91 03.02
7160.81 03.33
7232.41 03.62
7304.74 03.74
7377.79 03.82
7451.56 03.88
7526.08 03.92
7601.34 03.95
7677.35 03.96
7754.13 03.95
7831.67 03.92
7909.98 03.86
7989.08 03.78
8068.98 03.68
8149.67 03.54
8231.16 03.37
8313.47 03.16
8396.61 02.91
8480.57 02.62
8565.38 02.29
8651.03 01.92
8737.54 01.51
8824.92 01.07
8913.17 00.59
9002.30 00.09
9092.32 -00.43
9183.25 -00.97
9275.08 -01.50
9367.83 -02.03
9461.51 -02.54
9556.12 -03.05
9651.68 -03.54
9748.20 -04.02
9845.68 -04.48
9944.14 -04.93
10043.58 -05.36
10144.02 -05.78
10245.46 -06.18
10347.91 -06.47
10451.39 -06.75
10555.91 -07.02
10661.46 -07.28
10768.08 -07.54
10875.76 -07.79
10984.52 -08.02
11094.36 -08.25
11205.31 -08.47
11317.36 -08.66
11430.53 -08.82
11544.84 -08.95
11660.29 -09.02
11776.89 -09.04
11894.66 -09.00
12013.60 -08.91
12133.74 -08.74
12255.08 -08.51
12377.63 -08.21
12501.41 -07.85
12626.42 -07.45
12752.68 -07.01
12880.21 -06.58
13009.01 -06.16
13139.10 -05.79
13270.49 -05.48
13403.20 -05.23
13537.23 -05.06
13672.60 -04.96
13809.33 -04.92
13947.42 -04.95
14086.90 -05.04
14227.77 -05.20
14370.04 -05.42
14513.74 -05.75
14658.88 -06.29
14805.47 -06.91
14953.52 -07.57
15103.06 -08.27
15254.09 -08.96
15406.63 -09.64
15560.70 -10.28
15716.30 -10.90
15873.47 -11.50
16032.20 -12.08
16192.52 -12.60
16354.45 -13.02
16517.99 -13.30
16683.17 -13.41
16850.01 -13.40
17018.51 -13.35
17188.69 -13.35
17360.58 -13.43
17534.18 -13.64
17709.53 -13.95
17886.62 -14.34
18065.49 -14.79
18246.14 -15.29
18428.60 -15.86
18612.89 -16.49
18799.02 -17.21
18987.01 -18.02
19176.88 -18.92
19368.65 -19.93
19562.33 -21.05
19757.96 -22.29
19955.54 -23.65
20000.00 -23.98
