20.00 01.04
20.20 01.09
20.40 01.13
20.61 01.17
20.81 01.21
21.02 01.25
21.23 01.29
21.44 01.32
21.66 01.36
21.87 01.39
22.09 01.42
22.31 01.45
22.54 01.48
22.76 01.51
22.99 01.54
23.22 01.57
23.45 01.60
23.69 01.63
23.92 01.66
24.16 01.69
24.40 01.72
24.65 01.74
24.89 01.77
25.14 01.80
25.39 01.82
25.65 01.85
25.91 01.88
26.16 01.90
26.43 01.93
26.69 01.95
26.96 01.97
27.23 02.00
27.50 02.02
27.77 02.04
28.05 02.06
28.33 02.08
28.62 02.10
28.90 02.12
29.19 02.14
29.48 02.15
29.78 02.17
30.08 02.19
30.38 02.20
30.68 02.22
30.99 02.23
31.30 02.24
31.61 02.25
31.93 02.26
32.24 02.27
32.57 02.28
32.89 02.28
33.22 02.29
33.55 02.29
33.89 02.30
34.23 02.30
34.57 02.31
34.92 02.31
35.27 02.32
35.62 02.32
35.97 02.32
36.33 02.33
36.70 02.33
37.06 02.33
37.43 02.34
37.81 02.34
38.19 02.35
38.57 02.35
38.95 02.35
39.34 02.36
39.74 02.36
40.14 02.37
40.54 02.37
40.94 02.38
41.35 02.38
41.76 02.39
42.18 02.39
42.60 02.40
43.03 02.40
43.46 02.41
43.90 02.41
44.33 02.42
44.78 02.43
45.23 02.43
45.68 02.44
46.13 02.45
46.60 02.45
47.06 02.46
47.53 02.47
48.01 02.48
48.49 02.48
48.97 02.49
49.46 02.50
49.96 02.51
50.46 02.52
50.96 02.52
51.47 02.53
51.99 02.53
52.51 02.54
53.03 02.53
53.56 02.53
54.10 02.52
54.64 02.51
55.18 02.49
55.74 02.47
56.29 02.45
56.86 02.42
57.42 02.38
58.00 02.35
58.58 02.31
59.16 02.27
59.76 02.23
60.35 02.19
60.96 02.15
61.57 02.12
62.18 02.09
62.80 02.07
63.43 02.05
64.07 02.05
64.71 02.05
65.35 02.06
66.01 02.07
66.67 02.10
67.33 02.13
68.01 02.17
68.69 02.21
69.37 02.25
70.07 02.29
70.77 02.33
71.48 02.38
72.19 02.42
72.91 02.46
73.64 02.50
74.38 02.54
75.12 02.58
75.87 02.62
76.63 02.66
77.40 02.69
78.17 02.73
78.95 02.76
79.74 02.79
80.54 02.82
81.35 02.85
82.16 02.88
82.98 02.91
83.81 02.93
84.65 02.95
85.50 02.97
86.35 02.99
87.22 03.01
88.09 03.02
88.97 03.04
89.86 03.05
90.76 03.05
91.66 03.06
92.58 03.07
93.51 03.07
94.44 03.07
95.39 03.07
96.34 03.07
97.30 03.06
98.28 03.06
99.26 03.05
100.25 03.04
101.25 03.03
102.27 03.02
103.29 03.01
104.32 03.00
105.37 02.99
106.42 02.98
107.48 02.98
108.56 02.98
109.64 02.97
110.74 02.97
111.85 02.98
112.97 02.98
114.10 02.98
115.24 02.98
116.39 02.98
117.55 02.97
118.73 02.97
119.92 02.96
121.12 02.95
122.33 02.94
123.55 02.93
124.79 02.91
126.03 02.90
127.29 02.89
128.57 02.87
129.85 02.86
131.15 02.85
132.46 02.83
133.79 02.82
135.12 02.81
136.48 02.81
137.84 02.80
139.22 02.80
140.61 02.79
142.02 02.79
143.44 02.79
144.87 02.79
146.32 02.79
147.78 02.79
149.26 02.79
150.75 02.79
152.26 02.79
153.78 02.78
155.32 02.78
156.88 02.77
158.44 02.76
160.03 02.74
161.63 02.74
163.24 02.73
164.88 02.73
166.53 02.71
168.19 02.70
169.87 02.69
171.57 02.69
173.29 02.68
175.02 02.66
176.77 02.66
178.54 02.65
180.32 02.65
182.13 02.65
183.95 02.64
185.79 02.63
187.65 02.62
189.52 02.61
191.42 02.60
193.33 02.58
195.27 02.57
197.22 02.55
199.19 02.54
201.18 02.51
203.19 02.50
205.23 02.48
207.28 02.47
209.35 02.45
211.44 02.45
213.56 02.45
215.69 02.45
217.85 02.46
220.03 02.46
222.23 02.46
224.45 02.47
226.70 02.46
228.96 02.46
231.25 02.47
233.57 02.48
235.90 02.48
238.26 02.48
240.64 02.49
243.05 02.50
245.48 02.51
247.93 02.53
250.41 02.54
252.92 02.55
255.45 02.57
258.00 02.57
260.58 02.57
263.19 02.58
265.82 02.58
268.48 02.59
271.16 02.59
273.87 02.58
276.61 02.59
279.38 02.59
282.17 02.60
284.99 02.59
287.84 02.60
290.72 02.60
293.63 02.60
296.57 02.59
299.53 02.58
302.53 02.57
305.55 02.55
308.61 02.54
311.69 02.53
314.81 02.51
317.96 02.50
321.14 02.48
324.35 02.47
327.59 02.45
330.87 02.43
334.18 02.41
337.52 02.40
340.90 02.38
344.30 02.36
347.75 02.34
351.23 02.32
354.74 02.30
358.28 02.26
361.87 02.23
365.49 02.18
369.14 02.14
372.83 02.08
376.56 02.02
380.33 01.96
384.13 01.89
387.97 01.83
391.85 01.76
395.77 01.69
399.73 01.62
403.72 01.55
407.76 01.47
411.84 01.40
415.96 01.32
420.12 01.24
424.32 01.16
428.56 01.08
432.85 01.00
437.18 00.91
441.55 00.84
445.96 00.77
450.42 00.71
454.93 00.66
459.48 00.61
464.07 00.57
468.71 00.54
473.40 00.52
478.13 00.50
482.91 00.49
487.74 00.48
492.62 00.50
497.55 00.52
502.52 00.54
507.55 00.59
512.62 00.64
517.75 00.69
522.93 00.76
528.16 00.82
533.44 00.90
538.77 00.97
544.16 01.03
549.60 01.09
555.10 01.14
560.65 01.19
566.25 01.22
571.92 01.25
577.64 01.27
583.41 01.30
589.25 01.31
595.14 01.32
601.09 01.34
607.10 01.35
613.17 01.36
619.30 01.37
625.50 01.38
631.75 01.40
638.07 01.41
644.45 01.41
650.89 01.39
657.40 01.38
663.98 01.37
670.62 01.35
677.32 01.32
684.10 01.31
690.94 01.28
697.85 01.26
704.83 01.22
711.87 01.19
718.99 01.17
726.18 01.14
733.44 01.10
740.78 01.07
748.19 01.06
755.67 01.03
763.23 01.00
770.86 00.99
778.57 00.96
786.35 00.94
794.22 00.92
802.16 00.91
810.18 00.89
818.28 00.86
826.46 00.84
834.73 00.82
843.08 00.79
851.51 00.76
860.02 00.72
868.62 00.68
877.31 00.64
886.08 00.58
894.94 00.52
903.89 00.45
912.93 00.39
922.06 00.31
931.28 00.23
940.59 00.13
950.00 00.03
959.50 -00.08
969.09 -00.21
978.78 -00.35
988.57 -00.50
998.46 -00.67
1008.44 -00.82
1018.53 -00.98
1028.71 -01.14
1039.00 -01.27
1049.39 -01.39
1059.88 -01.49
1070.48 -01.56
1081.19 -01.60
1092.00 -01.62
1102.92 -01.60
1113.95 -01.57
1125.09 -01.53
1136.34 -01.50
1147.70 -01.46
1159.18 -01.43
1170.77 -01.40
1182.48 -01.39
1194.30 -01.38
1206.25 -01.37
1218.31 -01.37
1230.49 -01.37
1242.80 -01.37
1255.22 -01.39
1267.78 -01.41
1280.45 -01.44
1293.26 -01.46
1306.19 -01.48
1319.25 -01.52
1332.45 -01.57
1345.77 -01.62
1359.23 -01.68
1372.82 -01.75
1386.55 -01.81
1400.41 -01.88
1414.42 -01.94
1428.56 -02.00
1442.85 -02.06
1457.28 -02.12
1471.85 -02.17
1486.57 -02.22
1501.43 -02.27
1516.45 -02.32
1531.61 -02.36
1546.93 -02.41
1562.40 -02.46
1578.02 -02.51
1593.80 -02.56
1609.74 -02.59
1625.84 -02.64
1642.10 -02.68
1658.52 -02.70
1675.10 -02.73
1691.85 -02.75
1708.77 -02.76
1725.86 -02.78
1743.12 -02.78
1760.55 -02.79
1778.15 -02.79
1795.94 -02.79
1813.90 -02.79
1832.03 -02.80
1850.36 -02.81
1868.86 -02.82
1887.55 -02.84
1906.42 -02.85
1925.49 -02.87
1944.74 -02.91
1964.19 -02.94
1983.83 -02.97
2003.67 -03.01
2023.71 -03.05
2043.94 -03.10
2064.38 -03.15
2085.03 -03.21
2105.88 -03.27
2126.94 -03.34
2148.20 -03.41
2169.69 -03.49
2191.38 -03.58
2213.30 -03.67
2235.43 -03.75
2257.78 -03.84
2280.36 -03.93
2303.17 -04.03
2326.20 -04.11
2349.46 -04.20
2372.95 -04.29
2396.68 -04.36
2420.65 -04.44
2444.86 -04.52
2469.31 -04.57
2494.00 -04.62
2518.94 -04.63
2544.13 -04.64
2569.57 -04.62
2595.27 -04.58
2621.22 -04.51
2647.43 -04.42
2673.90 -04.31
2700.64 -04.17
2727.65 -04.03
2754.93 -03.88
2782.48 -03.75
2810.30 -03.61
2838.40 -03.50
2866.79 -03.41
2895.46 -03.33
2924.41 -03.28
2953.65 -03.24
2983.19 -03.24
3013.02 -03.26
3043.15 -03.29
3073.58 -03.36
3104.32 -03.44
3135.36 -03.56
3166.72 -03.71
3198.38 -03.90
3230.37 -04.14
3262.67 -04.44
3295.30 -04.79
3328.25 -05.21
3361.53 -05.68
3395.15 -06.23
3429.10 -06.81
3463.39 -07.42
3498.03 -08.03
3533.01 -08.56
3568.34 -08.97
3604.02 -09.18
3640.06 -09.18
3676.46 -08.97
3713.22 -08.59
3750.36 -08.09
3787.86 -07.54
3825.74 -06.97
3864.00 -06.41
3902.64 -05.88
3941.66 -05.39
3981.08 -04.95
4020.89 -04.57
4061.10 -04.25
4101.71 -03.99
4142.73 -03.79
4184.15 -03.65
4226.00 -03.56
4268.26 -03.50
4310.94 -03.49
4354.05 -03.49
4397.59 -03.52
4441.56 -03.55
4485.98 -03.58
4530.84 -03.61
4576.15 -03.63
4621.91 -03.66
4668.13 -03.68
4714.81 -03.72
4761.96 -03.76
4809.58 -03.82
4857.67 -03.88
4906.25 -03.94
4955.31 -04.02
5004.87 -04.09
5054.91 -04.17
5105.46 -04.26
5156.52 -04.42
5208.08 -04.61
5260.16 -04.79
5312.77 -04.97
5365.89 -05.15
5419.55 -05.34
5473.75 -05.55
5528.49 -05.76
5583.77 -05.93
5639.61 -06.05
5696.00 -06.08
5752.96 -06.02
5810.49 -05.86
5868.60 -05.63
5927.28 -05.33
5986.56 -04.98
6046.42 -04.39
6106.89 -03.73
6167.96 -03.09
6229.64 -02.49
6291.93 -01.95
6354.85 -01.48
6418.40 -01.08
6482.58 -00.73
6547.41 -00.45
6612.88 -00.21
6679.01 -00.03
6745.80 00.10
6813.26 00.19
6881.39 00.23
6950.21 00.24
7019.71 00.23
7089.91 00.21
7160.81 00.19
7232.41 00.18
7304.74 00.03
7377.79 -00.14
7451.56 -00.31
7526.08 -00.49
7601.34 -00.67
7677.35 -00.87
7754.13 -01.08
7831.67 -01.31
7909.98 -01.58
7989.08 -01.88
8068.98 -02.23
8149.67 -02.63
8231.16 -03.08
8313.47 -03.58
8396.61 -04.13
8480.57 -04.74
8565.38 -05.41
8651.03 -06.11
8737.54 -06.84
8824.92 -07.56
8913.17 -08.23
9002.30 -08.80
9092.32 -09.23
9183.25 -09.48
9275.08 -09.54
9367.83 -09.45
9461.51 -09.27
9556.12 -09.03
9651.68 -08.81
9748.20 -08.61
9845.68 -08.44
9944.14 -08.29
10043.58 -08.16
10144.02 -08.04
10245.46 -07.91
10347.91 -07.70
10451.39 -07.49
10555.91 -07.26
10661.46 -07.03
10768.08 -06.76
10875.76 -06.45
10984.52 -06.10
11094.36 -05.73
11205.31 -05.37
11317.36 -05.00
11430.53 -04.64
11544.84 -04.27
11660.29 -03.91
11776.89 -03.56
11894.66 -03.22
12013.60 -02.92
12133.74 -02.65
12255.08 -02.44
12377.63 -02.26
12501.41 -02.13
12626.42 -02.03
12752.68 -01.95
12880.21 -01.89
13009.01 -01.84
13139.10 -01.79
13270.49 -01.75
13403.20 -01.71
13537.23 -01.68
13672.60 -01.67
13809.33 -01.68
13947.42 -01.76
14086.90 -01.90
14227.77 -02.10
14370.04 -02.37
14513.74 -02.76
14658.88 -03.38
14805.47 -04.08
14953.52 -04.85
15103.06 -05.67
15254.09 -06.45
15406.63 -07.08
15560.70 -07.43
15716.30 -07.42
15873.47 -07.08
16032.20 -06.52
16192.52 -05.84
16354.45 -05.14
16517.99 -04.44
16683.17 -03.76
16850.01 -03.11
17018.51 -02.50
17188.69 -01.96
17360.58 -01.47
17534.18 -01.04
17709.53 -00.70
17886.62 -00.41
18065.49 -00.17
18246.14 00.04
18428.60 00.20
18612.89 00.32
18799.02 00.40
18987.01 00.42
19176.88 00.40
19368.65 00.32
19562.33 00.18
19757.96 -00.02
19955.54 -00.27
20000.00 -00.34
