20.00 02.30
20.20 02.35
20.40 02.39
20.61 02.43
20.81 02.47
21.02 02.50
21.23 02.53
21.44 02.56
21.66 02.58
21.87 02.61
22.09 02.63
22.31 02.65
22.54 02.66
22.76 02.68
22.99 02.70
23.22 02.72
23.45 02.74
23.69 02.75
23.92 02.77
24.16 02.79
24.40 02.81
24.65 02.83
24.89 02.84
25.14 02.86
25.39 02.88
25.65 02.90
25.91 02.92
26.16 02.93
26.43 02.95
26.69 02.97
26.96 02.99
27.23 03.01
27.50 03.02
27.77 03.04
28.05 03.06
28.33 03.08
28.62 03.10
28.90 03.11
29.19 03.13
29.48 03.15
29.78 03.17
30.08 03.18
30.38 03.20
30.68 03.22
30.99 03.24
31.30 03.25
31.61 03.27
31.93 03.29
32.24 03.31
32.57 03.33
32.89 03.35
33.22 03.37
33.55 03.39
33.89 03.41
34.23 03.43
34.57 03.45
34.92 03.47
35.27 03.49
35.62 03.51
35.97 03.53
36.33 03.55
36.70 03.57
37.06 03.58
37.43 03.60
37.81 03.62
38.19 03.64
38.57 03.66
38.95 03.68
39.34 03.70
39.74 03.72
40.14 03.74
40.54 03.76
40.94 03.77
41.35 03.79
41.76 03.81
42.18 03.82
42.60 03.84
43.03 03.85
43.46 03.86
43.90 03.88
44.33 03.89
44.78 03.90
45.23 03.90
45.68 03.91
46.13 03.92
46.60 03.92
47.06 03.92
47.53 03.93
48.01 03.93
48.49 03.93
48.97 03.93
49.46 03.93
49.96 03.92
50.46 03.92
50.96 03.92
51.47 03.91
51.99 03.90
52.51 03.89
53.03 03.88
53.56 03.87
54.10 03.86
54.64 03.84
55.18 03.82
55.74 03.80
56.29 03.78
56.86 03.75
57.42 03.73
58.00 03.70
58.58 03.67
59.16 03.64
59.76 03.61
60.35 03.59
60.96 03.56
61.57 03.53
62.18 03.51
62.80 03.48
63.43 03.46
64.07 03.44
64.71 03.43
65.35 03.41
66.01 03.40
66.67 03.39
67.33 03.39
68.01 03.38
68.69 03.38
69.37 03.38
70.07 03.37
70.77 03.37
71.48 03.37
72.19 03.36
72.91 03.36
73.64 03.35
74.38 03.34
75.12 03.33
75.87 03.32
76.63 03.30
77.40 03.29
78.17 03.27
78.95 03.26
79.74 03.24
80.54 03.22
81.35 03.20
82.16 03.18
82.98 03.17
83.81 03.15
84.65 03.13
85.50 03.11
86.35 03.09
87.22 03.07
88.09 03.05
88.97 03.03
89.86 03.01
90.76 02.98
91.66 02.96
92.58 02.94
93.51 02.92
94.44 02.90
95.39 02.88
96.34 02.85
97.30 02.83
98.28 02.81
99.26 02.78
100.25 02.76
101.25 02.74
102.27 02.71
103.29 02.69
104.32 02.66
105.37 02.64
106.42 02.61
107.48 02.58
108.56 02.55
109.64 02.52
110.74 02.49
111.85 02.45
112.97 02.42
114.10 02.38
115.24 02.34
116.39 02.30
117.55 02.26
118.73 02.22
119.92 02.17
121.12 02.13
122.33 02.08
123.55 02.03
124.79 01.97
126.03 01.92
127.29 01.86
128.57 01.80
129.85 01.73
131.15 01.67
132.46 01.60
133.79 01.53
135.12 01.46
136.48 01.39
137.84 01.32
139.22 01.24
140.61 01.16
142.02 01.09
143.44 01.01
144.87 00.93
146.32 00.84
147.78 00.76
149.26 00.67
150.75 00.58
152.26 00.49
153.78 00.39
155.32 00.29
156.88 00.19
158.44 00.09
160.03 -00.01
161.63 -00.11
163.24 -00.21
164.88 -00.29
166.53 -00.37
168.19 -00.45
169.87 -00.51
171.57 -00.56
173.29 -00.60
175.02 -00.63
176.77 -00.65
178.54 -00.66
180.32 -00.66
182.13 -00.65
183.95 -00.65
185.79 -00.64
187.65 -00.63
189.52 -00.64
191.42 -00.65
193.33 -00.67
195.27 -00.70
197.22 -00.74
199.19 -00.79
201.18 -00.86
203.19 -00.94
205.23 -01.03
207.28 -01.13
209.35 -01.25
211.44 -01.36
213.56 -01.49
215.69 -01.61
217.85 -01.74
220.03 -01.87
222.23 -01.99
224.45 -02.10
226.70 -02.20
228.96 -02.29
231.25 -02.36
233.57 -02.42
235.90 -02.47
238.26 -02.50
240.64 -02.50
243.05 -02.50
245.48 -02.50
247.93 -02.48
250.41 -02.47
252.92 -02.47
255.45 -02.46
258.00 -02.47
260.58 -02.50
263.19 -02.52
265.82 -02.57
268.48 -02.61
271.16 -02.67
273.87 -02.74
276.61 -02.81
279.38 -02.89
282.17 -02.96
284.99 -03.04
287.84 -03.12
290.72 -03.21
293.63 -03.28
296.57 -03.34
299.53 -03.41
302.53 -03.47
305.55 -03.52
308.61 -03.56
311.69 -03.60
314.81 -03.63
317.96 -03.64
321.14 -03.66
324.35 -03.66
327.59 -03.66
330.87 -03.66
334.18 -03.65
337.52 -03.63
340.90 -03.62
344.30 -03.61
347.75 -03.59
351.23 -03.56
354.74 -03.54
358.28 -03.51
361.87 -03.46
365.49 -03.42
369.14 -03.37
372.83 -03.33
376.56 -03.28
380.33 -03.22
384.13 -03.17
387.97 -03.10
391.85 -03.04
395.77 -02.97
399.73 -02.91
403.72 -02.83
407.76 -02.76
411.84 -02.68
415.96 -02.60
420.12 -02.50
424.32 -02.41
428.56 -02.29
432.85 -02.17
437.18 -02.05
441.55 -01.91
445.96 -01.77
450.42 -01.63
454.93 -01.48
459.48 -01.35
464.07 -01.21
468.71 -01.08
473.40 -00.94
478.13 -00.82
482.91 -00.70
487.74 -00.58
492.62 -00.45
497.55 -00.34
502.52 -00.23
507.55 -00.11
512.62 -00.01
517.75 00.09
522.93 00.19
528.16 00.28
533.44 00.37
538.77 00.45
544.16 00.52
549.60 00.60
555.10 00.67
560.65 00.74
566.25 00.81
571.92 00.89
577.64 00.95
583.41 01.03
589.25 01.09
595.14 01.16
601.09 01.23
607.10 01.29
613.17 01.34
619.30 01.37
625.50 01.40
631.75 01.41
638.07 01.39
644.45 01.35
650.89 01.28
657.40 01.19
663.98 01.09
670.62 00.97
677.32 00.85
684.10 00.73
690.94 00.61
697.85 00.50
704.83 00.39
711.87 00.30
718.99 00.23
726.18 00.18
733.44 00.14
740.78 00.13
748.19 00.14
755.67 00.15
763.23 00.17
770.86 00.21
778.57 00.24
786.35 00.28
794.22 00.31
802.16 00.35
810.18 00.38
818.28 00.39
826.46 00.40
834.73 00.41
843.08 00.40
851.51 00.38
860.02 00.36
868.62 00.33
877.31 00.31
886.08 00.27
894.94 00.23
903.89 00.20
912.93 00.18
922.06 00.16
931.28 00.14
940.59 00.12
950.00 00.11
959.50 00.10
969.09 00.08
978.78 00.08
988.57 00.07
998.46 00.05
1008.44 00.03
1018.53 00.02
1028.71 -00.01
1039.00 -00.03
1049.39 -00.04
1059.88 -00.07
1070.48 -00.09
1081.19 -00.12
1092.00 -00.15
1102.92 -00.17
1113.95 -00.20
1125.09 -00.23
1136.34 -00.27
1147.70 -00.31
1159.18 -00.35
1170.77 -00.40
1182.48 -00.46
1194.30 -00.52
1206.25 -00.59
1218.31 -00.66
1230.49 -00.73
1242.80 -00.81
1255.22 -00.90
1267.78 -00.98
1280.45 -01.06
1293.26 -01.14
1306.19 -01.23
1319.25 -01.31
1332.45 -01.41
1345.77 -01.50
1359.23 -01.59
1372.82 -01.68
1386.55 -01.78
1400.41 -01.88
1414.42 -01.99
1428.56 -02.09
1442.85 -02.20
1457.28 -02.30
1471.85 -02.41
1486.57 -02.51
1501.43 -02.62
1516.45 -02.73
1531.61 -02.83
1546.93 -02.94
1562.40 -03.05
1578.02 -03.16
1593.80 -03.27
1609.74 -03.37
1625.84 -03.48
1642.10 -03.59
1658.52 -03.69
1675.10 -03.80
1691.85 -03.91
1708.77 -04.01
1725.86 -04.12
1743.12 -04.21
1760.55 -04.32
1778.15 -04.43
1795.94 -04.52
1813.90 -04.63
1832.03 -04.73
1850.36 -04.84
1868.86 -04.94
1887.55 -05.05
1906.42 -05.16
1925.49 -05.27
1944.74 -05.38
1964.19 -05.49
1983.83 -05.59
2003.67 -05.70
2023.71 -05.80
2043.94 -05.91
2064.38 -06.01
2085.03 -06.11
2105.88 -06.21
2126.94 -06.32
2148.20 -06.44
2169.69 -06.57
2191.38 -06.71
2213.30 -06.86
2235.43 -07.02
2257.78 -07.19
2280.36 -07.35
2303.17 -07.47
2326.20 -07.51
2349.46 -07.45
2372.95 -07.25
2396.68 -06.92
2420.65 -06.51
2444.86 -06.05
2469.31 -05.56
2494.00 -05.09
2518.94 -04.63
2544.13 -04.22
2569.57 -03.85
2595.27 -03.55
2621.22 -03.31
2647.43 -03.14
2673.90 -03.04
2700.64 -02.99
2727.65 -02.99
2754.93 -03.04
2782.48 -03.11
2810.30 -03.21
2838.40 -03.33
2866.79 -03.46
2895.46 -03.59
2924.41 -03.73
2953.65 -03.87
2983.19 -04.01
3013.02 -04.15
3043.15 -04.28
3073.58 -04.42
3104.32 -04.56
3135.36 -04.70
3166.72 -04.83
3198.38 -04.98
3230.37 -05.13
3262.67 -05.29
3295.30 -05.44
3328.25 -05.60
3361.53 -05.75
3395.15 -05.90
3429.10 -06.03
3463.39 -06.15
3498.03 -06.26
3533.01 -06.35
3568.34 -06.43
3604.02 -06.50
3640.06 -06.57
3676.46 -06.63
3713.22 -06.69
3750.36 -06.74
3787.86 -06.80
3825.74 -06.85
3864.00 -06.92
3902.64 -06.99
3941.66 -07.08
3981.08 -07.17
4020.89 -07.26
4061.10 -07.35
4101.71 -07.43
4142.73 -07.49
4184.15 -07.53
4226.00 -07.53
4268.26 -07.48
4310.94 -07.39
4354.05 -07.24
4397.59 -07.05
4441.56 -06.81
4485.98 -06.54
4530.84 -06.23
4576.15 -05.92
4621.91 -05.60
4668.13 -05.29
4714.81 -04.99
4761.96 -04.71
4809.58 -04.46
4857.67 -04.24
4906.25 -04.04
4955.31 -03.87
5004.87 -03.72
5054.91 -03.59
5105.46 -03.47
5156.52 -03.44
5208.08 -03.46
5260.16 -03.48
5312.77 -03.50
5365.89 -03.52
5419.55 -03.54
5473.75 -03.57
5528.49 -03.62
5583.77 -03.67
5639.61 -03.74
5696.00 -03.84
5752.96 -03.96
5810.49 -04.11
5868.60 -04.29
5927.28 -04.50
5986.56 -04.76
6046.42 -04.83
6106.89 -04.86
6167.96 -04.91
6229.64 -04.99
6291.93 -05.09
6354.85 -05.20
6418.40 -05.31
6482.58 -05.41
6547.41 -05.51
6612.88 -05.57
6679.01 -05.59
6745.80 -05.58
6813.26 -05.52
6881.39 -05.43
6950.21 -05.29
7019.71 -05.12
7089.91 -04.91
7160.81 -04.68
7232.41 -04.42
7304.74 -04.30
7377.79 -04.18
7451.56 -04.05
7526.08 -03.92
7601.34 -03.78
7677.35 -03.65
7754.13 -03.52
7831.67 -03.40
7909.98 -03.30
7989.08 -03.21
8068.98 -03.15
8149.67 -03.10
8231.16 -03.09
8313.47 -03.10
8396.61 -03.14
8480.57 -03.22
8565.38 -03.35
8651.03 -03.51
8737.54 -03.70
8824.92 -03.93
8913.17 -04.20
9002.30 -04.49
9092.32 -04.81
9183.25 -05.16
9275.08 -05.51
9367.83 -05.86
9461.51 -06.19
9556.12 -06.47
9651.68 -06.68
9748.20 -06.81
9845.68 -06.85
9944.14 -06.81
10043.58 -06.70
10144.02 -06.55
10245.46 -06.36
10347.91 -06.08
10451.39 -05.81
10555.91 -05.56
10661.46 -05.37
10768.08 -05.21
10875.76 -05.10
10984.52 -05.02
11094.36 -04.98
11205.31 -04.98
11317.36 -04.99
11430.53 -05.03
11544.84 -05.07
11660.29 -05.10
11776.89 -05.13
11894.66 -05.14
12013.60 -05.16
12133.74 -05.18
12255.08 -05.22
12377.63 -05.29
12501.41 -05.37
12626.42 -05.47
12752.68 -05.55
12880.21 -05.63
13009.01 -05.65
13139.10 -05.64
13270.49 -05.56
13403.20 -05.43
13537.23 -05.26
13672.60 -05.04
13809.33 -04.81
13947.42 -04.60
14086.90 -04.41
14227.77 -04.27
14370.04 -04.18
14513.74 -04.19
14658.88 -04.42
14805.47 -04.72
14953.52 -05.08
15103.06 -05.48
15254.09 -05.88
15406.63 -06.26
15560.70 -06.58
15716.30 -06.80
15873.47 -06.89
16032.20 -06.86
16192.52 -06.71
16354.45 -06.47
16517.99 -06.17
16683.17 -05.85
16850.01 -05.53
17018.51 -05.23
17188.69 -04.96
17360.58 -04.74
17534.18 -04.57
17709.53 -04.48
17886.62 -04.47
18065.49 -04.56
18246.14 -04.74
18428.60 -05.01
18612.89 -05.35
18799.02 -05.78
18987.01 -06.28
19176.88 -06.86
19368.65 -07.53
19562.33 -08.30
19757.96 -09.16
19955.54 -10.10
20000.00 -10.31
