20.00 -01.77
20.20 -01.67
20.40 -01.58
20.61 -01.49
20.81 -01.41
21.02 -01.32
21.23 -01.23
21.44 -01.15
21.66 -01.06
21.87 -00.98
22.09 -00.90
22.31 -00.82
22.54 -00.73
22.76 -00.66
22.99 -00.57
23.22 -00.49
23.45 -00.41
23.69 -00.33
23.92 -00.25
24.16 -00.17
24.40 -00.09
24.65 -00.01
24.89 00.07
25.14 00.15
25.39 00.23
25.65 00.31
25.91 00.39
26.16 00.46
26.43 00.55
26.69 00.62
26.96 00.70
27.23 00.78
27.50 00.85
27.77 00.93
28.05 01.00
28.33 01.08
28.62 01.15
28.90 01.22
29.19 01.29
29.48 01.37
29.78 01.44
30.08 01.51
30.38 01.58
30.68 01.64
30.99 01.71
31.30 01.78
31.61 01.85
31.93 01.92
32.24 01.98
32.57 02.05
32.89 02.12
33.22 02.19
33.55 02.25
33.89 02.32
34.23 02.39
34.57 02.45
34.92 02.52
35.27 02.59
35.62 02.65
35.97 02.71
36.33 02.78
36.70 02.84
37.06 02.90
37.43 02.96
37.81 03.02
38.19 03.08
38.57 03.14
38.95 03.20
39.34 03.25
39.74 03.31
40.14 03.36
40.54 03.42
40.94 03.47
41.35 03.51
41.76 03.56
42.18 03.60
42.60 03.64
43.03 03.68
43.46 03.72
43.90 03.75
44.33 03.78
44.78 03.81
45.23 03.84
45.68 03.87
46.13 03.90
46.60 03.92
47.06 03.95
47.53 03.97
48.01 04.00
48.49 04.03
48.97 04.05
49.46 04.08
49.96 04.10
50.46 04.13
50.96 04.15
51.47 04.18
51.99 04.20
52.51 04.23
53.03 04.25
53.56 04.28
54.10 04.30
54.64 04.33
55.18 04.35
55.74 04.38
56.29 04.41
56.86 04.43
57.42 04.46
58.00 04.48
58.58 04.51
59.16 04.54
59.76 04.56
60.35 04.59
60.96 04.61
61.57 04.64
62.18 04.66
62.80 04.69
63.43 04.71
64.07 04.74
64.71 04.76
65.35 04.79
66.01 04.81
66.67 04.83
67.33 04.85
68.01 04.88
68.69 04.90
69.37 04.92
70.07 04.93
70.77 04.95
71.48 04.97
72.19 04.98
72.91 04.99
73.64 05.00
74.38 05.00
75.12 05.00
75.87 04.99
76.63 04.98
77.40 04.96
78.17 04.93
78.95 04.91
79.74 04.88
80.54 04.84
81.35 04.81
82.16 04.77
82.98 04.75
83.81 04.72
84.65 04.70
85.50 04.68
86.35 04.67
87.22 04.67
88.09 04.67
88.97 04.68
89.86 04.69
90.76 04.71
91.66 04.72
92.58 04.74
93.51 04.75
94.44 04.77
95.39 04.78
96.34 04.80
97.30 04.81
98.28 04.82
99.26 04.83
100.25 04.84
101.25 04.85
102.27 04.85
103.29 04.85
104.32 04.85
105.37 04.85
106.42 04.85
107.48 04.84
108.56 04.84
109.64 04.83
110.74 04.82
111.85 04.80
112.97 04.79
114.10 04.77
115.24 04.75
116.39 04.73
117.55 04.71
118.73 04.69
119.92 04.67
121.12 04.65
122.33 04.62
123.55 04.60
124.79 04.57
126.03 04.55
127.29 04.52
128.57 04.49
129.85 04.47
131.15 04.44
132.46 04.41
133.79 04.38
135.12 04.35
136.48 04.32
137.84 04.29
139.22 04.26
140.61 04.23
142.02 04.20
143.44 04.17
144.87 04.14
146.32 04.10
147.78 04.07
149.26 04.04
150.75 04.01
152.26 03.97
153.78 03.94
155.32 03.90
156.88 03.87
158.44 03.83
160.03 03.80
161.63 03.77
163.24 03.74
164.88 03.72
166.53 03.69
168.19 03.66
169.87 03.63
171.57 03.61
173.29 03.57
175.02 03.54
176.77 03.51
178.54 03.48
180.32 03.44
182.13 03.41
183.95 03.37
185.79 03.33
187.65 03.30
189.52 03.26
191.42 03.22
193.33 03.18
195.27 03.15
197.22 03.11
199.19 03.07
201.18 03.02
203.19 02.98
205.23 02.93
207.28 02.88
209.35 02.81
211.44 02.75
213.56 02.67
215.69 02.60
217.85 02.52
220.03 02.43
222.23 02.36
224.45 02.29
226.70 02.21
228.96 02.14
231.25 02.10
233.57 02.06
235.90 02.02
238.26 02.00
240.64 01.99
243.05 01.98
245.48 01.97
247.93 01.98
250.41 01.97
252.92 01.95
255.45 01.95
258.00 01.92
260.58 01.89
263.19 01.87
265.82 01.84
268.48 01.81
271.16 01.77
273.87 01.73
276.61 01.70
279.38 01.66
282.17 01.63
284.99 01.59
287.84 01.56
290.72 01.51
293.63 01.48
296.57 01.44
299.53 01.39
302.53 01.35
305.55 01.29
308.61 01.25
311.69 01.20
314.81 01.14
317.96 01.09
321.14 01.03
324.35 00.97
327.59 00.91
330.87 00.84
334.18 00.78
337.52 00.72
340.90 00.66
344.30 00.60
347.75 00.53
351.23 00.48
354.74 00.42
358.28 00.36
361.87 00.32
365.49 00.27
369.14 00.23
372.83 00.19
376.56 00.16
380.33 00.14
384.13 00.11
387.97 00.09
391.85 00.07
395.77 00.06
399.73 00.04
403.72 00.03
407.76 00.01
411.84 00.00
415.96 -00.01
420.12 -00.02
424.32 -00.03
428.56 -00.04
432.85 -00.04
437.18 -00.05
441.55 -00.04
445.96 -00.03
450.42 -00.02
454.93 00.00
459.48 00.02
464.07 00.05
468.71 00.08
473.40 00.14
478.13 00.19
482.91 00.25
487.74 00.31
492.62 00.37
497.55 00.42
502.52 00.46
507.55 00.50
512.62 00.54
517.75 00.57
522.93 00.62
528.16 00.65
533.44 00.68
538.77 00.70
544.16 00.73
549.60 00.76
555.10 00.79
560.65 00.84
566.25 00.87
571.92 00.90
577.64 00.92
583.41 00.94
589.25 00.95
595.14 00.96
601.09 00.97
607.10 00.97
613.17 00.98
619.30 00.97
625.50 00.98
631.75 00.99
638.07 00.99
644.45 00.99
650.89 00.97
657.40 00.95
663.98 00.94
670.62 00.92
677.32 00.90
684.10 00.89
690.94 00.86
697.85 00.84
704.83 00.82
711.87 00.78
718.99 00.75
726.18 00.70
733.44 00.64
740.78 00.57
748.19 00.51
755.67 00.44
763.23 00.37
770.86 00.31
778.57 00.24
786.35 00.18
794.22 00.11
802.16 00.06
810.18 00.01
818.28 -00.03
826.46 -00.06
834.73 -00.08
843.08 -00.12
851.51 -00.16
860.02 -00.20
868.62 -00.25
877.31 -00.30
886.08 -00.36
894.94 -00.44
903.89 -00.52
912.93 -00.58
922.06 -00.66
931.28 -00.72
940.59 -00.78
950.00 -00.82
959.50 -00.84
969.09 -00.87
978.78 -00.87
988.57 -00.86
998.46 -00.85
1008.44 -00.82
1018.53 -00.78
1028.71 -00.74
1039.00 -00.70
1049.39 -00.66
1059.88 -00.64
1070.48 -00.61
1081.19 -00.58
1092.00 -00.56
1102.92 -00.54
1113.95 -00.51
1125.09 -00.48
1136.34 -00.47
1147.70 -00.45
1159.18 -00.43
1170.77 -00.42
1182.48 -00.44
1194.30 -00.44
1206.25 -00.46
1218.31 -00.47
1230.49 -00.49
1242.80 -00.52
1255.22 -00.56
1267.78 -00.59
1280.45 -00.63
1293.26 -00.65
1306.19 -00.65
1319.25 -00.66
1332.45 -00.67
1345.77 -00.67
1359.23 -00.67
1372.82 -00.68
1386.55 -00.68
1400.41 -00.68
1414.42 -00.68
1428.56 -00.69
1442.85 -00.70
1457.28 -00.71
1471.85 -00.73
1486.57 -00.76
1501.43 -00.78
1516.45 -00.81
1531.61 -00.84
1546.93 -00.88
1562.40 -00.94
1578.02 -00.99
1593.80 -01.05
1609.74 -01.09
1625.84 -01.15
1642.10 -01.20
1658.52 -01.26
1675.10 -01.33
1691.85 -01.40
1708.77 -01.44
1725.86 -01.48
1743.12 -01.50
1760.55 -01.53
1778.15 -01.56
1795.94 -01.59
1813.90 -01.64
1832.03 -01.68
1850.36 -01.71
1868.86 -01.73
1887.55 -01.74
1906.42 -01.76
1925.49 -01.77
1944.74 -01.80
1964.19 -01.81
1983.83 -01.81
2003.67 -01.79
2023.71 -01.76
2043.94 -01.74
2064.38 -01.72
2085.03 -01.71
2105.88 -01.68
2126.94 -01.65
2148.20 -01.61
2169.69 -01.57
2191.38 -01.53
2213.30 -01.49
2235.43 -01.45
2257.78 -01.41
2280.36 -01.35
2303.17 -01.29
2326.20 -01.22
2349.46 -01.17
2372.95 -01.13
2396.68 -01.08
2420.65 -01.04
2444.86 -01.01
2469.31 -00.96
2494.00 -00.93
2518.94 -00.89
2544.13 -00.88
2569.57 -00.87
2595.27 -00.87
2621.22 -00.90
2647.43 -00.96
2673.90 -01.05
2700.64 -01.18
2727.65 -01.36
2754.93 -01.55
2782.48 -01.72
2810.30 -01.84
2838.40 -01.93
2866.79 -01.98
2895.46 -01.96
2924.41 -01.89
2953.65 -01.75
2983.19 -01.56
3013.02 -01.32
3043.15 -01.04
3073.58 -00.76
3104.32 -00.49
3135.36 -00.28
3166.72 -00.08
3198.38 00.13
3230.37 00.36
3262.67 00.59
3295.30 00.81
3328.25 01.00
3361.53 01.19
3395.15 01.36
3429.10 01.53
3463.39 01.70
3498.03 01.85
3533.01 02.00
3568.34 02.11
3604.02 02.17
3640.06 02.18
3676.46 02.14
3713.22 02.08
3750.36 01.97
3787.86 01.83
3825.74 01.65
3864.00 01.43
3902.64 01.17
3941.66 00.87
3981.08 00.53
4020.89 00.16
4061.10 -00.23
4101.71 -00.64
4142.73 -01.03
4184.15 -01.40
4226.00 -01.74
4268.26 -02.07
4310.94 -02.36
4354.05 -02.63
4397.59 -02.87
4441.56 -03.08
4485.98 -03.26
4530.84 -03.41
4576.15 -03.53
4621.91 -03.64
4668.13 -03.73
4714.81 -03.82
4761.96 -03.90
4809.58 -03.98
4857.67 -04.05
4906.25 -04.12
4955.31 -04.19
5004.87 -04.26
5054.91 -04.32
5105.46 -04.39
5156.52 -04.53
5208.08 -04.71
5260.16 -04.89
5312.77 -05.07
5365.89 -05.25
5419.55 -05.42
5473.75 -05.59
5528.49 -05.77
5583.77 -05.93
5639.61 -06.09
5696.00 -06.24
5752.96 -06.38
5810.49 -06.49
5868.60 -06.59
5927.28 -06.66
5986.56 -06.72
6046.42 -06.54
6106.89 -06.26
6167.96 -05.96
6229.64 -05.62
6291.93 -05.25
6354.85 -04.84
6418.40 -04.39
6482.58 -03.89
6547.41 -03.37
6612.88 -02.79
6679.01 -02.18
6745.80 -01.54
6813.26 -00.86
6881.39 -00.17
6950.21 00.55
7019.71 01.26
7089.91 01.96
7160.81 02.62
7232.41 03.24
7304.74 03.68
7377.79 04.07
7451.56 04.42
7526.08 04.72
7601.34 04.97
7677.35 05.16
7754.13 05.27
7831.67 05.32
7909.98 05.31
7989.08 05.26
8068.98 05.17
8149.67 05.03
8231.16 04.85
8313.47 04.63
8396.61 04.37
8480.57 04.07
8565.38 03.76
8651.03 03.47
8737.54 03.18
8824.92 02.90
8913.17 02.63
9002.30 02.35
9092.32 02.08
9183.25 01.81
9275.08 01.54
9367.83 01.28
9461.51 01.02
9556.12 00.76
9651.68 00.49
9748.20 00.23
9845.68 -00.04
9944.14 -00.31
10043.58 -00.59
10144.02 -00.87
10245.46 -01.15
10347.91 -01.34
10451.39 -01.51
10555.91 -01.68
10661.46 -01.85
10768.08 -02.01
10875.76 -02.15
10984.52 -02.27
11094.36 -02.37
11205.31 -02.47
11317.36 -02.55
11430.53 -02.62
11544.84 -02.68
11660.29 -02.73
11776.89 -02.79
11894.66 -02.82
12013.60 -02.86
12133.74 -02.86
12255.08 -02.84
12377.63 -02.79
12501.41 -02.70
12626.42 -02.57
12752.68 -02.39
12880.21 -02.18
13009.01 -01.92
13139.10 -01.63
13270.49 -01.29
13403.20 -00.91
13537.23 -00.47
13672.60 00.01
13809.33 00.55
13947.42 01.11
14086.90 01.67
14227.77 02.19
14370.04 02.64
14513.74 02.98
14658.88 03.09
14805.47 03.12
14953.52 03.08
15103.06 02.97
15254.09 02.79
15406.63 02.52
15560.70 02.17
15716.30 01.73
15873.47 01.24
16032.20 00.71
16192.52 00.18
16354.45 -00.34
16517.99 -00.82
16683.17 -01.28
16850.01 -01.73
17018.51 -02.17
17188.69 -02.63
17360.58 -03.08
17534.18 -03.53
17709.53 -04.01
17886.62 -04.47
18065.49 -04.94
18246.14 -05.41
18428.60 -05.91
18612.89 -06.42
18799.02 -06.98
18987.01 -07.57
19176.88 -08.14
19368.65 -08.68
19562.33 -09.10
19757.96 -09.38
19955.54 -09.52
20000.00 -09.54
