20.00 02.91
20.20 02.97
20.40 03.03
20.61 03.08
20.81 03.13
21.02 03.17
21.23 03.20
21.44 03.23
21.66 03.25
21.87 03.27
22.09 03.29
22.31 03.31
22.54 03.32
22.76 03.33
22.99 03.34
23.22 03.35
23.45 03.36
23.69 03.37
23.92 03.38
24.16 03.39
24.40 03.40
24.65 03.41
24.89 03.42
25.14 03.42
25.39 03.43
25.65 03.43
25.91 03.44
26.16 03.44
26.43 03.45
26.69 03.45
26.96 03.45
27.23 03.46
27.50 03.46
27.77 03.46
28.05 03.46
28.33 03.46
28.62 03.46
28.90 03.45
29.19 03.45
29.48 03.45
29.78 03.44
30.08 03.44
30.38 03.43
30.68 03.42
30.99 03.41
31.30 03.40
31.61 03.39
31.93 03.38
32.24 03.37
32.57 03.36
32.89 03.35
33.22 03.34
33.55 03.32
33.89 03.31
34.23 03.29
34.57 03.28
34.92 03.26
35.27 03.25
35.62 03.23
35.97 03.21
36.33 03.20
36.70 03.18
37.06 03.16
37.43 03.14
37.81 03.12
38.19 03.10
38.57 03.09
38.95 03.07
39.34 03.05
39.74 03.03
40.14 03.01
40.54 02.99
40.94 02.97
41.35 02.96
41.76 02.94
42.18 02.92
42.60 02.91
43.03 02.89
43.46 02.87
43.90 02.86
44.33 02.84
44.78 02.83
45.23 02.82
45.68 02.80
46.13 02.79
46.60 02.77
47.06 02.76
47.53 02.75
48.01 02.73
48.49 02.72
48.97 02.70
49.46 02.69
49.96 02.68
50.46 02.66
50.96 02.65
51.47 02.63
51.99 02.61
52.51 02.60
53.03 02.58
53.56 02.56
54.10 02.54
54.64 02.52
55.18 02.50
55.74 02.48
56.29 02.45
56.86 02.43
57.42 02.41
58.00 02.38
58.58 02.36
59.16 02.33
59.76 02.30
60.35 02.28
60.96 02.25
61.57 02.23
62.18 02.20
62.80 02.18
63.43 02.15
64.07 02.13
64.71 02.10
65.35 02.08
66.01 02.06
66.67 02.04
67.33 02.02
68.01 02.00
68.69 01.98
69.37 01.96
70.07 01.94
70.77 01.92
71.48 01.90
72.19 01.89
72.91 01.87
73.64 01.85
74.38 01.83
75.12 01.82
75.87 01.80
76.63 01.79
77.40 01.77
78.17 01.76
78.95 01.75
79.74 01.73
80.54 01.72
81.35 01.71
82.16 01.69
82.98 01.68
83.81 01.67
84.65 01.66
85.50 01.65
86.35 01.64
87.22 01.63
88.09 01.62
88.97 01.61
89.86 01.60
90.76 01.59
91.66 01.58
92.58 01.57
93.51 01.56
94.44 01.56
95.39 01.55
96.34 01.54
97.30 01.53
98.28 01.52
99.26 01.51
100.25 01.50
101.25 01.49
102.27 01.49
103.29 01.48
104.32 01.47
105.37 01.46
106.42 01.46
107.48 01.45
108.56 01.44
109.64 01.44
110.74 01.43
111.85 01.43
112.97 01.42
114.10 01.42
115.24 01.42
116.39 01.42
117.55 01.42
118.73 01.42
119.92 01.42
121.12 01.42
122.33 01.42
123.55 01.42
124.79 01.42
126.03 01.42
127.29 01.43
128.57 01.43
129.85 01.43
131.15 01.44
132.46 01.44
133.79 01.45
135.12 01.45
136.48 01.46
137.84 01.47
139.22 01.47
140.61 01.48
142.02 01.49
143.44 01.49
144.87 01.50
146.32 01.51
147.78 01.52
149.26 01.53
150.75 01.54
152.26 01.56
153.78 01.57
155.32 01.59
156.88 01.60
158.44 01.61
160.03 01.62
161.63 01.64
163.24 01.64
164.88 01.64
166.53 01.61
168.19 01.56
169.87 01.48
171.57 01.38
173.29 01.25
175.02 01.11
176.77 00.96
178.54 00.80
180.32 00.64
182.13 00.49
183.95 00.35
185.79 00.23
187.65 00.16
189.52 00.12
191.42 00.13
193.33 00.16
195.27 00.22
197.22 00.29
199.19 00.38
201.18 00.46
203.19 00.55
205.23 00.64
207.28 00.74
209.35 00.82
211.44 00.91
213.56 00.99
215.69 01.07
217.85 01.16
220.03 01.23
222.23 01.32
224.45 01.40
226.70 01.47
228.96 01.53
231.25 01.60
233.57 01.64
235.90 01.65
238.26 01.64
240.64 01.61
243.05 01.54
245.48 01.44
247.93 01.33
250.41 01.19
252.92 01.05
255.45 00.91
258.00 00.78
260.58 00.66
263.19 00.58
265.82 00.52
268.48 00.53
271.16 00.57
273.87 00.64
276.61 00.75
279.38 00.87
282.17 01.00
284.99 01.13
287.84 01.27
290.72 01.40
293.63 01.54
296.57 01.68
299.53 01.80
302.53 01.93
305.55 02.04
308.61 02.16
311.69 02.26
314.81 02.34
317.96 02.41
321.14 02.44
324.35 02.46
327.59 02.42
330.87 02.34
334.18 02.21
337.52 02.05
340.90 01.85
344.30 01.64
347.75 01.41
351.23 01.19
354.74 00.96
358.28 00.76
361.87 00.60
365.49 00.48
369.14 00.42
372.83 00.40
376.56 00.42
380.33 00.47
384.13 00.51
387.97 00.55
391.85 00.57
395.77 00.59
399.73 00.61
403.72 00.63
407.76 00.65
411.84 00.70
415.96 00.74
420.12 00.82
424.32 00.90
428.56 01.00
432.85 01.12
437.18 01.23
441.55 01.34
445.96 01.45
450.42 01.55
454.93 01.64
459.48 01.71
464.07 01.78
468.71 01.85
473.40 01.93
478.13 02.01
482.91 02.08
487.74 02.14
492.62 02.20
497.55 02.21
502.52 02.17
507.55 02.08
512.62 01.92
517.75 01.70
522.93 01.45
528.16 01.15
533.44 00.82
538.77 00.44
544.16 00.02
549.60 -00.40
555.10 -00.80
560.65 -01.10
566.25 -01.29
571.92 -01.33
577.64 -01.26
583.41 -01.13
589.25 -00.98
595.14 -00.80
601.09 -00.62
607.10 -00.46
613.17 -00.29
619.30 -00.15
625.50 -00.02
631.75 00.10
638.07 00.18
644.45 00.26
650.89 00.31
657.40 00.36
663.98 00.42
670.62 00.47
677.32 00.52
684.10 00.59
690.94 00.65
697.85 00.72
704.83 00.74
711.87 00.73
718.99 00.70
726.18 00.62
733.44 00.53
740.78 00.42
748.19 00.33
755.67 00.24
763.23 00.17
770.86 00.13
778.57 00.10
786.35 00.07
794.22 00.06
802.16 00.09
810.18 00.14
818.28 00.21
826.46 00.30
834.73 00.39
843.08 00.47
851.51 00.54
860.02 00.59
868.62 00.65
877.31 00.73
886.08 00.83
894.94 00.95
903.89 01.06
912.93 01.17
922.06 01.23
931.28 01.27
940.59 01.28
950.00 01.27
959.50 01.26
969.09 01.23
978.78 01.21
988.57 01.17
998.46 01.12
1008.44 01.07
1018.53 01.02
1028.71 00.98
1039.00 00.95
1049.39 00.93
1059.88 00.90
1070.48 00.86
1081.19 00.81
1092.00 00.72
1102.92 00.62
1113.95 00.52
1125.09 00.39
1136.34 00.25
1147.70 00.10
1159.18 -00.05
1170.77 -00.19
1182.48 -00.33
1194.30 -00.45
1206.25 -00.56
1218.31 -00.64
1230.49 -00.72
1242.80 -00.80
1255.22 -00.90
1267.78 -00.98
1280.45 -01.06
1293.26 -01.13
1306.19 -01.21
1319.25 -01.31
1332.45 -01.45
1345.77 -01.61
1359.23 -01.79
1372.82 -01.98
1386.55 -02.18
1400.41 -02.37
1414.42 -02.57
1428.56 -02.77
1442.85 -02.98
1457.28 -03.19
1471.85 -03.41
1486.57 -03.63
1501.43 -03.85
1516.45 -04.04
1531.61 -04.21
1546.93 -04.36
1562.40 -04.48
1578.02 -04.58
1593.80 -04.65
1609.74 -04.72
1625.84 -04.78
1642.10 -04.83
1658.52 -04.85
1675.10 -04.87
1691.85 -04.91
1708.77 -04.95
1725.86 -05.03
1743.12 -05.12
1760.55 -05.23
1778.15 -05.35
1795.94 -05.45
1813.90 -05.55
1832.03 -05.66
1850.36 -05.75
1868.86 -05.81
1887.55 -05.84
1906.42 -05.86
1925.49 -05.88
1944.74 -05.92
1964.19 -05.93
1983.83 -05.94
2003.67 -05.94
2023.71 -05.94
2043.94 -05.94
2064.38 -05.94
2085.03 -05.92
2105.88 -05.87
2126.94 -05.81
2148.20 -05.72
2169.69 -05.62
2191.38 -05.51
2213.30 -05.41
2235.43 -05.30
2257.78 -05.21
2280.36 -05.12
2303.17 -05.05
2326.20 -04.98
2349.46 -04.94
2372.95 -04.89
2396.68 -04.83
2420.65 -04.77
2444.86 -04.72
2469.31 -04.67
2494.00 -04.63
2518.94 -04.58
2544.13 -04.54
2569.57 -04.49
2595.27 -04.41
2621.22 -04.31
2647.43 -04.19
2673.90 -04.07
2700.64 -03.97
2727.65 -03.89
2754.93 -03.80
2782.48 -03.71
2810.30 -03.60
2838.40 -03.50
2866.79 -03.40
2895.46 -03.30
2924.41 -03.20
2953.65 -03.07
2983.19 -02.93
3013.02 -02.77
3043.15 -02.58
3073.58 -02.37
3104.32 -02.15
3135.36 -01.94
3166.72 -01.71
3198.38 -01.49
3230.37 -01.26
3262.67 -01.04
3295.30 -00.83
3328.25 -00.67
3361.53 -00.53
3395.15 -00.43
3429.10 -00.35
3463.39 -00.29
3498.03 -00.25
3533.01 -00.22
3568.34 -00.21
3604.02 -00.23
3640.06 -00.26
3676.46 -00.32
3713.22 -00.39
3750.36 -00.47
3787.86 -00.55
3825.74 -00.64
3864.00 -00.73
3902.64 -00.83
3941.66 -00.95
3981.08 -01.10
4020.89 -01.27
4061.10 -01.45
4101.71 -01.59
4142.73 -01.71
4184.15 -01.79
4226.00 -01.84
4268.26 -01.81
4310.94 -01.64
4354.05 -01.32
4397.59 -00.89
4441.56 -00.44
4485.98 -00.03
4530.84 00.30
4576.15 00.58
4621.91 00.85
4668.13 01.12
4714.81 01.36
4761.96 01.56
4809.58 01.66
4857.67 01.65
4906.25 01.55
4955.31 01.39
5004.87 01.26
5054.91 01.15
5105.46 01.06
5156.52 00.87
5208.08 00.59
5260.16 00.25
5312.77 -00.11
5365.89 -00.46
5419.55 -00.79
5473.75 -01.11
5528.49 -01.45
5583.77 -01.79
5639.61 -02.17
5696.00 -02.55
5752.96 -02.89
5810.49 -03.17
5868.60 -03.35
5927.28 -03.42
5986.56 -03.37
6046.42 -03.00
6106.89 -02.46
6167.96 -01.87
6229.64 -01.24
6291.93 -00.60
6354.85 00.05
6418.40 00.69
6482.58 01.31
6547.41 01.90
6612.88 02.45
6679.01 02.96
6745.80 03.43
6813.26 03.86
6881.39 04.23
6950.21 04.56
7019.71 04.85
7089.91 05.09
7160.81 05.28
7232.41 05.43
7304.74 05.40
7377.79 05.30
7451.56 05.18
7526.08 05.03
7601.34 04.87
7677.35 04.70
7754.13 04.52
7831.67 04.35
7909.98 04.18
7989.08 04.03
8068.98 03.88
8149.67 03.73
8231.16 03.59
8313.47 03.44
8396.61 03.29
8480.57 03.13
8565.38 02.95
8651.03 02.76
8737.54 02.54
8824.92 02.31
8913.17 02.06
9002.30 01.80
9092.32 01.55
9183.25 01.32
9275.08 01.10
9367.83 00.92
9461.51 00.77
9556.12 00.64
9651.68 00.54
9748.20 00.46
9845.68 00.38
9944.14 00.31
10043.58 00.24
10144.02 00.13
10245.46 -00.02
10347.91 -00.13
10451.39 -00.28
10555.91 -00.48
10661.46 -00.75
10768.08 -01.05
10875.76 -01.34
10984.52 -01.61
11094.36 -01.81
11205.31 -01.96
11317.36 -02.01
11430.53 -01.97
11544.84 -01.86
11660.29 -01.68
11776.89 -01.53
11894.66 -01.37
12013.60 -01.24
12133.74 -01.14
12255.08 -01.12
12377.63 -01.20
12501.41 -01.37
12626.42 -01.63
12752.68 -01.98
12880.21 -02.41
13009.01 -02.90
13139.10 -03.43
13270.49 -04.00
13403.20 -04.63
13537.23 -05.33
13672.60 -06.13
13809.33 -07.01
13947.42 -07.97
14086.90 -08.95
14227.77 -09.89
14370.04 -10.66
14513.74 -11.10
14658.88 -11.22
14805.47 -11.00
14953.52 -10.60
15103.06 -10.16
15254.09 -09.75
15406.63 -09.45
15560.70 -09.26
15716.30 -09.18
15873.47 -09.23
16032.20 -09.39
16192.52 -09.66
16354.45 -10.06
16517.99 -10.59
16683.17 -11.27
16850.01 -12.06
17018.51 -12.91
17188.69 -13.70
17360.58 -14.23
17534.18 -14.33
17709.53 -14.03
17886.62 -13.48
18065.49 -12.85
18246.14 -12.20
18428.60 -11.58
18612.89 -11.00
18799.02 -10.48
18987.01 -10.06
19176.88 -09.76
19368.65 -09.63
19562.33 -09.65
19757.96 -09.80
19955.54 -10.08
20000.00 -10.16
