20.00 01.93
20.20 02.05
20.40 02.17
20.61 02.29
20.81 02.40
21.02 02.51
21.23 02.62
21.44 02.73
21.66 02.84
21.87 02.94
22.09 03.04
22.31 03.13
22.54 03.23
22.76 03.32
22.99 03.41
23.22 03.50
23.45 03.58
23.69 03.67
23.92 03.75
24.16 03.83
24.40 03.91
24.65 03.99
24.89 04.06
25.14 04.14
25.39 04.21
25.65 04.29
25.91 04.37
26.16 04.44
26.43 04.51
26.69 04.58
26.96 04.65
27.23 04.72
27.50 04.79
27.77 04.86
28.05 04.93
28.33 04.99
28.62 05.06
28.90 05.12
29.19 05.18
29.48 05.24
29.78 05.31
30.08 05.36
30.38 05.42
30.68 05.48
30.99 05.53
31.30 05.58
31.61 05.63
31.93 05.68
32.24 05.73
32.57 05.77
32.89 05.81
33.22 05.86
33.55 05.89
33.89 05.93
34.23 05.97
34.57 06.00
34.92 06.03
35.27 06.07
35.62 06.09
35.97 06.12
36.33 06.15
36.70 06.18
37.06 06.20
37.43 06.22
37.81 06.25
38.19 06.27
38.57 06.29
38.95 06.31
39.34 06.33
39.74 06.35
40.14 06.36
40.54 06.38
40.94 06.39
41.35 06.41
41.76 06.42
42.18 06.43
42.60 06.44
43.03 06.45
43.46 06.46
43.90 06.46
44.33 06.46
44.78 06.47
45.23 06.47
45.68 06.47
46.13 06.46
46.60 06.46
47.06 06.45
47.53 06.44
48.01 06.43
48.49 06.42
48.97 06.41
49.46 06.40
49.96 06.38
50.46 06.36
50.96 06.35
51.47 06.33
51.99 06.31
52.51 06.29
53.03 06.27
53.56 06.25
54.10 06.23
54.64 06.21
55.18 06.19
55.74 06.18
56.29 06.16
56.86 06.14
57.42 06.13
58.00 06.12
58.58 06.11
59.16 06.10
59.76 06.09
60.35 06.08
60.96 06.07
61.57 06.06
62.18 06.06
62.80 06.05
63.43 06.05
64.07 06.04
64.71 06.04
65.35 06.04
66.01 06.03
66.67 06.02
67.33 06.02
68.01 06.01
68.69 06.00
69.37 05.99
70.07 05.98
70.77 05.97
71.48 05.95
72.19 05.94
72.91 05.92
73.64 05.91
74.38 05.89
75.12 05.87
75.87 05.85
76.63 05.83
77.40 05.81
78.17 05.79
78.95 05.77
79.74 05.75
80.54 05.74
81.35 05.72
82.16 05.70
82.98 05.68
83.81 05.67
84.65 05.65
85.50 05.63
86.35 05.61
87.22 05.60
88.09 05.58
88.97 05.56
89.86 05.55
90.76 05.53
91.66 05.51
92.58 05.49
93.51 05.47
94.44 05.46
95.39 05.44
96.34 05.42
97.30 05.40
98.28 05.38
99.26 05.36
100.25 05.34
101.25 05.32
102.27 05.30
103.29 05.28
104.32 05.26
105.37 05.24
106.42 05.21
107.48 05.19
108.56 05.17
109.64 05.14
110.74 05.12
111.85 05.09
112.97 05.07
114.10 05.04
115.24 05.01
116.39 04.98
117.55 04.96
118.73 04.93
119.92 04.90
121.12 04.87
122.33 04.84
123.55 04.82
124.79 04.80
126.03 04.79
127.29 04.79
128.57 04.79
129.85 04.80
131.15 04.83
132.46 04.86
133.79 04.90
135.12 04.95
136.48 05.00
137.84 05.06
139.22 05.13
140.61 05.19
142.02 05.26
143.44 05.33
144.87 05.39
146.32 05.45
147.78 05.49
149.26 05.52
150.75 05.54
152.26 05.55
153.78 05.54
155.32 05.52
156.88 05.48
158.44 05.43
160.03 05.36
161.63 05.29
163.24 05.22
164.88 05.15
166.53 05.06
168.19 04.98
169.87 04.89
171.57 04.80
173.29 04.70
175.02 04.60
176.77 04.51
178.54 04.40
180.32 04.29
182.13 04.18
183.95 04.07
185.79 03.95
187.65 03.85
189.52 03.74
191.42 03.65
193.33 03.56
195.27 03.50
197.22 03.44
199.19 03.40
201.18 03.36
203.19 03.33
205.23 03.28
207.28 03.24
209.35 03.18
211.44 03.13
213.56 03.05
215.69 02.97
217.85 02.88
220.03 02.77
222.23 02.66
224.45 02.56
226.70 02.46
228.96 02.39
231.25 02.36
233.57 02.33
235.90 02.33
238.26 02.33
240.64 02.35
243.05 02.37
245.48 02.39
247.93 02.43
250.41 02.45
252.92 02.47
255.45 02.50
258.00 02.51
260.58 02.52
263.19 02.54
265.82 02.54
268.48 02.55
271.16 02.56
273.87 02.55
276.61 02.55
279.38 02.54
282.17 02.52
284.99 02.48
287.84 02.45
290.72 02.40
293.63 02.35
296.57 02.30
299.53 02.23
302.53 02.16
305.55 02.08
308.61 02.01
311.69 01.93
314.81 01.83
317.96 01.74
321.14 01.64
324.35 01.55
327.59 01.44
330.87 01.34
334.18 01.24
337.52 01.16
340.90 01.07
344.30 01.00
347.75 00.94
351.23 00.91
354.74 00.89
358.28 00.88
361.87 00.89
365.49 00.91
369.14 00.94
372.83 00.97
376.56 00.99
380.33 01.04
384.13 01.07
387.97 01.11
391.85 01.14
395.77 01.16
399.73 01.17
403.72 01.19
407.76 01.18
411.84 01.17
415.96 01.15
420.12 01.14
424.32 01.11
428.56 01.08
432.85 01.06
437.18 01.02
441.55 00.99
445.96 00.96
450.42 00.93
454.93 00.91
459.48 00.89
464.07 00.88
468.71 00.87
473.40 00.88
478.13 00.88
482.91 00.89
487.74 00.90
492.62 00.92
497.55 00.93
502.52 00.94
507.55 00.97
512.62 00.99
517.75 01.01
522.93 01.04
528.16 01.06
533.44 01.09
538.77 01.11
544.16 01.12
549.60 01.15
555.10 01.17
560.65 01.19
566.25 01.21
571.92 01.23
577.64 01.25
583.41 01.28
589.25 01.30
595.14 01.33
601.09 01.36
607.10 01.39
613.17 01.42
619.30 01.44
625.50 01.47
631.75 01.50
638.07 01.52
644.45 01.52
650.89 01.51
657.40 01.49
663.98 01.47
670.62 01.45
677.32 01.43
684.10 01.42
690.94 01.42
697.85 01.43
704.83 01.44
711.87 01.47
718.99 01.51
726.18 01.56
733.44 01.61
740.78 01.67
748.19 01.75
755.67 01.82
763.23 01.88
770.86 01.96
778.57 02.02
786.35 02.08
794.22 02.13
802.16 02.20
810.18 02.25
818.28 02.29
826.46 02.34
834.73 02.39
843.08 02.43
851.51 02.47
860.02 02.50
868.62 02.52
877.31 02.54
886.08 02.54
894.94 02.52
903.89 02.49
912.93 02.46
922.06 02.41
931.28 02.35
940.59 02.27
950.00 02.18
959.50 02.08
969.09 01.96
978.78 01.85
988.57 01.74
998.46 01.63
1008.44 01.53
1018.53 01.43
1028.71 01.32
1039.00 01.21
1049.39 01.10
1059.88 00.97
1070.48 00.83
1081.19 00.67
1092.00 00.48
1102.92 00.27
1113.95 00.03
1125.09 -00.23
1136.34 -00.54
1147.70 -00.86
1159.18 -01.20
1170.77 -01.55
1182.48 -01.91
1194.30 -02.28
1206.25 -02.64
1218.31 -03.00
1230.49 -03.35
1242.80 -03.69
1255.22 -04.04
1267.78 -04.35
1280.45 -04.66
1293.26 -04.94
1306.19 -05.20
1319.25 -05.46
1332.45 -05.71
1345.77 -05.93
1359.23 -06.15
1372.82 -06.34
1386.55 -06.51
1400.41 -06.66
1414.42 -06.78
1428.56 -06.87
1442.85 -06.94
1457.28 -06.97
1471.85 -06.97
1486.57 -06.95
1501.43 -06.90
1516.45 -06.82
1531.61 -06.71
1546.93 -06.58
1562.40 -06.43
1578.02 -06.26
1593.80 -06.08
1609.74 -05.87
1625.84 -05.66
1642.10 -05.44
1658.52 -05.20
1675.10 -04.96
1691.85 -04.71
1708.77 -04.45
1725.86 -04.19
1743.12 -03.93
1760.55 -03.67
1778.15 -03.41
1795.94 -03.14
1813.90 -02.88
1832.03 -02.62
1850.36 -02.36
1868.86 -02.10
1887.55 -01.85
1906.42 -01.60
1925.49 -01.36
1944.74 -01.15
1964.19 -00.93
1983.83 -00.73
2003.67 -00.54
2023.71 -00.36
2043.94 -00.21
2064.38 -00.07
2085.03 00.05
2105.88 00.16
2126.94 00.23
2148.20 00.28
2169.69 00.30
2191.38 00.29
2213.30 00.26
2235.43 00.20
2257.78 00.11
2280.36 -00.01
2303.17 -00.15
2326.20 -00.28
2349.46 -00.41
2372.95 -00.51
2396.68 -00.56
2420.65 -00.57
2444.86 -00.54
2469.31 -00.45
2494.00 -00.33
2518.94 -00.18
2544.13 -00.01
2569.57 00.15
2595.27 00.31
2621.22 00.43
2647.43 00.53
2673.90 00.59
2700.64 00.62
2727.65 00.61
2754.93 00.57
2782.48 00.51
2810.30 00.44
2838.40 00.34
2866.79 00.23
2895.46 00.13
2924.41 00.01
2953.65 -00.09
2983.19 -00.21
3013.02 -00.32
3043.15 -00.42
3073.58 -00.53
3104.32 -00.63
3135.36 -00.73
3166.72 -00.82
3198.38 -00.92
3230.37 -01.03
3262.67 -01.16
3295.30 -01.29
3328.25 -01.46
3361.53 -01.63
3395.15 -01.84
3429.10 -02.07
3463.39 -02.32
3498.03 -02.63
3533.01 -02.98
3568.34 -03.38
3604.02 -03.86
3640.06 -04.40
3676.46 -05.00
3713.22 -05.66
3750.36 -06.35
3787.86 -07.07
3825.74 -07.81
3864.00 -08.53
3902.64 -09.21
3941.66 -09.77
3981.08 -10.15
4020.89 -10.28
4061.10 -10.17
4101.71 -09.88
4142.73 -09.52
4184.15 -09.12
4226.00 -08.72
4268.26 -08.33
4310.94 -07.94
4354.05 -07.56
4397.59 -07.19
4441.56 -06.85
4485.98 -06.53
4530.84 -06.25
4576.15 -06.02
4621.91 -05.84
4668.13 -05.70
4714.81 -05.59
4761.96 -05.53
4809.58 -05.49
4857.67 -05.46
4906.25 -05.43
4955.31 -05.39
5004.87 -05.32
5054.91 -05.22
5105.46 -05.09
5156.52 -05.00
5208.08 -04.94
5260.16 -04.87
5312.77 -04.80
5365.89 -04.73
5419.55 -04.67
5473.75 -04.61
5528.49 -04.57
5583.77 -04.50
5639.61 -04.43
5696.00 -04.32
5752.96 -04.19
5810.49 -04.01
5868.60 -03.80
5927.28 -03.55
5986.56 -03.29
6046.42 -02.80
6106.89 -02.23
6167.96 -01.66
6229.64 -01.11
6291.93 -00.56
6354.85 -00.04
6418.40 00.48
6482.58 00.99
6547.41 01.47
6612.88 01.95
6679.01 02.40
6745.80 02.84
6813.26 03.26
6881.39 03.63
6950.21 03.97
7019.71 04.26
7089.91 04.49
7160.81 04.68
7232.41 04.81
7304.74 04.73
7377.79 04.58
7451.56 04.36
7526.08 04.09
7601.34 03.76
7677.35 03.40
7754.13 03.02
7831.67 02.63
7909.98 02.26
7989.08 01.89
8068.98 01.56
8149.67 01.26
8231.16 01.00
8313.47 00.80
8396.61 00.64
8480.57 00.51
8565.38 00.40
8651.03 00.28
8737.54 00.16
8824.92 00.01
8913.17 -00.16
9002.30 -00.35
9092.32 -00.55
9183.25 -00.77
9275.08 -01.01
9367.83 -01.26
9461.51 -01.52
9556.12 -01.81
9651.68 -02.12
9748.20 -02.44
9845.68 -02.78
9944.14 -03.11
10043.58 -03.45
10144.02 -03.80
10245.46 -04.15
10347.91 -04.45
10451.39 -04.76
10555.91 -05.08
10661.46 -05.43
10768.08 -05.78
10875.76 -06.13
10984.52 -06.48
11094.36 -06.83
11205.31 -07.19
11317.36 -07.52
11430.53 -07.79
11544.84 -07.97
11660.29 -08.02
11776.89 -07.97
11894.66 -07.86
12013.60 -07.75
12133.74 -07.68
12255.08 -07.69
12377.63 -07.76
12501.41 -07.86
12626.42 -07.99
12752.68 -08.13
12880.21 -08.34
13009.01 -08.59
13139.10 -08.88
13270.49 -09.18
13403.20 -09.39
13537.23 -09.45
13672.60 -09.30
13809.33 -08.97
13947.42 -08.57
14086.90 -08.17
14227.77 -07.85
14370.04 -07.59
14513.74 -07.43
14658.88 -07.41
14805.47 -07.40
14953.52 -07.41
15103.06 -07.46
15254.09 -07.56
15406.63 -07.74
15560.70 -07.98
15716.30 -08.25
15873.47 -08.53
16032.20 -08.79
16192.52 -09.05
16354.45 -09.36
16517.99 -09.76
16683.17 -10.27
16850.01 -10.88
17018.51 -11.56
17188.69 -12.23
17360.58 -12.80
17534.18 -13.26
17709.53 -13.72
17886.62 -14.26
18065.49 -15.00
18246.14 -15.96
18428.60 -17.17
18612.89 -18.54
18799.02 -19.94
18987.01 -21.18
19176.88 -22.22
19368.65 -23.16
19562.33 -24.16
19757.96 -25.33
19955.54 -26.69
20000.00 -27.04
