20.00 -02.53
20.20 -02.47
20.40 -02.42
20.61 -02.36
20.81 -02.31
21.02 -02.26
21.23 -02.20
21.44 -02.15
21.66 -02.10
21.87 -02.04
22.09 -01.99
22.31 -01.94
22.54 -01.89
22.76 -01.84
22.99 -01.79
23.22 -01.74
23.45 -01.69
23.69 -01.64
23.92 -01.59
24.16 -01.54
24.40 -01.49
24.65 -01.44
24.89 -01.40
25.14 -01.35
25.39 -01.30
25.65 -01.26
25.91 -01.21
26.16 -01.17
26.43 -01.12
26.69 -01.08
26.96 -01.04
27.23 -01.00
27.50 -00.95
27.77 -00.92
28.05 -00.88
28.33 -00.84
28.62 -00.80
28.90 -00.76
29.19 -00.73
29.48 -00.69
29.78 -00.66
30.08 -00.63
30.38 -00.59
30.68 -00.56
30.99 -00.53
31.30 -00.51
31.61 -00.48
31.93 -00.45
32.24 -00.43
32.57 -00.41
32.89 -00.39
33.22 -00.37
33.55 -00.36
33.89 -00.35
34.23 -00.34
34.57 -00.34
34.92 -00.33
35.27 -00.33
35.62 -00.33
35.97 -00.34
36.33 -00.35
36.70 -00.35
37.06 -00.36
37.43 -00.37
37.81 -00.38
38.19 -00.39
38.57 -00.40
38.95 -00.40
39.34 -00.41
39.74 -00.41
40.14 -00.41
40.54 -00.41
40.94 -00.41
41.35 -00.39
41.76 -00.38
42.18 -00.36
42.60 -00.33
43.03 -00.29
43.46 -00.25
43.90 -00.20
44.33 -00.14
44.78 -00.07
45.23 00.00
45.68 00.08
46.13 00.16
46.60 00.25
47.06 00.34
47.53 00.44
48.01 00.54
48.49 00.64
48.97 00.74
49.46 00.84
49.96 00.94
50.46 01.03
50.96 01.12
51.47 01.20
51.99 01.28
52.51 01.34
53.03 01.39
53.56 01.43
54.10 01.46
54.64 01.48
55.18 01.49
55.74 01.49
56.29 01.48
56.86 01.47
57.42 01.45
58.00 01.43
58.58 01.41
59.16 01.39
59.76 01.37
60.35 01.35
60.96 01.33
61.57 01.31
62.18 01.29
62.80 01.27
63.43 01.25
64.07 01.24
64.71 01.23
65.35 01.22
66.01 01.21
66.67 01.20
67.33 01.20
68.01 01.19
68.69 01.19
69.37 01.18
70.07 01.18
70.77 01.17
71.48 01.17
72.19 01.16
72.91 01.16
73.64 01.15
74.38 01.14
75.12 01.14
75.87 01.13
76.63 01.12
77.40 01.11
78.17 01.10
78.95 01.09
79.74 01.08
80.54 01.07
81.35 01.06
82.16 01.05
82.98 01.03
83.81 01.02
84.65 01.01
85.50 01.00
86.35 00.99
87.22 00.98
88.09 00.97
88.97 00.95
89.86 00.94
90.76 00.93
91.66 00.92
92.58 00.91
93.51 00.90
94.44 00.89
95.39 00.88
96.34 00.88
97.30 00.88
98.28 00.88
99.26 00.88
100.25 00.89
101.25 00.89
102.27 00.90
103.29 00.91
104.32 00.91
105.37 00.92
106.42 00.92
107.48 00.92
108.56 00.92
109.64 00.92
110.74 00.92
111.85 00.91
112.97 00.91
114.10 00.90
115.24 00.89
116.39 00.88
117.55 00.88
118.73 00.87
119.92 00.86
121.12 00.85
122.33 00.84
123.55 00.83
124.79 00.82
126.03 00.81
127.29 00.80
128.57 00.78
129.85 00.76
131.15 00.74
132.46 00.72
133.79 00.70
135.12 00.69
136.48 00.67
137.84 00.66
139.22 00.66
140.61 00.65
142.02 00.66
143.44 00.66
144.87 00.67
146.32 00.68
147.78 00.69
149.26 00.70
150.75 00.70
152.26 00.71
153.78 00.71
155.32 00.70
156.88 00.70
158.44 00.69
160.03 00.69
161.63 00.69
163.24 00.69
164.88 00.71
166.53 00.71
168.19 00.72
169.87 00.72
171.57 00.74
173.29 00.74
175.02 00.75
176.77 00.77
178.54 00.78
180.32 00.79
182.13 00.82
183.95 00.83
185.79 00.85
187.65 00.87
189.52 00.89
191.42 00.91
193.33 00.92
195.27 00.93
197.22 00.94
199.19 00.94
201.18 00.93
203.19 00.93
205.23 00.91
207.28 00.90
209.35 00.88
211.44 00.88
213.56 00.87
215.69 00.87
217.85 00.88
220.03 00.88
222.23 00.89
224.45 00.91
226.70 00.93
228.96 00.94
231.25 00.97
233.57 00.99
235.90 01.00
238.26 01.01
240.64 01.03
243.05 01.03
245.48 01.02
247.93 01.02
250.41 01.00
252.92 00.97
255.45 00.96
258.00 00.92
260.58 00.88
263.19 00.85
265.82 00.81
268.48 00.78
271.16 00.74
273.87 00.70
276.61 00.67
279.38 00.63
282.17 00.61
284.99 00.57
287.84 00.55
290.72 00.52
293.63 00.51
296.57 00.50
299.53 00.49
302.53 00.49
305.55 00.49
308.61 00.50
311.69 00.52
314.81 00.53
317.96 00.55
321.14 00.57
324.35 00.61
327.59 00.63
330.87 00.66
334.18 00.69
337.52 00.73
340.90 00.76
344.30 00.79
347.75 00.83
351.23 00.87
354.74 00.90
358.28 00.93
361.87 00.97
365.49 01.00
369.14 01.04
372.83 01.07
376.56 01.10
380.33 01.14
384.13 01.16
387.97 01.19
391.85 01.21
395.77 01.24
399.73 01.25
403.72 01.27
407.76 01.27
411.84 01.28
415.96 01.28
420.12 01.28
424.32 01.27
428.56 01.27
432.85 01.26
437.18 01.24
441.55 01.24
445.96 01.23
450.42 01.21
454.93 01.20
459.48 01.18
464.07 01.17
468.71 01.15
473.40 01.13
478.13 01.11
482.91 01.09
487.74 01.06
492.62 01.04
497.55 01.00
502.52 00.97
507.55 00.93
512.62 00.89
517.75 00.84
522.93 00.79
528.16 00.74
533.44 00.69
538.77 00.64
544.16 00.60
549.60 00.57
555.10 00.55
560.65 00.54
566.25 00.54
571.92 00.56
577.64 00.58
583.41 00.62
589.25 00.66
595.14 00.72
601.09 00.79
607.10 00.85
613.17 00.92
619.30 00.99
625.50 01.07
631.75 01.15
638.07 01.21
644.45 01.28
650.89 01.32
657.40 01.37
663.98 01.43
670.62 01.48
677.32 01.53
684.10 01.58
690.94 01.62
697.85 01.67
704.83 01.71
711.87 01.75
718.99 01.79
726.18 01.82
733.44 01.84
740.78 01.85
748.19 01.86
755.67 01.85
763.23 01.84
770.86 01.83
778.57 01.81
786.35 01.77
794.22 01.73
802.16 01.69
810.18 01.63
818.28 01.57
826.46 01.50
834.73 01.43
843.08 01.35
851.51 01.25
860.02 01.15
868.62 01.05
877.31 00.94
886.08 00.83
894.94 00.72
903.89 00.60
912.93 00.51
922.06 00.41
931.28 00.32
940.59 00.22
950.00 00.13
959.50 00.04
969.09 -00.08
978.78 -00.18
988.57 -00.30
998.46 -00.42
1008.44 -00.54
1018.53 -00.66
1028.71 -00.80
1039.00 -00.91
1049.39 -01.03
1059.88 -01.14
1070.48 -01.23
1081.19 -01.30
1092.00 -01.38
1102.92 -01.44
1113.95 -01.49
1125.09 -01.53
1136.34 -01.57
1147.70 -01.60
1159.18 -01.63
1170.77 -01.66
1182.48 -01.71
1194.30 -01.74
1206.25 -01.78
1218.31 -01.82
1230.49 -01.87
1242.80 -01.91
1255.22 -01.96
1267.78 -02.02
1280.45 -02.08
1293.26 -02.13
1306.19 -02.18
1319.25 -02.23
1332.45 -02.28
1345.77 -02.31
1359.23 -02.35
1372.82 -02.38
1386.55 -02.42
1400.41 -02.45
1414.42 -02.47
1428.56 -02.49
1442.85 -02.49
1457.28 -02.49
1471.85 -02.48
1486.57 -02.47
1501.43 -02.45
1516.45 -02.43
1531.61 -02.39
1546.93 -02.36
1562.40 -02.34
1578.02 -02.31
1593.80 -02.29
1609.74 -02.24
1625.84 -02.21
1642.10 -02.18
1658.52 -02.15
1675.10 -02.14
1691.85 -02.13
1708.77 -02.12
1725.86 -02.12
1743.12 -02.11
1760.55 -02.11
1778.15 -02.13
1795.94 -02.15
1813.90 -02.19
1832.03 -02.25
1850.36 -02.31
1868.86 -02.37
1887.55 -02.42
1906.42 -02.48
1925.49 -02.55
1944.74 -02.64
1964.19 -02.71
1983.83 -02.79
2003.67 -02.87
2023.71 -02.94
2043.94 -03.01
2064.38 -03.08
2085.03 -03.16
2105.88 -03.23
2126.94 -03.32
2148.20 -03.39
2169.69 -03.45
2191.38 -03.50
2213.30 -03.55
2235.43 -03.59
2257.78 -03.64
2280.36 -03.69
2303.17 -03.74
2326.20 -03.77
2349.46 -03.81
2372.95 -03.85
2396.68 -03.89
2420.65 -03.94
2444.86 -03.99
2469.31 -04.04
2494.00 -04.09
2518.94 -04.15
2544.13 -04.21
2569.57 -04.28
2595.27 -04.36
2621.22 -04.45
2647.43 -04.53
2673.90 -04.62
2700.64 -04.70
2727.65 -04.80
2754.93 -04.90
2782.48 -05.00
2810.30 -05.07
2838.40 -05.15
2866.79 -05.23
2895.46 -05.30
2924.41 -05.37
2953.65 -05.42
2983.19 -05.47
3013.02 -05.53
3043.15 -05.57
3073.58 -05.63
3104.32 -05.67
3135.36 -05.72
3166.72 -05.76
3198.38 -05.81
3230.37 -05.85
3262.67 -05.90
3295.30 -05.94
3328.25 -06.01
3361.53 -06.07
3395.15 -06.13
3429.10 -06.18
3463.39 -06.23
3498.03 -06.29
3533.01 -06.35
3568.34 -06.40
3604.02 -06.46
3640.06 -06.53
3676.46 -06.61
3713.22 -06.69
3750.36 -06.77
3787.86 -06.86
3825.74 -06.96
3864.00 -07.07
3902.64 -07.20
3941.66 -07.36
3981.08 -07.53
4020.89 -07.70
4061.10 -07.87
4101.71 -08.04
4142.73 -08.18
4184.15 -08.29
4226.00 -08.33
4268.26 -08.30
4310.94 -08.17
4354.05 -07.96
4397.59 -07.67
4441.56 -07.32
4485.98 -06.93
4530.84 -06.54
4576.15 -06.16
4621.91 -05.80
4668.13 -05.46
4714.81 -05.12
4761.96 -04.79
4809.58 -04.47
4857.67 -04.16
4906.25 -03.89
4955.31 -03.67
5004.87 -03.52
5054.91 -03.43
5105.46 -03.39
5156.52 -03.47
5208.08 -03.65
5260.16 -03.90
5312.77 -04.24
5365.89 -04.67
5419.55 -05.18
5473.75 -05.77
5528.49 -06.41
5583.77 -07.08
5639.61 -07.78
5696.00 -08.50
5752.96 -09.22
5810.49 -09.90
5868.60 -10.47
5927.28 -10.87
5986.56 -11.13
6046.42 -11.06
6106.89 -10.85
6167.96 -10.57
6229.64 -10.20
6291.93 -09.72
6354.85 -09.13
6418.40 -08.49
6482.58 -07.82
6547.41 -07.17
6612.88 -06.53
6679.01 -05.90
6745.80 -05.29
6813.26 -04.66
6881.39 -04.05
6950.21 -03.44
7019.71 -02.86
7089.91 -02.32
7160.81 -01.81
7232.41 -01.34
7304.74 -01.04
7377.79 -00.76
7451.56 -00.50
7526.08 -00.27
7601.34 -00.09
7677.35 00.04
7754.13 00.12
7831.67 00.15
7909.98 00.13
7989.08 00.06
8068.98 -00.07
8149.67 -00.27
8231.16 -00.55
8313.47 -00.92
8396.61 -01.38
8480.57 -01.92
8565.38 -02.53
8651.03 -03.23
8737.54 -04.04
8824.92 -04.98
8913.17 -06.04
9002.30 -07.20
9092.32 -08.41
9183.25 -09.64
9275.08 -10.77
9367.83 -11.65
9461.51 -12.13
9556.12 -12.10
9651.68 -11.64
9748.20 -10.89
9845.68 -10.02
9944.14 -09.15
10043.58 -08.34
10144.02 -07.60
10245.46 -06.93
10347.91 -06.25
10451.39 -05.63
10555.91 -05.07
10661.46 -04.58
10768.08 -04.16
10875.76 -03.80
10984.52 -03.52
11094.36 -03.31
11205.31 -03.20
11317.36 -03.15
11430.53 -03.19
11544.84 -03.31
11660.29 -03.51
11776.89 -03.81
11894.66 -04.19
12013.60 -04.68
12133.74 -05.25
12255.08 -05.89
12377.63 -06.59
12501.41 -07.31
12626.42 -08.04
12752.68 -08.76
12880.21 -09.43
13009.01 -10.02
13139.10 -10.48
13270.49 -10.76
13403.20 -10.86
13537.23 -10.76
13672.60 -10.50
13809.33 -10.13
13947.42 -09.69
14086.90 -09.19
14227.77 -08.68
14370.04 -08.19
14513.74 -07.75
14658.88 -07.46
14805.47 -07.18
14953.52 -06.90
15103.06 -06.61
15254.09 -06.31
15406.63 -06.03
15560.70 -05.79
15716.30 -05.60
15873.47 -05.46
16032.20 -05.37
16192.52 -05.31
16354.45 -05.27
16517.99 -05.24
16683.17 -05.24
16850.01 -05.27
17018.51 -05.34
17188.69 -05.47
17360.58 -05.65
17534.18 -05.88
17709.53 -06.16
17886.62 -06.44
18065.49 -06.77
18246.14 -07.13
18428.60 -07.55
18612.89 -08.03
18799.02 -08.60
18987.01 -09.26
19176.88 -10.00
19368.65 -10.81
19562.33 -11.67
19757.96 -12.55
19955.54 -13.44
20000.00 -13.64
