20.00 -17.55
20.20 -17.32
20.40 -17.10
20.61 -16.87
20.81 -16.66
21.02 -16.44
21.23 -16.22
21.44 -16.01
21.66 -15.79
21.87 -15.59
22.09 -15.39
22.31 -15.19
22.54 -14.98
22.76 -14.79
22.99 -14.60
23.22 -14.41
23.45 -14.23
23.69 -14.04
23.92 -13.86
24.16 -13.67
24.40 -13.49
24.65 -13.31
24.89 -13.13
25.14 -12.95
25.39 -12.77
25.65 -12.59
25.91 -12.40
26.16 -12.23
26.43 -12.05
26.69 -11.87
26.96 -11.69
27.23 -11.51
27.50 -11.33
27.77 -11.16
28.05 -10.98
28.33 -10.81
28.62 -10.63
28.90 -10.46
29.19 -10.28
29.48 -10.11
29.78 -09.94
30.08 -09.77
30.38 -09.60
30.68 -09.43
30.99 -09.26
31.30 -09.10
31.61 -08.94
31.93 -08.77
32.24 -08.61
32.57 -08.45
32.89 -08.30
33.22 -08.14
33.55 -07.99
33.89 -07.83
34.23 -07.67
34.57 -07.52
34.92 -07.37
35.27 -07.21
35.62 -07.06
35.97 -06.91
36.33 -06.75
36.70 -06.60
37.06 -06.45
37.43 -06.29
37.81 -06.14
38.19 -05.99
38.57 -05.84
38.95 -05.69
39.34 -05.54
39.74 -05.39
40.14 -05.24
40.54 -05.10
40.94 -04.96
41.35 -04.81
41.76 -04.67
42.18 -04.53
42.60 -04.40
43.03 -04.26
43.46 -04.13
43.90 -03.99
44.33 -03.87
44.78 -03.74
45.23 -03.61
45.68 -03.49
46.13 -03.37
46.60 -03.25
47.06 -03.14
47.53 -03.02
48.01 -02.91
48.49 -02.80
48.97 -02.69
49.46 -02.59
49.96 -02.48
50.46 -02.38
50.96 -02.28
51.47 -02.18
51.99 -02.08
52.51 -01.99
53.03 -01.89
53.56 -01.80
54.10 -01.71
54.64 -01.62
55.18 -01.54
55.74 -01.45
56.29 -01.37
56.86 -01.29
57.42 -01.22
58.00 -01.14
58.58 -01.07
59.16 -01.00
59.76 -00.93
60.35 -00.86
60.96 -00.79
61.57 -00.73
62.18 -00.67
62.80 -00.61
63.43 -00.54
64.07 -00.48
64.71 -00.43
65.35 -00.37
66.01 -00.31
66.67 -00.26
67.33 -00.21
68.01 -00.15
68.69 -00.10
69.37 -00.05
70.07 -00.01
70.77 00.04
71.48 00.09
72.19 00.14
72.91 00.18
73.64 00.23
74.38 00.27
75.12 00.31
75.87 00.35
76.63 00.39
77.40 00.43
78.17 00.47
78.95 00.50
79.74 00.54
80.54 00.57
81.35 00.60
82.16 00.63
82.98 00.65
83.81 00.68
84.65 00.70
85.50 00.73
86.35 00.75
87.22 00.77
88.09 00.78
88.97 00.80
89.86 00.82
90.76 00.83
91.66 00.85
92.58 00.86
93.51 00.87
94.44 00.88
95.39 00.89
96.34 00.90
97.30 00.91
98.28 00.91
99.26 00.92
100.25 00.92
101.25 00.92
102.27 00.92
103.29 00.92
104.32 00.91
105.37 00.91
106.42 00.90
107.48 00.89
108.56 00.87
109.64 00.86
110.74 00.84
111.85 00.82
112.97 00.80
114.10 00.78
115.24 00.77
116.39 00.75
117.55 00.73
118.73 00.71
119.92 00.69
121.12 00.68
122.33 00.66
123.55 00.64
124.79 00.62
126.03 00.61
127.29 00.60
128.57 00.58
129.85 00.57
131.15 00.56
132.46 00.55
133.79 00.54
135.12 00.53
136.48 00.52
137.84 00.50
139.22 00.49
140.61 00.48
142.02 00.47
143.44 00.45
144.87 00.44
146.32 00.42
147.78 00.40
149.26 00.39
150.75 00.37
152.26 00.35
153.78 00.34
155.32 00.32
156.88 00.31
158.44 00.29
160.03 00.27
161.63 00.26
163.24 00.25
164.88 00.24
166.53 00.23
168.19 00.21
169.87 00.19
171.57 00.18
173.29 00.15
175.02 00.13
176.77 00.11
178.54 00.09
180.32 00.06
182.13 00.05
183.95 00.02
185.79 00.00
187.65 -00.01
189.52 -00.03
191.42 -00.04
193.33 -00.06
195.27 -00.07
197.22 -00.09
199.19 -00.11
201.18 -00.13
203.19 -00.15
205.23 -00.18
207.28 -00.20
209.35 -00.24
211.44 -00.27
213.56 -00.31
215.69 -00.34
217.85 -00.37
220.03 -00.41
222.23 -00.44
224.45 -00.46
226.70 -00.50
228.96 -00.52
231.25 -00.53
233.57 -00.55
235.90 -00.56
238.26 -00.57
240.64 -00.57
243.05 -00.57
245.48 -00.58
247.93 -00.57
250.41 -00.56
252.92 -00.56
255.45 -00.55
258.00 -00.54
260.58 -00.54
263.19 -00.53
265.82 -00.53
268.48 -00.53
271.16 -00.53
273.87 -00.53
276.61 -00.53
279.38 -00.54
282.17 -00.54
284.99 -00.55
287.84 -00.56
290.72 -00.57
293.63 -00.58
296.57 -00.58
299.53 -00.59
302.53 -00.59
305.55 -00.60
308.61 -00.59
311.69 -00.58
314.81 -00.58
317.96 -00.57
321.14 -00.56
324.35 -00.55
327.59 -00.54
330.87 -00.54
334.18 -00.55
337.52 -00.54
340.90 -00.56
344.30 -00.57
347.75 -00.59
351.23 -00.61
354.74 -00.64
358.28 -00.66
361.87 -00.68
365.49 -00.71
369.14 -00.72
372.83 -00.75
376.56 -00.76
380.33 -00.77
384.13 -00.78
387.97 -00.78
391.85 -00.79
395.77 -00.78
399.73 -00.78
403.72 -00.77
407.76 -00.77
411.84 -00.76
415.96 -00.75
420.12 -00.74
424.32 -00.74
428.56 -00.73
432.85 -00.73
437.18 -00.74
441.55 -00.74
445.96 -00.74
450.42 -00.75
454.93 -00.75
459.48 -00.77
464.07 -00.78
468.71 -00.80
473.40 -00.80
478.13 -00.81
482.91 -00.81
487.74 -00.82
492.62 -00.81
497.55 -00.81
502.52 -00.80
507.55 -00.78
512.62 -00.77
517.75 -00.75
522.93 -00.73
528.16 -00.71
533.44 -00.68
538.77 -00.66
544.16 -00.64
549.60 -00.61
555.10 -00.59
560.65 -00.56
566.25 -00.54
571.92 -00.50
577.64 -00.48
583.41 -00.44
589.25 -00.41
595.14 -00.37
601.09 -00.33
607.10 -00.30
613.17 -00.26
619.30 -00.23
625.50 -00.18
631.75 -00.14
638.07 -00.11
644.45 -00.07
650.89 -00.07
657.40 -00.06
663.98 -00.05
670.62 -00.04
677.32 -00.03
684.10 -00.01
690.94 00.00
697.85 00.02
704.83 00.03
711.87 00.04
718.99 00.06
726.18 00.08
733.44 00.09
740.78 00.11
748.19 00.14
755.67 00.16
763.23 00.19
770.86 00.23
778.57 00.27
786.35 00.31
794.22 00.35
802.16 00.40
810.18 00.45
818.28 00.50
826.46 00.55
834.73 00.62
843.08 00.67
851.51 00.72
860.02 00.77
868.62 00.81
877.31 00.86
886.08 00.89
894.94 00.92
903.89 00.94
912.93 00.99
922.06 01.02
931.28 01.06
940.59 01.09
950.00 01.14
959.50 01.19
969.09 01.24
978.78 01.30
988.57 01.37
998.46 01.43
1008.44 01.50
1018.53 01.57
1028.71 01.62
1039.00 01.67
1049.39 01.72
1059.88 01.76
1070.48 01.79
1081.19 01.82
1092.00 01.83
1102.92 01.83
1113.95 01.81
1125.09 01.79
1136.34 01.74
1147.70 01.68
1159.18 01.61
1170.77 01.53
1182.48 01.41
1194.30 01.28
1206.25 01.13
1218.31 00.97
1230.49 00.79
1242.80 00.59
1255.22 00.37
1267.78 00.13
1280.45 -00.13
1293.26 -00.40
1306.19 -00.68
1319.25 -00.99
1332.45 -01.32
1345.77 -01.66
1359.23 -02.02
1372.82 -02.41
1386.55 -02.82
1400.41 -03.24
1414.42 -03.67
1428.56 -04.09
1442.85 -04.50
1457.28 -04.90
1471.85 -05.28
1486.57 -05.62
1501.43 -05.90
1516.45 -06.12
1531.61 -06.25
1546.93 -06.31
1562.40 -06.28
1578.02 -06.17
1593.80 -05.98
1609.74 -05.73
1625.84 -05.48
1642.10 -05.22
1658.52 -04.97
1675.10 -04.74
1691.85 -04.52
1708.77 -04.30
1725.86 -04.10
1743.12 -03.89
1760.55 -03.73
1778.15 -03.60
1795.94 -03.49
1813.90 -03.43
1832.03 -03.37
1850.36 -03.33
1868.86 -03.28
1887.55 -03.23
1906.42 -03.20
1925.49 -03.21
1944.74 -03.24
1964.19 -03.28
1983.83 -03.32
2003.67 -03.34
2023.71 -03.37
2043.94 -03.40
2064.38 -03.46
2085.03 -03.54
2105.88 -03.63
2126.94 -03.74
2148.20 -03.83
2169.69 -03.92
2191.38 -04.01
2213.30 -04.13
2235.43 -04.25
2257.78 -04.37
2280.36 -04.49
2303.17 -04.59
2326.20 -04.68
2349.46 -04.77
2372.95 -04.86
2396.68 -04.94
2420.65 -05.02
2444.86 -05.09
2469.31 -05.15
2494.00 -05.19
2518.94 -05.22
2544.13 -05.24
2569.57 -05.25
2595.27 -05.24
2621.22 -05.23
2647.43 -05.22
2673.90 -05.20
2700.64 -05.19
2727.65 -05.20
2754.93 -05.20
2782.48 -05.20
2810.30 -05.19
2838.40 -05.20
2866.79 -05.23
2895.46 -05.26
2924.41 -05.30
2953.65 -05.32
2983.19 -05.36
3013.02 -05.38
3043.15 -05.35
3073.58 -05.30
3104.32 -05.21
3135.36 -05.13
3166.72 -05.03
3198.38 -04.92
3230.37 -04.79
3262.67 -04.66
3295.30 -04.52
3328.25 -04.39
3361.53 -04.26
3395.15 -04.14
3429.10 -04.02
3463.39 -03.90
3498.03 -03.80
3533.01 -03.68
3568.34 -03.55
3604.02 -03.42
3640.06 -03.27
3676.46 -03.11
3713.22 -02.93
3750.36 -02.74
3787.86 -02.55
3825.74 -02.35
3864.00 -02.14
3902.64 -01.93
3941.66 -01.73
3981.08 -01.50
4020.89 -01.28
4061.10 -01.06
4101.71 -00.85
4142.73 -00.63
4184.15 -00.42
4226.00 -00.21
4268.26 00.00
4310.94 00.21
4354.05 00.41
4397.59 00.61
4441.56 00.81
4485.98 01.00
4530.84 01.18
4576.15 01.36
4621.91 01.52
4668.13 01.67
4714.81 01.79
4761.96 01.90
4809.58 02.00
4857.67 02.09
4906.25 02.19
4955.31 02.29
5004.87 02.41
5054.91 02.52
5105.46 02.63
5156.52 02.64
5208.08 02.61
5260.16 02.56
5312.77 02.52
5365.89 02.46
5419.55 02.39
5473.75 02.29
5528.49 02.15
5583.77 01.99
5639.61 01.80
5696.00 01.59
5752.96 01.36
5810.49 01.13
5868.60 00.88
5927.28 00.63
5986.56 00.35
6046.42 00.28
6106.89 00.27
6167.96 00.26
6229.64 00.26
6291.93 00.27
6354.85 00.30
6418.40 00.35
6482.58 00.43
6547.41 00.53
6612.88 00.66
6679.01 00.83
6745.80 01.02
6813.26 01.26
6881.39 01.51
6950.21 01.78
7019.71 02.06
7089.91 02.35
7160.81 02.63
7232.41 02.91
7304.74 03.03
7377.79 03.12
7451.56 03.21
7526.08 03.29
7601.34 03.36
7677.35 03.41
7754.13 03.46
7831.67 03.50
7909.98 03.54
7989.08 03.57
8068.98 03.59
8149.67 03.61
8231.16 03.63
8313.47 03.65
8396.61 03.66
8480.57 03.65
8565.38 03.63
8651.03 03.59
8737.54 03.52
8824.92 03.41
8913.17 03.27
9002.30 03.08
9092.32 02.86
9183.25 02.58
9275.08 02.26
9367.83 01.88
9461.51 01.47
9556.12 01.01
9651.68 00.51
9748.20 -00.01
9845.68 -00.56
9944.14 -01.12
10043.58 -01.68
10144.02 -02.24
10245.46 -02.76
10347.91 -03.19
10451.39 -03.59
10555.91 -03.97
10661.46 -04.35
10768.08 -04.72
10875.76 -05.05
10984.52 -05.33
11094.36 -05.54
11205.31 -05.69
11317.36 -05.73
11430.53 -05.67
11544.84 -05.50
11660.29 -05.21
11776.89 -04.85
11894.66 -04.40
12013.60 -03.92
12133.74 -03.42
12255.08 -02.94
12377.63 -02.52
12501.41 -02.17
12626.42 -01.92
12752.68 -01.77
12880.21 -01.72
13009.01 -01.77
13139.10 -01.93
13270.49 -02.19
13403.20 -02.57
13537.23 -03.05
13672.60 -03.64
13809.33 -04.31
13947.42 -05.02
14086.90 -05.67
14227.77 -06.19
14370.04 -06.48
14513.74 -06.55
14658.88 -06.57
14805.47 -06.49
14953.52 -06.39
15103.06 -06.29
15254.09 -06.20
15406.63 -06.15
15560.70 -06.12
15716.30 -06.11
15873.47 -06.12
16032.20 -06.14
16192.52 -06.18
16354.45 -06.23
16517.99 -06.28
16683.17 -06.34
16850.01 -06.41
17018.51 -06.52
17188.69 -06.68
17360.58 -06.89
17534.18 -07.15
17709.53 -07.44
17886.62 -07.74
18065.49 -08.07
18246.14 -08.39
18428.60 -08.76
18612.89 -09.15
18799.02 -09.59
18987.01 -10.07
19176.88 -10.58
19368.65 -11.12
19562.33 -11.72
19757.96 -12.38
19955.54 -13.15
20000.00 -13.35
