20.00 -11.11
20.20 -10.98
20.40 -10.86
20.61 -10.74
20.81 -10.62
21.02 -10.50
21.23 -10.38
21.44 -10.26
21.66 -10.14
21.87 -10.02
22.09 -09.91
22.31 -09.79
22.54 -09.67
22.76 -09.56
22.99 -09.44
23.22 -09.32
23.45 -09.20
23.69 -09.08
23.92 -08.97
24.16 -08.85
24.40 -08.73
24.65 -08.61
24.89 -08.49
25.14 -08.37
25.39 -08.25
25.65 -08.13
25.91 -08.01
26.16 -07.90
26.43 -07.77
26.69 -07.66
26.96 -07.53
27.23 -07.41
27.50 -07.30
27.77 -07.18
28.05 -07.06
28.33 -06.94
28.62 -06.82
28.90 -06.70
29.19 -06.59
29.48 -06.47
29.78 -06.35
30.08 -06.23
30.38 -06.11
30.68 -06.00
30.99 -05.88
31.30 -05.76
31.61 -05.65
31.93 -05.53
32.24 -05.42
32.57 -05.29
32.89 -05.18
33.22 -05.06
33.55 -04.94
33.89 -04.82
34.23 -04.70
34.57 -04.58
34.92 -04.45
35.27 -04.33
35.62 -04.21
35.97 -04.09
36.33 -03.97
36.70 -03.85
37.06 -03.73
37.43 -03.61
37.81 -03.49
38.19 -03.37
38.57 -03.25
38.95 -03.13
39.34 -03.01
39.74 -02.89
40.14 -02.77
40.54 -02.65
40.94 -02.53
41.35 -02.42
41.76 -02.30
42.18 -02.18
42.60 -02.07
43.03 -01.95
43.46 -01.84
43.90 -01.72
44.33 -01.61
44.78 -01.49
45.23 -01.38
45.68 -01.27
46.13 -01.16
46.60 -01.04
47.06 -00.93
47.53 -00.82
48.01 -00.70
48.49 -00.59
48.97 -00.48
49.46 -00.37
49.96 -00.25
50.46 -00.14
50.96 -00.03
51.47 00.08
51.99 00.20
52.51 00.31
53.03 00.42
53.56 00.54
54.10 00.65
54.64 00.77
55.18 00.88
55.74 01.00
56.29 01.11
56.86 01.23
57.42 01.35
58.00 01.46
58.58 01.58
59.16 01.69
59.76 01.81
60.35 01.92
60.96 02.03
61.57 02.14
62.18 02.25
62.80 02.35
63.43 02.46
64.07 02.56
64.71 02.66
65.35 02.75
66.01 02.84
66.67 02.93
67.33 03.02
68.01 03.10
68.69 03.19
69.37 03.26
70.07 03.34
70.77 03.42
71.48 03.49
72.19 03.57
72.91 03.64
73.64 03.71
74.38 03.78
75.12 03.85
75.87 03.92
76.63 03.99
77.40 04.05
78.17 04.12
78.95 04.18
79.74 04.24
80.54 04.30
81.35 04.36
82.16 04.41
82.98 04.46
83.81 04.50
84.65 04.54
85.50 04.57
86.35 04.60
87.22 04.62
88.09 04.64
88.97 04.65
89.86 04.66
90.76 04.66
91.66 04.67
92.58 04.67
93.51 04.67
94.44 04.68
95.39 04.68
96.34 04.69
97.30 04.71
98.28 04.72
99.26 04.74
100.25 04.76
101.25 04.79
102.27 04.81
103.29 04.83
104.32 04.85
105.37 04.87
106.42 04.88
107.48 04.89
108.56 04.90
109.64 04.90
110.74 04.90
111.85 04.90
112.97 04.90
114.10 04.89
115.24 04.88
116.39 04.87
117.55 04.86
118.73 04.85
119.92 04.84
121.12 04.83
122.33 04.82
123.55 04.81
124.79 04.79
126.03 04.78
127.29 04.77
128.57 04.75
129.85 04.73
131.15 04.72
132.46 04.70
133.79 04.68
135.12 04.66
136.48 04.63
137.84 04.61
139.22 04.58
140.61 04.56
142.02 04.54
143.44 04.51
144.87 04.48
146.32 04.46
147.78 04.43
149.26 04.40
150.75 04.37
152.26 04.35
153.78 04.32
155.32 04.29
156.88 04.26
158.44 04.23
160.03 04.20
161.63 04.18
163.24 04.16
164.88 04.15
166.53 04.13
168.19 04.11
169.87 04.09
171.57 04.08
173.29 04.05
175.02 04.03
176.77 04.02
178.54 03.99
180.32 03.97
182.13 03.95
183.95 03.93
185.79 03.90
187.65 03.88
189.52 03.85
191.42 03.83
193.33 03.80
195.27 03.79
197.22 03.76
199.19 03.74
201.18 03.72
203.19 03.71
205.23 03.71
207.28 03.72
209.35 03.73
211.44 03.77
213.56 03.81
215.69 03.87
217.85 03.94
220.03 04.01
222.23 04.08
224.45 04.16
226.70 04.22
228.96 04.27
231.25 04.32
233.57 04.34
235.90 04.34
238.26 04.34
240.64 04.33
243.05 04.30
245.48 04.26
247.93 04.23
250.41 04.18
252.92 04.13
255.45 04.09
258.00 04.05
260.58 04.00
263.19 03.97
265.82 03.92
268.48 03.88
271.16 03.82
273.87 03.77
276.61 03.72
279.38 03.67
282.17 03.62
284.99 03.56
287.84 03.52
290.72 03.47
293.63 03.42
296.57 03.38
299.53 03.34
302.53 03.30
305.55 03.25
308.61 03.21
311.69 03.17
314.81 03.12
317.96 03.08
321.14 03.02
324.35 02.98
327.59 02.92
330.87 02.86
334.18 02.80
337.52 02.74
340.90 02.68
344.30 02.61
347.75 02.54
351.23 02.47
354.74 02.40
358.28 02.32
361.87 02.25
365.49 02.17
369.14 02.11
372.83 02.03
376.56 01.96
380.33 01.90
384.13 01.83
387.97 01.78
391.85 01.71
395.77 01.66
399.73 01.60
403.72 01.54
407.76 01.47
411.84 01.41
415.96 01.34
420.12 01.27
424.32 01.19
428.56 01.13
432.85 01.07
437.18 01.00
441.55 00.97
445.96 00.94
450.42 00.93
454.93 00.94
459.48 00.95
464.07 00.98
468.71 01.01
473.40 01.06
478.13 01.11
482.91 01.15
487.74 01.18
492.62 01.22
497.55 01.25
502.52 01.27
507.55 01.30
512.62 01.31
517.75 01.33
522.93 01.35
528.16 01.36
533.44 01.39
538.77 01.40
544.16 01.41
549.60 01.43
555.10 01.44
560.65 01.46
566.25 01.46
571.92 01.48
577.64 01.48
583.41 01.49
589.25 01.50
595.14 01.51
601.09 01.52
607.10 01.53
613.17 01.55
619.30 01.56
625.50 01.58
631.75 01.60
638.07 01.61
644.45 01.61
650.89 01.59
657.40 01.57
663.98 01.55
670.62 01.52
677.32 01.48
684.10 01.44
690.94 01.39
697.85 01.34
704.83 01.27
711.87 01.20
718.99 01.14
726.18 01.06
733.44 00.97
740.78 00.87
748.19 00.76
755.67 00.64
763.23 00.52
770.86 00.41
778.57 00.31
786.35 00.22
794.22 00.14
802.16 00.09
810.18 00.05
818.28 00.02
826.46 00.01
834.73 00.03
843.08 00.04
851.51 00.06
860.02 00.06
868.62 00.06
877.31 00.05
886.08 00.02
894.94 -00.02
903.89 -00.08
912.93 -00.11
922.06 -00.17
931.28 -00.22
940.59 -00.27
950.00 -00.32
959.50 -00.36
969.09 -00.41
978.78 -00.45
988.57 -00.49
998.46 -00.54
1008.44 -00.58
1018.53 -00.62
1028.71 -00.66
1039.00 -00.70
1049.39 -00.73
1059.88 -00.76
1070.48 -00.79
1081.19 -00.80
1092.00 -00.83
1102.92 -00.84
1113.95 -00.85
1125.09 -00.86
1136.34 -00.89
1147.70 -00.91
1159.18 -00.95
1170.77 -00.99
1182.48 -01.05
1194.30 -01.09
1206.25 -01.14
1218.31 -01.20
1230.49 -01.26
1242.80 -01.33
1255.22 -01.40
1267.78 -01.47
1280.45 -01.54
1293.26 -01.59
1306.19 -01.64
1319.25 -01.69
1332.45 -01.76
1345.77 -01.82
1359.23 -01.89
1372.82 -01.97
1386.55 -02.06
1400.41 -02.16
1414.42 -02.27
1428.56 -02.37
1442.85 -02.47
1457.28 -02.57
1471.85 -02.68
1486.57 -02.78
1501.43 -02.89
1516.45 -03.01
1531.61 -03.11
1546.93 -03.22
1562.40 -03.33
1578.02 -03.42
1593.80 -03.47
1609.74 -03.48
1625.84 -03.47
1642.10 -03.45
1658.52 -03.43
1675.10 -03.40
1691.85 -03.36
1708.77 -03.29
1725.86 -03.22
1743.12 -03.12
1760.55 -03.06
1778.15 -03.03
1795.94 -03.02
1813.90 -03.06
1832.03 -03.11
1850.36 -03.16
1868.86 -03.21
1887.55 -03.27
1906.42 -03.35
1925.49 -03.46
1944.74 -03.60
1964.19 -03.73
1983.83 -03.86
2003.67 -03.97
2023.71 -04.10
2043.94 -04.23
2064.38 -04.39
2085.03 -04.55
2105.88 -04.69
2126.94 -04.83
2148.20 -04.95
2169.69 -05.06
2191.38 -05.17
2213.30 -05.28
2235.43 -05.38
2257.78 -05.47
2280.36 -05.55
2303.17 -05.62
2326.20 -05.65
2349.46 -05.69
2372.95 -05.69
2396.68 -05.66
2420.65 -05.62
2444.86 -05.54
2469.31 -05.43
2494.00 -05.30
2518.94 -05.15
2544.13 -04.99
2569.57 -04.82
2595.27 -04.64
2621.22 -04.48
2647.43 -04.32
2673.90 -04.16
2700.64 -04.00
2727.65 -03.84
2754.93 -03.67
2782.48 -03.49
2810.30 -03.30
2838.40 -03.12
2866.79 -02.93
2895.46 -02.71
2924.41 -02.49
2953.65 -02.22
2983.19 -01.92
3013.02 -01.57
3043.15 -01.19
3073.58 -00.81
3104.32 -00.42
3135.36 -00.06
3166.72 00.30
3198.38 00.63
3230.37 00.96
3262.67 01.26
3295.30 01.54
3328.25 01.79
3361.53 02.02
3395.15 02.22
3429.10 02.42
3463.39 02.61
3498.03 02.80
3533.01 03.00
3568.34 03.19
3604.02 03.37
3640.06 03.54
3676.46 03.68
3713.22 03.81
3750.36 03.91
3787.86 03.98
3825.74 04.04
3864.00 04.06
3902.64 04.06
3941.66 04.04
3981.08 04.00
4020.89 03.94
4061.10 03.88
4101.71 03.81
4142.73 03.75
4184.15 03.70
4226.00 03.66
4268.26 03.64
4310.94 03.64
4354.05 03.66
4397.59 03.71
4441.56 03.78
4485.98 03.88
4530.84 04.01
4576.15 04.16
4621.91 04.34
4668.13 04.54
4714.81 04.77
4761.96 05.01
4809.58 05.27
4857.67 05.55
4906.25 05.84
4955.31 06.15
5004.87 06.46
5054.91 06.78
5105.46 07.10
5156.52 07.34
5208.08 07.54
5260.16 07.73
5312.77 07.90
5365.89 08.05
5419.55 08.17
5473.75 08.26
5528.49 08.30
5583.77 08.30
5639.61 08.25
5696.00 08.15
5752.96 07.99
5810.49 07.78
5868.60 07.51
5927.28 07.19
5986.56 06.79
6046.42 06.57
6106.89 06.37
6167.96 06.11
6229.64 05.82
6291.93 05.49
6354.85 05.13
6418.40 04.75
6482.58 04.36
6547.41 03.95
6612.88 03.54
6679.01 03.14
6745.80 02.73
6813.26 02.33
6881.39 01.92
6950.21 01.51
7019.71 01.08
7089.91 00.62
7160.81 00.12
7232.41 -00.42
7304.74 -01.17
7377.79 -02.01
7451.56 -02.93
7526.08 -03.92
7601.34 -04.94
7677.35 -05.93
7754.13 -06.70
7831.67 -07.01
7909.98 -06.64
7989.08 -05.63
8068.98 -04.18
8149.67 -02.56
8231.16 -00.94
8313.47 00.58
8396.61 01.96
8480.57 03.17
8565.38 04.20
8651.03 05.06
8737.54 05.76
8824.92 06.32
8913.17 06.75
9002.30 07.07
9092.32 07.28
9183.25 07.39
9275.08 07.40
9367.83 07.32
9461.51 07.15
9556.12 06.89
9651.68 06.58
9748.20 06.23
9845.68 05.88
9944.14 05.54
10043.58 05.25
10144.02 05.03
10245.46 04.89
10347.91 04.92
10451.39 05.04
10555.91 05.25
10661.46 05.51
10768.08 05.82
10875.76 06.16
10984.52 06.52
11094.36 06.89
11205.31 07.23
11317.36 07.55
11430.53 07.84
11544.84 08.09
11660.29 08.30
11776.89 08.44
11894.66 08.53
12013.60 08.55
12133.74 08.51
12255.08 08.42
12377.63 08.26
12501.41 08.04
12626.42 07.77
12752.68 07.46
12880.21 07.11
13009.01 06.75
13139.10 06.39
13270.49 06.04
13403.20 05.73
13537.23 05.46
13672.60 05.26
13809.33 05.13
13947.42 05.07
14086.90 05.10
14227.77 05.21
14370.04 05.39
14513.74 05.60
14658.88 05.74
14805.47 05.95
14953.52 06.21
15103.06 06.53
15254.09 06.88
15406.63 07.21
15560.70 07.50
15716.30 07.74
15873.47 07.90
16032.20 07.97
16192.52 07.96
16354.45 07.86
16517.99 07.68
16683.17 07.41
16850.01 07.04
17018.51 06.57
17188.69 05.99
17360.58 05.30
17534.18 04.50
17709.53 03.61
17886.62 02.67
18065.49 01.70
18246.14 00.74
18428.60 -00.19
18612.89 -01.08
18799.02 -01.96
18987.01 -02.81
19176.88 -03.57
19368.65 -04.21
19562.33 -04.65
19757.96 -04.95
19955.54 -05.17
20000.00 -05.21
