20.00 -00.61
20.20 -00.54
20.40 -00.48
20.61 -00.42
20.81 -00.37
21.02 -00.32
21.23 -00.27
21.44 -00.22
21.66 -00.18
21.87 -00.13
22.09 -00.09
22.31 -00.05
22.54 -00.01
22.76 00.03
22.99 00.07
23.22 00.11
23.45 00.15
23.69 00.18
23.92 00.22
24.16 00.26
24.40 00.29
24.65 00.33
24.89 00.37
25.14 00.40
25.39 00.43
25.65 00.47
25.91 00.50
26.16 00.53
26.43 00.56
26.69 00.60
26.96 00.63
27.23 00.65
27.50 00.68
27.77 00.71
28.05 00.74
28.33 00.76
28.62 00.79
28.90 00.81
29.19 00.83
29.48 00.85
29.78 00.88
30.08 00.90
30.38 00.91
30.68 00.93
30.99 00.95
31.30 00.96
31.61 00.98
31.93 00.99
32.24 01.00
32.57 01.01
32.89 01.02
33.22 01.03
33.55 01.04
33.89 01.05
34.23 01.05
34.57 01.06
34.92 01.06
35.27 01.07
35.62 01.07
35.97 01.07
36.33 01.07
36.70 01.07
37.06 01.07
37.43 01.07
37.81 01.07
38.19 01.07
38.57 01.07
38.95 01.07
39.34 01.07
39.74 01.08
40.14 01.08
40.54 01.08
40.94 01.09
41.35 01.10
41.76 01.10
42.18 01.11
42.60 01.13
43.03 01.14
43.46 01.16
43.90 01.17
44.33 01.19
44.78 01.21
45.23 01.24
45.68 01.26
46.13 01.29
46.60 01.32
47.06 01.35
47.53 01.38
48.01 01.41
48.49 01.45
48.97 01.48
49.46 01.51
49.96 01.55
50.46 01.58
50.96 01.61
51.47 01.63
51.99 01.65
52.51 01.66
53.03 01.67
53.56 01.66
54.10 01.65
54.64 01.62
55.18 01.59
55.74 01.54
56.29 01.49
56.86 01.42
57.42 01.35
58.00 01.27
58.58 01.18
59.16 01.09
59.76 01.00
60.35 00.91
60.96 00.83
61.57 00.75
62.18 00.68
62.80 00.62
63.43 00.58
64.07 00.56
64.71 00.55
65.35 00.55
66.01 00.57
66.67 00.61
67.33 00.66
68.01 00.72
68.69 00.78
69.37 00.85
70.07 00.93
70.77 01.00
71.48 01.07
72.19 01.14
72.91 01.20
73.64 01.26
74.38 01.30
75.12 01.34
75.87 01.38
76.63 01.40
77.40 01.42
78.17 01.44
78.95 01.45
79.74 01.45
80.54 01.45
81.35 01.45
82.16 01.45
82.98 01.45
83.81 01.44
84.65 01.43
85.50 01.42
86.35 01.41
87.22 01.39
88.09 01.37
88.97 01.36
89.86 01.34
90.76 01.32
91.66 01.29
92.58 01.27
93.51 01.24
94.44 01.21
95.39 01.18
96.34 01.14
97.30 01.11
98.28 01.07
99.26 01.03
100.25 00.98
101.25 00.94
102.27 00.89
103.29 00.84
104.32 00.79
105.37 00.74
106.42 00.68
107.48 00.63
108.56 00.57
109.64 00.51
110.74 00.45
111.85 00.39
112.97 00.32
114.10 00.26
115.24 00.19
116.39 00.13
117.55 00.06
118.73 -00.01
119.92 -00.08
121.12 -00.15
122.33 -00.22
123.55 -00.29
124.79 -00.36
126.03 -00.43
127.29 -00.51
128.57 -00.58
129.85 -00.66
131.15 -00.73
132.46 -00.80
133.79 -00.88
135.12 -00.96
136.48 -01.04
137.84 -01.13
139.22 -01.22
140.61 -01.31
142.02 -01.41
143.44 -01.51
144.87 -01.60
146.32 -01.70
147.78 -01.79
149.26 -01.88
150.75 -01.96
152.26 -02.04
153.78 -02.11
155.32 -02.17
156.88 -02.23
158.44 -02.28
160.03 -02.33
161.63 -02.38
163.24 -02.42
164.88 -02.45
166.53 -02.49
168.19 -02.53
169.87 -02.56
171.57 -02.58
173.29 -02.59
175.02 -02.61
176.77 -02.60
178.54 -02.60
180.32 -02.60
182.13 -02.58
183.95 -02.58
185.79 -02.58
187.65 -02.58
189.52 -02.59
191.42 -02.60
193.33 -02.63
195.27 -02.65
197.22 -02.69
199.19 -02.72
201.18 -02.77
203.19 -02.80
205.23 -02.85
207.28 -02.89
209.35 -02.94
211.44 -02.99
213.56 -03.04
215.69 -03.07
217.85 -03.10
220.03 -03.14
222.23 -03.15
224.45 -03.16
226.70 -03.16
228.96 -03.16
231.25 -03.13
233.57 -03.10
235.90 -03.06
238.26 -02.99
240.64 -02.90
243.05 -02.79
245.48 -02.67
247.93 -02.53
250.41 -02.38
252.92 -02.23
255.45 -02.07
258.00 -01.92
260.58 -01.77
263.19 -01.62
265.82 -01.49
268.48 -01.36
271.16 -01.25
273.87 -01.16
276.61 -01.06
279.38 -00.98
282.17 -00.89
284.99 -00.81
287.84 -00.72
290.72 -00.64
293.63 -00.55
296.57 -00.46
299.53 -00.39
302.53 -00.31
305.55 -00.24
308.61 -00.17
311.69 -00.11
314.81 -00.06
317.96 00.00
321.14 00.03
324.35 00.08
327.59 00.11
330.87 00.14
334.18 00.17
337.52 00.21
340.90 00.24
344.30 00.26
347.75 00.28
351.23 00.31
354.74 00.33
358.28 00.34
361.87 00.37
365.49 00.38
369.14 00.40
372.83 00.41
376.56 00.41
380.33 00.42
384.13 00.43
387.97 00.44
391.85 00.44
395.77 00.45
399.73 00.45
403.72 00.47
407.76 00.49
411.84 00.52
415.96 00.56
420.12 00.61
424.32 00.66
428.56 00.73
432.85 00.80
437.18 00.87
441.55 00.96
445.96 01.04
450.42 01.11
454.93 01.19
459.48 01.24
464.07 01.29
468.71 01.33
473.40 01.37
478.13 01.39
482.91 01.40
487.74 01.40
492.62 01.41
497.55 01.39
502.52 01.37
507.55 01.36
512.62 01.33
517.75 01.30
522.93 01.28
528.16 01.25
533.44 01.23
538.77 01.21
544.16 01.18
549.60 01.17
555.10 01.15
560.65 01.14
566.25 01.11
571.92 01.10
577.64 01.08
583.41 01.06
589.25 01.04
595.14 01.02
601.09 01.00
607.10 00.98
613.17 00.97
619.30 00.95
625.50 00.95
631.75 00.95
638.07 00.95
644.45 00.96
650.89 00.95
657.40 00.95
663.98 00.96
670.62 00.97
677.32 00.97
684.10 00.99
690.94 01.00
697.85 01.02
704.83 01.04
711.87 01.05
718.99 01.08
726.18 01.09
733.44 01.10
740.78 01.11
748.19 01.14
755.67 01.15
763.23 01.16
770.86 01.17
778.57 01.18
786.35 01.17
794.22 01.17
802.16 01.16
810.18 01.15
818.28 01.13
826.46 01.11
834.73 01.09
843.08 01.06
851.51 01.03
860.02 01.00
868.62 00.97
877.31 00.95
886.08 00.92
894.94 00.89
903.89 00.86
912.93 00.84
922.06 00.81
931.28 00.78
940.59 00.73
950.00 00.68
959.50 00.61
969.09 00.53
978.78 00.45
988.57 00.35
998.46 00.25
1008.44 00.14
1018.53 00.04
1028.71 -00.08
1039.00 -00.18
1049.39 -00.29
1059.88 -00.40
1070.48 -00.50
1081.19 -00.59
1092.00 -00.70
1102.92 -00.81
1113.95 -00.91
1125.09 -01.01
1136.34 -01.12
1147.70 -01.22
1159.18 -01.32
1170.77 -01.42
1182.48 -01.53
1194.30 -01.62
1206.25 -01.72
1218.31 -01.81
1230.49 -01.89
1242.80 -01.98
1255.22 -02.09
1267.78 -02.18
1280.45 -02.28
1293.26 -02.36
1306.19 -02.45
1319.25 -02.53
1332.45 -02.62
1345.77 -02.70
1359.23 -02.78
1372.82 -02.85
1386.55 -02.92
1400.41 -02.99
1414.42 -03.05
1428.56 -03.11
1442.85 -03.17
1457.28 -03.23
1471.85 -03.28
1486.57 -03.34
1501.43 -03.39
1516.45 -03.44
1531.61 -03.48
1546.93 -03.53
1562.40 -03.58
1578.02 -03.62
1593.80 -03.67
1609.74 -03.71
1625.84 -03.75
1642.10 -03.79
1658.52 -03.81
1675.10 -03.85
1691.85 -03.87
1708.77 -03.89
1725.86 -03.91
1743.12 -03.91
1760.55 -03.92
1778.15 -03.92
1795.94 -03.91
1813.90 -03.90
1832.03 -03.89
1850.36 -03.87
1868.86 -03.85
1887.55 -03.83
1906.42 -03.80
1925.49 -03.77
1944.74 -03.74
1964.19 -03.70
1983.83 -03.66
2003.67 -03.62
2023.71 -03.58
2043.94 -03.54
2064.38 -03.50
2085.03 -03.45
2105.88 -03.40
2126.94 -03.36
2148.20 -03.31
2169.69 -03.27
2191.38 -03.24
2213.30 -03.20
2235.43 -03.17
2257.78 -03.14
2280.36 -03.13
2303.17 -03.11
2326.20 -03.10
2349.46 -03.10
2372.95 -03.12
2396.68 -03.13
2420.65 -03.16
2444.86 -03.20
2469.31 -03.25
2494.00 -03.31
2518.94 -03.39
2544.13 -03.49
2569.57 -03.61
2595.27 -03.76
2621.22 -03.95
2647.43 -04.18
2673.90 -04.44
2700.64 -04.74
2727.65 -05.09
2754.93 -05.50
2782.48 -05.95
2810.30 -06.46
2838.40 -07.03
2866.79 -07.66
2895.46 -08.32
2924.41 -09.01
2953.65 -09.70
2983.19 -10.37
3013.02 -10.97
3043.15 -11.45
3073.58 -11.80
3104.32 -11.98
3135.36 -12.02
3166.72 -11.91
3198.38 -11.73
3230.37 -11.49
3262.67 -11.24
3295.30 -10.99
3328.25 -10.76
3361.53 -10.56
3395.15 -10.39
3429.10 -10.24
3463.39 -10.11
3498.03 -10.00
3533.01 -09.90
3568.34 -09.80
3604.02 -09.72
3640.06 -09.63
3676.46 -09.53
3713.22 -09.43
3750.36 -09.30
3787.86 -09.16
3825.74 -09.00
3864.00 -08.82
3902.64 -08.63
3941.66 -08.43
3981.08 -08.24
4020.89 -08.04
4061.10 -07.86
4101.71 -07.70
4142.73 -07.55
4184.15 -07.43
4226.00 -07.33
4268.26 -07.26
4310.94 -07.22
4354.05 -07.19
4397.59 -07.19
4441.56 -07.20
4485.98 -07.23
4530.84 -07.26
4576.15 -07.29
4621.91 -07.31
4668.13 -07.32
4714.81 -07.31
4761.96 -07.26
4809.58 -07.16
4857.67 -07.00
4906.25 -06.76
4955.31 -06.43
5004.87 -06.02
5054.91 -05.53
5105.46 -04.98
5156.52 -04.47
5208.08 -03.99
5260.16 -03.51
5312.77 -03.05
5365.89 -02.61
5419.55 -02.20
5473.75 -01.83
5528.49 -01.51
5583.77 -01.22
5639.61 -00.99
5696.00 -00.83
5752.96 -00.72
5810.49 -00.68
5868.60 -00.69
5927.28 -00.76
5986.56 -00.90
6046.42 -00.86
6106.89 -00.80
6167.96 -00.80
6229.64 -00.84
6291.93 -00.93
6354.85 -01.05
6418.40 -01.19
6482.58 -01.31
6547.41 -01.41
6612.88 -01.43
6679.01 -01.35
6745.80 -01.16
6813.26 -00.87
6881.39 -00.50
6950.21 -00.09
7019.71 00.33
7089.91 00.72
7160.81 01.09
7232.41 01.41
7304.74 01.54
7377.79 01.60
7451.56 01.62
7526.08 01.58
7601.34 01.51
7677.35 01.41
7754.13 01.31
7831.67 01.23
7909.98 01.19
7989.08 01.19
8068.98 01.23
8149.67 01.30
8231.16 01.37
8313.47 01.42
8396.61 01.43
8480.57 01.39
8565.38 01.29
8651.03 01.11
8737.54 00.87
8824.92 00.55
8913.17 00.17
9002.30 -00.29
9092.32 -00.81
9183.25 -01.41
9275.08 -02.06
9367.83 -02.75
9461.51 -03.44
9556.12 -04.11
9651.68 -04.72
9748.20 -05.24
9845.68 -05.67
9944.14 -06.02
10043.58 -06.31
10144.02 -06.53
10245.46 -06.68
10347.91 -06.67
10451.39 -06.60
10555.91 -06.47
10661.46 -06.29
10768.08 -06.07
10875.76 -05.81
10984.52 -05.50
11094.36 -05.17
11205.31 -04.82
11317.36 -04.47
11430.53 -04.14
11544.84 -03.86
11660.29 -03.65
11776.89 -03.53
11894.66 -03.48
12013.60 -03.53
12133.74 -03.66
12255.08 -03.88
12377.63 -04.19
12501.41 -04.61
12626.42 -05.15
12752.68 -05.80
12880.21 -06.58
13009.01 -07.44
13139.10 -08.34
13270.49 -09.26
13403.20 -10.14
13537.23 -10.97
13672.60 -11.73
13809.33 -12.41
13947.42 -13.09
14086.90 -13.81
14227.77 -14.66
14370.04 -15.74
14513.74 -17.10
14658.88 -18.52
14805.47 -19.08
14953.52 -18.30
15103.06 -16.72
15254.09 -14.93
15406.63 -13.18
15560.70 -11.53
15716.30 -10.04
15873.47 -08.75
16032.20 -07.69
16192.52 -06.82
16354.45 -06.09
16517.99 -05.47
16683.17 -04.95
16850.01 -04.58
17018.51 -04.39
17188.69 -04.39
17360.58 -04.56
17534.18 -04.89
17709.53 -05.32
17886.62 -05.77
18065.49 -06.23
18246.14 -06.70
18428.60 -07.24
18612.89 -07.84
18799.02 -08.45
18987.01 -08.94
19176.88 -09.20
19368.65 -09.26
19562.33 -09.23
19757.96 -09.26
19955.54 -09.44
20000.00 -09.51
