20.00 -02.06
20.20 -02.02
20.40 -01.97
20.61 -01.93
20.81 -01.88
21.02 -01.83
21.23 -01.79
21.44 -01.74
21.66 -01.69
21.87 -01.65
22.09 -01.60
22.31 -01.55
22.54 -01.50
22.76 -01.45
22.99 -01.40
23.22 -01.35
23.45 -01.30
23.69 -01.25
23.92 -01.20
24.16 -01.15
24.40 -01.11
24.65 -01.06
24.89 -01.02
25.14 -00.98
25.39 -00.94
25.65 -00.90
25.91 -00.86
26.16 -00.83
26.43 -00.80
26.69 -00.78
26.96 -00.76
27.23 -00.74
27.50 -00.74
27.77 -00.73
28.05 -00.74
28.33 -00.74
28.62 -00.74
28.90 -00.74
29.19 -00.73
29.48 -00.72
29.78 -00.69
30.08 -00.66
30.38 -00.63
30.68 -00.58
30.99 -00.54
31.30 -00.49
31.61 -00.45
31.93 -00.41
32.24 -00.38
32.57 -00.36
32.89 -00.33
33.22 -00.31
33.55 -00.30
33.89 -00.28
34.23 -00.26
34.57 -00.24
34.92 -00.22
35.27 -00.20
35.62 -00.18
35.97 -00.15
36.33 -00.13
36.70 -00.10
37.06 -00.09
37.43 -00.08
37.81 -00.09
38.19 -00.11
38.57 -00.14
38.95 -00.18
39.34 -00.23
39.74 -00.28
40.14 -00.33
40.54 -00.38
40.94 -00.44
41.35 -00.50
41.76 -00.55
42.18 -00.60
42.60 -00.64
43.03 -00.64
43.46 -00.63
43.90 -00.60
44.33 -00.55
44.78 -00.48
45.23 -00.41
45.68 -00.35
46.13 -00.28
46.60 -00.22
47.06 -00.16
47.53 -00.10
48.01 -00.04
48.49 00.01
48.97 00.06
49.46 00.10
49.96 00.13
50.46 00.16
50.96 00.17
51.47 00.19
51.99 00.19
52.51 00.18
53.03 00.15
53.56 00.09
54.10 00.02
54.64 -00.09
55.18 -00.21
55.74 -00.34
56.29 -00.47
56.86 -00.61
57.42 -00.73
58.00 -00.83
58.58 -00.89
59.16 -00.90
59.76 -00.87
60.35 -00.79
60.96 -00.68
61.57 -00.58
62.18 -00.47
62.80 -00.39
63.43 -00.32
64.07 -00.26
64.71 -00.21
65.35 -00.16
66.01 -00.11
66.67 -00.05
67.33 00.01
68.01 00.08
68.69 00.15
69.37 00.23
70.07 00.31
70.77 00.38
71.48 00.44
72.19 00.50
72.91 00.56
73.64 00.61
74.38 00.66
75.12 00.71
75.87 00.77
76.63 00.82
77.40 00.88
78.17 00.94
78.95 01.00
79.74 01.05
80.54 01.10
81.35 01.14
82.16 01.18
82.98 01.21
83.81 01.25
84.65 01.28
85.50 01.30
86.35 01.33
87.22 01.36
88.09 01.38
88.97 01.39
89.86 01.40
90.76 01.41
91.66 01.42
92.58 01.42
93.51 01.42
94.44 01.42
95.39 01.40
96.34 01.38
97.30 01.34
98.28 01.31
99.26 01.29
100.25 01.29
101.25 01.31
102.27 01.35
103.29 01.41
104.32 01.48
105.37 01.53
106.42 01.58
107.48 01.62
108.56 01.65
109.64 01.67
110.74 01.70
111.85 01.72
112.97 01.75
114.10 01.77
115.24 01.78
116.39 01.80
117.55 01.81
118.73 01.83
119.92 01.84
121.12 01.85
122.33 01.85
123.55 01.86
124.79 01.86
126.03 01.86
127.29 01.86
128.57 01.86
129.85 01.86
131.15 01.86
132.46 01.86
133.79 01.86
135.12 01.86
136.48 01.86
137.84 01.86
139.22 01.86
140.61 01.85
142.02 01.84
143.44 01.82
144.87 01.80
146.32 01.77
147.78 01.74
149.26 01.69
150.75 01.64
152.26 01.57
153.78 01.49
155.32 01.39
156.88 01.27
158.44 01.13
160.03 00.97
161.63 00.81
163.24 00.63
164.88 00.46
166.53 00.28
168.19 00.14
169.87 00.05
171.57 00.05
173.29 00.11
175.02 00.23
176.77 00.42
178.54 00.63
180.32 00.83
182.13 01.05
183.95 01.24
185.79 01.42
187.65 01.59
189.52 01.71
191.42 01.82
193.33 01.87
195.27 01.89
197.22 01.86
199.19 01.78
201.18 01.66
203.19 01.50
205.23 01.33
207.28 01.19
209.35 01.09
211.44 01.07
213.56 01.12
215.69 01.24
217.85 01.38
220.03 01.50
222.23 01.64
224.45 01.76
226.70 01.88
228.96 01.99
231.25 02.12
233.57 02.22
235.90 02.30
238.26 02.34
240.64 02.35
243.05 02.30
245.48 02.21
247.93 02.11
250.41 01.99
252.92 01.91
255.45 01.88
258.00 01.87
260.58 01.90
263.19 01.93
265.82 01.91
268.48 01.87
271.16 01.76
273.87 01.63
276.61 01.56
279.38 01.51
282.17 01.50
284.99 01.46
287.84 01.38
290.72 01.22
293.63 01.02
296.57 00.80
299.53 00.60
302.53 00.56
305.55 00.64
308.61 00.80
311.69 01.00
314.81 01.21
317.96 01.42
321.14 01.60
324.35 01.76
327.59 01.88
330.87 01.97
334.18 02.02
337.52 02.08
340.90 02.11
344.30 02.15
347.75 02.20
351.23 02.27
354.74 02.34
358.28 02.40
361.87 02.48
365.49 02.53
369.14 02.57
372.83 02.58
376.56 02.57
380.33 02.56
384.13 02.54
387.97 02.52
391.85 02.48
395.77 02.45
399.73 02.41
403.72 02.37
407.76 02.31
411.84 02.26
415.96 02.19
420.12 02.12
424.32 02.03
428.56 01.93
432.85 01.80
437.18 01.65
441.55 01.50
445.96 01.38
450.42 01.31
454.93 01.31
459.48 01.36
464.07 01.46
468.71 01.59
473.40 01.75
478.13 01.89
482.91 02.01
487.74 02.12
492.62 02.21
497.55 02.28
502.52 02.32
507.55 02.36
512.62 02.37
517.75 02.36
522.93 02.35
528.16 02.33
533.44 02.33
538.77 02.32
544.16 02.34
549.60 02.39
555.10 02.45
560.65 02.52
566.25 02.60
571.92 02.68
577.64 02.73
583.41 02.79
589.25 02.83
595.14 02.85
601.09 02.87
607.10 02.86
613.17 02.85
619.30 02.83
625.50 02.81
631.75 02.79
638.07 02.77
644.45 02.74
650.89 02.69
657.40 02.64
663.98 02.60
670.62 02.54
677.32 02.49
684.10 02.44
690.94 02.39
697.85 02.33
704.83 02.27
711.87 02.20
718.99 02.14
726.18 02.07
733.44 02.01
740.78 01.94
748.19 01.89
755.67 01.82
763.23 01.74
770.86 01.67
778.57 01.58
786.35 01.48
794.22 01.37
802.16 01.28
810.18 01.18
818.28 01.08
826.46 00.98
834.73 00.89
843.08 00.78
851.51 00.68
860.02 00.58
868.62 00.48
877.31 00.39
886.08 00.30
894.94 00.21
903.89 00.12
912.93 00.05
922.06 -00.04
931.28 -00.12
940.59 -00.21
950.00 -00.29
959.50 -00.37
969.09 -00.47
978.78 -00.56
988.57 -00.64
998.46 -00.74
1008.44 -00.84
1018.53 -00.93
1028.71 -01.03
1039.00 -01.13
1049.39 -01.23
1059.88 -01.35
1070.48 -01.45
1081.19 -01.56
1092.00 -01.68
1102.92 -01.79
1113.95 -01.90
1125.09 -02.02
1136.34 -02.14
1147.70 -02.26
1159.18 -02.38
1170.77 -02.51
1182.48 -02.64
1194.30 -02.76
1206.25 -02.87
1218.31 -02.98
1230.49 -03.10
1242.80 -03.21
1255.22 -03.33
1267.78 -03.44
1280.45 -03.55
1293.26 -03.65
1306.19 -03.73
1319.25 -03.81
1332.45 -03.90
1345.77 -03.99
1359.23 -04.07
1372.82 -04.16
1386.55 -04.24
1400.41 -04.32
1414.42 -04.40
1428.56 -04.48
1442.85 -04.57
1457.28 -04.67
1471.85 -04.77
1486.57 -04.86
1501.43 -04.95
1516.45 -05.01
1531.61 -05.04
1546.93 -05.08
1562.40 -05.11
1578.02 -05.13
1593.80 -05.16
1609.74 -05.19
1625.84 -05.23
1642.10 -05.28
1658.52 -05.32
1675.10 -05.39
1691.85 -05.45
1708.77 -05.50
1725.86 -05.55
1743.12 -05.58
1760.55 -05.61
1778.15 -05.63
1795.94 -05.63
1813.90 -05.64
1832.03 -05.65
1850.36 -05.67
1868.86 -05.70
1887.55 -05.75
1906.42 -05.80
1925.49 -05.86
1944.74 -05.95
1964.19 -06.02
1983.83 -06.10
2003.67 -06.19
2023.71 -06.28
2043.94 -06.38
2064.38 -06.47
2085.03 -06.57
2105.88 -06.65
2126.94 -06.74
2148.20 -06.82
2169.69 -06.89
2191.38 -06.97
2213.30 -07.04
2235.43 -07.09
2257.78 -07.15
2280.36 -07.20
2303.17 -07.25
2326.20 -07.27
2349.46 -07.29
2372.95 -07.28
2396.68 -07.25
2420.65 -07.22
2444.86 -07.17
2469.31 -07.10
2494.00 -07.03
2518.94 -06.96
2544.13 -06.90
2569.57 -06.84
2595.27 -06.79
2621.22 -06.75
2647.43 -06.73
2673.90 -06.72
2700.64 -06.71
2727.65 -06.73
2754.93 -06.77
2782.48 -06.82
2810.30 -06.89
2838.40 -06.97
2866.79 -07.07
2895.46 -07.17
2924.41 -07.28
2953.65 -07.39
2983.19 -07.50
3013.02 -07.61
3043.15 -07.69
3073.58 -07.78
3104.32 -07.84
3135.36 -07.91
3166.72 -07.97
3198.38 -08.03
3230.37 -08.08
3262.67 -08.15
3295.30 -08.21
3328.25 -08.27
3361.53 -08.31
3395.15 -08.35
3429.10 -08.36
3463.39 -08.36
3498.03 -08.33
3533.01 -08.27
3568.34 -08.17
3604.02 -08.05
3640.06 -07.89
3676.46 -07.70
3713.22 -07.47
3750.36 -07.22
3787.86 -06.93
3825.74 -06.61
3864.00 -06.26
3902.64 -05.88
3941.66 -05.47
3981.08 -05.05
4020.89 -04.62
4061.10 -04.21
4101.71 -03.81
4142.73 -03.45
4184.15 -03.12
4226.00 -02.84
4268.26 -02.60
4310.94 -02.37
4354.05 -02.16
4397.59 -01.96
4441.56 -01.74
4485.98 -01.52
4530.84 -01.27
4576.15 -01.02
4621.91 -00.74
4668.13 -00.46
4714.81 -00.18
4761.96 00.09
4809.58 00.34
4857.67 00.57
4906.25 00.77
4955.31 00.94
5004.87 01.10
5054.91 01.24
5105.46 01.37
5156.52 01.42
5208.08 01.41
5260.16 01.40
5312.77 01.37
5365.89 01.31
5419.55 01.20
5473.75 01.02
5528.49 00.76
5583.77 00.42
5639.61 00.00
5696.00 -00.52
5752.96 -01.08
5810.49 -01.65
5868.60 -02.20
5927.28 -02.69
5986.56 -03.10
6046.42 -03.22
6106.89 -03.21
6167.96 -03.18
6229.64 -03.14
6291.93 -03.10
6354.85 -03.05
6418.40 -02.99
6482.58 -02.88
6547.41 -02.72
6612.88 -02.45
6679.01 -02.09
6745.80 -01.64
6813.26 -01.12
6881.39 -00.56
6950.21 00.03
7019.71 00.60
7089.91 01.14
7160.81 01.63
7232.41 02.04
7304.74 02.18
7377.79 02.22
7451.56 02.17
7526.08 02.06
7601.34 01.89
7677.35 01.70
7754.13 01.50
7831.67 01.30
7909.98 01.09
7989.08 00.88
8068.98 00.67
8149.67 00.48
8231.16 00.32
8313.47 00.21
8396.61 00.15
8480.57 00.13
8565.38 00.11
8651.03 00.08
8737.54 00.04
8824.92 -00.02
8913.17 -00.09
9002.30 -00.14
9092.32 -00.18
9183.25 -00.19
9275.08 -00.16
9367.83 -00.10
9461.51 00.01
9556.12 00.16
9651.68 00.36
9748.20 00.62
9845.68 00.92
9944.14 01.26
10043.58 01.61
10144.02 01.96
10245.46 02.29
10347.91 02.68
10451.39 03.02
10555.91 03.29
10661.46 03.48
10768.08 03.55
10875.76 03.52
10984.52 03.41
11094.36 03.20
11205.31 02.89
11317.36 02.47
11430.53 01.98
11544.84 01.43
11660.29 00.85
11776.89 00.27
11894.66 -00.22
12013.60 -00.62
12133.74 -00.90
12255.08 -01.08
12377.63 -01.17
12501.41 -01.17
12626.42 -01.11
12752.68 -00.98
12880.21 -00.82
13009.01 -00.61
13139.10 -00.40
13270.49 -00.21
13403.20 -00.06
13537.23 00.05
13672.60 00.10
13809.33 00.09
13947.42 00.02
14086.90 -00.08
14227.77 -00.18
14370.04 -00.22
14513.74 -00.13
14658.88 -00.03
14805.47 00.16
14953.52 00.39
15103.06 00.51
15254.09 00.47
15406.63 00.26
15560.70 -00.08
15716.30 -00.50
15873.47 -00.88
16032.20 -01.11
16192.52 -01.23
16354.45 -01.29
16517.99 -01.35
16683.17 -01.54
16850.01 -01.90
17018.51 -02.40
17188.69 -03.03
17360.58 -03.70
17534.18 -04.34
17709.53 -04.87
17886.62 -05.26
18065.49 -05.52
18246.14 -05.66
18428.60 -05.73
18612.89 -05.73
18799.02 -05.72
18987.01 -05.69
19176.88 -05.69
19368.65 -05.84
19562.33 -06.14
19757.96 -06.59
19955.54 -07.20
20000.00 -07.37
