20.00 -05.68
20.20 -05.57
20.40 -05.47
20.61 -05.36
20.81 -05.27
21.02 -05.17
21.23 -05.07
21.44 -04.98
21.66 -04.88
21.87 -04.79
22.09 -04.70
22.31 -04.61
22.54 -04.52
22.76 -04.43
22.99 -04.34
23.22 -04.25
23.45 -04.16
23.69 -04.07
23.92 -03.99
24.16 -03.90
24.40 -03.81
24.65 -03.73
24.89 -03.64
25.14 -03.55
25.39 -03.47
25.65 -03.38
25.91 -03.30
26.16 -03.22
26.43 -03.13
26.69 -03.05
26.96 -02.97
27.23 -02.89
27.50 -02.81
27.77 -02.73
28.05 -02.65
28.33 -02.57
28.62 -02.49
28.90 -02.42
29.19 -02.35
29.48 -02.27
29.78 -02.20
30.08 -02.13
30.38 -02.06
30.68 -01.99
30.99 -01.92
31.30 -01.86
31.61 -01.79
31.93 -01.73
32.24 -01.66
32.57 -01.60
32.89 -01.54
33.22 -01.48
33.55 -01.42
33.89 -01.36
34.23 -01.30
34.57 -01.24
34.92 -01.18
35.27 -01.12
35.62 -01.06
35.97 -01.00
36.33 -00.94
36.70 -00.88
37.06 -00.83
37.43 -00.77
37.81 -00.72
38.19 -00.66
38.57 -00.61
38.95 -00.55
39.34 -00.50
39.74 -00.45
40.14 -00.40
40.54 -00.34
40.94 -00.29
41.35 -00.25
41.76 -00.20
42.18 -00.15
42.60 -00.10
43.03 -00.05
43.46 00.00
43.90 00.05
44.33 00.09
44.78 00.14
45.23 00.19
45.68 00.23
46.13 00.28
46.60 00.32
47.06 00.37
47.53 00.41
48.01 00.46
48.49 00.50
48.97 00.54
49.46 00.58
49.96 00.62
50.46 00.66
50.96 00.70
51.47 00.74
51.99 00.77
52.51 00.81
53.03 00.84
53.56 00.87
54.10 00.91
54.64 00.94
55.18 00.96
55.74 00.99
56.29 01.02
56.86 01.04
57.42 01.06
58.00 01.09
58.58 01.11
59.16 01.13
59.76 01.16
60.35 01.18
60.96 01.21
61.57 01.23
62.18 01.26
62.80 01.29
63.43 01.32
64.07 01.35
64.71 01.38
65.35 01.41
66.01 01.45
66.67 01.49
67.33 01.52
68.01 01.56
68.69 01.60
69.37 01.64
70.07 01.68
70.77 01.73
71.48 01.77
72.19 01.81
72.91 01.85
73.64 01.89
74.38 01.93
75.12 01.97
75.87 02.01
76.63 02.05
77.40 02.09
78.17 02.13
78.95 02.17
79.74 02.21
80.54 02.25
81.35 02.29
82.16 02.33
82.98 02.36
83.81 02.40
84.65 02.43
85.50 02.47
86.35 02.50
87.22 02.54
88.09 02.57
88.97 02.60
89.86 02.63
90.76 02.65
91.66 02.68
92.58 02.70
93.51 02.73
94.44 02.75
95.39 02.76
96.34 02.78
97.30 02.79
98.28 02.81
99.26 02.82
100.25 02.83
101.25 02.83
102.27 02.84
103.29 02.85
104.32 02.86
105.37 02.86
106.42 02.87
107.48 02.88
108.56 02.88
109.64 02.89
110.74 02.90
111.85 02.91
112.97 02.92
114.10 02.93
115.24 02.94
116.39 02.94
117.55 02.95
118.73 02.96
119.92 02.97
121.12 02.97
122.33 02.98
123.55 02.98
124.79 02.99
126.03 02.99
127.29 03.00
128.57 03.00
129.85 03.00
131.15 03.00
132.46 03.00
133.79 03.00
135.12 03.00
136.48 03.00
137.84 03.00
139.22 03.00
140.61 03.00
142.02 02.99
143.44 02.99
144.87 02.99
146.32 02.99
147.78 02.99
149.26 02.99
150.75 02.98
152.26 02.98
153.78 02.98
155.32 02.97
156.88 02.96
158.44 02.96
160.03 02.95
161.63 02.95
163.24 02.94
164.88 02.95
166.53 02.95
168.19 02.94
169.87 02.94
171.57 02.94
173.29 02.93
175.02 02.92
176.77 02.92
178.54 02.92
180.32 02.91
182.13 02.91
183.95 02.90
185.79 02.89
187.65 02.89
189.52 02.89
191.42 02.88
193.33 02.87
195.27 02.87
197.22 02.86
199.19 02.85
201.18 02.84
203.19 02.83
205.23 02.82
207.28 02.81
209.35 02.79
211.44 02.78
213.56 02.77
215.69 02.76
217.85 02.75
220.03 02.73
222.23 02.73
224.45 02.72
226.70 02.70
228.96 02.69
231.25 02.68
233.57 02.66
235.90 02.64
238.26 02.63
240.64 02.62
243.05 02.60
245.48 02.59
247.93 02.58
250.41 02.57
252.92 02.55
255.45 02.55
258.00 02.53
260.58 02.51
263.19 02.50
265.82 02.48
268.48 02.46
271.16 02.44
273.87 02.41
276.61 02.40
279.38 02.37
282.17 02.36
284.99 02.34
287.84 02.34
290.72 02.33
293.63 02.33
296.57 02.33
299.53 02.33
302.53 02.33
305.55 02.33
308.61 02.33
311.69 02.34
314.81 02.33
317.96 02.33
321.14 02.32
324.35 02.32
327.59 02.30
330.87 02.28
334.18 02.26
337.52 02.25
340.90 02.22
344.30 02.20
347.75 02.18
351.23 02.16
354.74 02.14
358.28 02.11
361.87 02.10
365.49 02.08
369.14 02.06
372.83 02.04
376.56 02.01
380.33 01.98
384.13 01.95
387.97 01.91
391.85 01.87
395.77 01.82
399.73 01.76
403.72 01.71
407.76 01.64
411.84 01.58
415.96 01.51
420.12 01.45
424.32 01.38
428.56 01.33
432.85 01.28
437.18 01.23
441.55 01.19
445.96 01.16
450.42 01.13
454.93 01.12
459.48 01.10
464.07 01.09
468.71 01.09
473.40 01.10
478.13 01.10
482.91 01.11
487.74 01.12
492.62 01.13
497.55 01.14
502.52 01.14
507.55 01.16
512.62 01.16
517.75 01.16
522.93 01.17
528.16 01.17
533.44 01.18
538.77 01.17
544.16 01.17
549.60 01.17
555.10 01.17
560.65 01.17
566.25 01.17
571.92 01.18
577.64 01.17
583.41 01.18
589.25 01.18
595.14 01.18
601.09 01.19
607.10 01.19
613.17 01.20
619.30 01.20
625.50 01.21
631.75 01.22
638.07 01.22
644.45 01.22
650.89 01.19
657.40 01.17
663.98 01.15
670.62 01.13
677.32 01.10
684.10 01.08
690.94 01.05
697.85 01.04
704.83 01.01
711.87 00.98
718.99 00.96
726.18 00.93
733.44 00.89
740.78 00.86
748.19 00.83
755.67 00.79
763.23 00.76
770.86 00.73
778.57 00.69
786.35 00.65
794.22 00.61
802.16 00.58
810.18 00.55
818.28 00.51
826.46 00.48
834.73 00.46
843.08 00.43
851.51 00.40
860.02 00.37
868.62 00.34
877.31 00.32
886.08 00.29
894.94 00.26
903.89 00.23
912.93 00.22
922.06 00.20
931.28 00.18
940.59 00.15
950.00 00.12
959.50 00.08
969.09 00.04
978.78 00.00
988.57 -00.04
998.46 -00.09
1008.44 -00.14
1018.53 -00.19
1028.71 -00.26
1039.00 -00.32
1049.39 -00.38
1059.88 -00.45
1070.48 -00.51
1081.19 -00.57
1092.00 -00.64
1102.92 -00.70
1113.95 -00.76
1125.09 -00.83
1136.34 -00.90
1147.70 -00.96
1159.18 -01.02
1170.77 -01.07
1182.48 -01.12
1194.30 -01.17
1206.25 -01.22
1218.31 -01.28
1230.49 -01.34
1242.80 -01.40
1255.22 -01.48
1267.78 -01.54
1280.45 -01.62
1293.26 -01.69
1306.19 -01.76
1319.25 -01.84
1332.45 -01.94
1345.77 -02.03
1359.23 -02.12
1372.82 -02.21
1386.55 -02.30
1400.41 -02.38
1414.42 -02.46
1428.56 -02.55
1442.85 -02.64
1457.28 -02.73
1471.85 -02.81
1486.57 -02.90
1501.43 -02.98
1516.45 -03.06
1531.61 -03.13
1546.93 -03.21
1562.40 -03.30
1578.02 -03.38
1593.80 -03.46
1609.74 -03.53
1625.84 -03.61
1642.10 -03.70
1658.52 -03.78
1675.10 -03.86
1691.85 -03.94
1708.77 -04.01
1725.86 -04.10
1743.12 -04.19
1760.55 -04.30
1778.15 -04.41
1795.94 -04.52
1813.90 -04.64
1832.03 -04.75
1850.36 -04.85
1868.86 -04.95
1887.55 -05.05
1906.42 -05.14
1925.49 -05.23
1944.74 -05.31
1964.19 -05.36
1983.83 -05.40
2003.67 -05.43
2023.71 -05.46
2043.94 -05.49
2064.38 -05.52
2085.03 -05.56
2105.88 -05.61
2126.94 -05.66
2148.20 -05.73
2169.69 -05.79
2191.38 -05.86
2213.30 -05.94
2235.43 -06.02
2257.78 -06.11
2280.36 -06.20
2303.17 -06.29
2326.20 -06.38
2349.46 -06.46
2372.95 -06.53
2396.68 -06.58
2420.65 -06.62
2444.86 -06.66
2469.31 -06.67
2494.00 -06.69
2518.94 -06.69
2544.13 -06.71
2569.57 -06.73
2595.27 -06.76
2621.22 -06.81
2647.43 -06.88
2673.90 -06.95
2700.64 -07.03
2727.65 -07.13
2754.93 -07.24
2782.48 -07.37
2810.30 -07.49
2838.40 -07.62
2866.79 -07.75
2895.46 -07.88
2924.41 -08.00
2953.65 -08.10
2983.19 -08.20
3013.02 -08.29
3043.15 -08.37
3073.58 -08.45
3104.32 -08.52
3135.36 -08.57
3166.72 -08.61
3198.38 -08.62
3230.37 -08.60
3262.67 -08.57
3295.30 -08.52
3328.25 -08.45
3361.53 -08.38
3395.15 -08.32
3429.10 -08.26
3463.39 -08.21
3498.03 -08.19
3533.01 -08.17
3568.34 -08.17
3604.02 -08.20
3640.06 -08.25
3676.46 -08.33
3713.22 -08.43
3750.36 -08.55
3787.86 -08.66
3825.74 -08.74
3864.00 -08.79
3902.64 -08.78
3941.66 -08.70
3981.08 -08.57
4020.89 -08.37
4061.10 -08.11
4101.71 -07.78
4142.73 -07.40
4184.15 -06.99
4226.00 -06.56
4268.26 -06.11
4310.94 -05.66
4354.05 -05.19
4397.59 -04.72
4441.56 -04.25
4485.98 -03.79
4530.84 -03.35
4576.15 -02.92
4621.91 -02.51
4668.13 -02.10
4714.81 -01.68
4761.96 -01.27
4809.58 -00.85
4857.67 -00.45
4906.25 -00.06
4955.31 00.31
5004.87 00.66
5054.91 00.99
5105.46 01.31
5156.52 01.52
5208.08 01.68
5260.16 01.82
5312.77 01.94
5365.89 02.05
5419.55 02.14
5473.75 02.22
5528.49 02.29
5583.77 02.36
5639.61 02.41
5696.00 02.44
5752.96 02.46
5810.49 02.44
5868.60 02.40
5927.28 02.31
5986.56 02.17
6046.42 02.20
6106.89 02.26
6167.96 02.27
6229.64 02.23
6291.93 02.15
6354.85 02.03
6418.40 01.87
6482.58 01.70
6547.41 01.48
6612.88 01.27
6679.01 01.06
6745.80 00.85
6813.26 00.67
6881.39 00.49
6950.21 00.33
7019.71 00.19
7089.91 00.07
7160.81 -00.04
7232.41 -00.13
7304.74 -00.36
7377.79 -00.60
7451.56 -00.82
7526.08 -01.02
7601.34 -01.22
7677.35 -01.40
7754.13 -01.57
7831.67 -01.75
7909.98 -01.92
7989.08 -02.10
8068.98 -02.28
8149.67 -02.47
8231.16 -02.65
8313.47 -02.84
8396.61 -03.03
8480.57 -03.23
8565.38 -03.42
8651.03 -03.60
8737.54 -03.76
8824.92 -03.90
8913.17 -04.00
9002.30 -04.08
9092.32 -04.15
9183.25 -04.21
9275.08 -04.26
9367.83 -04.32
9461.51 -04.38
9556.12 -04.46
9651.68 -04.56
9748.20 -04.70
9845.68 -04.86
9944.14 -05.05
10043.58 -05.25
10144.02 -05.43
10245.46 -05.55
10347.91 -05.51
10451.39 -05.34
10555.91 -05.06
10661.46 -04.69
10768.08 -04.28
10875.76 -03.86
10984.52 -03.45
11094.36 -03.09
11205.31 -02.80
11317.36 -02.57
11430.53 -02.44
11544.84 -02.41
11660.29 -02.47
11776.89 -02.66
11894.66 -02.96
12013.60 -03.38
12133.74 -03.90
12255.08 -04.50
12377.63 -05.16
12501.41 -05.85
12626.42 -06.53
12752.68 -07.14
12880.21 -07.68
13009.01 -08.12
13139.10 -08.45
13270.49 -08.70
13403.20 -08.87
13537.23 -08.97
13672.60 -09.01
13809.33 -08.97
13947.42 -08.85
14086.90 -08.60
14227.77 -08.22
14370.04 -07.75
14513.74 -07.24
14658.88 -06.85
14805.47 -06.44
14953.52 -06.01
15103.06 -05.56
15254.09 -05.10
15406.63 -04.67
15560.70 -04.28
15716.30 -03.95
15873.47 -03.69
16032.20 -03.48
16192.52 -03.33
16354.45 -03.23
16517.99 -03.18
16683.17 -03.18
16850.01 -03.24
17018.51 -03.35
17188.69 -03.51
17360.58 -03.70
17534.18 -03.90
17709.53 -04.13
17886.62 -04.36
18065.49 -04.59
18246.14 -04.79
18428.60 -04.96
18612.89 -05.02
18799.02 -04.99
18987.01 -04.85
19176.88 -04.61
19368.65 -04.36
19562.33 -04.16
19757.96 -04.04
19955.54 -04.02
20000.00 -04.03
