20.00 -01.83
20.20 -01.80
20.40 -01.76
20.61 -01.73
20.81 -01.71
21.02 -01.68
21.23 -01.65
21.44 -01.63
21.66 -01.61
21.87 -01.58
22.09 -01.56
22.31 -01.54
22.54 -01.52
22.76 -01.50
22.99 -01.48
23.22 -01.46
23.45 -01.44
23.69 -01.42
23.92 -01.41
24.16 -01.39
24.40 -01.37
24.65 -01.35
24.89 -01.34
25.14 -01.32
25.39 -01.31
25.65 -01.29
25.91 -01.28
26.16 -01.26
26.43 -01.25
26.69 -01.24
26.96 -01.23
27.23 -01.21
27.50 -01.20
27.77 -01.19
28.05 -01.18
28.33 -01.18
28.62 -01.17
28.90 -01.16
29.19 -01.15
29.48 -01.15
29.78 -01.14
30.08 -01.14
30.38 -01.14
30.68 -01.13
30.99 -01.13
31.30 -01.13
31.61 -01.13
31.93 -01.13
32.24 -01.13
32.57 -01.13
32.89 -01.14
33.22 -01.14
33.55 -01.15
33.89 -01.15
34.23 -01.16
34.57 -01.17
34.92 -01.18
35.27 -01.19
35.62 -01.20
35.97 -01.21
36.33 -01.22
36.70 -01.23
37.06 -01.25
37.43 -01.26
37.81 -01.28
38.19 -01.29
38.57 -01.30
38.95 -01.32
39.34 -01.33
39.74 -01.34
40.14 -01.35
40.54 -01.37
40.94 -01.37
41.35 -01.38
41.76 -01.39
42.18 -01.39
42.60 -01.40
43.03 -01.40
43.46 -01.40
43.90 -01.39
44.33 -01.39
44.78 -01.39
45.23 -01.38
45.68 -01.37
46.13 -01.37
46.60 -01.36
47.06 -01.35
47.53 -01.34
48.01 -01.33
48.49 -01.32
48.97 -01.32
49.46 -01.31
49.96 -01.30
50.46 -01.28
50.96 -01.27
51.47 -01.26
51.99 -01.25
52.51 -01.24
53.03 -01.23
53.56 -01.21
54.10 -01.20
54.64 -01.19
55.18 -01.17
55.74 -01.16
56.29 -01.14
56.86 -01.13
57.42 -01.11
58.00 -01.09
58.58 -01.08
59.16 -01.06
59.76 -01.04
60.35 -01.03
60.96 -01.01
61.57 -00.99
62.18 -00.98
62.80 -00.96
63.43 -00.94
64.07 -00.93
64.71 -00.91
65.35 -00.90
66.01 -00.89
66.67 -00.88
67.33 -00.86
68.01 -00.85
68.69 -00.85
69.37 -00.84
70.07 -00.83
70.77 -00.82
71.48 -00.82
72.19 -00.82
72.91 -00.82
73.64 -00.82
74.38 -00.82
75.12 -00.83
75.87 -00.84
76.63 -00.86
77.40 -00.88
78.17 -00.90
78.95 -00.93
79.74 -00.96
80.54 -00.99
81.35 -01.02
82.16 -01.05
82.98 -01.08
83.81 -01.10
84.65 -01.12
85.50 -01.14
86.35 -01.15
87.22 -01.16
88.09 -01.17
88.97 -01.16
89.86 -01.16
90.76 -01.16
91.66 -01.15
92.58 -01.14
93.51 -01.14
94.44 -01.13
95.39 -01.13
96.34 -01.14
97.30 -01.14
98.28 -01.15
99.26 -01.15
100.25 -01.17
101.25 -01.18
102.27 -01.19
103.29 -01.21
104.32 -01.23
105.37 -01.24
106.42 -01.26
107.48 -01.27
108.56 -01.29
109.64 -01.31
110.74 -01.32
111.85 -01.34
112.97 -01.36
114.10 -01.38
115.24 -01.40
116.39 -01.42
117.55 -01.44
118.73 -01.46
119.92 -01.49
121.12 -01.51
122.33 -01.54
123.55 -01.57
124.79 -01.60
126.03 -01.63
127.29 -01.66
128.57 -01.69
129.85 -01.72
131.15 -01.75
132.46 -01.78
133.79 -01.82
135.12 -01.85
136.48 -01.88
137.84 -01.92
139.22 -01.96
140.61 -01.99
142.02 -02.03
143.44 -02.07
144.87 -02.12
146.32 -02.16
147.78 -02.21
149.26 -02.26
150.75 -02.31
152.26 -02.36
153.78 -02.41
155.32 -02.47
156.88 -02.52
158.44 -02.58
160.03 -02.64
161.63 -02.68
163.24 -02.73
164.88 -02.77
166.53 -02.81
168.19 -02.85
169.87 -02.89
171.57 -02.91
173.29 -02.94
175.02 -02.97
176.77 -02.99
178.54 -03.01
180.32 -03.03
182.13 -03.04
183.95 -03.06
185.79 -03.07
187.65 -03.09
189.52 -03.11
191.42 -03.12
193.33 -03.15
195.27 -03.17
197.22 -03.20
199.19 -03.22
201.18 -03.25
203.19 -03.27
205.23 -03.30
207.28 -03.32
209.35 -03.34
211.44 -03.35
213.56 -03.37
215.69 -03.37
217.85 -03.37
220.03 -03.38
222.23 -03.37
224.45 -03.35
226.70 -03.35
228.96 -03.34
231.25 -03.32
233.57 -03.31
235.90 -03.29
238.26 -03.28
240.64 -03.25
243.05 -03.23
245.48 -03.22
247.93 -03.19
250.41 -03.17
252.92 -03.16
255.45 -03.13
258.00 -03.12
260.58 -03.11
263.19 -03.10
265.82 -03.10
268.48 -03.09
271.16 -03.10
273.87 -03.11
276.61 -03.11
279.38 -03.13
282.17 -03.14
284.99 -03.16
287.84 -03.17
290.72 -03.19
293.63 -03.21
296.57 -03.21
299.53 -03.23
302.53 -03.24
305.55 -03.26
308.61 -03.27
311.69 -03.27
314.81 -03.29
317.96 -03.29
321.14 -03.30
324.35 -03.29
327.59 -03.30
330.87 -03.30
334.18 -03.31
337.52 -03.30
340.90 -03.30
344.30 -03.31
347.75 -03.31
351.23 -03.31
354.74 -03.32
358.28 -03.34
361.87 -03.35
365.49 -03.38
369.14 -03.40
372.83 -03.44
376.56 -03.47
380.33 -03.50
384.13 -03.54
387.97 -03.57
391.85 -03.61
395.77 -03.63
399.73 -03.66
403.72 -03.68
407.76 -03.71
411.84 -03.71
415.96 -03.73
420.12 -03.72
424.32 -03.71
428.56 -03.69
432.85 -03.65
437.18 -03.62
441.55 -03.56
445.96 -03.49
450.42 -03.42
454.93 -03.34
459.48 -03.26
464.07 -03.17
468.71 -03.09
473.40 -02.99
478.13 -02.90
482.91 -02.80
487.74 -02.71
492.62 -02.61
497.55 -02.52
502.52 -02.43
507.55 -02.33
512.62 -02.25
517.75 -02.16
522.93 -02.07
528.16 -01.98
533.44 -01.89
538.77 -01.81
544.16 -01.73
549.60 -01.64
555.10 -01.55
560.65 -01.46
566.25 -01.38
571.92 -01.29
577.64 -01.21
583.41 -01.13
589.25 -01.06
595.14 -00.98
601.09 -00.91
607.10 -00.85
613.17 -00.79
619.30 -00.75
625.50 -00.70
631.75 -00.67
638.07 -00.66
644.45 -00.66
650.89 -00.68
657.40 -00.72
663.98 -00.75
670.62 -00.80
677.32 -00.84
684.10 -00.87
690.94 -00.91
697.85 -00.93
704.83 -00.94
711.87 -00.95
718.99 -00.93
726.18 -00.91
733.44 -00.89
740.78 -00.85
748.19 -00.80
755.67 -00.75
763.23 -00.71
770.86 -00.65
778.57 -00.61
786.35 -00.57
794.22 -00.53
802.16 -00.49
810.18 -00.45
818.28 -00.41
826.46 -00.38
834.73 -00.33
843.08 -00.29
851.51 -00.24
860.02 -00.20
868.62 -00.15
877.31 -00.08
886.08 -00.03
894.94 00.02
903.89 00.07
912.93 00.13
922.06 00.17
931.28 00.22
940.59 00.26
950.00 00.29
959.50 00.33
969.09 00.34
978.78 00.37
988.57 00.39
998.46 00.41
1008.44 00.44
1018.53 00.47
1028.71 00.50
1039.00 00.54
1049.39 00.58
1059.88 00.61
1070.48 00.65
1081.19 00.69
1092.00 00.72
1102.92 00.76
1113.95 00.81
1125.09 00.85
1136.34 00.89
1147.70 00.93
1159.18 00.98
1170.77 01.03
1182.48 01.07
1194.30 01.12
1206.25 01.16
1218.31 01.21
1230.49 01.26
1242.80 01.31
1255.22 01.35
1267.78 01.40
1280.45 01.46
1293.26 01.52
1306.19 01.59
1319.25 01.66
1332.45 01.72
1345.77 01.79
1359.23 01.87
1372.82 01.94
1386.55 02.02
1400.41 02.09
1414.42 02.16
1428.56 02.23
1442.85 02.28
1457.28 02.33
1471.85 02.36
1486.57 02.38
1501.43 02.37
1516.45 02.34
1531.61 02.29
1546.93 02.22
1562.40 02.14
1578.02 02.06
1593.80 01.97
1609.74 01.90
1625.84 01.82
1642.10 01.76
1658.52 01.73
1675.10 01.70
1691.85 01.69
1708.77 01.71
1725.86 01.73
1743.12 01.77
1760.55 01.80
1778.15 01.83
1795.94 01.88
1813.90 01.91
1832.03 01.95
1850.36 01.98
1868.86 02.01
1887.55 02.04
1906.42 02.06
1925.49 02.07
1944.74 02.07
1964.19 02.06
1983.83 02.03
2003.67 01.99
2023.71 01.94
2043.94 01.88
2064.38 01.81
2085.03 01.73
2105.88 01.65
2126.94 01.56
2148.20 01.45
2169.69 01.35
2191.38 01.24
2213.30 01.14
2235.43 01.05
2257.78 00.95
2280.36 00.85
2303.17 00.75
2326.20 00.68
2349.46 00.60
2372.95 00.53
2396.68 00.47
2420.65 00.39
2444.86 00.30
2469.31 00.22
2494.00 00.13
2518.94 00.07
2544.13 00.03
2569.57 00.02
2595.27 00.04
2621.22 00.08
2647.43 00.15
2673.90 00.26
2700.64 00.41
2727.65 00.57
2754.93 00.75
2782.48 00.93
2810.30 01.10
2838.40 01.25
2866.79 01.38
2895.46 01.50
2924.41 01.60
2953.65 01.68
2983.19 01.75
3013.02 01.80
3043.15 01.86
3073.58 01.92
3104.32 01.98
3135.36 02.02
3166.72 02.07
3198.38 02.10
3230.37 02.13
3262.67 02.14
3295.30 02.16
3328.25 02.14
3361.53 02.11
3395.15 02.04
3429.10 01.96
3463.39 01.87
3498.03 01.77
3533.01 01.70
3568.34 01.64
3604.02 01.58
3640.06 01.53
3676.46 01.48
3713.22 01.44
3750.36 01.42
3787.86 01.40
3825.74 01.39
3864.00 01.35
3902.64 01.28
3941.66 01.17
3981.08 01.02
4020.89 00.82
4061.10 00.59
4101.71 00.33
4142.73 00.04
4184.15 -00.29
4226.00 -00.65
4268.26 -01.04
4310.94 -01.45
4354.05 -01.89
4397.59 -02.33
4441.56 -02.78
4485.98 -03.22
4530.84 -03.64
4576.15 -04.03
4621.91 -04.36
4668.13 -04.64
4714.81 -04.86
4761.96 -05.02
4809.58 -05.11
4857.67 -05.14
4906.25 -05.11
4955.31 -05.05
5004.87 -04.98
5054.91 -04.92
5105.46 -04.88
5156.52 -04.92
5208.08 -05.01
5260.16 -05.08
5312.77 -05.14
5365.89 -05.18
5419.55 -05.22
5473.75 -05.27
5528.49 -05.34
5583.77 -05.43
5639.61 -05.56
5696.00 -05.73
5752.96 -05.92
5810.49 -06.13
5868.60 -06.33
5927.28 -06.50
5986.56 -06.66
6046.42 -06.58
6106.89 -06.40
6167.96 -06.19
6229.64 -05.95
6291.93 -05.67
6354.85 -05.34
6418.40 -04.96
6482.58 -04.56
6547.41 -04.15
6612.88 -03.76
6679.01 -03.39
6745.80 -03.04
6813.26 -02.71
6881.39 -02.39
6950.21 -02.07
7019.71 -01.77
7089.91 -01.49
7160.81 -01.23
7232.41 -00.99
7304.74 -00.92
7377.79 -00.90
7451.56 -00.90
7526.08 -00.93
7601.34 -00.98
7677.35 -01.06
7754.13 -01.16
7831.67 -01.27
7909.98 -01.41
7989.08 -01.55
8068.98 -01.70
8149.67 -01.85
8231.16 -01.99
8313.47 -02.11
8396.61 -02.21
8480.57 -02.28
8565.38 -02.30
8651.03 -02.30
8737.54 -02.27
8824.92 -02.22
8913.17 -02.14
9002.30 -02.04
9092.32 -01.93
9183.25 -01.80
9275.08 -01.67
9367.83 -01.53
9461.51 -01.40
9556.12 -01.28
9651.68 -01.17
9748.20 -01.07
9845.68 -00.99
9944.14 -00.94
10043.58 -00.92
10144.02 -00.93
10245.46 -00.97
10347.91 -00.96
10451.39 -00.98
10555.91 -00.99
10661.46 -01.03
10768.08 -01.06
10875.76 -01.10
10984.52 -01.14
11094.36 -01.17
11205.31 -01.19
11317.36 -01.15
11430.53 -01.04
11544.84 -00.88
11660.29 -00.65
11776.89 -00.40
11894.66 -00.13
12013.60 00.12
12133.74 00.39
12255.08 00.67
12377.63 00.95
12501.41 01.22
12626.42 01.46
12752.68 01.67
12880.21 01.85
13009.01 02.01
13139.10 02.16
13270.49 02.29
13403.20 02.40
13537.23 02.50
13672.60 02.58
13809.33 02.64
13947.42 02.69
14086.90 02.73
14227.77 02.76
14370.04 02.78
14513.74 02.75
14658.88 02.55
14805.47 02.32
14953.52 02.08
15103.06 01.82
15254.09 01.56
15406.63 01.29
15560.70 01.02
15716.30 00.77
15873.47 00.53
16032.20 00.31
16192.52 00.09
16354.45 -00.11
16517.99 -00.32
16683.17 -00.54
16850.01 -00.76
17018.51 -00.99
17188.69 -01.25
17360.58 -01.53
17534.18 -01.86
17709.53 -02.27
17886.62 -02.74
18065.49 -03.30
18246.14 -03.92
18428.60 -04.60
18612.89 -05.33
18799.02 -06.11
18987.01 -06.93
19176.88 -07.82
19368.65 -08.80
19562.33 -09.86
19757.96 -11.00
19955.54 -12.18
20000.00 -12.44
