20.00 04.48
20.20 04.54
20.40 04.60
20.61 04.65
20.81 04.70
21.02 04.76
21.23 04.80
21.44 04.85
21.66 04.90
21.87 04.94
22.09 04.98
22.31 05.02
22.54 05.06
22.76 05.10
22.99 05.14
23.22 05.18
23.45 05.22
23.69 05.26
23.92 05.30
24.16 05.34
24.40 05.38
24.65 05.42
24.89 05.46
25.14 05.50
25.39 05.53
25.65 05.57
25.91 05.61
26.16 05.65
26.43 05.68
26.69 05.72
26.96 05.76
27.23 05.79
27.50 05.83
27.77 05.86
28.05 05.90
28.33 05.93
28.62 05.96
28.90 05.99
29.19 06.03
29.48 06.06
29.78 06.09
30.08 06.12
30.38 06.15
30.68 06.18
30.99 06.21
31.30 06.24
31.61 06.27
31.93 06.30
32.24 06.33
32.57 06.36
32.89 06.39
33.22 06.42
33.55 06.46
33.89 06.49
34.23 06.52
34.57 06.55
34.92 06.58
35.27 06.61
35.62 06.64
35.97 06.67
36.33 06.70
36.70 06.73
37.06 06.76
37.43 06.78
37.81 06.81
38.19 06.83
38.57 06.86
38.95 06.88
39.34 06.90
39.74 06.92
40.14 06.94
40.54 06.96
40.94 06.97
41.35 06.99
41.76 07.00
42.18 07.01
42.60 07.02
43.03 07.02
43.46 07.01
43.90 07.01
44.33 06.99
44.78 06.98
45.23 06.95
45.68 06.93
46.13 06.90
46.60 06.86
47.06 06.82
47.53 06.78
48.01 06.73
48.49 06.69
48.97 06.64
49.46 06.60
49.96 06.56
50.46 06.52
50.96 06.48
51.47 06.45
51.99 06.43
52.51 06.41
53.03 06.41
53.56 06.41
54.10 06.43
54.64 06.45
55.18 06.48
55.74 06.53
56.29 06.58
56.86 06.64
57.42 06.70
58.00 06.77
58.58 06.84
59.16 06.91
59.76 06.99
60.35 07.06
60.96 07.13
61.57 07.20
62.18 07.26
62.80 07.31
63.43 07.36
64.07 07.40
64.71 07.43
65.35 07.46
66.01 07.49
66.67 07.51
67.33 07.52
68.01 07.53
68.69 07.54
69.37 07.55
70.07 07.55
70.77 07.55
71.48 07.56
72.19 07.56
72.91 07.56
73.64 07.56
74.38 07.56
75.12 07.56
75.87 07.55
76.63 07.55
77.40 07.55
78.17 07.54
78.95 07.54
79.74 07.53
80.54 07.52
81.35 07.52
82.16 07.51
82.98 07.50
83.81 07.49
84.65 07.48
85.50 07.47
86.35 07.45
87.22 07.44
88.09 07.43
88.97 07.41
89.86 07.39
90.76 07.38
91.66 07.36
92.58 07.34
93.51 07.32
94.44 07.30
95.39 07.27
96.34 07.25
97.30 07.22
98.28 07.19
99.26 07.16
100.25 07.13
101.25 07.10
102.27 07.07
103.29 07.04
104.32 07.01
105.37 06.97
106.42 06.94
107.48 06.91
108.56 06.88
109.64 06.85
110.74 06.81
111.85 06.78
112.97 06.75
114.10 06.72
115.24 06.69
116.39 06.67
117.55 06.64
118.73 06.61
119.92 06.59
121.12 06.57
122.33 06.54
123.55 06.52
124.79 06.49
126.03 06.47
127.29 06.44
128.57 06.41
129.85 06.38
131.15 06.35
132.46 06.32
133.79 06.28
135.12 06.24
136.48 06.20
137.84 06.16
139.22 06.12
140.61 06.08
142.02 06.04
143.44 06.00
144.87 05.97
146.32 05.93
147.78 05.89
149.26 05.86
150.75 05.82
152.26 05.79
153.78 05.75
155.32 05.71
156.88 05.67
158.44 05.62
160.03 05.57
161.63 05.53
163.24 05.48
164.88 05.44
166.53 05.39
168.19 05.34
169.87 05.29
171.57 05.25
173.29 05.19
175.02 05.14
176.77 05.11
178.54 05.06
180.32 05.02
182.13 04.98
183.95 04.94
185.79 04.89
187.65 04.84
189.52 04.79
191.42 04.73
193.33 04.67
195.27 04.61
197.22 04.53
199.19 04.47
201.18 04.39
203.19 04.33
205.23 04.25
207.28 04.18
209.35 04.11
211.44 04.04
213.56 03.97
215.69 03.91
217.85 03.85
220.03 03.78
222.23 03.72
224.45 03.67
226.70 03.60
228.96 03.55
231.25 03.51
233.57 03.46
235.90 03.42
238.26 03.38
240.64 03.37
243.05 03.34
245.48 03.32
247.93 03.32
250.41 03.31
252.92 03.31
255.45 03.32
258.00 03.32
260.58 03.32
263.19 03.32
265.82 03.32
268.48 03.33
271.16 03.34
273.87 03.34
276.61 03.35
279.38 03.35
282.17 03.36
284.99 03.35
287.84 03.36
290.72 03.35
293.63 03.35
296.57 03.34
299.53 03.32
302.53 03.30
305.55 03.26
308.61 03.23
311.69 03.19
314.81 03.14
317.96 03.09
321.14 03.03
324.35 02.98
327.59 02.92
330.87 02.86
334.18 02.80
337.52 02.75
340.90 02.69
344.30 02.64
347.75 02.59
351.23 02.56
354.74 02.51
358.28 02.47
361.87 02.43
365.49 02.38
369.14 02.33
372.83 02.27
376.56 02.20
380.33 02.14
384.13 02.06
387.97 01.99
391.85 01.89
395.77 01.80
399.73 01.69
403.72 01.59
407.76 01.49
411.84 01.39
415.96 01.29
420.12 01.22
424.32 01.13
428.56 01.07
432.85 01.02
437.18 00.98
441.55 00.96
445.96 00.96
450.42 00.98
454.93 01.02
459.48 01.06
464.07 01.12
468.71 01.18
473.40 01.26
478.13 01.33
482.91 01.40
487.74 01.47
492.62 01.53
497.55 01.59
502.52 01.63
507.55 01.67
512.62 01.70
517.75 01.72
522.93 01.75
528.16 01.76
533.44 01.78
538.77 01.79
544.16 01.80
549.60 01.81
555.10 01.82
560.65 01.83
566.25 01.82
571.92 01.82
577.64 01.81
583.41 01.80
589.25 01.77
595.14 01.74
601.09 01.71
607.10 01.66
613.17 01.61
619.30 01.55
625.50 01.49
631.75 01.42
638.07 01.34
644.45 01.26
650.89 01.15
657.40 01.05
663.98 00.95
670.62 00.84
677.32 00.72
684.10 00.62
690.94 00.51
697.85 00.42
704.83 00.31
711.87 00.21
718.99 00.12
726.18 00.02
733.44 -00.07
740.78 -00.16
748.19 -00.23
755.67 -00.31
763.23 -00.38
770.86 -00.44
778.57 -00.50
786.35 -00.56
794.22 -00.61
802.16 -00.65
810.18 -00.70
818.28 -00.74
826.46 -00.78
834.73 -00.81
843.08 -00.85
851.51 -00.89
860.02 -00.92
868.62 -00.96
877.31 -00.98
886.08 -01.01
894.94 -01.04
903.89 -01.07
912.93 -01.07
922.06 -01.08
931.28 -01.08
940.59 -01.08
950.00 -01.08
959.50 -01.07
969.09 -01.08
978.78 -01.07
988.57 -01.05
998.46 -01.05
1008.44 -01.04
1018.53 -01.04
1028.71 -01.04
1039.00 -01.03
1049.39 -01.03
1059.88 -01.03
1070.48 -01.03
1081.19 -01.02
1092.00 -01.02
1102.92 -01.02
1113.95 -01.01
1125.09 -01.01
1136.34 -01.01
1147.70 -01.01
1159.18 -01.00
1170.77 -00.99
1182.48 -00.98
1194.30 -00.96
1206.25 -00.94
1218.31 -00.91
1230.49 -00.87
1242.80 -00.83
1255.22 -00.79
1267.78 -00.73
1280.45 -00.67
1293.26 -00.59
1306.19 -00.51
1319.25 -00.43
1332.45 -00.36
1345.77 -00.28
1359.23 -00.20
1372.82 -00.13
1386.55 -00.06
1400.41 00.00
1414.42 00.06
1428.56 00.11
1442.85 00.16
1457.28 00.20
1471.85 00.23
1486.57 00.26
1501.43 00.29
1516.45 00.31
1531.61 00.33
1546.93 00.34
1562.40 00.34
1578.02 00.33
1593.80 00.32
1609.74 00.30
1625.84 00.27
1642.10 00.23
1658.52 00.20
1675.10 00.16
1691.85 00.11
1708.77 00.07
1725.86 00.01
1743.12 -00.05
1760.55 -00.12
1778.15 -00.18
1795.94 -00.24
1813.90 -00.31
1832.03 -00.39
1850.36 -00.48
1868.86 -00.58
1887.55 -00.68
1906.42 -00.78
1925.49 -00.88
1944.74 -01.00
1964.19 -01.10
1983.83 -01.20
2003.67 -01.30
2023.71 -01.40
2043.94 -01.49
2064.38 -01.57
2085.03 -01.65
2105.88 -01.71
2126.94 -01.78
2148.20 -01.84
2169.69 -01.90
2191.38 -01.96
2213.30 -02.02
2235.43 -02.07
2257.78 -02.13
2280.36 -02.20
2303.17 -02.27
2326.20 -02.34
2349.46 -02.43
2372.95 -02.53
2396.68 -02.63
2420.65 -02.76
2444.86 -02.90
2469.31 -03.05
2494.00 -03.23
2518.94 -03.42
2544.13 -03.63
2569.57 -03.86
2595.27 -04.11
2621.22 -04.40
2647.43 -04.72
2673.90 -05.07
2700.64 -05.45
2727.65 -05.88
2754.93 -06.33
2782.48 -06.80
2810.30 -07.28
2838.40 -07.77
2866.79 -08.26
2895.46 -08.71
2924.41 -09.10
2953.65 -09.36
2983.19 -09.48
3013.02 -09.43
3043.15 -09.24
3073.58 -08.94
3104.32 -08.56
3135.36 -08.16
3166.72 -07.73
3198.38 -07.33
3230.37 -06.93
3262.67 -06.56
3295.30 -06.21
3328.25 -05.91
3361.53 -05.61
3395.15 -05.35
3429.10 -05.09
3463.39 -04.83
3498.03 -04.58
3533.01 -04.30
3568.34 -04.01
3604.02 -03.71
3640.06 -03.42
3676.46 -03.13
3713.22 -02.85
3750.36 -02.59
3787.86 -02.34
3825.74 -02.11
3864.00 -01.91
3902.64 -01.74
3941.66 -01.60
3981.08 -01.50
4020.89 -01.43
4061.10 -01.40
4101.71 -01.39
4142.73 -01.41
4184.15 -01.45
4226.00 -01.50
4268.26 -01.57
4310.94 -01.64
4354.05 -01.70
4397.59 -01.76
4441.56 -01.81
4485.98 -01.83
4530.84 -01.83
4576.15 -01.81
4621.91 -01.78
4668.13 -01.74
4714.81 -01.69
4761.96 -01.61
4809.58 -01.53
4857.67 -01.42
4906.25 -01.31
4955.31 -01.20
5004.87 -01.09
5054.91 -00.98
5105.46 -00.87
5156.52 -00.84
5208.08 -00.87
5260.16 -00.90
5312.77 -00.96
5365.89 -01.06
5419.55 -01.21
5473.75 -01.41
5528.49 -01.70
5583.77 -02.05
5639.61 -02.49
5696.00 -03.04
5752.96 -03.68
5810.49 -04.43
5868.60 -05.31
5927.28 -06.31
5986.56 -07.46
6046.42 -08.52
6106.89 -09.62
6167.96 -10.78
6229.64 -11.82
6291.93 -12.51
6354.85 -12.62
6418.40 -12.15
6482.58 -11.27
6547.41 -10.23
6612.88 -09.16
6679.01 -08.13
6745.80 -07.16
6813.26 -06.24
6881.39 -05.39
6950.21 -04.58
7019.71 -03.81
7089.91 -03.08
7160.81 -02.36
7232.41 -01.65
7304.74 -01.09
7377.79 -00.54
7451.56 00.04
7526.08 00.63
7601.34 01.22
7677.35 01.79
7754.13 02.32
7831.67 02.80
7909.98 03.22
7989.08 03.58
8068.98 03.88
8149.67 04.13
8231.16 04.31
8313.47 04.44
8396.61 04.50
8480.57 04.50
8565.38 04.44
8651.03 04.33
8737.54 04.18
8824.92 03.99
8913.17 03.76
9002.30 03.51
9092.32 03.23
9183.25 02.91
9275.08 02.57
9367.83 02.21
9461.51 01.82
9556.12 01.41
9651.68 01.00
9748.20 00.59
9845.68 00.19
9944.14 -00.19
10043.58 -00.53
10144.02 -00.84
10245.46 -01.10
10347.91 -01.23
10451.39 -01.33
10555.91 -01.39
10661.46 -01.44
10768.08 -01.47
10875.76 -01.46
10984.52 -01.41
11094.36 -01.30
11205.31 -01.14
11317.36 -00.93
11430.53 -00.70
11544.84 -00.48
11660.29 -00.29
11776.89 -00.18
11894.66 -00.11
12013.60 -00.13
12133.74 -00.18
12255.08 -00.31
12377.63 -00.49
12501.41 -00.77
12626.42 -01.14
12752.68 -01.60
12880.21 -02.15
13009.01 -02.70
13139.10 -03.20
13270.49 -03.59
13403.20 -03.85
13537.23 -04.00
13672.60 -04.04
13809.33 -03.95
13947.42 -03.74
14086.90 -03.35
14227.77 -02.81
14370.04 -02.17
14513.74 -01.55
14658.88 -01.07
14805.47 -00.65
14953.52 -00.27
15103.06 00.04
15254.09 00.31
15406.63 00.50
15560.70 00.62
15716.30 00.67
15873.47 00.65
16032.20 00.60
16192.52 00.51
16354.45 00.43
16517.99 00.36
16683.17 00.30
16850.01 00.24
17018.51 00.16
17188.69 00.04
17360.58 -00.06
17534.18 -00.13
17709.53 -00.19
17886.62 -00.26
18065.49 -00.41
18246.14 -00.64
18428.60 -00.99
18612.89 -01.42
18799.02 -01.91
18987.01 -02.41
19176.88 -02.88
19368.65 -03.35
19562.33 -03.86
19757.96 -04.46
19955.54 -05.15
20000.00 -05.32
