20.00 -03.33
20.20 -03.22
20.40 -03.11
20.61 -02.99
20.81 -02.88
21.02 -02.77
21.23 -02.66
21.44 -02.55
21.66 -02.44
21.87 -02.34
22.09 -02.23
22.31 -02.13
22.54 -02.02
22.76 -01.92
22.99 -01.82
23.22 -01.71
23.45 -01.61
23.69 -01.51
23.92 -01.41
24.16 -01.31
24.40 -01.22
24.65 -01.12
24.89 -01.02
25.14 -00.92
25.39 -00.83
25.65 -00.73
25.91 -00.64
26.16 -00.55
26.43 -00.45
26.69 -00.36
26.96 -00.27
27.23 -00.18
27.50 -00.09
27.77 -00.01
28.05 00.08
28.33 00.16
28.62 00.25
28.90 00.33
29.19 00.42
29.48 00.50
29.78 00.58
30.08 00.66
30.38 00.74
30.68 00.82
30.99 00.90
31.30 00.97
31.61 01.05
31.93 01.13
32.24 01.20
32.57 01.27
32.89 01.34
33.22 01.41
33.55 01.48
33.89 01.56
34.23 01.62
34.57 01.69
34.92 01.76
35.27 01.83
35.62 01.89
35.97 01.96
36.33 02.02
36.70 02.09
37.06 02.15
37.43 02.21
37.81 02.27
38.19 02.33
38.57 02.39
38.95 02.44
39.34 02.50
39.74 02.55
40.14 02.61
40.54 02.66
40.94 02.71
41.35 02.76
41.76 02.81
42.18 02.86
42.60 02.91
43.03 02.96
43.46 03.00
43.90 03.05
44.33 03.09
44.78 03.14
45.23 03.18
45.68 03.22
46.13 03.26
46.60 03.30
47.06 03.34
47.53 03.38
48.01 03.41
48.49 03.45
48.97 03.48
49.46 03.51
49.96 03.54
50.46 03.58
50.96 03.60
51.47 03.63
51.99 03.66
52.51 03.69
53.03 03.71
53.56 03.73
54.10 03.76
54.64 03.78
55.18 03.80
55.74 03.82
56.29 03.83
56.86 03.85
57.42 03.87
58.00 03.88
58.58 03.90
59.16 03.91
59.76 03.92
60.35 03.93
60.96 03.94
61.57 03.95
62.18 03.96
62.80 03.96
63.43 03.97
64.07 03.97
64.71 03.98
65.35 03.98
66.01 03.98
66.67 03.98
67.33 03.98
68.01 03.98
68.69 03.97
69.37 03.97
70.07 03.96
70.77 03.95
71.48 03.94
72.19 03.92
72.91 03.90
73.64 03.88
74.38 03.85
75.12 03.83
75.87 03.80
76.63 03.78
77.40 03.77
78.17 03.77
78.95 03.77
79.74 03.77
80.54 03.78
81.35 03.78
82.16 03.79
82.98 03.78
83.81 03.78
84.65 03.77
85.50 03.77
86.35 03.76
87.22 03.75
88.09 03.74
88.97 03.74
89.86 03.73
90.76 03.71
91.66 03.70
92.58 03.69
93.51 03.67
94.44 03.65
95.39 03.63
96.34 03.61
97.30 03.59
98.28 03.56
99.26 03.54
100.25 03.53
101.25 03.51
102.27 03.49
103.29 03.48
104.32 03.46
105.37 03.45
106.42 03.43
107.48 03.41
108.56 03.38
109.64 03.36
110.74 03.34
111.85 03.31
112.97 03.29
114.10 03.26
115.24 03.23
116.39 03.20
117.55 03.17
118.73 03.14
119.92 03.12
121.12 03.09
122.33 03.06
123.55 03.03
124.79 03.00
126.03 02.97
127.29 02.94
128.57 02.91
129.85 02.88
131.15 02.84
132.46 02.81
133.79 02.78
135.12 02.75
136.48 02.72
137.84 02.68
139.22 02.65
140.61 02.61
142.02 02.58
143.44 02.54
144.87 02.51
146.32 02.47
147.78 02.43
149.26 02.40
150.75 02.36
152.26 02.32
153.78 02.27
155.32 02.23
156.88 02.18
158.44 02.14
160.03 02.10
161.63 02.07
163.24 02.04
164.88 02.03
166.53 02.01
168.19 01.98
169.87 01.95
171.57 01.93
173.29 01.89
175.02 01.84
176.77 01.79
178.54 01.72
180.32 01.65
182.13 01.59
183.95 01.52
185.79 01.47
187.65 01.43
189.52 01.39
191.42 01.36
193.33 01.33
195.27 01.30
197.22 01.26
199.19 01.22
201.18 01.18
203.19 01.14
205.23 01.08
207.28 01.04
209.35 00.98
211.44 00.92
213.56 00.86
215.69 00.79
217.85 00.73
220.03 00.65
222.23 00.58
224.45 00.50
226.70 00.41
228.96 00.31
231.25 00.22
233.57 00.12
235.90 00.02
238.26 -00.08
240.64 -00.16
243.05 -00.24
245.48 -00.28
247.93 -00.25
250.41 -00.13
252.92 00.09
255.45 00.42
258.00 00.81
260.58 01.24
263.19 01.66
265.82 02.02
268.48 02.32
271.16 02.53
273.87 02.65
276.61 02.71
279.38 02.71
282.17 02.70
284.99 02.65
287.84 02.60
290.72 02.53
293.63 02.47
296.57 02.41
299.53 02.34
302.53 02.28
305.55 02.21
308.61 02.16
311.69 02.11
314.81 02.05
317.96 02.01
321.14 01.95
324.35 01.91
327.59 01.86
330.87 01.82
334.18 01.78
337.52 01.75
340.90 01.72
344.30 01.68
347.75 01.65
351.23 01.64
354.74 01.61
358.28 01.58
361.87 01.56
365.49 01.53
369.14 01.51
372.83 01.48
376.56 01.44
380.33 01.42
384.13 01.39
387.97 01.37
391.85 01.34
395.77 01.32
399.73 01.29
403.72 01.28
407.76 01.25
411.84 01.24
415.96 01.22
420.12 01.21
424.32 01.19
428.56 01.18
432.85 01.17
437.18 01.14
441.55 01.12
445.96 01.09
450.42 01.05
454.93 01.01
459.48 00.97
464.07 00.92
468.71 00.88
473.40 00.85
478.13 00.81
482.91 00.77
487.74 00.74
492.62 00.72
497.55 00.69
502.52 00.67
507.55 00.67
512.62 00.66
517.75 00.66
522.93 00.67
528.16 00.66
533.44 00.66
538.77 00.65
544.16 00.64
549.60 00.64
555.10 00.63
560.65 00.63
566.25 00.62
571.92 00.62
577.64 00.62
583.41 00.62
589.25 00.61
595.14 00.62
601.09 00.61
607.10 00.60
613.17 00.59
619.30 00.57
625.50 00.55
631.75 00.54
638.07 00.52
644.45 00.50
650.89 00.46
657.40 00.42
663.98 00.39
670.62 00.35
677.32 00.32
684.10 00.31
690.94 00.29
697.85 00.28
704.83 00.26
711.87 00.25
718.99 00.25
726.18 00.23
733.44 00.22
740.78 00.20
748.19 00.20
755.67 00.18
763.23 00.17
770.86 00.17
778.57 00.15
786.35 00.14
794.22 00.12
802.16 00.11
810.18 00.09
818.28 00.07
826.46 00.04
834.73 00.03
843.08 00.00
851.51 -00.03
860.02 -00.06
868.62 -00.09
877.31 -00.11
886.08 -00.13
894.94 -00.16
903.89 -00.18
912.93 -00.19
922.06 -00.21
931.28 -00.22
940.59 -00.24
950.00 -00.26
959.50 -00.28
969.09 -00.31
978.78 -00.33
988.57 -00.35
998.46 -00.37
1008.44 -00.38
1018.53 -00.37
1028.71 -00.37
1039.00 -00.36
1049.39 -00.34
1059.88 -00.32
1070.48 -00.30
1081.19 -00.28
1092.00 -00.27
1102.92 -00.25
1113.95 -00.24
1125.09 -00.23
1136.34 -00.24
1147.70 -00.24
1159.18 -00.24
1170.77 -00.25
1182.48 -00.27
1194.30 -00.29
1206.25 -00.31
1218.31 -00.32
1230.49 -00.35
1242.80 -00.37
1255.22 -00.41
1267.78 -00.44
1280.45 -00.48
1293.26 -00.50
1306.19 -00.53
1319.25 -00.56
1332.45 -00.60
1345.77 -00.63
1359.23 -00.66
1372.82 -00.69
1386.55 -00.70
1400.41 -00.71
1414.42 -00.72
1428.56 -00.72
1442.85 -00.72
1457.28 -00.73
1471.85 -00.76
1486.57 -00.79
1501.43 -00.84
1516.45 -00.89
1531.61 -00.90
1546.93 -00.89
1562.40 -00.85
1578.02 -00.78
1593.80 -00.70
1609.74 -00.62
1625.84 -00.56
1642.10 -00.52
1658.52 -00.46
1675.10 -00.39
1691.85 -00.28
1708.77 -00.11
1725.86 00.09
1743.12 00.34
1760.55 00.63
1778.15 00.94
1795.94 01.28
1813.90 01.63
1832.03 01.99
1850.36 02.37
1868.86 02.78
1887.55 03.22
1906.42 03.69
1925.49 04.17
1944.74 04.63
1964.19 05.08
1983.83 05.50
2003.67 05.88
2023.71 06.21
2043.94 06.46
2064.38 06.66
2085.03 06.79
2105.88 06.88
2126.94 06.89
2148.20 06.84
2169.69 06.76
2191.38 06.65
2213.30 06.51
2235.43 06.35
2257.78 06.15
2280.36 05.93
2303.17 05.69
2326.20 05.44
2349.46 05.17
2372.95 04.90
2396.68 04.64
2420.65 04.37
2444.86 04.10
2469.31 03.84
2494.00 03.58
2518.94 03.33
2544.13 03.08
2569.57 02.83
2595.27 02.57
2621.22 02.31
2647.43 02.05
2673.90 01.78
2700.64 01.51
2727.65 01.25
2754.93 00.99
2782.48 00.75
2810.30 00.52
2838.40 00.30
2866.79 00.09
2895.46 -00.11
2924.41 -00.30
2953.65 -00.47
2983.19 -00.64
3013.02 -00.81
3043.15 -00.97
3073.58 -01.16
3104.32 -01.34
3135.36 -01.55
3166.72 -01.73
3198.38 -01.91
3230.37 -02.06
3262.67 -02.20
3295.30 -02.32
3328.25 -02.47
3361.53 -02.61
3395.15 -02.76
3429.10 -02.90
3463.39 -03.06
3498.03 -03.21
3533.01 -03.33
3568.34 -03.41
3604.02 -03.47
3640.06 -03.48
3676.46 -03.41
3713.22 -03.25
3750.36 -02.98
3787.86 -02.57
3825.74 -02.01
3864.00 -01.26
3902.64 -00.40
3941.66 00.54
3981.08 01.51
4020.89 02.46
4061.10 03.33
4101.71 04.07
4142.73 04.68
4184.15 05.14
4226.00 05.44
4268.26 05.59
4310.94 05.63
4354.05 05.58
4397.59 05.46
4441.56 05.25
4485.98 04.95
4530.84 04.57
4576.15 04.11
4621.91 03.57
4668.13 02.97
4714.81 02.30
4761.96 01.59
4809.58 00.83
4857.67 00.05
4906.25 -00.72
4955.31 -01.39
5004.87 -01.91
5054.91 -02.27
5105.46 -02.46
5156.52 -02.60
5208.08 -02.69
5260.16 -02.69
5312.77 -02.60
5365.89 -02.46
5419.55 -02.36
5473.75 -02.37
5528.49 -02.52
5583.77 -02.79
5639.61 -03.23
5696.00 -03.79
5752.96 -04.38
5810.49 -04.96
5868.60 -05.50
5927.28 -06.00
5986.56 -06.46
6046.42 -06.66
6106.89 -06.75
6167.96 -06.81
6229.64 -06.82
6291.93 -06.75
6354.85 -06.63
6418.40 -06.44
6482.58 -06.21
6547.41 -05.96
6612.88 -05.72
6679.01 -05.52
6745.80 -05.37
6813.26 -05.26
6881.39 -05.21
6950.21 -05.16
7019.71 -05.08
7089.91 -04.95
7160.81 -04.74
7232.41 -04.47
7304.74 -04.29
7377.79 -04.10
7451.56 -03.89
7526.08 -03.63
7601.34 -03.28
7677.35 -02.81
7754.13 -02.26
7831.67 -01.66
7909.98 -01.07
7989.08 -00.53
8068.98 -00.04
8149.67 00.40
8231.16 00.80
8313.47 01.17
8396.61 01.52
8480.57 01.86
8565.38 02.18
8651.03 02.47
8737.54 02.73
8824.92 02.96
8913.17 03.17
9002.30 03.35
9092.32 03.54
9183.25 03.73
9275.08 03.93
9367.83 04.16
9461.51 04.40
9556.12 04.66
9651.68 04.93
9748.20 05.21
9845.68 05.48
9944.14 05.72
10043.58 05.92
10144.02 06.06
10245.46 06.11
10347.91 06.17
10451.39 06.15
10555.91 06.07
10661.46 05.88
10768.08 05.59
10875.76 05.23
10984.52 04.82
11094.36 04.36
11205.31 03.83
11317.36 03.24
11430.53 02.56
11544.84 01.76
11660.29 00.85
11776.89 -00.24
11894.66 -01.45
12013.60 -02.63
12133.74 -03.59
12255.08 -04.22
12377.63 -04.29
12501.41 -03.89
12626.42 -03.32
12752.68 -02.69
12880.21 -02.11
13009.01 -01.60
13139.10 -01.19
13270.49 -00.84
13403.20 -00.56
13537.23 -00.34
13672.60 -00.18
13809.33 -00.08
13947.42 -00.04
14086.90 -00.03
14227.77 -00.05
14370.04 -00.08
14513.74 -00.13
14658.88 -00.32
14805.47 -00.54
14953.52 -00.81
15103.06 -01.21
15254.09 -01.76
15406.63 -02.47
15560.70 -03.26
15716.30 -04.06
15873.47 -04.53
16032.20 -04.49
16192.52 -04.15
16354.45 -03.70
16517.99 -03.35
16683.17 -03.38
16850.01 -03.75
17018.51 -04.46
17188.69 -05.55
17360.58 -07.01
17534.18 -08.82
17709.53 -10.63
17886.62 -12.26
18065.49 -13.64
18246.14 -14.72
18428.60 -15.59
18612.89 -16.43
18799.02 -17.29
18987.01 -18.12
19176.88 -18.79
19368.65 -18.88
19562.33 -18.42
19757.96 -17.66
19955.54 -16.84
20000.00 -16.70
