20.00 00.08
20.20 00.16
20.40 00.24
20.61 00.31
20.81 00.38
21.02 00.45
21.23 00.53
21.44 00.59
21.66 00.66
21.87 00.73
22.09 00.80
22.31 00.86
22.54 00.93
22.76 01.00
22.99 01.06
23.22 01.13
23.45 01.19
23.69 01.25
23.92 01.32
24.16 01.38
24.40 01.44
24.65 01.50
24.89 01.56
25.14 01.62
25.39 01.68
25.65 01.75
25.91 01.80
26.16 01.86
26.43 01.92
26.69 01.98
26.96 02.03
27.23 02.09
27.50 02.14
27.77 02.19
28.05 02.24
28.33 02.30
28.62 02.35
28.90 02.39
29.19 02.44
29.48 02.49
29.78 02.53
30.08 02.58
30.38 02.62
30.68 02.66
30.99 02.70
31.30 02.74
31.61 02.77
31.93 02.80
32.24 02.83
32.57 02.86
32.89 02.89
33.22 02.91
33.55 02.93
33.89 02.95
34.23 02.97
34.57 02.99
34.92 03.01
35.27 03.03
35.62 03.05
35.97 03.07
36.33 03.09
36.70 03.11
37.06 03.13
37.43 03.15
37.81 03.17
38.19 03.19
38.57 03.22
38.95 03.24
39.34 03.26
39.74 03.28
40.14 03.30
40.54 03.32
40.94 03.34
41.35 03.36
41.76 03.39
42.18 03.41
42.60 03.43
43.03 03.45
43.46 03.48
43.90 03.50
44.33 03.52
44.78 03.55
45.23 03.57
45.68 03.60
46.13 03.62
46.60 03.64
47.06 03.67
47.53 03.69
48.01 03.72
48.49 03.74
48.97 03.77
49.46 03.79
49.96 03.82
50.46 03.84
50.96 03.87
51.47 03.89
51.99 03.92
52.51 03.94
53.03 03.95
53.56 03.97
54.10 03.98
54.64 03.99
55.18 03.99
55.74 03.99
56.29 03.99
56.86 03.99
57.42 03.98
58.00 03.97
58.58 03.96
59.16 03.95
59.76 03.94
60.35 03.92
60.96 03.91
61.57 03.91
62.18 03.90
62.80 03.90
63.43 03.90
64.07 03.91
64.71 03.91
65.35 03.93
66.01 03.94
66.67 03.96
67.33 03.98
68.01 04.00
68.69 04.03
69.37 04.05
70.07 04.08
70.77 04.11
71.48 04.13
72.19 04.16
72.91 04.18
73.64 04.21
74.38 04.24
75.12 04.26
75.87 04.28
76.63 04.31
77.40 04.33
78.17 04.35
78.95 04.37
79.74 04.40
80.54 04.42
81.35 04.44
82.16 04.45
82.98 04.47
83.81 04.48
84.65 04.48
85.50 04.48
86.35 04.48
87.22 04.47
88.09 04.46
88.97 04.45
89.86 04.43
90.76 04.40
91.66 04.38
92.58 04.35
93.51 04.32
94.44 04.28
95.39 04.25
96.34 04.21
97.30 04.18
98.28 04.14
99.26 04.10
100.25 04.06
101.25 04.01
102.27 03.97
103.29 03.93
104.32 03.89
105.37 03.85
106.42 03.81
107.48 03.77
108.56 03.73
109.64 03.69
110.74 03.65
111.85 03.62
112.97 03.59
114.10 03.55
115.24 03.52
116.39 03.50
117.55 03.47
118.73 03.44
119.92 03.42
121.12 03.39
122.33 03.37
123.55 03.35
124.79 03.33
126.03 03.30
127.29 03.28
128.57 03.25
129.85 03.23
131.15 03.20
132.46 03.16
133.79 03.13
135.12 03.09
136.48 03.04
137.84 02.99
139.22 02.94
140.61 02.88
142.02 02.81
143.44 02.74
144.87 02.66
146.32 02.58
147.78 02.49
149.26 02.39
150.75 02.29
152.26 02.18
153.78 02.07
155.32 01.96
156.88 01.84
158.44 01.72
160.03 01.59
161.63 01.47
163.24 01.35
164.88 01.24
166.53 01.12
168.19 01.00
169.87 00.89
171.57 00.80
173.29 00.70
175.02 00.62
176.77 00.56
178.54 00.49
180.32 00.45
182.13 00.42
183.95 00.39
185.79 00.36
187.65 00.33
189.52 00.29
191.42 00.26
193.33 00.20
195.27 00.15
197.22 00.08
199.19 00.00
201.18 -00.09
203.19 -00.18
205.23 -00.29
207.28 -00.38
209.35 -00.49
211.44 -00.57
213.56 -00.66
215.69 -00.73
217.85 -00.78
220.03 -00.84
222.23 -00.87
224.45 -00.89
226.70 -00.92
228.96 -00.94
231.25 -00.95
233.57 -00.96
235.90 -00.98
238.26 -01.00
240.64 -01.01
243.05 -01.04
245.48 -01.07
247.93 -01.09
250.41 -01.12
252.92 -01.14
255.45 -01.16
258.00 -01.19
260.58 -01.21
263.19 -01.23
265.82 -01.26
268.48 -01.28
271.16 -01.31
273.87 -01.34
276.61 -01.36
279.38 -01.40
282.17 -01.43
284.99 -01.47
287.84 -01.51
290.72 -01.55
293.63 -01.58
296.57 -01.61
299.53 -01.65
302.53 -01.68
305.55 -01.72
308.61 -01.74
311.69 -01.76
314.81 -01.78
317.96 -01.79
321.14 -01.80
324.35 -01.79
327.59 -01.78
330.87 -01.77
334.18 -01.74
337.52 -01.70
340.90 -01.67
344.30 -01.64
347.75 -01.60
351.23 -01.56
354.74 -01.52
358.28 -01.48
361.87 -01.43
365.49 -01.39
369.14 -01.33
372.83 -01.28
376.56 -01.23
380.33 -01.16
384.13 -01.11
387.97 -01.04
391.85 -00.98
395.77 -00.91
399.73 -00.85
403.72 -00.78
407.76 -00.72
411.84 -00.66
415.96 -00.62
420.12 -00.57
424.32 -00.53
428.56 -00.48
432.85 -00.44
437.18 -00.41
441.55 -00.37
445.96 -00.33
450.42 -00.30
454.93 -00.27
459.48 -00.25
464.07 -00.22
468.71 -00.20
473.40 -00.16
478.13 -00.14
482.91 -00.11
487.74 -00.09
492.62 -00.05
497.55 -00.02
502.52 00.01
507.55 00.05
512.62 00.08
517.75 00.12
522.93 00.16
528.16 00.20
533.44 00.25
538.77 00.28
544.16 00.31
549.60 00.35
555.10 00.37
560.65 00.40
566.25 00.42
571.92 00.45
577.64 00.46
583.41 00.49
589.25 00.50
595.14 00.53
601.09 00.55
607.10 00.57
613.17 00.60
619.30 00.62
625.50 00.65
631.75 00.68
638.07 00.70
644.45 00.72
650.89 00.72
657.40 00.72
663.98 00.73
670.62 00.73
677.32 00.72
684.10 00.73
690.94 00.73
697.85 00.73
704.83 00.73
711.87 00.72
718.99 00.73
726.18 00.72
733.44 00.72
740.78 00.72
748.19 00.73
755.67 00.73
763.23 00.73
770.86 00.75
778.57 00.75
786.35 00.76
794.22 00.78
802.16 00.81
810.18 00.83
818.28 00.85
826.46 00.87
834.73 00.89
843.08 00.86
851.51 00.80
860.02 00.69
868.62 00.54
877.31 00.38
886.08 00.19
894.94 -00.01
903.89 -00.21
912.93 -00.39
922.06 -00.58
931.28 -00.74
940.59 -00.87
950.00 -00.93
959.50 -00.93
969.09 -00.88
978.78 -00.80
988.57 -00.71
998.46 -00.64
1008.44 -00.58
1018.53 -00.53
1028.71 -00.49
1039.00 -00.46
1049.39 -00.44
1059.88 -00.43
1070.48 -00.41
1081.19 -00.40
1092.00 -00.41
1102.92 -00.41
1113.95 -00.41
1125.09 -00.42
1136.34 -00.44
1147.70 -00.45
1159.18 -00.47
1170.77 -00.49
1182.48 -00.53
1194.30 -00.56
1206.25 -00.59
1218.31 -00.63
1230.49 -00.68
1242.80 -00.72
1255.22 -00.78
1267.78 -00.83
1280.45 -00.87
1293.26 -00.90
1306.19 -00.93
1319.25 -00.95
1332.45 -00.96
1345.77 -00.96
1359.23 -00.94
1372.82 -00.92
1386.55 -00.89
1400.41 -00.86
1414.42 -00.82
1428.56 -00.79
1442.85 -00.75
1457.28 -00.72
1471.85 -00.68
1486.57 -00.65
1501.43 -00.63
1516.45 -00.61
1531.61 -00.58
1546.93 -00.56
1562.40 -00.54
1578.02 -00.51
1593.80 -00.47
1609.74 -00.43
1625.84 -00.39
1642.10 -00.36
1658.52 -00.32
1675.10 -00.30
1691.85 -00.28
1708.77 -00.26
1725.86 -00.25
1743.12 -00.24
1760.55 -00.24
1778.15 -00.24
1795.94 -00.23
1813.90 -00.22
1832.03 -00.19
1850.36 -00.15
1868.86 -00.08
1887.55 00.00
1906.42 00.10
1925.49 00.22
1944.74 00.33
1964.19 00.46
1983.83 00.59
2003.67 00.71
2023.71 00.83
2043.94 00.93
2064.38 01.02
2085.03 01.10
2105.88 01.16
2126.94 01.21
2148.20 01.25
2169.69 01.27
2191.38 01.28
2213.30 01.29
2235.43 01.30
2257.78 01.29
2280.36 01.28
2303.17 01.26
2326.20 01.25
2349.46 01.22
2372.95 01.19
2396.68 01.16
2420.65 01.12
2444.86 01.08
2469.31 01.04
2494.00 00.99
2518.94 00.95
2544.13 00.89
2569.57 00.82
2595.27 00.75
2621.22 00.66
2647.43 00.56
2673.90 00.46
2700.64 00.36
2727.65 00.25
2754.93 00.14
2782.48 00.02
2810.30 -00.09
2838.40 -00.21
2866.79 -00.33
2895.46 -00.44
2924.41 -00.56
2953.65 -00.66
2983.19 -00.77
3013.02 -00.88
3043.15 -00.98
3073.58 -01.08
3104.32 -01.18
3135.36 -01.29
3166.72 -01.41
3198.38 -01.54
3230.37 -01.68
3262.67 -01.84
3295.30 -02.00
3328.25 -02.17
3361.53 -02.34
3395.15 -02.53
3429.10 -02.72
3463.39 -02.93
3498.03 -03.16
3533.01 -03.40
3568.34 -03.65
3604.02 -03.92
3640.06 -04.20
3676.46 -04.51
3713.22 -04.86
3750.36 -05.24
3787.86 -05.68
3825.74 -06.16
3864.00 -06.70
3902.64 -07.27
3941.66 -07.88
3981.08 -08.54
4020.89 -09.26
4061.10 -10.04
4101.71 -10.85
4142.73 -11.62
4184.15 -12.17
4226.00 -12.32
4268.26 -11.93
4310.94 -11.03
4354.05 -09.80
4397.59 -08.43
4441.56 -07.04
4485.98 -05.72
4530.84 -04.49
4576.15 -03.36
4621.91 -02.34
4668.13 -01.44
4714.81 -00.66
4761.96 -00.01
4809.58 00.51
4857.67 00.91
4906.25 01.20
4955.31 01.39
5004.87 01.49
5054.91 01.51
5105.46 01.46
5156.52 01.27
5208.08 00.97
5260.16 00.63
5312.77 00.26
5365.89 -00.13
5419.55 -00.51
5473.75 -00.88
5528.49 -01.24
5583.77 -01.55
5639.61 -01.85
5696.00 -02.14
5752.96 -02.41
5810.49 -02.66
5868.60 -02.89
5927.28 -03.09
5986.56 -03.27
6046.42 -03.20
6106.89 -03.03
6167.96 -02.86
6229.64 -02.68
6291.93 -02.50
6354.85 -02.32
6418.40 -02.12
6482.58 -01.90
6547.41 -01.68
6612.88 -01.44
6679.01 -01.19
6745.80 -00.92
6813.26 -00.61
6881.39 -00.28
6950.21 00.10
7019.71 00.52
7089.91 00.96
7160.81 01.43
7232.41 01.90
7304.74 02.22
7377.79 02.53
7451.56 02.82
7526.08 03.10
7601.34 03.35
7677.35 03.58
7754.13 03.77
7831.67 03.93
7909.98 04.05
7989.08 04.14
8068.98 04.19
8149.67 04.20
8231.16 04.17
8313.47 04.10
8396.61 03.99
8480.57 03.85
8565.38 03.67
8651.03 03.47
8737.54 03.25
8824.92 03.00
8913.17 02.74
9002.30 02.45
9092.32 02.15
9183.25 01.84
9275.08 01.53
9367.83 01.23
9461.51 00.93
9556.12 00.64
9651.68 00.36
9748.20 00.08
9845.68 -00.18
9944.14 -00.43
10043.58 -00.66
10144.02 -00.87
10245.46 -01.05
10347.91 -01.12
10451.39 -01.17
10555.91 -01.18
10661.46 -01.18
10768.08 -01.15
10875.76 -01.10
10984.52 -01.02
11094.36 -00.92
11205.31 -00.82
11317.36 -00.67
11430.53 -00.51
11544.84 -00.33
11660.29 -00.11
11776.89 00.13
11894.66 00.42
12013.60 00.75
12133.74 01.12
12255.08 01.53
12377.63 01.95
12501.41 02.35
12626.42 02.69
12752.68 02.96
12880.21 03.13
13009.01 03.22
13139.10 03.21
13270.49 03.12
13403.20 02.93
13537.23 02.62
13672.60 02.19
13809.33 01.62
13947.42 00.88
14086.90 -00.01
14227.77 -01.05
14370.04 -02.13
14513.74 -03.21
14658.88 -04.25
14805.47 -05.02
14953.52 -05.51
15103.06 -05.73
15254.09 -05.74
15406.63 -05.64
15560.70 -05.50
15716.30 -05.37
15873.47 -05.29
16032.20 -05.28
16192.52 -05.33
16354.45 -05.44
16517.99 -05.62
16683.17 -05.85
16850.01 -06.14
17018.51 -06.48
17188.69 -06.84
17360.58 -07.16
17534.18 -07.39
17709.53 -07.52
17886.62 -07.53
18065.49 -07.50
18246.14 -07.45
18428.60 -07.45
18612.89 -07.50
18799.02 -07.64
18987.01 -07.88
19176.88 -08.22
19368.65 -08.67
19562.33 -09.26
19757.96 -09.99
19955.54 -10.88
20000.00 -11.10
