20.00 -05.03
20.20 -04.94
20.40 -04.85
20.61 -04.75
20.81 -04.66
21.02 -04.57
21.23 -04.49
21.44 -04.40
21.66 -04.31
21.87 -04.23
22.09 -04.15
22.31 -04.06
22.54 -03.98
22.76 -03.90
22.99 -03.81
23.22 -03.73
23.45 -03.65
23.69 -03.56
23.92 -03.48
24.16 -03.40
24.40 -03.32
24.65 -03.24
24.89 -03.16
25.14 -03.07
25.39 -02.99
25.65 -02.91
25.91 -02.83
26.16 -02.75
26.43 -02.67
26.69 -02.59
26.96 -02.51
27.23 -02.43
27.50 -02.35
27.77 -02.28
28.05 -02.20
28.33 -02.12
28.62 -02.05
28.90 -01.97
29.19 -01.90
29.48 -01.82
29.78 -01.75
30.08 -01.67
30.38 -01.60
30.68 -01.53
30.99 -01.46
31.30 -01.39
31.61 -01.32
31.93 -01.25
32.24 -01.18
32.57 -01.10
32.89 -01.03
33.22 -00.96
33.55 -00.89
33.89 -00.82
34.23 -00.75
34.57 -00.68
34.92 -00.60
35.27 -00.53
35.62 -00.46
35.97 -00.40
36.33 -00.33
36.70 -00.26
37.06 -00.19
37.43 -00.12
37.81 -00.06
38.19 00.01
38.57 00.07
38.95 00.14
39.34 00.20
39.74 00.26
40.14 00.32
40.54 00.38
40.94 00.44
41.35 00.50
41.76 00.56
42.18 00.62
42.60 00.67
43.03 00.73
43.46 00.79
43.90 00.84
44.33 00.90
44.78 00.95
45.23 01.00
45.68 01.06
46.13 01.10
46.60 01.15
47.06 01.20
47.53 01.24
48.01 01.28
48.49 01.32
48.97 01.36
49.46 01.39
49.96 01.42
50.46 01.45
50.96 01.47
51.47 01.49
51.99 01.50
52.51 01.51
53.03 01.50
53.56 01.49
54.10 01.47
54.64 01.45
55.18 01.41
55.74 01.37
56.29 01.32
56.86 01.26
57.42 01.20
58.00 01.13
58.58 01.07
59.16 01.00
59.76 00.93
60.35 00.86
60.96 00.79
61.57 00.72
62.18 00.65
62.80 00.59
63.43 00.52
64.07 00.45
64.71 00.39
65.35 00.32
66.01 00.26
66.67 00.20
67.33 00.14
68.01 00.07
68.69 00.01
69.37 -00.04
70.07 -00.10
70.77 -00.16
71.48 -00.21
72.19 -00.27
72.91 -00.31
73.64 -00.35
74.38 -00.39
75.12 -00.41
75.87 -00.44
76.63 -00.45
77.40 -00.46
78.17 -00.46
78.95 -00.45
79.74 -00.44
80.54 -00.42
81.35 -00.39
82.16 -00.36
82.98 -00.32
83.81 -00.28
84.65 -00.23
85.50 -00.18
86.35 -00.12
87.22 -00.06
88.09 00.02
88.97 00.09
89.86 00.17
90.76 00.25
91.66 00.33
92.58 00.41
93.51 00.49
94.44 00.55
95.39 00.62
96.34 00.67
97.30 00.72
98.28 00.76
99.26 00.80
100.25 00.82
101.25 00.84
102.27 00.86
103.29 00.87
104.32 00.88
105.37 00.88
106.42 00.88
107.48 00.88
108.56 00.88
109.64 00.88
110.74 00.88
111.85 00.87
112.97 00.87
114.10 00.86
115.24 00.85
116.39 00.84
117.55 00.84
118.73 00.83
119.92 00.82
121.12 00.81
122.33 00.80
123.55 00.78
124.79 00.76
126.03 00.73
127.29 00.69
128.57 00.64
129.85 00.58
131.15 00.51
132.46 00.43
133.79 00.35
135.12 00.27
136.48 00.19
137.84 00.12
139.22 00.06
140.61 00.01
142.02 -00.02
143.44 -00.05
144.87 -00.07
146.32 -00.08
147.78 -00.10
149.26 -00.11
150.75 -00.13
152.26 -00.16
153.78 -00.20
155.32 -00.24
156.88 -00.29
158.44 -00.34
160.03 -00.39
161.63 -00.44
163.24 -00.48
164.88 -00.50
166.53 -00.54
168.19 -00.57
169.87 -00.60
171.57 -00.62
173.29 -00.65
175.02 -00.69
176.77 -00.72
178.54 -00.77
180.32 -00.83
182.13 -00.89
183.95 -00.96
185.79 -01.04
187.65 -01.12
189.52 -01.22
191.42 -01.31
193.33 -01.41
195.27 -01.51
197.22 -01.62
199.19 -01.72
201.18 -01.84
203.19 -01.94
205.23 -02.06
207.28 -02.16
209.35 -02.28
211.44 -02.38
213.56 -02.49
215.69 -02.58
217.85 -02.67
220.03 -02.75
222.23 -02.80
224.45 -02.85
226.70 -02.89
228.96 -02.92
231.25 -02.94
233.57 -02.97
235.90 -02.99
238.26 -03.00
240.64 -03.00
243.05 -03.00
245.48 -03.00
247.93 -02.98
250.41 -02.98
252.92 -02.96
255.45 -02.93
258.00 -02.91
260.58 -02.88
263.19 -02.85
265.82 -02.83
268.48 -02.81
271.16 -02.81
273.87 -02.83
276.61 -02.84
279.38 -02.88
282.17 -02.91
284.99 -02.97
287.84 -03.02
290.72 -03.08
293.63 -03.15
296.57 -03.22
299.53 -03.31
302.53 -03.39
305.55 -03.50
308.61 -03.60
311.69 -03.72
314.81 -03.86
317.96 -03.99
321.14 -04.14
324.35 -04.29
327.59 -04.43
330.87 -04.57
334.18 -04.69
337.52 -04.78
340.90 -04.85
344.30 -04.91
347.75 -04.95
351.23 -04.95
354.74 -04.95
358.28 -04.92
361.87 -04.89
365.49 -04.86
369.14 -04.82
372.83 -04.81
376.56 -04.80
380.33 -04.80
384.13 -04.82
387.97 -04.83
391.85 -04.85
395.77 -04.86
399.73 -04.86
403.72 -04.85
407.76 -04.84
411.84 -04.81
415.96 -04.78
420.12 -04.72
424.32 -04.66
428.56 -04.58
432.85 -04.50
437.18 -04.42
441.55 -04.34
445.96 -04.25
450.42 -04.18
454.93 -04.08
459.48 -03.98
464.07 -03.87
468.71 -03.76
473.40 -03.62
478.13 -03.48
482.91 -03.34
487.74 -03.20
492.62 -03.04
497.55 -02.90
502.52 -02.77
507.55 -02.64
512.62 -02.52
517.75 -02.42
522.93 -02.31
528.16 -02.21
533.44 -02.11
538.77 -02.02
544.16 -01.93
549.60 -01.82
555.10 -01.72
560.65 -01.61
566.25 -01.51
571.92 -01.39
577.64 -01.28
583.41 -01.16
589.25 -01.04
595.14 -00.93
601.09 -00.81
607.10 -00.70
613.17 -00.59
619.30 -00.50
625.50 -00.39
631.75 -00.30
638.07 -00.22
644.45 -00.14
650.89 -00.09
657.40 -00.05
663.98 -00.01
670.62 00.02
677.32 00.05
684.10 00.08
690.94 00.10
697.85 00.13
704.83 00.14
711.87 00.16
718.99 00.19
726.18 00.20
733.44 00.22
740.78 00.23
748.19 00.26
755.67 00.27
763.23 00.28
770.86 00.30
778.57 00.30
786.35 00.31
794.22 00.32
802.16 00.33
810.18 00.34
818.28 00.35
826.46 00.36
834.73 00.38
843.08 00.40
851.51 00.41
860.02 00.43
868.62 00.45
877.31 00.48
886.08 00.50
894.94 00.52
903.89 00.55
912.93 00.59
922.06 00.62
931.28 00.67
940.59 00.70
950.00 00.75
959.50 00.79
969.09 00.81
978.78 00.84
988.57 00.86
998.46 00.87
1008.44 00.87
1018.53 00.86
1028.71 00.82
1039.00 00.78
1049.39 00.72
1059.88 00.62
1070.48 00.51
1081.19 00.39
1092.00 00.25
1102.92 00.11
1113.95 -00.03
1125.09 -00.16
1136.34 -00.29
1147.70 -00.37
1159.18 -00.41
1170.77 -00.41
1182.48 -00.37
1194.30 -00.29
1206.25 -00.18
1218.31 -00.04
1230.49 00.10
1242.80 00.25
1255.22 00.38
1267.78 00.52
1280.45 00.63
1293.26 00.74
1306.19 00.84
1319.25 00.91
1332.45 00.96
1345.77 01.01
1359.23 01.05
1372.82 01.08
1386.55 01.10
1400.41 01.12
1414.42 01.13
1428.56 01.14
1442.85 01.15
1457.28 01.15
1471.85 01.16
1486.57 01.16
1501.43 01.17
1516.45 01.18
1531.61 01.20
1546.93 01.21
1562.40 01.21
1578.02 01.21
1593.80 01.19
1609.74 01.18
1625.84 01.14
1642.10 01.08
1658.52 01.02
1675.10 00.95
1691.85 00.88
1708.77 00.81
1725.86 00.74
1743.12 00.68
1760.55 00.61
1778.15 00.54
1795.94 00.49
1813.90 00.44
1832.03 00.38
1850.36 00.33
1868.86 00.27
1887.55 00.19
1906.42 00.11
1925.49 00.02
1944.74 -00.09
1964.19 -00.19
1983.83 -00.29
2003.67 -00.40
2023.71 -00.51
2043.94 -00.62
2064.38 -00.72
2085.03 -00.83
2105.88 -00.93
2126.94 -01.04
2148.20 -01.16
2169.69 -01.29
2191.38 -01.43
2213.30 -01.57
2235.43 -01.71
2257.78 -01.84
2280.36 -01.96
2303.17 -02.06
2326.20 -02.14
2349.46 -02.22
2372.95 -02.30
2396.68 -02.34
2420.65 -02.37
2444.86 -02.37
2469.31 -02.32
2494.00 -02.27
2518.94 -02.18
2544.13 -02.11
2569.57 -02.02
2595.27 -01.92
2621.22 -01.82
2647.43 -01.69
2673.90 -01.56
2700.64 -01.42
2727.65 -01.30
2754.93 -01.18
2782.48 -01.06
2810.30 -00.94
2838.40 -00.84
2866.79 -00.74
2895.46 -00.63
2924.41 -00.54
2953.65 -00.44
2983.19 -00.35
3013.02 -00.27
3043.15 -00.17
3073.58 -00.10
3104.32 -00.01
3135.36 00.05
3166.72 00.12
3198.38 00.16
3230.37 00.21
3262.67 00.23
3295.30 00.25
3328.25 00.26
3361.53 00.29
3395.15 00.30
3429.10 00.33
3463.39 00.35
3498.03 00.36
3533.01 00.39
3568.34 00.42
3604.02 00.46
3640.06 00.51
3676.46 00.54
3713.22 00.56
3750.36 00.57
3787.86 00.54
3825.74 00.47
3864.00 00.36
3902.64 00.20
3941.66 -00.01
3981.08 -00.27
4020.89 -00.57
4061.10 -00.93
4101.71 -01.33
4142.73 -01.78
4184.15 -02.27
4226.00 -02.77
4268.26 -03.24
4310.94 -03.65
4354.05 -03.95
4397.59 -04.13
4441.56 -04.16
4485.98 -04.04
4530.84 -03.79
4576.15 -03.43
4621.91 -02.99
4668.13 -02.50
4714.81 -02.00
4761.96 -01.51
4809.58 -01.07
4857.67 -00.67
4906.25 -00.33
4955.31 -00.05
5004.87 00.16
5054.91 00.32
5105.46 00.42
5156.52 00.38
5208.08 00.26
5260.16 00.11
5312.77 -00.08
5365.89 -00.28
5419.55 -00.49
5473.75 -00.70
5528.49 -00.91
5583.77 -01.10
5639.61 -01.29
5696.00 -01.47
5752.96 -01.63
5810.49 -01.78
5868.60 -01.92
5927.28 -02.05
5986.56 -02.18
6046.42 -02.09
6106.89 -01.92
6167.96 -01.75
6229.64 -01.57
6291.93 -01.38
6354.85 -01.19
6418.40 -00.99
6482.58 -00.78
6547.41 -00.58
6612.88 -00.38
6679.01 -00.18
6745.80 00.00
6813.26 00.18
6881.39 00.34
6950.21 00.47
7019.71 00.59
7089.91 00.67
7160.81 00.73
7232.41 00.75
7304.74 00.60
7377.79 00.40
7451.56 00.19
7526.08 -00.04
7601.34 -00.27
7677.35 -00.50
7754.13 -00.72
7831.67 -00.91
7909.98 -01.07
7989.08 -01.19
8068.98 -01.27
8149.67 -01.30
8231.16 -01.29
8313.47 -01.26
8396.61 -01.20
8480.57 -01.13
8565.38 -01.05
8651.03 -00.98
8737.54 -00.91
8824.92 -00.87
8913.17 -00.85
9002.30 -00.84
9092.32 -00.86
9183.25 -00.91
9275.08 -00.97
9367.83 -01.06
9461.51 -01.17
9556.12 -01.30
9651.68 -01.46
9748.20 -01.62
9845.68 -01.79
9944.14 -01.96
10043.58 -02.13
10144.02 -02.30
10245.46 -02.45
10347.91 -02.50
10451.39 -02.52
10555.91 -02.52
10661.46 -02.50
10768.08 -02.46
10875.76 -02.39
10984.52 -02.27
11094.36 -02.09
11205.31 -01.85
11317.36 -01.50
11430.53 -01.07
11544.84 -00.57
11660.29 -00.03
11776.89 00.50
11894.66 00.99
12013.60 01.40
12133.74 01.74
12255.08 01.99
12377.63 02.16
12501.41 02.24
12626.42 02.23
12752.68 02.12
12880.21 01.89
13009.01 01.56
13139.10 01.12
13270.49 00.58
13403.20 -00.04
13537.23 -00.70
13672.60 -01.37
13809.33 -02.01
13947.42 -02.64
14086.90 -03.23
14227.77 -03.79
14370.04 -04.33
14513.74 -04.89
14658.88 -05.59
14805.47 -06.30
14953.52 -07.04
15103.06 -07.83
15254.09 -08.67
15406.63 -09.61
15560.70 -10.62
15716.30 -11.68
15873.47 -12.75
16032.20 -13.81
16192.52 -14.82
16354.45 -15.77
16517.99 -16.62
16683.17 -17.33
16850.01 -17.86
17018.51 -18.21
17188.69 -18.43
17360.58 -18.55
17534.18 -18.67
17709.53 -18.83
17886.62 -19.05
18065.49 -19.33
18246.14 -19.64
18428.60 -19.99
18612.89 -20.37
18799.02 -20.79
18987.01 -21.26
19176.88 -21.79
19368.65 -22.39
19562.33 -23.07
19757.96 -23.84
19955.54 -24.71
20000.00 -24.92
