20.00 01.82
20.20 01.85
20.40 01.88
20.61 01.90
20.81 01.93
21.02 01.95
21.23 01.98
21.44 02.00
21.66 02.02
21.87 02.04
22.09 02.06
22.31 02.08
22.54 02.10
22.76 02.11
22.99 02.13
23.22 02.15
23.45 02.17
23.69 02.19
23.92 02.20
24.16 02.22
24.40 02.24
24.65 02.26
24.89 02.27
25.14 02.29
25.39 02.31
25.65 02.32
25.91 02.34
26.16 02.36
26.43 02.37
26.69 02.39
26.96 02.40
27.23 02.42
27.50 02.43
27.77 02.45
28.05 02.46
28.33 02.48
28.62 02.49
28.90 02.51
29.19 02.52
29.48 02.53
29.78 02.55
30.08 02.56
30.38 02.57
30.68 02.58
30.99 02.59
31.30 02.61
31.61 02.62
31.93 02.63
32.24 02.64
32.57 02.65
32.89 02.67
33.22 02.68
33.55 02.69
33.89 02.70
34.23 02.71
34.57 02.73
34.92 02.74
35.27 02.75
35.62 02.76
35.97 02.77
36.33 02.78
36.70 02.79
37.06 02.80
37.43 02.81
37.81 02.82
38.19 02.83
38.57 02.84
38.95 02.85
39.34 02.86
39.74 02.86
40.14 02.87
40.54 02.88
40.94 02.88
41.35 02.89
41.76 02.89
42.18 02.90
42.60 02.90
43.03 02.90
43.46 02.90
43.90 02.90
44.33 02.90
44.78 02.90
45.23 02.90
45.68 02.89
46.13 02.89
46.60 02.88
47.06 02.87
47.53 02.86
48.01 02.85
48.49 02.84
48.97 02.83
49.46 02.82
49.96 02.81
50.46 02.80
50.96 02.80
51.47 02.79
51.99 02.79
52.51 02.79
53.03 02.80
53.56 02.81
54.10 02.82
54.64 02.84
55.18 02.86
55.74 02.89
56.29 02.92
56.86 02.95
57.42 02.98
58.00 03.02
58.58 03.06
59.16 03.09
59.76 03.13
60.35 03.17
60.96 03.21
61.57 03.24
62.18 03.28
62.80 03.31
63.43 03.35
64.07 03.38
64.71 03.41
65.35 03.44
66.01 03.47
66.67 03.50
67.33 03.53
68.01 03.56
68.69 03.59
69.37 03.61
70.07 03.64
70.77 03.66
71.48 03.68
72.19 03.71
72.91 03.73
73.64 03.74
74.38 03.76
75.12 03.78
75.87 03.79
76.63 03.80
77.40 03.81
78.17 03.82
78.95 03.83
79.74 03.83
80.54 03.83
81.35 03.84
82.16 03.84
82.98 03.84
83.81 03.83
84.65 03.83
85.50 03.83
86.35 03.82
87.22 03.82
88.09 03.81
88.97 03.80
89.86 03.79
90.76 03.78
91.66 03.77
92.58 03.76
93.51 03.74
94.44 03.73
95.39 03.71
96.34 03.70
97.30 03.68
98.28 03.66
99.26 03.64
100.25 03.62
101.25 03.60
102.27 03.58
103.29 03.56
104.32 03.54
105.37 03.52
106.42 03.50
107.48 03.47
108.56 03.45
109.64 03.44
110.74 03.42
111.85 03.40
112.97 03.38
114.10 03.36
115.24 03.34
116.39 03.31
117.55 03.29
118.73 03.26
119.92 03.24
121.12 03.21
122.33 03.18
123.55 03.14
124.79 03.11
126.03 03.08
127.29 03.04
128.57 03.00
129.85 02.96
131.15 02.92
132.46 02.89
133.79 02.85
135.12 02.81
136.48 02.76
137.84 02.72
139.22 02.68
140.61 02.64
142.02 02.60
143.44 02.56
144.87 02.51
146.32 02.47
147.78 02.44
149.26 02.40
150.75 02.37
152.26 02.34
153.78 02.31
155.32 02.28
156.88 02.24
158.44 02.21
160.03 02.17
161.63 02.14
163.24 02.10
164.88 02.08
166.53 02.04
168.19 02.00
169.87 01.96
171.57 01.94
173.29 01.91
175.02 01.88
176.77 01.86
178.54 01.84
180.32 01.82
182.13 01.81
183.95 01.79
185.79 01.76
187.65 01.74
189.52 01.71
191.42 01.68
193.33 01.63
195.27 01.60
197.22 01.54
199.19 01.50
201.18 01.45
203.19 01.40
205.23 01.35
207.28 01.31
209.35 01.26
211.44 01.22
213.56 01.18
215.69 01.15
217.85 01.13
220.03 01.11
222.23 01.11
224.45 01.12
226.70 01.13
228.96 01.15
231.25 01.17
233.57 01.20
235.90 01.23
238.26 01.26
240.64 01.30
243.05 01.33
245.48 01.36
247.93 01.39
250.41 01.41
252.92 01.43
255.45 01.45
258.00 01.46
260.58 01.47
263.19 01.49
265.82 01.50
268.48 01.52
271.16 01.52
273.87 01.53
276.61 01.55
279.38 01.57
282.17 01.60
284.99 01.62
287.84 01.66
290.72 01.70
293.63 01.76
296.57 01.82
299.53 01.87
302.53 01.94
305.55 02.00
308.61 02.07
311.69 02.14
314.81 02.19
317.96 02.25
321.14 02.29
324.35 02.33
327.59 02.35
330.87 02.36
334.18 02.36
337.52 02.36
340.90 02.34
344.30 02.31
347.75 02.28
351.23 02.25
354.74 02.21
358.28 02.16
361.87 02.12
365.49 02.07
369.14 02.02
372.83 01.97
376.56 01.92
380.33 01.88
384.13 01.84
387.97 01.81
391.85 01.77
395.77 01.75
399.73 01.73
403.72 01.71
407.76 01.69
411.84 01.67
415.96 01.64
420.12 01.62
424.32 01.58
428.56 01.55
432.85 01.51
437.18 01.46
441.55 01.41
445.96 01.37
450.42 01.32
454.93 01.28
459.48 01.24
464.07 01.20
468.71 01.17
473.40 01.16
478.13 01.15
482.91 01.15
487.74 01.16
492.62 01.18
497.55 01.20
502.52 01.22
507.55 01.26
512.62 01.28
517.75 01.30
522.93 01.33
528.16 01.34
533.44 01.36
538.77 01.36
544.16 01.35
549.60 01.34
555.10 01.31
560.65 01.29
566.25 01.25
571.92 01.22
577.64 01.18
583.41 01.14
589.25 01.10
595.14 01.07
601.09 01.04
607.10 01.01
613.17 00.99
619.30 00.95
625.50 00.93
631.75 00.92
638.07 00.89
644.45 00.86
650.89 00.81
657.40 00.76
663.98 00.71
670.62 00.66
677.32 00.61
684.10 00.57
690.94 00.51
697.85 00.47
704.83 00.42
711.87 00.38
718.99 00.34
726.18 00.29
733.44 00.24
740.78 00.19
748.19 00.15
755.67 00.10
763.23 00.04
770.86 -00.02
778.57 -00.08
786.35 -00.15
794.22 -00.21
802.16 -00.27
810.18 -00.34
818.28 -00.40
826.46 -00.46
834.73 -00.50
843.08 -00.54
851.51 -00.58
860.02 -00.61
868.62 -00.63
877.31 -00.63
886.08 -00.63
894.94 -00.63
903.89 -00.62
912.93 -00.59
922.06 -00.57
931.28 -00.54
940.59 -00.52
950.00 -00.49
959.50 -00.46
969.09 -00.44
978.78 -00.42
988.57 -00.40
998.46 -00.40
1008.44 -00.38
1018.53 -00.38
1028.71 -00.38
1039.00 -00.37
1049.39 -00.37
1059.88 -00.37
1070.48 -00.37
1081.19 -00.36
1092.00 -00.35
1102.92 -00.34
1113.95 -00.32
1125.09 -00.30
1136.34 -00.29
1147.70 -00.27
1159.18 -00.24
1170.77 -00.22
1182.48 -00.21
1194.30 -00.19
1206.25 -00.18
1218.31 -00.17
1230.49 -00.16
1242.80 -00.15
1255.22 -00.16
1267.78 -00.17
1280.45 -00.19
1293.26 -00.21
1306.19 -00.25
1319.25 -00.31
1332.45 -00.40
1345.77 -00.49
1359.23 -00.62
1372.82 -00.76
1386.55 -00.93
1400.41 -01.12
1414.42 -01.35
1428.56 -01.61
1442.85 -01.92
1457.28 -02.26
1471.85 -02.65
1486.57 -03.09
1501.43 -03.58
1516.45 -04.12
1531.61 -04.71
1546.93 -05.38
1562.40 -06.12
1578.02 -06.90
1593.80 -07.71
1609.74 -08.51
1625.84 -09.24
1642.10 -09.82
1658.52 -10.21
1675.10 -10.39
1691.85 -10.38
1708.77 -10.21
1725.86 -09.95
1743.12 -09.62
1760.55 -09.29
1778.15 -08.96
1795.94 -08.63
1813.90 -08.34
1832.03 -08.07
1850.36 -07.84
1868.86 -07.64
1887.55 -07.46
1906.42 -07.30
1925.49 -07.16
1944.74 -07.04
1964.19 -06.92
1983.83 -06.80
2003.67 -06.68
2023.71 -06.56
2043.94 -06.43
2064.38 -06.29
2085.03 -06.14
2105.88 -05.98
2126.94 -05.82
2148.20 -05.66
2169.69 -05.50
2191.38 -05.34
2213.30 -05.18
2235.43 -05.02
2257.78 -04.88
2280.36 -04.74
2303.17 -04.61
2326.20 -04.48
2349.46 -04.36
2372.95 -04.25
2396.68 -04.14
2420.65 -04.05
2444.86 -03.96
2469.31 -03.87
2494.00 -03.80
2518.94 -03.72
2544.13 -03.66
2569.57 -03.60
2595.27 -03.55
2621.22 -03.51
2647.43 -03.48
2673.90 -03.46
2700.64 -03.43
2727.65 -03.41
2754.93 -03.41
2782.48 -03.40
2810.30 -03.39
2838.40 -03.40
2866.79 -03.41
2895.46 -03.41
2924.41 -03.43
2953.65 -03.44
2983.19 -03.47
3013.02 -03.50
3043.15 -03.52
3073.58 -03.56
3104.32 -03.59
3135.36 -03.64
3166.72 -03.69
3198.38 -03.76
3230.37 -03.82
3262.67 -03.91
3295.30 -03.99
3328.25 -04.09
3361.53 -04.18
3395.15 -04.29
3429.10 -04.38
3463.39 -04.46
3498.03 -04.55
3533.01 -04.60
3568.34 -04.61
3604.02 -04.59
3640.06 -04.52
3676.46 -04.39
3713.22 -04.19
3750.36 -03.95
3787.86 -03.68
3825.74 -03.39
3864.00 -03.11
3902.64 -02.85
3941.66 -02.62
3981.08 -02.43
4020.89 -02.28
4061.10 -02.17
4101.71 -02.11
4142.73 -02.09
4184.15 -02.10
4226.00 -02.15
4268.26 -02.21
4310.94 -02.27
4354.05 -02.31
4397.59 -02.33
4441.56 -02.30
4485.98 -02.22
4530.84 -02.09
4576.15 -01.88
4621.91 -01.62
4668.13 -01.29
4714.81 -00.91
4761.96 -00.49
4809.58 -00.03
4857.67 00.44
4906.25 00.92
4955.31 01.39
5004.87 01.84
5054.91 02.26
5105.46 02.65
5156.52 02.92
5208.08 03.11
5260.16 03.26
5312.77 03.35
5365.89 03.40
5419.55 03.37
5473.75 03.29
5528.49 03.11
5583.77 02.88
5639.61 02.56
5696.00 02.19
5752.96 01.76
5810.49 01.30
5868.60 00.79
5927.28 00.26
5986.56 -00.29
6046.42 -00.61
6106.89 -00.82
6167.96 -00.97
6229.64 -01.04
6291.93 -01.02
6354.85 -00.92
6418.40 -00.77
6482.58 -00.57
6547.41 -00.35
6612.88 -00.11
6679.01 00.14
6745.80 00.40
6813.26 00.67
6881.39 00.92
6950.21 01.17
7019.71 01.40
7089.91 01.62
7160.81 01.81
7232.41 01.98
7304.74 01.98
7377.79 01.92
7451.56 01.84
7526.08 01.71
7601.34 01.56
7677.35 01.38
7754.13 01.17
7831.67 00.93
7909.98 00.67
7989.08 00.38
8068.98 00.07
8149.67 -00.27
8231.16 -00.62
8313.47 -00.99
8396.61 -01.34
8480.57 -01.66
8565.38 -01.94
8651.03 -02.16
8737.54 -02.35
8824.92 -02.49
8913.17 -02.60
9002.30 -02.69
9092.32 -02.77
9183.25 -02.84
9275.08 -02.92
9367.83 -03.01
9461.51 -03.12
9556.12 -03.25
9651.68 -03.40
9748.20 -03.57
9845.68 -03.77
9944.14 -03.98
10043.58 -04.21
10144.02 -04.45
10245.46 -04.68
10347.91 -04.82
10451.39 -04.93
10555.91 -05.00
10661.46 -05.06
10768.08 -05.08
10875.76 -05.06
10984.52 -04.98
11094.36 -04.87
11205.31 -04.74
11317.36 -04.58
11430.53 -04.40
11544.84 -04.23
11660.29 -04.06
11776.89 -03.93
11894.66 -03.85
12013.60 -03.84
12133.74 -03.91
12255.08 -04.07
12377.63 -04.33
12501.41 -04.69
12626.42 -05.16
12752.68 -05.74
12880.21 -06.46
13009.01 -07.34
13139.10 -08.39
13270.49 -09.61
13403.20 -10.92
13537.23 -12.17
13672.60 -13.11
13809.33 -13.48
13947.42 -13.21
14086.90 -12.47
14227.77 -11.49
14370.04 -10.43
14513.74 -09.39
14658.88 -08.48
14805.47 -07.59
14953.52 -06.72
15103.06 -05.91
15254.09 -05.20
15406.63 -04.64
15560.70 -04.24
15716.30 -03.96
15873.47 -03.78
16032.20 -03.64
16192.52 -03.54
16354.45 -03.47
16517.99 -03.44
16683.17 -03.46
16850.01 -03.52
17018.51 -03.62
17188.69 -03.76
17360.58 -03.89
17534.18 -04.03
17709.53 -04.20
17886.62 -04.41
18065.49 -04.67
18246.14 -04.96
18428.60 -05.28
18612.89 -05.61
18799.02 -05.98
18987.01 -06.41
19176.88 -06.89
19368.65 -07.43
19562.33 -07.98
19757.96 -08.49
19955.54 -08.97
20000.00 -09.08
