20.00 -03.92
20.20 -03.85
20.40 -03.79
20.61 -03.72
20.81 -03.66
21.02 -03.60
21.23 -03.54
21.44 -03.48
21.66 -03.42
21.87 -03.36
22.09 -03.31
22.31 -03.25
22.54 -03.20
22.76 -03.14
22.99 -03.09
23.22 -03.03
23.45 -02.98
23.69 -02.93
23.92 -02.88
24.16 -02.82
24.40 -02.77
24.65 -02.72
24.89 -02.67
25.14 -02.62
25.39 -02.57
25.65 -02.52
25.91 -02.47
26.16 -02.43
26.43 -02.38
26.69 -02.33
26.96 -02.29
27.23 -02.24
27.50 -02.20
27.77 -02.16
28.05 -02.12
28.33 -02.07
28.62 -02.03
28.90 -01.99
29.19 -01.95
29.48 -01.92
29.78 -01.88
30.08 -01.85
30.38 -01.81
30.68 -01.78
30.99 -01.75
31.30 -01.72
31.61 -01.69
31.93 -01.66
32.24 -01.64
32.57 -01.62
32.89 -01.59
33.22 -01.57
33.55 -01.55
33.89 -01.54
34.23 -01.52
34.57 -01.50
34.92 -01.48
35.27 -01.46
35.62 -01.44
35.97 -01.43
36.33 -01.41
36.70 -01.39
37.06 -01.37
37.43 -01.35
37.81 -01.33
38.19 -01.32
38.57 -01.30
38.95 -01.28
39.34 -01.26
39.74 -01.24
40.14 -01.22
40.54 -01.20
40.94 -01.19
41.35 -01.17
41.76 -01.15
42.18 -01.13
42.60 -01.11
43.03 -01.09
43.46 -01.07
43.90 -01.05
44.33 -01.03
44.78 -01.01
45.23 -00.99
45.68 -00.97
46.13 -00.95
46.60 -00.93
47.06 -00.91
47.53 -00.89
48.01 -00.86
48.49 -00.84
48.97 -00.82
49.46 -00.80
49.96 -00.78
50.46 -00.76
50.96 -00.74
51.47 -00.72
51.99 -00.70
52.51 -00.68
53.03 -00.66
53.56 -00.64
54.10 -00.62
54.64 -00.60
55.18 -00.59
55.74 -00.57
56.29 -00.56
56.86 -00.54
57.42 -00.53
58.00 -00.52
58.58 -00.50
59.16 -00.49
59.76 -00.48
60.35 -00.47
60.96 -00.45
61.57 -00.44
62.18 -00.42
62.80 -00.40
63.43 -00.38
64.07 -00.36
64.71 -00.33
65.35 -00.31
66.01 -00.28
66.67 -00.25
67.33 -00.22
68.01 -00.18
68.69 -00.15
69.37 -00.11
70.07 -00.07
70.77 -00.04
71.48 00.00
72.19 00.04
72.91 00.08
73.64 00.11
74.38 00.15
75.12 00.19
75.87 00.23
76.63 00.28
77.40 00.32
78.17 00.36
78.95 00.40
79.74 00.44
80.54 00.49
81.35 00.53
82.16 00.57
82.98 00.62
83.81 00.66
84.65 00.70
85.50 00.73
86.35 00.76
87.22 00.80
88.09 00.82
88.97 00.85
89.86 00.87
90.76 00.89
91.66 00.90
92.58 00.91
93.51 00.92
94.44 00.93
95.39 00.93
96.34 00.93
97.30 00.93
98.28 00.92
99.26 00.91
100.25 00.90
101.25 00.89
102.27 00.88
103.29 00.86
104.32 00.85
105.37 00.84
106.42 00.83
107.48 00.83
108.56 00.82
109.64 00.82
110.74 00.83
111.85 00.83
112.97 00.84
114.10 00.84
115.24 00.85
116.39 00.86
117.55 00.87
118.73 00.88
119.92 00.90
121.12 00.91
122.33 00.92
123.55 00.93
124.79 00.94
126.03 00.94
127.29 00.95
128.57 00.95
129.85 00.94
131.15 00.94
132.46 00.93
133.79 00.91
135.12 00.90
136.48 00.88
137.84 00.86
139.22 00.84
140.61 00.81
142.02 00.78
143.44 00.76
144.87 00.73
146.32 00.70
147.78 00.67
149.26 00.63
150.75 00.60
152.26 00.56
153.78 00.52
155.32 00.47
156.88 00.42
158.44 00.36
160.03 00.30
161.63 00.25
163.24 00.19
164.88 00.13
166.53 00.07
168.19 00.00
169.87 -00.06
171.57 -00.12
173.29 -00.18
175.02 -00.23
176.77 -00.26
178.54 -00.29
180.32 -00.30
182.13 -00.29
183.95 -00.28
185.79 -00.27
187.65 -00.25
189.52 -00.25
191.42 -00.24
193.33 -00.26
195.27 -00.28
197.22 -00.33
199.19 -00.40
201.18 -00.49
203.19 -00.60
205.23 -00.74
207.28 -00.89
209.35 -01.05
211.44 -01.21
213.56 -01.38
215.69 -01.54
217.85 -01.70
220.03 -01.87
222.23 -02.02
224.45 -02.17
226.70 -02.33
228.96 -02.49
231.25 -02.63
233.57 -02.79
235.90 -02.95
238.26 -03.12
240.64 -03.28
243.05 -03.45
245.48 -03.63
247.93 -03.80
250.41 -03.97
252.92 -04.15
255.45 -04.31
258.00 -04.49
260.58 -04.68
263.19 -04.87
265.82 -05.07
268.48 -05.27
271.16 -05.49
273.87 -05.71
276.61 -05.93
279.38 -06.17
282.17 -06.41
284.99 -06.66
287.84 -06.89
290.72 -07.12
293.63 -07.32
296.57 -07.49
299.53 -07.64
302.53 -07.75
305.55 -07.83
308.61 -07.86
311.69 -07.86
314.81 -07.82
317.96 -07.74
321.14 -07.64
324.35 -07.49
327.59 -07.33
330.87 -07.14
334.18 -06.94
337.52 -06.70
340.90 -06.46
344.30 -06.22
347.75 -05.96
351.23 -05.69
354.74 -05.43
358.28 -05.17
361.87 -04.90
365.49 -04.64
369.14 -04.37
372.83 -04.12
376.56 -03.87
380.33 -03.63
384.13 -03.41
387.97 -03.18
391.85 -02.98
395.77 -02.78
399.73 -02.59
403.72 -02.41
407.76 -02.25
411.84 -02.09
415.96 -01.95
420.12 -01.82
424.32 -01.70
428.56 -01.59
432.85 -01.48
437.18 -01.38
441.55 -01.28
445.96 -01.19
450.42 -01.12
454.93 -01.04
459.48 -00.97
464.07 -00.91
468.71 -00.84
473.40 -00.77
478.13 -00.71
482.91 -00.65
487.74 -00.59
492.62 -00.53
497.55 -00.48
502.52 -00.43
507.55 -00.37
512.62 -00.33
517.75 -00.28
522.93 -00.23
528.16 -00.18
533.44 -00.12
538.77 -00.07
544.16 -00.02
549.60 00.04
555.10 00.09
560.65 00.15
566.25 00.19
571.92 00.25
577.64 00.29
583.41 00.34
589.25 00.38
595.14 00.42
601.09 00.47
607.10 00.50
613.17 00.54
619.30 00.58
625.50 00.62
631.75 00.66
638.07 00.70
644.45 00.73
650.89 00.75
657.40 00.76
663.98 00.78
670.62 00.80
677.32 00.81
684.10 00.83
690.94 00.83
697.85 00.85
704.83 00.84
711.87 00.83
718.99 00.81
726.18 00.76
733.44 00.70
740.78 00.61
748.19 00.51
755.67 00.39
763.23 00.26
770.86 00.14
778.57 00.02
786.35 -00.10
794.22 -00.21
802.16 -00.30
810.18 -00.37
818.28 -00.41
826.46 -00.43
834.73 -00.41
843.08 -00.39
851.51 -00.37
860.02 -00.35
868.62 -00.33
877.31 -00.30
886.08 -00.29
894.94 -00.29
903.89 -00.29
912.93 -00.28
922.06 -00.28
931.28 -00.27
940.59 -00.28
950.00 -00.28
959.50 -00.28
969.09 -00.30
978.78 -00.30
988.57 -00.31
998.46 -00.32
1008.44 -00.33
1018.53 -00.33
1028.71 -00.34
1039.00 -00.35
1049.39 -00.35
1059.88 -00.36
1070.48 -00.35
1081.19 -00.35
1092.00 -00.35
1102.92 -00.35
1113.95 -00.34
1125.09 -00.33
1136.34 -00.33
1147.70 -00.32
1159.18 -00.32
1170.77 -00.31
1182.48 -00.31
1194.30 -00.30
1206.25 -00.30
1218.31 -00.29
1230.49 -00.28
1242.80 -00.28
1255.22 -00.28
1267.78 -00.27
1280.45 -00.27
1293.26 -00.25
1306.19 -00.23
1319.25 -00.21
1332.45 -00.20
1345.77 -00.18
1359.23 -00.16
1372.82 -00.14
1386.55 -00.12
1400.41 -00.11
1414.42 -00.09
1428.56 -00.08
1442.85 -00.06
1457.28 -00.06
1471.85 -00.05
1486.57 -00.05
1501.43 -00.05
1516.45 -00.05
1531.61 -00.05
1546.93 -00.06
1562.40 -00.07
1578.02 -00.09
1593.80 -00.10
1609.74 -00.11
1625.84 -00.13
1642.10 -00.14
1658.52 -00.15
1675.10 -00.16
1691.85 -00.17
1708.77 -00.17
1725.86 -00.17
1743.12 -00.15
1760.55 -00.14
1778.15 -00.12
1795.94 -00.09
1813.90 -00.06
1832.03 -00.02
1850.36 00.02
1868.86 00.07
1887.55 00.12
1906.42 00.17
1925.49 00.22
1944.74 00.26
1964.19 00.31
1983.83 00.36
2003.67 00.41
2023.71 00.45
2043.94 00.49
2064.38 00.53
2085.03 00.57
2105.88 00.61
2126.94 00.64
2148.20 00.67
2169.69 00.70
2191.38 00.72
2213.30 00.75
2235.43 00.78
2257.78 00.80
2280.36 00.81
2303.17 00.83
2326.20 00.85
2349.46 00.85
2372.95 00.86
2396.68 00.87
2420.65 00.87
2444.86 00.87
2469.31 00.87
2494.00 00.87
2518.94 00.87
2544.13 00.87
2569.57 00.86
2595.27 00.86
2621.22 00.85
2647.43 00.84
2673.90 00.83
2700.64 00.83
2727.65 00.82
2754.93 00.82
2782.48 00.81
2810.30 00.80
2838.40 00.78
2866.79 00.75
2895.46 00.72
2924.41 00.66
2953.65 00.59
2983.19 00.48
3013.02 00.35
3043.15 00.19
3073.58 -00.01
3104.32 -00.24
3135.36 -00.51
3166.72 -00.80
3198.38 -01.12
3230.37 -01.44
3262.67 -01.77
3295.30 -02.08
3328.25 -02.34
3361.53 -02.53
3395.15 -02.64
3429.10 -02.61
3463.39 -02.48
3498.03 -02.26
3533.01 -01.95
3568.34 -01.60
3604.02 -01.24
3640.06 -00.88
3676.46 -00.54
3713.22 -00.23
3750.36 00.05
3787.86 00.29
3825.74 00.49
3864.00 00.65
3902.64 00.77
3941.66 00.85
3981.08 00.89
4020.89 00.90
4061.10 00.89
4101.71 00.85
4142.73 00.80
4184.15 00.74
4226.00 00.67
4268.26 00.60
4310.94 00.53
4354.05 00.46
4397.59 00.39
4441.56 00.34
4485.98 00.28
4530.84 00.24
4576.15 00.20
4621.91 00.16
4668.13 00.14
4714.81 00.12
4761.96 00.11
4809.58 00.10
4857.67 00.10
4906.25 00.10
4955.31 00.11
5004.87 00.12
5054.91 00.13
5105.46 00.15
5156.52 00.09
5208.08 00.00
5260.16 -00.09
5312.77 -00.17
5365.89 -00.25
5419.55 -00.33
5473.75 -00.40
5528.49 -00.48
5583.77 -00.55
5639.61 -00.63
5696.00 -00.71
5752.96 -00.80
5810.49 -00.89
5868.60 -00.98
5927.28 -01.09
5986.56 -01.21
6046.42 -01.12
6106.89 -00.99
6167.96 -00.87
6229.64 -00.77
6291.93 -00.69
6354.85 -00.64
6418.40 -00.62
6482.58 -00.62
6547.41 -00.67
6612.88 -00.74
6679.01 -00.86
6745.80 -01.02
6813.26 -01.21
6881.39 -01.46
6950.21 -01.73
7019.71 -02.04
7089.91 -02.40
7160.81 -02.78
7232.41 -03.20
7304.74 -03.78
7377.79 -04.40
7451.56 -05.04
7526.08 -05.69
7601.34 -06.36
7677.35 -07.06
7754.13 -07.79
7831.67 -08.55
7909.98 -09.35
7989.08 -10.20
8068.98 -11.07
8149.67 -11.95
8231.16 -12.78
8313.47 -13.48
8396.61 -13.93
8480.57 -14.05
8565.38 -13.85
8651.03 -13.46
8737.54 -13.00
8824.92 -12.57
8913.17 -12.24
9002.30 -12.03
9092.32 -11.94
9183.25 -11.98
9275.08 -12.12
9367.83 -12.35
9461.51 -12.62
9556.12 -12.89
9651.68 -13.13
9748.20 -13.25
9845.68 -13.24
9944.14 -13.06
10043.58 -12.76
10144.02 -12.39
10245.46 -12.02
10347.91 -11.62
10451.39 -11.30
10555.91 -11.07
10661.46 -10.95
10768.08 -10.94
10875.76 -11.02
10984.52 -11.18
11094.36 -11.39
11205.31 -11.62
11317.36 -11.78
11430.53 -11.81
11544.84 -11.62
11660.29 -11.16
11776.89 -10.50
11894.66 -09.66
12013.60 -08.77
12133.74 -07.86
12255.08 -06.99
12377.63 -06.17
12501.41 -05.42
12626.42 -04.76
12752.68 -04.17
12880.21 -03.70
13009.01 -03.31
13139.10 -03.04
13270.49 -02.87
13403.20 -02.80
13537.23 -02.84
13672.60 -02.97
13809.33 -03.18
13947.42 -03.49
14086.90 -03.88
14227.77 -04.37
14370.04 -04.95
14513.74 -05.65
14658.88 -06.55
14805.47 -07.45
14953.52 -08.29
15103.06 -09.02
15254.09 -09.65
15406.63 -10.23
15560.70 -10.79
15716.30 -11.36
15873.47 -11.89
16032.20 -12.31
16192.52 -12.51
16354.45 -12.41
16517.99 -12.04
16683.17 -11.49
16850.01 -10.88
17018.51 -10.29
17188.69 -09.77
17360.58 -09.32
17534.18 -08.97
17709.53 -08.73
17886.62 -08.56
18065.49 -08.50
18246.14 -08.53
18428.60 -08.66
18612.89 -08.89
18799.02 -09.23
18987.01 -09.67
19176.88 -10.19
19368.65 -10.79
19562.33 -11.46
19757.96 -12.18
19955.54 -12.95
20000.00 -13.13
