20.00 -00.25
20.20 -00.22
20.40 -00.19
20.61 -00.17
20.81 -00.14
21.02 -00.12
21.23 -00.10
21.44 -00.09
21.66 -00.07
21.87 -00.06
22.09 -00.05
22.31 -00.03
22.54 -00.02
22.76 -00.01
22.99 00.00
23.22 00.00
23.45 00.01
23.69 00.02
23.92 00.03
24.16 00.04
24.40 00.05
24.65 00.05
24.89 00.06
25.14 00.07
25.39 00.07
25.65 00.08
25.91 00.09
26.16 00.09
26.43 00.10
26.69 00.10
26.96 00.11
27.23 00.12
27.50 00.12
27.77 00.13
28.05 00.14
28.33 00.14
28.62 00.15
28.90 00.16
29.19 00.17
29.48 00.18
29.78 00.19
30.08 00.20
30.38 00.21
30.68 00.22
30.99 00.23
31.30 00.25
31.61 00.26
31.93 00.27
32.24 00.29
32.57 00.30
32.89 00.32
33.22 00.34
33.55 00.35
33.89 00.37
34.23 00.39
34.57 00.41
34.92 00.43
35.27 00.45
35.62 00.47
35.97 00.49
36.33 00.51
36.70 00.54
37.06 00.56
37.43 00.58
37.81 00.61
38.19 00.63
38.57 00.66
38.95 00.68
39.34 00.71
39.74 00.73
40.14 00.76
40.54 00.78
40.94 00.80
41.35 00.82
41.76 00.84
42.18 00.85
42.60 00.87
43.03 00.88
43.46 00.89
43.90 00.89
44.33 00.89
44.78 00.89
45.23 00.89
45.68 00.88
46.13 00.88
46.60 00.87
47.06 00.86
47.53 00.84
48.01 00.83
48.49 00.82
48.97 00.80
49.46 00.79
49.96 00.78
50.46 00.77
50.96 00.76
51.47 00.75
51.99 00.74
52.51 00.74
53.03 00.74
53.56 00.74
54.10 00.75
54.64 00.76
55.18 00.77
55.74 00.79
56.29 00.80
56.86 00.82
57.42 00.84
58.00 00.87
58.58 00.89
59.16 00.92
59.76 00.94
60.35 00.97
60.96 00.99
61.57 01.01
62.18 01.03
62.80 01.05
63.43 01.06
64.07 01.07
64.71 01.07
65.35 01.07
66.01 01.07
66.67 01.06
67.33 01.05
68.01 01.04
68.69 01.02
69.37 01.01
70.07 00.99
70.77 00.97
71.48 00.96
72.19 00.94
72.91 00.93
73.64 00.91
74.38 00.90
75.12 00.89
75.87 00.87
76.63 00.86
77.40 00.85
78.17 00.84
78.95 00.83
79.74 00.82
80.54 00.82
81.35 00.81
82.16 00.80
82.98 00.79
83.81 00.79
84.65 00.78
85.50 00.78
86.35 00.77
87.22 00.77
88.09 00.77
88.97 00.76
89.86 00.76
90.76 00.76
91.66 00.75
92.58 00.75
93.51 00.75
94.44 00.74
95.39 00.74
96.34 00.74
97.30 00.73
98.28 00.72
99.26 00.72
100.25 00.71
101.25 00.70
102.27 00.69
103.29 00.68
104.32 00.67
105.37 00.66
106.42 00.66
107.48 00.65
108.56 00.64
109.64 00.64
110.74 00.63
111.85 00.63
112.97 00.63
114.10 00.62
115.24 00.62
116.39 00.62
117.55 00.61
118.73 00.61
119.92 00.61
121.12 00.60
122.33 00.60
123.55 00.60
124.79 00.59
126.03 00.59
127.29 00.59
128.57 00.58
129.85 00.58
131.15 00.58
132.46 00.58
133.79 00.57
135.12 00.57
136.48 00.57
137.84 00.57
139.22 00.57
140.61 00.57
142.02 00.57
143.44 00.56
144.87 00.56
146.32 00.56
147.78 00.56
149.26 00.57
150.75 00.57
152.26 00.57
153.78 00.57
155.32 00.58
156.88 00.58
158.44 00.59
160.03 00.60
161.63 00.62
163.24 00.64
164.88 00.67
166.53 00.69
168.19 00.72
169.87 00.74
171.57 00.77
173.29 00.80
175.02 00.82
176.77 00.85
178.54 00.87
180.32 00.89
182.13 00.92
183.95 00.94
185.79 00.96
187.65 00.99
189.52 01.01
191.42 01.05
193.33 01.07
195.27 01.10
197.22 01.13
199.19 01.16
201.18 01.19
203.19 01.22
205.23 01.25
207.28 01.29
209.35 01.32
211.44 01.36
213.56 01.40
215.69 01.45
217.85 01.50
220.03 01.54
222.23 01.58
224.45 01.61
226.70 01.61
228.96 01.56
231.25 01.49
233.57 01.37
235.90 01.23
238.26 01.07
240.64 00.91
243.05 00.74
245.48 00.57
247.93 00.41
250.41 00.27
252.92 00.16
255.45 00.11
258.00 00.11
260.58 00.16
263.19 00.26
265.82 00.37
268.48 00.48
271.16 00.58
273.87 00.68
276.61 00.77
279.38 00.85
282.17 00.93
284.99 01.00
287.84 01.06
290.72 01.11
293.63 01.17
296.57 01.23
299.53 01.28
302.53 01.34
305.55 01.39
308.61 01.45
311.69 01.49
314.81 01.49
317.96 01.47
321.14 01.38
324.35 01.25
327.59 01.06
330.87 00.85
334.18 00.60
337.52 00.36
340.90 00.10
344.30 -00.15
347.75 -00.37
351.23 -00.52
354.74 -00.60
358.28 -00.58
361.87 -00.46
365.49 -00.28
369.14 -00.04
372.83 00.18
376.56 00.40
380.33 00.61
384.13 00.78
387.97 00.93
391.85 01.03
395.77 01.09
399.73 01.11
403.72 01.09
407.76 01.04
411.84 00.98
415.96 00.89
420.12 00.80
424.32 00.71
428.56 00.63
432.85 00.58
437.18 00.54
441.55 00.55
445.96 00.61
450.42 00.69
454.93 00.81
459.48 00.93
464.07 01.06
468.71 01.19
473.40 01.32
478.13 01.45
482.91 01.57
487.74 01.70
492.62 01.84
497.55 01.97
502.52 02.09
507.55 02.21
512.62 02.29
517.75 02.37
522.93 02.43
528.16 02.49
533.44 02.56
538.77 02.63
544.16 02.71
549.60 02.80
555.10 02.89
560.65 02.98
566.25 03.04
571.92 03.09
577.64 03.10
583.41 03.11
589.25 03.09
595.14 03.06
601.09 02.99
607.10 02.86
613.17 02.67
619.30 02.39
625.50 02.07
631.75 01.71
638.07 01.32
644.45 00.94
650.89 00.55
657.40 00.19
663.98 -00.16
670.62 -00.47
677.32 -00.70
684.10 -00.81
690.94 -00.83
697.85 -00.76
704.83 -00.65
711.87 -00.51
718.99 -00.32
726.18 -00.13
733.44 00.06
740.78 00.24
748.19 00.41
755.67 00.56
763.23 00.70
770.86 00.85
778.57 00.98
786.35 01.13
794.22 01.27
802.16 01.42
810.18 01.57
818.28 01.70
826.46 01.81
834.73 01.90
843.08 01.96
851.51 01.99
860.02 02.02
868.62 02.06
877.31 02.11
886.08 02.17
894.94 02.21
903.89 02.23
912.93 02.20
922.06 02.08
931.28 01.88
940.59 01.59
950.00 01.26
959.50 00.89
969.09 00.46
978.78 -00.01
988.57 -00.56
998.46 -01.18
1008.44 -01.80
1018.53 -02.33
1028.71 -02.67
1039.00 -02.76
1049.39 -02.63
1059.88 -02.38
1070.48 -02.10
1081.19 -01.84
1092.00 -01.60
1102.92 -01.39
1113.95 -01.21
1125.09 -01.10
1136.34 -01.06
1147.70 -01.03
1159.18 -01.02
1170.77 -00.99
1182.48 -00.96
1194.30 -00.91
1206.25 -00.88
1218.31 -00.87
1230.49 -00.92
1242.80 -01.03
1255.22 -01.23
1267.78 -01.50
1280.45 -01.83
1293.26 -02.18
1306.19 -02.56
1319.25 -02.97
1332.45 -03.42
1345.77 -03.90
1359.23 -04.39
1372.82 -04.83
1386.55 -05.14
1400.41 -05.24
1414.42 -05.15
1428.56 -04.96
1442.85 -04.74
1457.28 -04.56
1471.85 -04.42
1486.57 -04.33
1501.43 -04.28
1516.45 -04.25
1531.61 -04.25
1546.93 -04.29
1562.40 -04.35
1578.02 -04.45
1593.80 -04.56
1609.74 -04.68
1625.84 -04.84
1642.10 -05.00
1658.52 -05.13
1675.10 -05.24
1691.85 -05.32
1708.77 -05.35
1725.86 -05.36
1743.12 -05.32
1760.55 -05.25
1778.15 -05.17
1795.94 -05.11
1813.90 -05.06
1832.03 -05.04
1850.36 -05.02
1868.86 -05.02
1887.55 -05.05
1906.42 -05.11
1925.49 -05.18
1944.74 -05.25
1964.19 -05.29
1983.83 -05.28
2003.67 -05.20
2023.71 -05.06
2043.94 -04.88
2064.38 -04.71
2085.03 -04.55
2105.88 -04.39
2126.94 -04.25
2148.20 -04.11
2169.69 -04.00
2191.38 -03.90
2213.30 -03.83
2235.43 -03.77
2257.78 -03.73
2280.36 -03.69
2303.17 -03.64
2326.20 -03.57
2349.46 -03.48
2372.95 -03.35
2396.68 -03.18
2420.65 -03.00
2444.86 -02.83
2469.31 -02.67
2494.00 -02.53
2518.94 -02.40
2544.13 -02.28
2569.57 -02.17
2595.27 -02.08
2621.22 -02.02
2647.43 -01.98
2673.90 -01.96
2700.64 -01.96
2727.65 -01.98
2754.93 -01.99
2782.48 -01.98
2810.30 -01.94
2838.40 -01.90
2866.79 -01.87
2895.46 -01.84
2924.41 -01.83
2953.65 -01.79
2983.19 -01.75
3013.02 -01.70
3043.15 -01.65
3073.58 -01.64
3104.32 -01.63
3135.36 -01.65
3166.72 -01.67
3198.38 -01.70
3230.37 -01.70
3262.67 -01.71
3295.30 -01.71
3328.25 -01.72
3361.53 -01.72
3395.15 -01.74
3429.10 -01.73
3463.39 -01.72
3498.03 -01.72
3533.01 -01.70
3568.34 -01.67
3604.02 -01.66
3640.06 -01.65
3676.46 -01.66
3713.22 -01.69
3750.36 -01.73
3787.86 -01.77
3825.74 -01.80
3864.00 -01.81
3902.64 -01.81
3941.66 -01.82
3981.08 -01.84
4020.89 -01.87
4061.10 -01.90
4101.71 -01.92
4142.73 -01.93
4184.15 -01.93
4226.00 -01.93
4268.26 -01.94
4310.94 -01.97
4354.05 -02.00
4397.59 -02.02
4441.56 -02.05
4485.98 -02.08
4530.84 -02.14
4576.15 -02.22
4621.91 -02.30
4668.13 -02.35
4714.81 -02.39
4761.96 -02.43
4809.58 -02.48
4857.67 -02.58
4906.25 -02.73
4955.31 -02.94
5004.87 -03.21
5054.91 -03.50
5105.46 -03.83
5156.52 -04.29
5208.08 -04.86
5260.16 -05.51
5312.77 -06.20
5365.89 -06.89
5419.55 -07.53
5473.75 -08.06
5528.49 -08.46
5583.77 -08.71
5639.61 -08.81
5696.00 -08.76
5752.96 -08.48
5810.49 -08.03
5868.60 -07.53
5927.28 -07.11
5986.56 -06.81
6046.42 -06.37
6106.89 -05.86
6167.96 -05.35
6229.64 -04.88
6291.93 -04.44
6354.85 -04.03
6418.40 -03.63
6482.58 -03.21
6547.41 -02.77
6612.88 -02.26
6679.01 -01.66
6745.80 -01.02
6813.26 -00.35
6881.39 00.29
6950.21 00.94
7019.71 01.57
7089.91 02.19
7160.81 02.77
7232.41 03.31
7304.74 03.64
7377.79 03.90
7451.56 04.11
7526.08 04.26
7601.34 04.36
7677.35 04.42
7754.13 04.43
7831.67 04.40
7909.98 04.31
7989.08 04.19
8068.98 04.02
8149.67 03.81
8231.16 03.56
8313.47 03.28
8396.61 02.97
8480.57 02.64
8565.38 02.28
8651.03 01.92
8737.54 01.55
8824.92 01.16
8913.17 00.77
9002.30 00.37
9092.32 -00.04
9183.25 -00.46
9275.08 -00.87
9367.83 -01.27
9461.51 -01.67
9556.12 -02.06
9651.68 -02.44
9748.20 -02.79
9845.68 -03.12
9944.14 -03.42
10043.58 -03.69
10144.02 -03.92
10245.46 -04.12
10347.91 -04.20
10451.39 -04.26
10555.91 -04.31
10661.46 -04.36
10768.08 -04.40
10875.76 -04.44
10984.52 -04.47
11094.36 -04.50
11205.31 -04.53
11317.36 -04.55
11430.53 -04.54
11544.84 -04.50
11660.29 -04.38
11776.89 -04.19
11894.66 -03.91
12013.60 -03.54
12133.74 -03.09
12255.08 -02.61
12377.63 -02.15
12501.41 -01.75
12626.42 -01.44
12752.68 -01.20
12880.21 -01.07
13009.01 -01.02
13139.10 -01.05
13270.49 -01.17
13403.20 -01.38
13537.23 -01.69
13672.60 -02.12
13809.33 -02.65
13947.42 -03.27
14086.90 -03.90
14227.77 -04.48
14370.04 -04.96
14513.74 -05.37
14658.88 -05.85
14805.47 -06.35
14953.52 -06.90
15103.06 -07.57
15254.09 -08.35
15406.63 -09.26
15560.70 -10.25
15716.30 -11.34
15873.47 -12.54
16032.20 -13.89
16192.52 -15.44
16354.45 -17.19
16517.99 -19.09
16683.17 -20.94
16850.01 -22.26
17018.51 -22.33
17188.69 -21.08
17360.58 -19.30
17534.18 -17.63
17709.53 -16.26
17886.62 -15.15
18065.49 -14.25
18246.14 -13.49
18428.60 -12.84
18612.89 -12.27
18799.02 -11.80
18987.01 -11.44
19176.88 -11.21
19368.65 -11.12
19562.33 -11.17
19757.96 -11.35
19955.54 -11.64
20000.00 -11.72
