20.00 00.03
20.20 00.07
20.40 00.11
20.61 00.15
20.81 00.18
21.02 00.22
21.23 00.25
21.44 00.29
21.66 00.32
21.87 00.35
22.09 00.37
22.31 00.40
22.54 00.42
22.76 00.44
22.99 00.46
23.22 00.48
23.45 00.50
23.69 00.51
23.92 00.53
24.16 00.54
24.40 00.56
24.65 00.57
24.89 00.58
25.14 00.59
25.39 00.61
25.65 00.62
25.91 00.63
26.16 00.64
26.43 00.66
26.69 00.67
26.96 00.68
27.23 00.69
27.50 00.71
27.77 00.72
28.05 00.73
28.33 00.74
28.62 00.76
28.90 00.77
29.19 00.78
29.48 00.79
29.78 00.80
30.08 00.82
30.38 00.83
30.68 00.84
30.99 00.85
31.30 00.86
31.61 00.87
31.93 00.88
32.24 00.89
32.57 00.91
32.89 00.92
33.22 00.93
33.55 00.94
33.89 00.95
34.23 00.96
34.57 00.97
34.92 00.98
35.27 00.99
35.62 01.00
35.97 01.01
36.33 01.02
36.70 01.04
37.06 01.05
37.43 01.06
37.81 01.07
38.19 01.08
38.57 01.09
38.95 01.10
39.34 01.12
39.74 01.13
40.14 01.14
40.54 01.15
40.94 01.16
41.35 01.17
41.76 01.18
42.18 01.19
42.60 01.20
43.03 01.21
43.46 01.22
43.90 01.23
44.33 01.24
44.78 01.25
45.23 01.26
45.68 01.27
46.13 01.27
46.60 01.28
47.06 01.29
47.53 01.30
48.01 01.30
48.49 01.31
48.97 01.31
49.46 01.32
49.96 01.32
50.46 01.33
50.96 01.33
51.47 01.34
51.99 01.34
52.51 01.35
53.03 01.35
53.56 01.35
54.10 01.36
54.64 01.36
55.18 01.37
55.74 01.37
56.29 01.37
56.86 01.37
57.42 01.38
58.00 01.38
58.58 01.38
59.16 01.38
59.76 01.39
60.35 01.39
60.96 01.39
61.57 01.39
62.18 01.40
62.80 01.40
63.43 01.40
64.07 01.40
64.71 01.40
65.35 01.40
66.01 01.40
66.67 01.40
67.33 01.40
68.01 01.40
68.69 01.40
69.37 01.40
70.07 01.40
70.77 01.40
71.48 01.40
72.19 01.40
72.91 01.40
73.64 01.39
74.38 01.39
75.12 01.39
75.87 01.39
76.63 01.38
77.40 01.38
78.17 01.38
78.95 01.38
79.74 01.37
80.54 01.37
81.35 01.37
82.16 01.36
82.98 01.36
83.81 01.36
84.65 01.36
85.50 01.35
86.35 01.35
87.22 01.35
88.09 01.34
88.97 01.34
89.86 01.34
90.76 01.33
91.66 01.33
92.58 01.33
93.51 01.32
94.44 01.32
95.39 01.32
96.34 01.31
97.30 01.31
98.28 01.31
99.26 01.31
100.25 01.30
101.25 01.30
102.27 01.30
103.29 01.30
104.32 01.29
105.37 01.29
106.42 01.29
107.48 01.29
108.56 01.29
109.64 01.28
110.74 01.28
111.85 01.28
112.97 01.28
114.10 01.28
115.24 01.28
116.39 01.27
117.55 01.27
118.73 01.27
119.92 01.26
121.12 01.26
122.33 01.26
123.55 01.25
124.79 01.25
126.03 01.25
127.29 01.25
128.57 01.24
129.85 01.24
131.15 01.24
132.46 01.24
133.79 01.24
135.12 01.24
136.48 01.24
137.84 01.24
139.22 01.24
140.61 01.25
142.02 01.25
143.44 01.25
144.87 01.24
146.32 01.24
147.78 01.24
149.26 01.24
150.75 01.24
152.26 01.24
153.78 01.24
155.32 01.24
156.88 01.23
158.44 01.23
160.03 01.24
161.63 01.25
163.24 01.27
164.88 01.30
166.53 01.32
168.19 01.34
169.87 01.36
171.57 01.39
173.29 01.41
175.02 01.43
176.77 01.45
178.54 01.46
180.32 01.47
182.13 01.49
183.95 01.49
185.79 01.49
187.65 01.50
189.52 01.50
191.42 01.52
193.33 01.52
195.27 01.52
197.22 01.52
199.19 01.53
201.18 01.53
203.19 01.53
205.23 01.53
207.28 01.54
209.35 01.53
211.44 01.54
213.56 01.54
215.69 01.55
217.85 01.56
220.03 01.57
222.23 01.58
224.45 01.59
226.70 01.60
228.96 01.59
231.25 01.60
233.57 01.59
235.90 01.58
238.26 01.56
240.64 01.55
243.05 01.53
245.48 01.50
247.93 01.48
250.41 01.46
252.92 01.43
255.45 01.41
258.00 01.38
260.58 01.35
263.19 01.32
265.82 01.28
268.48 01.25
271.16 01.20
273.87 01.15
276.61 01.11
279.38 01.06
282.17 01.02
284.99 00.97
287.84 00.93
290.72 00.89
293.63 00.88
296.57 00.87
299.53 00.86
302.53 00.87
305.55 00.89
308.61 00.92
311.69 00.95
314.81 00.98
317.96 01.02
321.14 01.06
324.35 01.11
327.59 01.15
330.87 01.19
334.18 01.23
337.52 01.29
340.90 01.33
344.30 01.38
347.75 01.43
351.23 01.48
354.74 01.53
358.28 01.57
361.87 01.62
365.49 01.66
369.14 01.71
372.83 01.74
376.56 01.76
380.33 01.79
384.13 01.80
387.97 01.82
391.85 01.82
395.77 01.83
399.73 01.82
403.72 01.82
407.76 01.80
411.84 01.79
415.96 01.77
420.12 01.76
424.32 01.73
428.56 01.72
432.85 01.71
437.18 01.69
441.55 01.69
445.96 01.68
450.42 01.67
454.93 01.66
459.48 01.65
464.07 01.64
468.71 01.62
473.40 01.60
478.13 01.56
482.91 01.50
487.74 01.44
492.62 01.36
497.55 01.26
502.52 01.14
507.55 01.01
512.62 00.86
517.75 00.68
522.93 00.51
528.16 00.32
533.44 00.15
538.77 -00.04
544.16 -00.21
549.60 -00.36
555.10 -00.49
560.65 -00.60
566.25 -00.70
571.92 -00.76
577.64 -00.80
583.41 -00.81
589.25 -00.81
595.14 -00.78
601.09 -00.74
607.10 -00.68
613.17 -00.60
619.30 -00.52
625.50 -00.43
631.75 -00.34
638.07 -00.26
644.45 -00.20
650.89 -00.16
657.40 -00.13
663.98 -00.10
670.62 -00.09
677.32 -00.10
684.10 -00.10
690.94 -00.13
697.85 -00.14
704.83 -00.17
711.87 -00.19
718.99 -00.20
726.18 -00.20
733.44 -00.21
740.78 -00.20
748.19 -00.18
755.67 -00.17
763.23 -00.14
770.86 -00.09
778.57 -00.04
786.35 00.02
794.22 00.10
802.16 00.19
810.18 00.28
818.28 00.36
826.46 00.45
834.73 00.54
843.08 00.60
851.51 00.65
860.02 00.69
868.62 00.73
877.31 00.76
886.08 00.78
894.94 00.79
903.89 00.79
912.93 00.81
922.06 00.81
931.28 00.84
940.59 00.86
950.00 00.90
959.50 00.94
969.09 00.98
978.78 01.02
988.57 01.07
998.46 01.10
1008.44 01.13
1018.53 01.15
1028.71 01.15
1039.00 01.16
1049.39 01.17
1059.88 01.16
1070.48 01.17
1081.19 01.17
1092.00 01.15
1102.92 01.12
1113.95 01.07
1125.09 01.01
1136.34 00.93
1147.70 00.85
1159.18 00.77
1170.77 00.68
1182.48 00.57
1194.30 00.47
1206.25 00.36
1218.31 00.24
1230.49 00.11
1242.80 -00.02
1255.22 -00.14
1267.78 -00.26
1280.45 -00.38
1293.26 -00.50
1306.19 -00.65
1319.25 -00.81
1332.45 -00.99
1345.77 -01.18
1359.23 -01.37
1372.82 -01.56
1386.55 -01.75
1400.41 -01.95
1414.42 -02.15
1428.56 -02.36
1442.85 -02.58
1457.28 -02.79
1471.85 -02.99
1486.57 -03.19
1501.43 -03.39
1516.45 -03.60
1531.61 -03.79
1546.93 -03.97
1562.40 -04.14
1578.02 -04.29
1593.80 -04.45
1609.74 -04.62
1625.84 -04.82
1642.10 -05.02
1658.52 -05.24
1675.10 -05.48
1691.85 -05.72
1708.77 -05.96
1725.86 -06.21
1743.12 -06.44
1760.55 -06.67
1778.15 -06.87
1795.94 -07.03
1813.90 -07.18
1832.03 -07.31
1850.36 -07.42
1868.86 -07.50
1887.55 -07.55
1906.42 -07.60
1925.49 -07.67
1944.74 -07.77
1964.19 -07.90
1983.83 -08.05
2003.67 -08.21
2023.71 -08.36
2043.94 -08.50
2064.38 -08.62
2085.03 -08.71
2105.88 -08.78
2126.94 -08.83
2148.20 -08.83
2169.69 -08.78
2191.38 -08.66
2213.30 -08.51
2235.43 -08.32
2257.78 -08.11
2280.36 -07.89
2303.17 -07.67
2326.20 -07.45
2349.46 -07.25
2372.95 -07.05
2396.68 -06.85
2420.65 -06.65
2444.86 -06.44
2469.31 -06.21
2494.00 -05.99
2518.94 -05.77
2544.13 -05.58
2569.57 -05.41
2595.27 -05.25
2621.22 -05.10
2647.43 -04.96
2673.90 -04.83
2700.64 -04.67
2727.65 -04.53
2754.93 -04.37
2782.48 -04.19
2810.30 -03.95
2838.40 -03.61
2866.79 -03.19
2895.46 -02.71
2924.41 -02.23
2953.65 -01.76
2983.19 -01.32
3013.02 -00.93
3043.15 -00.57
3073.58 -00.25
3104.32 00.02
3135.36 00.25
3166.72 00.43
3198.38 00.54
3230.37 00.62
3262.67 00.66
3295.30 00.72
3328.25 00.82
3361.53 00.99
3395.15 01.23
3429.10 01.52
3463.39 01.84
3498.03 02.17
3533.01 02.50
3568.34 02.82
3604.02 03.12
3640.06 03.39
3676.46 03.61
3713.22 03.79
3750.36 03.91
3787.86 04.00
3825.74 04.04
3864.00 04.05
3902.64 04.05
3941.66 04.02
3981.08 03.98
4020.89 03.92
4061.10 03.84
4101.71 03.76
4142.73 03.66
4184.15 03.55
4226.00 03.43
4268.26 03.29
4310.94 03.16
4354.05 03.06
4397.59 03.01
4441.56 03.00
4485.98 03.02
4530.84 03.06
4576.15 03.09
4621.91 03.11
4668.13 03.13
4714.81 03.14
4761.96 03.14
4809.58 03.11
4857.67 03.03
4906.25 02.88
4955.31 02.66
5004.87 02.38
5054.91 02.07
5105.46 01.74
5156.52 01.31
5208.08 00.82
5260.16 00.31
5312.77 -00.21
5365.89 -00.76
5419.55 -01.30
5473.75 -01.86
5528.49 -02.42
5583.77 -02.95
5639.61 -03.48
5696.00 -03.98
5752.96 -04.43
5810.49 -04.81
5868.60 -05.10
5927.28 -05.35
5986.56 -05.53
6046.42 -05.45
6106.89 -05.23
6167.96 -04.97
6229.64 -04.67
6291.93 -04.35
6354.85 -04.03
6418.40 -03.73
6482.58 -03.47
6547.41 -03.26
6612.88 -03.06
6679.01 -02.88
6745.80 -02.71
6813.26 -02.54
6881.39 -02.40
6950.21 -02.25
7019.71 -02.11
7089.91 -01.94
7160.81 -01.74
7232.41 -01.47
7304.74 -01.30
7377.79 -01.11
7451.56 -00.88
7526.08 -00.62
7601.34 -00.33
7677.35 -00.01
7754.13 00.33
7831.67 00.67
7909.98 00.99
7989.08 01.27
8068.98 01.51
8149.67 01.70
8231.16 01.86
8313.47 01.98
8396.61 02.04
8480.57 02.03
8565.38 01.95
8651.03 01.81
8737.54 01.63
8824.92 01.44
8913.17 01.27
9002.30 01.15
9092.32 01.07
9183.25 01.02
9275.08 00.99
9367.83 00.97
9461.51 00.96
9556.12 00.95
9651.68 00.94
9748.20 00.93
9845.68 00.90
9944.14 00.84
10043.58 00.74
10144.02 00.59
10245.46 00.43
10347.91 00.34
10451.39 00.27
10555.91 00.23
10661.46 00.20
10768.08 00.19
10875.76 00.18
10984.52 00.18
11094.36 00.18
11205.31 00.17
11317.36 00.15
11430.53 00.10
11544.84 00.00
11660.29 -00.14
11776.89 -00.32
11894.66 -00.53
12013.60 -00.79
12133.74 -01.08
12255.08 -01.41
12377.63 -01.82
12501.41 -02.33
12626.42 -02.94
12752.68 -03.59
12880.21 -04.24
13009.01 -04.84
13139.10 -05.37
13270.49 -05.80
13403.20 -06.10
13537.23 -06.30
13672.60 -06.40
13809.33 -06.45
13947.42 -06.50
14086.90 -06.55
14227.77 -06.61
14370.04 -06.69
14513.74 -06.82
14658.88 -07.10
14805.47 -07.42
14953.52 -07.78
15103.06 -08.19
15254.09 -08.59
15406.63 -08.98
15560.70 -09.35
15716.30 -09.69
15873.47 -10.00
16032.20 -10.27
16192.52 -10.46
16354.45 -10.53
16517.99 -10.46
16683.17 -10.29
16850.01 -10.04
17018.51 -09.77
17188.69 -09.52
17360.58 -09.29
17534.18 -09.13
17709.53 -09.02
17886.62 -08.97
18065.49 -08.99
18246.14 -09.10
18428.60 -09.32
18612.89 -09.65
18799.02 -10.12
18987.01 -10.72
19176.88 -11.44
19368.65 -12.32
19562.33 -13.35
19757.96 -14.54
19955.54 -15.87
20000.00 -16.20
