20.00 -00.52
20.20 -00.50
20.40 -00.48
20.61 -00.46
20.81 -00.44
21.02 -00.42
21.23 -00.40
21.44 -00.39
21.66 -00.37
21.87 -00.36
22.09 -00.35
22.31 -00.34
22.54 -00.32
22.76 -00.31
22.99 -00.30
23.22 -00.29
23.45 -00.28
23.69 -00.27
23.92 -00.25
24.16 -00.24
24.40 -00.23
24.65 -00.22
24.89 -00.21
25.14 -00.20
25.39 -00.19
25.65 -00.18
25.91 -00.16
26.16 -00.15
26.43 -00.14
26.69 -00.13
26.96 -00.12
27.23 -00.11
27.50 -00.10
27.77 -00.09
28.05 -00.08
28.33 -00.07
28.62 -00.06
28.90 -00.05
29.19 -00.04
29.48 -00.03
29.78 -00.02
30.08 -00.01
30.38 00.00
30.68 00.01
30.99 00.02
31.30 00.03
31.61 00.04
31.93 00.05
32.24 00.06
32.57 00.07
32.89 00.08
33.22 00.09
33.55 00.10
33.89 00.11
34.23 00.12
34.57 00.13
34.92 00.14
35.27 00.15
35.62 00.16
35.97 00.16
36.33 00.17
36.70 00.18
37.06 00.19
37.43 00.20
37.81 00.21
38.19 00.22
38.57 00.23
38.95 00.24
39.34 00.25
39.74 00.26
40.14 00.27
40.54 00.28
40.94 00.29
41.35 00.29
41.76 00.30
42.18 00.31
42.60 00.32
43.03 00.33
43.46 00.34
43.90 00.35
44.33 00.36
44.78 00.36
45.23 00.37
45.68 00.38
46.13 00.39
46.60 00.40
47.06 00.41
47.53 00.41
48.01 00.42
48.49 00.43
48.97 00.44
49.46 00.44
49.96 00.45
50.46 00.46
50.96 00.46
51.47 00.47
51.99 00.47
52.51 00.47
53.03 00.48
53.56 00.48
54.10 00.48
54.64 00.48
55.18 00.47
55.74 00.47
56.29 00.47
56.86 00.46
57.42 00.46
58.00 00.45
58.58 00.45
59.16 00.44
59.76 00.43
60.35 00.43
60.96 00.42
61.57 00.42
62.18 00.41
62.80 00.41
63.43 00.40
64.07 00.39
64.71 00.39
65.35 00.38
66.01 00.38
66.67 00.37
67.33 00.36
68.01 00.36
68.69 00.35
69.37 00.34
70.07 00.34
70.77 00.33
71.48 00.32
72.19 00.32
72.91 00.31
73.64 00.31
74.38 00.30
75.12 00.29
75.87 00.29
76.63 00.28
77.40 00.28
78.17 00.27
78.95 00.27
79.74 00.26
80.54 00.26
81.35 00.25
82.16 00.25
82.98 00.24
83.81 00.23
84.65 00.23
85.50 00.22
86.35 00.22
87.22 00.21
88.09 00.21
88.97 00.20
89.86 00.20
90.76 00.19
91.66 00.18
92.58 00.18
93.51 00.17
94.44 00.17
95.39 00.16
96.34 00.16
97.30 00.15
98.28 00.14
99.26 00.14
100.25 00.13
101.25 00.13
102.27 00.12
103.29 00.12
104.32 00.11
105.37 00.10
106.42 00.10
107.48 00.09
108.56 00.09
109.64 00.08
110.74 00.08
111.85 00.07
112.97 00.07
114.10 00.06
115.24 00.06
116.39 00.05
117.55 00.05
118.73 00.04
119.92 00.04
121.12 00.03
122.33 00.03
123.55 00.03
124.79 00.03
126.03 00.02
127.29 00.02
128.57 00.03
129.85 00.03
131.15 00.03
132.46 00.04
133.79 00.04
135.12 00.05
136.48 00.05
137.84 00.06
139.22 00.06
140.61 00.06
142.02 00.06
143.44 00.06
144.87 00.06
146.32 00.06
147.78 00.06
149.26 00.06
150.75 00.05
152.26 00.05
153.78 00.05
155.32 00.05
156.88 00.05
158.44 00.05
160.03 00.06
161.63 00.07
163.24 00.08
164.88 00.10
166.53 00.11
168.19 00.13
169.87 00.14
171.57 00.16
173.29 00.17
175.02 00.19
176.77 00.21
178.54 00.23
180.32 00.24
182.13 00.27
183.95 00.29
185.79 00.31
187.65 00.34
189.52 00.36
191.42 00.39
193.33 00.41
195.27 00.45
197.22 00.47
199.19 00.50
201.18 00.53
203.19 00.56
205.23 00.57
207.28 00.59
209.35 00.60
211.44 00.61
213.56 00.60
215.69 00.60
217.85 00.59
220.03 00.56
222.23 00.55
224.45 00.53
226.70 00.49
228.96 00.46
231.25 00.43
233.57 00.40
235.90 00.38
238.26 00.36
240.64 00.35
243.05 00.34
245.48 00.32
247.93 00.32
250.41 00.29
252.92 00.25
255.45 00.20
258.00 00.13
260.58 00.03
263.19 -00.07
265.82 -00.21
268.48 -00.35
271.16 -00.50
273.87 -00.65
276.61 -00.78
279.38 -00.90
282.17 -00.99
284.99 -01.05
287.84 -01.07
290.72 -01.07
293.63 -01.02
296.57 -00.95
299.53 -00.87
302.53 -00.77
305.55 -00.69
308.61 -00.59
311.69 -00.49
314.81 -00.41
317.96 -00.32
321.14 -00.25
324.35 -00.16
327.59 -00.10
330.87 -00.03
334.18 00.03
337.52 00.10
340.90 00.16
344.30 00.21
347.75 00.27
351.23 00.33
354.74 00.38
358.28 00.43
361.87 00.49
365.49 00.54
369.14 00.61
372.83 00.66
376.56 00.71
380.33 00.77
384.13 00.81
387.97 00.86
391.85 00.90
395.77 00.95
399.73 00.98
403.72 01.02
407.76 01.04
411.84 01.08
415.96 01.11
420.12 01.16
424.32 01.20
428.56 01.26
432.85 01.32
437.18 01.38
441.55 01.47
445.96 01.56
450.42 01.65
454.93 01.76
459.48 01.86
464.07 01.95
468.71 02.04
473.40 02.11
478.13 02.15
482.91 02.16
487.74 02.16
492.62 02.16
497.55 02.14
502.52 02.13
507.55 02.13
512.62 02.13
517.75 02.14
522.93 02.17
528.16 02.19
533.44 02.21
538.77 02.19
544.16 02.13
549.60 02.03
555.10 01.89
560.65 01.72
566.25 01.53
571.92 01.32
577.64 01.09
583.41 00.86
589.25 00.64
595.14 00.48
601.09 00.40
607.10 00.40
613.17 00.49
619.30 00.63
625.50 00.81
631.75 00.98
638.07 01.14
644.45 01.29
650.89 01.41
657.40 01.52
663.98 01.63
670.62 01.72
677.32 01.81
684.10 01.90
690.94 01.98
697.85 02.06
704.83 02.14
711.87 02.21
718.99 02.28
726.18 02.35
733.44 02.42
740.78 02.48
748.19 02.55
755.67 02.60
763.23 02.63
770.86 02.63
778.57 02.58
786.35 02.48
794.22 02.35
802.16 02.21
810.18 02.06
818.28 01.91
826.46 01.77
834.73 01.65
843.08 01.54
851.51 01.47
860.02 01.45
868.62 01.46
877.31 01.50
886.08 01.50
894.94 01.44
903.89 01.32
912.93 01.15
922.06 00.94
931.28 00.71
940.59 00.45
950.00 00.17
959.50 -00.14
969.09 -00.47
978.78 -00.75
988.57 -00.95
998.46 -01.03
1008.44 -00.98
1018.53 -00.87
1028.71 -00.77
1039.00 -00.69
1049.39 -00.64
1059.88 -00.63
1070.48 -00.63
1081.19 -00.62
1092.00 -00.62
1102.92 -00.62
1113.95 -00.65
1125.09 -00.70
1136.34 -00.80
1147.70 -00.91
1159.18 -01.04
1170.77 -01.17
1182.48 -01.32
1194.30 -01.46
1206.25 -01.62
1218.31 -01.79
1230.49 -01.95
1242.80 -02.10
1255.22 -02.22
1267.78 -02.33
1280.45 -02.49
1293.26 -02.69
1306.19 -02.96
1319.25 -03.26
1332.45 -03.61
1345.77 -03.96
1359.23 -04.35
1372.82 -04.78
1386.55 -05.26
1400.41 -05.76
1414.42 -06.22
1428.56 -06.53
1442.85 -06.62
1457.28 -06.51
1471.85 -06.31
1486.57 -06.13
1501.43 -06.00
1516.45 -05.92
1531.61 -05.86
1546.93 -05.84
1562.40 -05.83
1578.02 -05.85
1593.80 -05.88
1609.74 -05.93
1625.84 -06.01
1642.10 -06.10
1658.52 -06.19
1675.10 -06.32
1691.85 -06.51
1708.77 -06.77
1725.86 -07.10
1743.12 -07.43
1760.55 -07.76
1778.15 -08.03
1795.94 -08.24
1813.90 -08.39
1832.03 -08.49
1850.36 -08.54
1868.86 -08.51
1887.55 -08.38
1906.42 -08.13
1925.49 -07.80
1944.74 -07.48
1964.19 -07.22
1983.83 -07.04
2003.67 -06.90
2023.71 -06.79
2043.94 -06.67
2064.38 -06.56
2085.03 -06.45
2105.88 -06.35
2126.94 -06.31
2148.20 -06.27
2169.69 -06.24
2191.38 -06.18
2213.30 -06.09
2235.43 -05.97
2257.78 -05.82
2280.36 -05.66
2303.17 -05.49
2326.20 -05.32
2349.46 -05.15
2372.95 -04.95
2396.68 -04.73
2420.65 -04.53
2444.86 -04.37
2469.31 -04.25
2494.00 -04.16
2518.94 -04.03
2544.13 -03.87
2569.57 -03.65
2595.27 -03.38
2621.22 -03.10
2647.43 -02.81
2673.90 -02.52
2700.64 -02.23
2727.65 -01.96
2754.93 -01.69
2782.48 -01.45
2810.30 -01.24
2838.40 -01.12
2866.79 -01.05
2895.46 -01.02
2924.41 -01.04
2953.65 -01.07
2983.19 -01.13
3013.02 -01.17
3043.15 -01.08
3073.58 -00.84
3104.32 -00.45
3135.36 -00.03
3166.72 00.38
3198.38 00.72
3230.37 01.02
3262.67 01.26
3295.30 01.47
3328.25 01.66
3361.53 01.82
3395.15 01.91
3429.10 01.92
3463.39 01.81
3498.03 01.60
3533.01 01.40
3568.34 01.27
3604.02 01.22
3640.06 01.22
3676.46 01.22
3713.22 01.20
3750.36 01.16
3787.86 01.12
3825.74 01.13
3864.00 01.22
3902.64 01.34
3941.66 01.44
3981.08 01.50
4020.89 01.47
4061.10 01.36
4101.71 01.18
4142.73 00.96
4184.15 00.77
4226.00 00.59
4268.26 00.42
4310.94 00.21
4354.05 -00.04
4397.59 -00.30
4441.56 -00.49
4485.98 -00.57
4530.84 -00.58
4576.15 -00.48
4621.91 -00.28
4668.13 -00.07
4714.81 00.09
4761.96 00.19
4809.58 00.16
4857.67 00.12
4906.25 00.07
4955.31 00.01
5004.87 -00.08
5054.91 -00.22
5105.46 -00.42
5156.52 -00.74
5208.08 -01.14
5260.16 -01.55
5312.77 -01.95
5365.89 -02.34
5419.55 -02.72
5473.75 -03.09
5528.49 -03.47
5583.77 -03.87
5639.61 -04.27
5696.00 -04.64
5752.96 -04.95
5810.49 -05.19
5868.60 -05.34
5927.28 -05.40
5986.56 -05.42
6046.42 -05.18
6106.89 -04.84
6167.96 -04.50
6229.64 -04.14
6291.93 -03.75
6354.85 -03.36
6418.40 -02.95
6482.58 -02.54
6547.41 -02.15
6612.88 -01.76
6679.01 -01.39
6745.80 -01.00
6813.26 -00.61
6881.39 -00.22
6950.21 00.18
7019.71 00.58
7089.91 00.98
7160.81 01.36
7232.41 01.73
7304.74 01.95
7377.79 02.14
7451.56 02.33
7526.08 02.52
7601.34 02.70
7677.35 02.87
7754.13 03.03
7831.67 03.18
7909.98 03.30
7989.08 03.39
8068.98 03.44
8149.67 03.46
8231.16 03.43
8313.47 03.35
8396.61 03.24
8480.57 03.08
8565.38 02.88
8651.03 02.65
8737.54 02.39
8824.92 02.11
8913.17 01.83
9002.30 01.58
9092.32 01.37
9183.25 01.22
9275.08 01.15
9367.83 01.16
9461.51 01.22
9556.12 01.29
9651.68 01.35
9748.20 01.38
9845.68 01.38
9944.14 01.37
10043.58 01.32
10144.02 01.24
10245.46 01.14
10347.91 01.06
10451.39 00.93
10555.91 00.76
10661.46 00.56
10768.08 00.38
10875.76 00.22
10984.52 00.09
11094.36 -00.02
11205.31 -00.12
11317.36 -00.22
11430.53 -00.33
11544.84 -00.45
11660.29 -00.56
11776.89 -00.69
11894.66 -00.80
12013.60 -00.93
12133.74 -01.04
12255.08 -01.16
12377.63 -01.25
12501.41 -01.34
12626.42 -01.42
12752.68 -01.48
12880.21 -01.54
13009.01 -01.58
13139.10 -01.63
13270.49 -01.70
13403.20 -01.80
13537.23 -01.91
13672.60 -02.03
13809.33 -02.13
13947.42 -02.23
14086.90 -02.30
14227.77 -02.35
14370.04 -02.37
14513.74 -02.40
14658.88 -02.57
14805.47 -02.76
14953.52 -02.98
15103.06 -03.22
15254.09 -03.51
15406.63 -03.86
15560.70 -04.31
15716.30 -04.87
15873.47 -05.57
16032.20 -06.39
16192.52 -07.29
16354.45 -08.22
16517.99 -09.07
16683.17 -09.71
16850.01 -10.01
17018.51 -09.93
17188.69 -09.46
17360.58 -08.72
17534.18 -07.85
17709.53 -07.05
17886.62 -06.37
18065.49 -05.87
18246.14 -05.52
18428.60 -05.32
18612.89 -05.23
18799.02 -05.26
18987.01 -05.41
19176.88 -05.67
19368.65 -06.10
19562.33 -06.69
19757.96 -07.45
19955.54 -08.37
20000.00 -08.60
