20.00 -03.02
20.20 -02.94
20.40 -02.86
20.61 -02.78
20.81 -02.71
21.02 -02.63
21.23 -02.56
21.44 -02.50
21.66 -02.43
21.87 -02.37
22.09 -02.30
22.31 -02.24
22.54 -02.18
22.76 -02.12
22.99 -02.06
23.22 -02.00
23.45 -01.95
23.69 -01.89
23.92 -01.83
24.16 -01.77
24.40 -01.72
24.65 -01.66
24.89 -01.61
25.14 -01.55
25.39 -01.50
25.65 -01.44
25.91 -01.39
26.16 -01.34
26.43 -01.29
26.69 -01.24
26.96 -01.19
27.23 -01.14
27.50 -01.09
27.77 -01.04
28.05 -01.00
28.33 -00.95
28.62 -00.91
28.90 -00.86
29.19 -00.82
29.48 -00.78
29.78 -00.74
30.08 -00.70
30.38 -00.66
30.68 -00.63
30.99 -00.59
31.30 -00.56
31.61 -00.52
31.93 -00.49
32.24 -00.46
32.57 -00.42
32.89 -00.39
33.22 -00.36
33.55 -00.33
33.89 -00.29
34.23 -00.26
34.57 -00.23
34.92 -00.20
35.27 -00.17
35.62 -00.14
35.97 -00.11
36.33 -00.09
36.70 -00.06
37.06 -00.03
37.43 -00.01
37.81 00.01
38.19 00.04
38.57 00.06
38.95 00.08
39.34 00.10
39.74 00.12
40.14 00.13
40.54 00.15
40.94 00.16
41.35 00.18
41.76 00.19
42.18 00.20
42.60 00.21
43.03 00.22
43.46 00.22
43.90 00.23
44.33 00.23
44.78 00.23
45.23 00.23
45.68 00.22
46.13 00.22
46.60 00.21
47.06 00.20
47.53 00.18
48.01 00.17
48.49 00.16
48.97 00.14
49.46 00.13
49.96 00.12
50.46 00.11
50.96 00.10
51.47 00.10
51.99 00.10
52.51 00.10
53.03 00.11
53.56 00.13
54.10 00.15
54.64 00.18
55.18 00.21
55.74 00.25
56.29 00.29
56.86 00.34
57.42 00.39
58.00 00.45
58.58 00.50
59.16 00.56
59.76 00.62
60.35 00.67
60.96 00.73
61.57 00.78
62.18 00.83
62.80 00.88
63.43 00.93
64.07 00.97
64.71 01.01
65.35 01.04
66.01 01.08
66.67 01.11
67.33 01.14
68.01 01.17
68.69 01.19
69.37 01.22
70.07 01.24
70.77 01.27
71.48 01.29
72.19 01.31
72.91 01.34
73.64 01.36
74.38 01.38
75.12 01.40
75.87 01.42
76.63 01.44
77.40 01.45
78.17 01.47
78.95 01.49
79.74 01.51
80.54 01.52
81.35 01.54
82.16 01.56
82.98 01.57
83.81 01.58
84.65 01.60
85.50 01.61
86.35 01.62
87.22 01.64
88.09 01.65
88.97 01.66
89.86 01.67
90.76 01.68
91.66 01.69
92.58 01.70
93.51 01.71
94.44 01.71
95.39 01.72
96.34 01.73
97.30 01.74
98.28 01.75
99.26 01.75
100.25 01.76
101.25 01.77
102.27 01.78
103.29 01.78
104.32 01.79
105.37 01.79
106.42 01.80
107.48 01.80
108.56 01.81
109.64 01.81
110.74 01.81
111.85 01.81
112.97 01.81
114.10 01.82
115.24 01.81
116.39 01.81
117.55 01.81
118.73 01.81
119.92 01.81
121.12 01.81
122.33 01.80
123.55 01.80
124.79 01.80
126.03 01.79
127.29 01.79
128.57 01.79
129.85 01.79
131.15 01.79
132.46 01.79
133.79 01.78
135.12 01.78
136.48 01.78
137.84 01.78
139.22 01.78
140.61 01.78
142.02 01.77
143.44 01.77
144.87 01.76
146.32 01.76
147.78 01.75
149.26 01.74
150.75 01.73
152.26 01.72
153.78 01.71
155.32 01.70
156.88 01.68
158.44 01.67
160.03 01.66
161.63 01.65
163.24 01.65
164.88 01.65
166.53 01.64
168.19 01.63
169.87 01.62
171.57 01.63
173.29 01.61
175.02 01.60
176.77 01.60
178.54 01.59
180.32 01.58
182.13 01.58
183.95 01.56
185.79 01.55
187.65 01.55
189.52 01.53
191.42 01.53
193.33 01.51
195.27 01.51
197.22 01.49
199.19 01.49
201.18 01.47
203.19 01.47
205.23 01.45
207.28 01.44
209.35 01.42
211.44 01.41
213.56 01.39
215.69 01.38
217.85 01.37
220.03 01.34
222.23 01.33
224.45 01.32
226.70 01.29
228.96 01.26
231.25 01.24
233.57 01.21
235.90 01.17
238.26 01.14
240.64 01.12
243.05 01.09
245.48 01.06
247.93 01.05
250.41 01.03
252.92 01.01
255.45 01.00
258.00 00.99
260.58 00.97
263.19 00.97
265.82 00.95
268.48 00.93
271.16 00.90
273.87 00.86
276.61 00.82
279.38 00.77
282.17 00.72
284.99 00.66
287.84 00.61
290.72 00.56
293.63 00.51
296.57 00.48
299.53 00.44
302.53 00.43
305.55 00.41
308.61 00.41
311.69 00.42
314.81 00.43
317.96 00.45
321.14 00.46
324.35 00.49
327.59 00.51
330.87 00.52
334.18 00.54
337.52 00.56
340.90 00.57
344.30 00.57
347.75 00.57
351.23 00.58
354.74 00.58
358.28 00.57
361.87 00.57
365.49 00.56
369.14 00.56
372.83 00.56
376.56 00.55
380.33 00.56
384.13 00.56
387.97 00.58
391.85 00.59
395.77 00.61
399.73 00.62
403.72 00.65
407.76 00.66
411.84 00.69
415.96 00.70
420.12 00.72
424.32 00.73
428.56 00.74
432.85 00.75
437.18 00.74
441.55 00.74
445.96 00.73
450.42 00.71
454.93 00.70
459.48 00.68
464.07 00.66
468.71 00.64
473.40 00.64
478.13 00.63
482.91 00.63
487.74 00.64
492.62 00.66
497.55 00.68
502.52 00.70
507.55 00.74
512.62 00.77
517.75 00.80
522.93 00.84
528.16 00.87
533.44 00.91
538.77 00.93
544.16 00.95
549.60 00.98
555.10 01.00
560.65 01.02
566.25 01.04
571.92 01.07
577.64 01.09
583.41 01.12
589.25 01.14
595.14 01.17
601.09 01.19
607.10 01.21
613.17 01.23
619.30 01.24
625.50 01.27
631.75 01.29
638.07 01.30
644.45 01.30
650.89 01.29
657.40 01.27
663.98 01.27
670.62 01.26
677.32 01.24
684.10 01.24
690.94 01.23
697.85 01.22
704.83 01.20
711.87 01.18
718.99 01.17
726.18 01.14
733.44 01.10
740.78 01.06
748.19 01.02
755.67 00.96
763.23 00.89
770.86 00.83
778.57 00.75
786.35 00.67
794.22 00.59
802.16 00.53
810.18 00.45
818.28 00.39
826.46 00.34
834.73 00.31
843.08 00.28
851.51 00.26
860.02 00.24
868.62 00.24
877.31 00.24
886.08 00.24
894.94 00.24
903.89 00.23
912.93 00.24
922.06 00.23
931.28 00.22
940.59 00.19
950.00 00.17
959.50 00.14
969.09 00.10
978.78 00.06
988.57 00.02
998.46 -00.04
1008.44 -00.09
1018.53 -00.15
1028.71 -00.23
1039.00 -00.30
1049.39 -00.37
1059.88 -00.46
1070.48 -00.54
1081.19 -00.63
1092.00 -00.73
1102.92 -00.81
1113.95 -00.89
1125.09 -00.97
1136.34 -01.06
1147.70 -01.14
1159.18 -01.21
1170.77 -01.28
1182.48 -01.37
1194.30 -01.44
1206.25 -01.51
1218.31 -01.58
1230.49 -01.64
1242.80 -01.69
1255.22 -01.75
1267.78 -01.80
1280.45 -01.84
1293.26 -01.86
1306.19 -01.88
1319.25 -01.90
1332.45 -01.92
1345.77 -01.93
1359.23 -01.94
1372.82 -01.95
1386.55 -01.96
1400.41 -01.97
1414.42 -01.97
1428.56 -01.97
1442.85 -01.97
1457.28 -01.98
1471.85 -01.97
1486.57 -01.96
1501.43 -01.95
1516.45 -01.93
1531.61 -01.91
1546.93 -01.90
1562.40 -01.90
1578.02 -01.91
1593.80 -01.92
1609.74 -01.92
1625.84 -01.94
1642.10 -01.96
1658.52 -01.97
1675.10 -01.99
1691.85 -02.02
1708.77 -02.04
1725.86 -02.07
1743.12 -02.09
1760.55 -02.12
1778.15 -02.15
1795.94 -02.15
1813.90 -02.16
1832.03 -02.15
1850.36 -02.13
1868.86 -02.12
1887.55 -02.10
1906.42 -02.08
1925.49 -02.06
1944.74 -02.03
1964.19 -01.99
1983.83 -01.94
2003.67 -01.90
2023.71 -01.87
2043.94 -01.84
2064.38 -01.82
2085.03 -01.81
2105.88 -01.78
2126.94 -01.75
2148.20 -01.74
2169.69 -01.74
2191.38 -01.75
2213.30 -01.77
2235.43 -01.78
2257.78 -01.80
2280.36 -01.82
2303.17 -01.84
2326.20 -01.87
2349.46 -01.91
2372.95 -01.96
2396.68 -01.99
2420.65 -02.02
2444.86 -02.05
2469.31 -02.08
2494.00 -02.12
2518.94 -02.14
2544.13 -02.18
2569.57 -02.21
2595.27 -02.24
2621.22 -02.28
2647.43 -02.32
2673.90 -02.36
2700.64 -02.40
2727.65 -02.45
2754.93 -02.50
2782.48 -02.56
2810.30 -02.61
2838.40 -02.68
2866.79 -02.76
2895.46 -02.84
2924.41 -02.92
2953.65 -02.99
2983.19 -03.09
3013.02 -03.20
3043.15 -03.31
3073.58 -03.42
3104.32 -03.53
3135.36 -03.65
3166.72 -03.78
3198.38 -03.92
3230.37 -04.04
3262.67 -04.17
3295.30 -04.30
3328.25 -04.45
3361.53 -04.58
3395.15 -04.72
3429.10 -04.84
3463.39 -04.96
3498.03 -05.08
3533.01 -05.18
3568.34 -05.26
3604.02 -05.35
3640.06 -05.42
3676.46 -05.48
3713.22 -05.54
3750.36 -05.56
3787.86 -05.55
3825.74 -05.52
3864.00 -05.47
3902.64 -05.37
3941.66 -05.25
3981.08 -05.10
4020.89 -04.91
4061.10 -04.69
4101.71 -04.43
4142.73 -04.16
4184.15 -03.86
4226.00 -03.53
4268.26 -03.20
4310.94 -02.84
4354.05 -02.47
4397.59 -02.07
4441.56 -01.65
4485.98 -01.22
4530.84 -00.77
4576.15 -00.32
4621.91 00.13
4668.13 00.57
4714.81 00.99
4761.96 01.39
4809.58 01.76
4857.67 02.11
4906.25 02.42
4955.31 02.70
5004.87 02.95
5054.91 03.17
5105.46 03.37
5156.52 03.46
5208.08 03.48
5260.16 03.48
5312.77 03.46
5365.89 03.42
5419.55 03.35
5473.75 03.26
5528.49 03.13
5583.77 02.98
5639.61 02.81
5696.00 02.60
5752.96 02.39
5810.49 02.15
5868.60 01.92
5927.28 01.69
5986.56 01.46
6046.42 01.47
6106.89 01.56
6167.96 01.68
6229.64 01.80
6291.93 01.94
6354.85 02.07
6418.40 02.20
6482.58 02.34
6547.41 02.45
6612.88 02.56
6679.01 02.67
6745.80 02.78
6813.26 02.90
6881.39 03.01
6950.21 03.15
7019.71 03.30
7089.91 03.44
7160.81 03.59
7232.41 03.72
7304.74 03.69
7377.79 03.62
7451.56 03.53
7526.08 03.41
7601.34 03.25
7677.35 03.05
7754.13 02.82
7831.67 02.56
7909.98 02.29
7989.08 02.02
8068.98 01.77
8149.67 01.53
8231.16 01.32
8313.47 01.14
8396.61 00.99
8480.57 00.89
8565.38 00.82
8651.03 00.80
8737.54 00.82
8824.92 00.86
8913.17 00.93
9002.30 01.03
9092.32 01.14
9183.25 01.28
9275.08 01.45
9367.83 01.65
9461.51 01.89
9556.12 02.16
9651.68 02.48
9748.20 02.84
9845.68 03.23
9944.14 03.64
10043.58 04.04
10144.02 04.42
10245.46 04.76
10347.91 05.12
10451.39 05.42
10555.91 05.66
10661.46 05.81
10768.08 05.88
10875.76 05.89
10984.52 05.82
11094.36 05.67
11205.31 05.44
11317.36 05.14
11430.53 04.77
11544.84 04.36
11660.29 03.93
11776.89 03.48
11894.66 03.05
12013.60 02.62
12133.74 02.24
12255.08 01.91
12377.63 01.63
12501.41 01.43
12626.42 01.31
12752.68 01.28
12880.21 01.31
13009.01 01.42
13139.10 01.59
13270.49 01.79
13403.20 02.04
13537.23 02.31
13672.60 02.60
13809.33 02.92
13947.42 03.24
14086.90 03.59
14227.77 03.92
14370.04 04.23
14513.74 04.45
14658.88 04.48
14805.47 04.43
14953.52 04.34
15103.06 04.19
15254.09 04.01
15406.63 03.76
15560.70 03.45
15716.30 03.08
15873.47 02.66
16032.20 02.20
16192.52 01.74
16354.45 01.29
16517.99 00.87
16683.17 00.49
16850.01 00.13
17018.51 -00.22
17188.69 -00.58
17360.58 -00.93
17534.18 -01.28
17709.53 -01.64
17886.62 -01.98
18065.49 -02.32
18246.14 -02.64
18428.60 -02.95
18612.89 -03.23
18799.02 -03.51
18987.01 -03.77
19176.88 -04.04
19368.65 -04.35
19562.33 -04.72
19757.96 -05.17
19955.54 -05.70
20000.00 -05.83
