20.00 -10.79
20.20 -10.68
20.40 -10.57
20.61 -10.45
20.81 -10.34
21.02 -10.23
21.23 -10.13
21.44 -10.02
21.66 -09.91
21.87 -09.81
22.09 -09.71
22.31 -09.60
22.54 -09.50
22.76 -09.39
22.99 -09.29
23.22 -09.19
23.45 -09.08
23.69 -08.98
23.92 -08.88
24.16 -08.78
24.40 -08.67
24.65 -08.57
24.89 -08.47
25.14 -08.36
25.39 -08.26
25.65 -08.16
25.91 -08.06
26.16 -07.96
26.43 -07.85
26.69 -07.75
26.96 -07.65
27.23 -07.55
27.50 -07.45
27.77 -07.36
28.05 -07.26
28.33 -07.16
28.62 -07.06
28.90 -06.97
29.19 -06.87
29.48 -06.78
29.78 -06.68
30.08 -06.58
30.38 -06.49
30.68 -06.40
30.99 -06.31
31.30 -06.22
31.61 -06.13
31.93 -06.04
32.24 -05.95
32.57 -05.86
32.89 -05.77
33.22 -05.68
33.55 -05.59
33.89 -05.50
34.23 -05.41
34.57 -05.32
34.92 -05.23
35.27 -05.14
35.62 -05.05
35.97 -04.97
36.33 -04.88
36.70 -04.79
37.06 -04.70
37.43 -04.62
37.81 -04.53
38.19 -04.44
38.57 -04.36
38.95 -04.28
39.34 -04.19
39.74 -04.11
40.14 -04.03
40.54 -03.95
40.94 -03.87
41.35 -03.79
41.76 -03.71
42.18 -03.63
42.60 -03.55
43.03 -03.47
43.46 -03.39
43.90 -03.31
44.33 -03.23
44.78 -03.15
45.23 -03.07
45.68 -03.00
46.13 -02.92
46.60 -02.84
47.06 -02.77
47.53 -02.70
48.01 -02.63
48.49 -02.56
48.97 -02.49
49.46 -02.42
49.96 -02.35
50.46 -02.29
50.96 -02.23
51.47 -02.17
51.99 -02.11
52.51 -02.06
53.03 -02.01
53.56 -01.96
54.10 -01.92
54.64 -01.88
55.18 -01.85
55.74 -01.82
56.29 -01.79
56.86 -01.77
57.42 -01.75
58.00 -01.73
58.58 -01.71
59.16 -01.70
59.76 -01.68
60.35 -01.66
60.96 -01.64
61.57 -01.62
62.18 -01.59
62.80 -01.56
63.43 -01.53
64.07 -01.50
64.71 -01.46
65.35 -01.43
66.01 -01.38
66.67 -01.34
67.33 -01.29
68.01 -01.24
68.69 -01.18
69.37 -01.13
70.07 -01.08
70.77 -01.02
71.48 -00.97
72.19 -00.92
72.91 -00.87
73.64 -00.82
74.38 -00.77
75.12 -00.73
75.87 -00.69
76.63 -00.66
77.40 -00.63
78.17 -00.60
78.95 -00.57
79.74 -00.54
80.54 -00.52
81.35 -00.49
82.16 -00.47
82.98 -00.45
83.81 -00.43
84.65 -00.41
85.50 -00.39
86.35 -00.37
87.22 -00.35
88.09 -00.34
88.97 -00.32
89.86 -00.30
90.76 -00.29
91.66 -00.27
92.58 -00.26
93.51 -00.25
94.44 -00.24
95.39 -00.23
96.34 -00.22
97.30 -00.21
98.28 -00.21
99.26 -00.20
100.25 -00.20
101.25 -00.19
102.27 -00.19
103.29 -00.19
104.32 -00.19
105.37 -00.19
106.42 -00.20
107.48 -00.20
108.56 -00.21
109.64 -00.21
110.74 -00.22
111.85 -00.22
112.97 -00.23
114.10 -00.24
115.24 -00.24
116.39 -00.25
117.55 -00.26
118.73 -00.27
119.92 -00.28
121.12 -00.29
122.33 -00.30
123.55 -00.31
124.79 -00.32
126.03 -00.33
127.29 -00.34
128.57 -00.35
129.85 -00.36
131.15 -00.38
132.46 -00.39
133.79 -00.41
135.12 -00.42
136.48 -00.43
137.84 -00.45
139.22 -00.46
140.61 -00.48
142.02 -00.50
143.44 -00.51
144.87 -00.53
146.32 -00.55
147.78 -00.56
149.26 -00.58
150.75 -00.60
152.26 -00.62
153.78 -00.64
155.32 -00.65
156.88 -00.67
158.44 -00.69
160.03 -00.71
161.63 -00.72
163.24 -00.73
164.88 -00.72
166.53 -00.72
168.19 -00.72
169.87 -00.71
171.57 -00.69
173.29 -00.68
175.02 -00.66
176.77 -00.63
178.54 -00.60
180.32 -00.57
182.13 -00.54
183.95 -00.51
185.79 -00.49
187.65 -00.47
189.52 -00.46
191.42 -00.45
193.33 -00.46
195.27 -00.46
197.22 -00.48
199.19 -00.49
201.18 -00.52
203.19 -00.54
205.23 -00.57
207.28 -00.60
209.35 -00.63
211.44 -00.65
213.56 -00.68
215.69 -00.71
217.85 -00.73
220.03 -00.76
222.23 -00.78
224.45 -00.80
226.70 -00.83
228.96 -00.86
231.25 -00.89
233.57 -00.93
235.90 -00.97
238.26 -01.02
240.64 -01.06
243.05 -01.11
245.48 -01.17
247.93 -01.22
250.41 -01.30
252.92 -01.38
255.45 -01.45
258.00 -01.54
260.58 -01.63
263.19 -01.71
265.82 -01.79
268.48 -01.82
271.16 -01.83
273.87 -01.79
276.61 -01.69
279.38 -01.55
282.17 -01.35
284.99 -01.14
287.84 -00.89
290.72 -00.65
293.63 -00.41
296.57 -00.18
299.53 00.01
302.53 00.18
305.55 00.31
308.61 00.42
311.69 00.49
314.81 00.53
317.96 00.55
321.14 00.54
324.35 00.54
327.59 00.51
330.87 00.49
334.18 00.46
337.52 00.45
340.90 00.42
344.30 00.40
347.75 00.38
351.23 00.37
354.74 00.35
358.28 00.34
361.87 00.33
365.49 00.32
369.14 00.31
372.83 00.30
376.56 00.29
380.33 00.29
384.13 00.28
387.97 00.28
391.85 00.26
395.77 00.26
399.73 00.25
403.72 00.26
407.76 00.25
411.84 00.25
415.96 00.25
420.12 00.25
424.32 00.25
428.56 00.26
432.85 00.26
437.18 00.26
441.55 00.26
445.96 00.27
450.42 00.26
454.93 00.26
459.48 00.25
464.07 00.25
468.71 00.24
473.40 00.24
478.13 00.23
482.91 00.22
487.74 00.22
492.62 00.22
497.55 00.21
502.52 00.20
507.55 00.20
512.62 00.20
517.75 00.19
522.93 00.19
528.16 00.19
533.44 00.20
538.77 00.19
544.16 00.19
549.60 00.20
555.10 00.20
560.65 00.21
566.25 00.21
571.92 00.23
577.64 00.23
583.41 00.24
589.25 00.24
595.14 00.25
601.09 00.27
607.10 00.28
613.17 00.30
619.30 00.31
625.50 00.33
631.75 00.35
638.07 00.36
644.45 00.37
650.89 00.36
657.40 00.35
663.98 00.34
670.62 00.32
677.32 00.30
684.10 00.30
690.94 00.28
697.85 00.27
704.83 00.25
711.87 00.23
718.99 00.22
726.18 00.20
733.44 00.18
740.78 00.16
748.19 00.14
755.67 00.12
763.23 00.08
770.86 00.06
778.57 00.03
786.35 -00.01
794.22 -00.04
802.16 -00.07
810.18 -00.10
818.28 -00.13
826.46 -00.16
834.73 -00.17
843.08 -00.20
851.51 -00.22
860.02 -00.23
868.62 -00.25
877.31 -00.25
886.08 -00.26
894.94 -00.27
903.89 -00.28
912.93 -00.28
922.06 -00.28
931.28 -00.28
940.59 -00.28
950.00 -00.28
959.50 -00.29
969.09 -00.30
978.78 -00.30
988.57 -00.30
998.46 -00.32
1008.44 -00.33
1018.53 -00.34
1028.71 -00.37
1039.00 -00.39
1049.39 -00.40
1059.88 -00.42
1070.48 -00.43
1081.19 -00.43
1092.00 -00.45
1102.92 -00.45
1113.95 -00.45
1125.09 -00.44
1136.34 -00.43
1147.70 -00.40
1159.18 -00.38
1170.77 -00.36
1182.48 -00.35
1194.30 -00.33
1206.25 -00.31
1218.31 -00.29
1230.49 -00.27
1242.80 -00.25
1255.22 -00.23
1267.78 -00.21
1280.45 -00.18
1293.26 -00.14
1306.19 -00.09
1319.25 -00.03
1332.45 00.01
1345.77 00.07
1359.23 00.13
1372.82 00.19
1386.55 00.25
1400.41 00.31
1414.42 00.37
1428.56 00.43
1442.85 00.49
1457.28 00.55
1471.85 00.62
1486.57 00.70
1501.43 00.78
1516.45 00.87
1531.61 00.99
1546.93 01.10
1562.40 01.23
1578.02 01.37
1593.80 01.53
1609.74 01.69
1625.84 01.85
1642.10 02.01
1658.52 02.19
1675.10 02.36
1691.85 02.53
1708.77 02.71
1725.86 02.89
1743.12 03.07
1760.55 03.24
1778.15 03.42
1795.94 03.60
1813.90 03.78
1832.03 03.96
1850.36 04.16
1868.86 04.38
1887.55 04.61
1906.42 04.87
1925.49 05.15
1944.74 05.42
1964.19 05.72
1983.83 06.01
2003.67 06.30
2023.71 06.57
2043.94 06.81
2064.38 07.03
2085.03 07.20
2105.88 07.34
2126.94 07.41
2148.20 07.42
2169.69 07.38
2191.38 07.29
2213.30 07.16
2235.43 06.99
2257.78 06.79
2280.36 06.57
2303.17 06.33
2326.20 06.10
2349.46 05.86
2372.95 05.62
2396.68 05.40
2420.65 05.19
2444.86 04.98
2469.31 04.79
2494.00 04.59
2518.94 04.39
2544.13 04.17
2569.57 03.92
2595.27 03.66
2621.22 03.39
2647.43 03.14
2673.90 02.91
2700.64 02.72
2727.65 02.55
2754.93 02.38
2782.48 02.24
2810.30 02.12
2838.40 02.00
2866.79 01.89
2895.46 01.80
2924.41 01.72
2953.65 01.65
2983.19 01.58
3013.02 01.53
3043.15 01.51
3073.58 01.50
3104.32 01.53
3135.36 01.57
3166.72 01.64
3198.38 01.74
3230.37 01.86
3262.67 02.00
3295.30 02.18
3328.25 02.37
3361.53 02.62
3395.15 02.91
3429.10 03.26
3463.39 03.66
3498.03 04.10
3533.01 04.59
3568.34 05.10
3604.02 05.60
3640.06 06.07
3676.46 06.48
3713.22 06.83
3750.36 07.10
3787.86 07.29
3825.74 07.40
3864.00 07.44
3902.64 07.44
3941.66 07.39
3981.08 07.30
4020.89 07.19
4061.10 07.06
4101.71 06.91
4142.73 06.76
4184.15 06.63
4226.00 06.52
4268.26 06.43
4310.94 06.36
4354.05 06.29
4397.59 06.19
4441.56 06.06
4485.98 05.88
4530.84 05.66
4576.15 05.39
4621.91 05.10
4668.13 04.80
4714.81 04.49
4761.96 04.19
4809.58 03.91
4857.67 03.64
4906.25 03.39
4955.31 03.19
5004.87 03.05
5054.91 02.99
5105.46 03.01
5156.52 03.01
5208.08 02.99
5260.16 02.96
5312.77 02.90
5365.89 02.82
5419.55 02.70
5473.75 02.55
5528.49 02.36
5583.77 02.15
5639.61 01.90
5696.00 01.63
5752.96 01.33
5810.49 01.03
5868.60 00.75
5927.28 00.51
5986.56 00.31
6046.42 00.37
6106.89 00.54
6167.96 00.72
6229.64 00.92
6291.93 01.12
6354.85 01.33
6418.40 01.55
6482.58 01.78
6547.41 02.01
6612.88 02.25
6679.01 02.49
6745.80 02.72
6813.26 02.95
6881.39 03.17
6950.21 03.41
7019.71 03.64
7089.91 03.89
7160.81 04.15
7232.41 04.42
7304.74 04.54
7377.79 04.65
7451.56 04.75
7526.08 04.86
7601.34 04.98
7677.35 05.10
7754.13 05.22
7831.67 05.33
7909.98 05.43
7989.08 05.52
8068.98 05.62
8149.67 05.73
8231.16 05.89
8313.47 06.11
8396.61 06.41
8480.57 06.79
8565.38 07.24
8651.03 07.75
8737.54 08.31
8824.92 08.89
8913.17 09.48
9002.30 10.06
9092.32 10.61
9183.25 11.11
9275.08 11.57
9367.83 11.96
9461.51 12.29
9556.12 12.55
9651.68 12.73
9748.20 12.82
9845.68 12.82
9944.14 12.73
10043.58 12.55
10144.02 12.27
10245.46 11.92
10347.91 11.57
10451.39 11.13
10555.91 10.60
10661.46 09.97
10768.08 09.25
10875.76 08.46
10984.52 07.64
11094.36 06.81
11205.31 06.00
11317.36 05.22
11430.53 04.51
11544.84 03.86
11660.29 03.29
11776.89 02.78
11894.66 02.32
12013.60 01.88
12133.74 01.49
12255.08 01.15
12377.63 00.88
12501.41 00.72
12626.42 00.70
12752.68 00.82
12880.21 01.05
13009.01 01.40
13139.10 01.84
13270.49 02.36
13403.20 02.93
13537.23 03.55
13672.60 04.21
13809.33 04.90
13947.42 05.55
14086.90 06.11
14227.77 06.55
14370.04 06.85
14513.74 06.99
14658.88 06.87
14805.47 06.65
14953.52 06.33
15103.06 05.91
15254.09 05.39
15406.63 04.73
15560.70 03.97
15716.30 03.22
15873.47 02.64
16032.20 02.36
16192.52 02.35
16354.45 02.52
16517.99 02.72
16683.17 02.90
16850.01 03.00
17018.51 03.03
17188.69 02.96
17360.58 02.79
17534.18 02.47
17709.53 01.95
17886.62 01.23
18065.49 00.29
18246.14 -00.80
18428.60 -02.00
18612.89 -03.23
18799.02 -04.50
18987.01 -05.80
19176.88 -07.11
19368.65 -08.45
19562.33 -09.74
19757.96 -10.90
19955.54 -11.84
20000.00 -12.01
