20.00 01.29
20.20 01.31
20.40 01.34
20.61 01.36
20.81 01.37
21.02 01.39
21.23 01.41
21.44 01.42
21.66 01.43
21.87 01.45
22.09 01.46
22.31 01.47
22.54 01.48
22.76 01.49
22.99 01.50
23.22 01.51
23.45 01.52
23.69 01.53
23.92 01.54
24.16 01.55
24.40 01.56
24.65 01.57
24.89 01.58
25.14 01.59
25.39 01.60
25.65 01.61
25.91 01.62
26.16 01.63
26.43 01.65
26.69 01.66
26.96 01.67
27.23 01.68
27.50 01.69
27.77 01.70
28.05 01.71
28.33 01.73
28.62 01.74
28.90 01.75
29.19 01.76
29.48 01.78
29.78 01.79
30.08 01.80
30.38 01.81
30.68 01.83
30.99 01.84
31.30 01.85
31.61 01.87
31.93 01.88
32.24 01.90
32.57 01.91
32.89 01.92
33.22 01.94
33.55 01.95
33.89 01.97
34.23 01.98
34.57 02.00
34.92 02.02
35.27 02.03
35.62 02.05
35.97 02.06
36.33 02.08
36.70 02.10
37.06 02.11
37.43 02.13
37.81 02.15
38.19 02.16
38.57 02.18
38.95 02.20
39.34 02.22
39.74 02.23
40.14 02.25
40.54 02.27
40.94 02.29
41.35 02.30
41.76 02.32
42.18 02.33
42.60 02.34
43.03 02.35
43.46 02.36
43.90 02.37
44.33 02.38
44.78 02.38
45.23 02.38
45.68 02.38
46.13 02.38
46.60 02.38
47.06 02.38
47.53 02.38
48.01 02.38
48.49 02.38
48.97 02.38
49.46 02.37
49.96 02.37
50.46 02.37
50.96 02.37
51.47 02.37
51.99 02.37
52.51 02.37
53.03 02.37
53.56 02.37
54.10 02.38
54.64 02.38
55.18 02.38
55.74 02.38
56.29 02.38
56.86 02.39
57.42 02.39
58.00 02.39
58.58 02.40
59.16 02.40
59.76 02.40
60.35 02.41
60.96 02.41
61.57 02.41
62.18 02.42
62.80 02.42
63.43 02.42
64.07 02.42
64.71 02.43
65.35 02.43
66.01 02.43
66.67 02.43
67.33 02.42
68.01 02.42
68.69 02.42
69.37 02.42
70.07 02.41
70.77 02.41
71.48 02.41
72.19 02.40
72.91 02.40
73.64 02.39
74.38 02.38
75.12 02.37
75.87 02.36
76.63 02.35
77.40 02.34
78.17 02.33
78.95 02.31
79.74 02.30
80.54 02.28
81.35 02.27
82.16 02.25
82.98 02.24
83.81 02.22
84.65 02.21
85.50 02.19
86.35 02.18
87.22 02.17
88.09 02.15
88.97 02.14
89.86 02.13
90.76 02.12
91.66 02.11
92.58 02.10
93.51 02.09
94.44 02.08
95.39 02.07
96.34 02.06
97.30 02.05
98.28 02.04
99.26 02.03
100.25 02.03
101.25 02.02
102.27 02.01
103.29 02.00
104.32 02.00
105.37 01.99
106.42 01.98
107.48 01.97
108.56 01.96
109.64 01.94
110.74 01.93
111.85 01.92
112.97 01.90
114.10 01.89
115.24 01.87
116.39 01.86
117.55 01.84
118.73 01.82
119.92 01.80
121.12 01.79
122.33 01.77
123.55 01.75
124.79 01.73
126.03 01.71
127.29 01.70
128.57 01.68
129.85 01.66
131.15 01.64
132.46 01.62
133.79 01.60
135.12 01.58
136.48 01.56
137.84 01.55
139.22 01.53
140.61 01.51
142.02 01.49
143.44 01.46
144.87 01.44
146.32 01.42
147.78 01.40
149.26 01.38
150.75 01.36
152.26 01.34
153.78 01.31
155.32 01.29
156.88 01.27
158.44 01.24
160.03 01.22
161.63 01.20
163.24 01.19
164.88 01.18
166.53 01.16
168.19 01.14
169.87 01.12
171.57 01.11
173.29 01.09
175.02 01.06
176.77 01.04
178.54 01.01
180.32 00.98
182.13 00.96
183.95 00.92
185.79 00.89
187.65 00.86
189.52 00.82
191.42 00.80
193.33 00.76
195.27 00.73
197.22 00.69
199.19 00.66
201.18 00.62
203.19 00.59
205.23 00.55
207.28 00.52
209.35 00.48
211.44 00.44
213.56 00.40
215.69 00.37
217.85 00.34
220.03 00.30
222.23 00.27
224.45 00.25
226.70 00.22
228.96 00.20
231.25 00.20
233.57 00.19
235.90 00.18
238.26 00.18
240.64 00.19
243.05 00.19
245.48 00.20
247.93 00.21
250.41 00.22
252.92 00.23
255.45 00.25
258.00 00.26
260.58 00.26
263.19 00.28
265.82 00.28
268.48 00.29
271.16 00.28
273.87 00.27
276.61 00.27
279.38 00.26
282.17 00.26
284.99 00.24
287.84 00.23
290.72 00.21
293.63 00.20
296.57 00.19
299.53 00.17
302.53 00.16
305.55 00.14
308.61 00.14
311.69 00.13
314.81 00.11
317.96 00.11
321.14 00.09
324.35 00.09
327.59 00.08
330.87 00.06
334.18 00.05
337.52 00.05
340.90 00.05
344.30 00.04
347.75 00.03
351.23 00.03
354.74 00.03
358.28 00.02
361.87 00.02
365.49 00.02
369.14 00.02
372.83 00.01
376.56 00.00
380.33 00.00
384.13 -00.01
387.97 -00.01
391.85 -00.03
395.77 -00.03
399.73 -00.05
403.72 -00.06
407.76 -00.08
411.84 -00.10
415.96 -00.13
420.12 -00.16
424.32 -00.20
428.56 -00.23
432.85 -00.26
437.18 -00.30
441.55 -00.33
445.96 -00.35
450.42 -00.38
454.93 -00.39
459.48 -00.41
464.07 -00.42
468.71 -00.43
473.40 -00.42
478.13 -00.42
482.91 -00.42
487.74 -00.42
492.62 -00.40
497.55 -00.40
502.52 -00.39
507.55 -00.37
512.62 -00.36
517.75 -00.35
522.93 -00.32
528.16 -00.30
533.44 -00.26
538.77 -00.23
544.16 -00.20
549.60 -00.16
555.10 -00.12
560.65 -00.08
566.25 -00.05
571.92 -00.01
577.64 00.02
583.41 00.06
589.25 00.09
595.14 00.12
601.09 00.14
607.10 00.16
613.17 00.18
619.30 00.19
625.50 00.21
631.75 00.22
638.07 00.22
644.45 00.22
650.89 00.20
657.40 00.17
663.98 00.16
670.62 00.14
677.32 00.11
684.10 00.10
690.94 00.07
697.85 00.06
704.83 00.03
711.87 00.01
718.99 00.00
726.18 -00.02
733.44 -00.03
740.78 -00.04
748.19 -00.03
755.67 -00.03
763.23 -00.02
770.86 00.00
778.57 00.02
786.35 00.05
794.22 00.09
802.16 00.13
810.18 00.17
818.28 00.21
826.46 00.25
834.73 00.30
843.08 00.33
851.51 00.36
860.02 00.39
868.62 00.41
877.31 00.43
886.08 00.43
894.94 00.43
903.89 00.43
912.93 00.44
922.06 00.44
931.28 00.45
940.59 00.45
950.00 00.46
959.50 00.47
969.09 00.46
978.78 00.47
988.57 00.47
998.46 00.46
1008.44 00.46
1018.53 00.44
1028.71 00.41
1039.00 00.38
1049.39 00.34
1059.88 00.29
1070.48 00.25
1081.19 00.22
1092.00 00.17
1102.92 00.14
1113.95 00.10
1125.09 00.07
1136.34 00.03
1147.70 00.00
1159.18 -00.02
1170.77 -00.05
1182.48 -00.10
1194.30 -00.13
1206.25 -00.17
1218.31 -00.21
1230.49 -00.25
1242.80 -00.29
1255.22 -00.35
1267.78 -00.40
1280.45 -00.44
1293.26 -00.48
1306.19 -00.51
1319.25 -00.54
1332.45 -00.58
1345.77 -00.61
1359.23 -00.64
1372.82 -00.66
1386.55 -00.67
1400.41 -00.68
1414.42 -00.69
1428.56 -00.69
1442.85 -00.69
1457.28 -00.68
1471.85 -00.68
1486.57 -00.68
1501.43 -00.69
1516.45 -00.70
1531.61 -00.71
1546.93 -00.74
1562.40 -00.78
1578.02 -00.82
1593.80 -00.86
1609.74 -00.89
1625.84 -00.93
1642.10 -00.97
1658.52 -01.01
1675.10 -01.06
1691.85 -01.12
1708.77 -01.16
1725.86 -01.22
1743.12 -01.25
1760.55 -01.30
1778.15 -01.35
1795.94 -01.40
1813.90 -01.47
1832.03 -01.56
1850.36 -01.64
1868.86 -01.73
1887.55 -01.80
1906.42 -01.87
1925.49 -01.93
1944.74 -02.01
1964.19 -02.09
1983.83 -02.17
2003.67 -02.24
2023.71 -02.29
2043.94 -02.32
2064.38 -02.32
2085.03 -02.33
2105.88 -02.32
2126.94 -02.31
2148.20 -02.28
2169.69 -02.22
2191.38 -02.13
2213.30 -02.03
2235.43 -01.90
2257.78 -01.77
2280.36 -01.64
2303.17 -01.50
2326.20 -01.35
2349.46 -01.22
2372.95 -01.11
2396.68 -01.00
2420.65 -00.92
2444.86 -00.86
2469.31 -00.81
2494.00 -00.79
2518.94 -00.79
2544.13 -00.83
2569.57 -00.89
2595.27 -00.97
2621.22 -01.08
2647.43 -01.20
2673.90 -01.32
2700.64 -01.45
2727.65 -01.60
2754.93 -01.75
2782.48 -01.89
2810.30 -02.00
2838.40 -02.09
2866.79 -02.18
2895.46 -02.25
2924.41 -02.31
2953.65 -02.34
2983.19 -02.37
3013.02 -02.39
3043.15 -02.41
3073.58 -02.43
3104.32 -02.45
3135.36 -02.49
3166.72 -02.53
3198.38 -02.59
3230.37 -02.66
3262.67 -02.74
3295.30 -02.81
3328.25 -02.91
3361.53 -03.00
3395.15 -03.10
3429.10 -03.19
3463.39 -03.28
3498.03 -03.38
3533.01 -03.46
3568.34 -03.54
3604.02 -03.63
3640.06 -03.73
3676.46 -03.85
3713.22 -04.01
3750.36 -04.20
3787.86 -04.43
3825.74 -04.72
3864.00 -05.05
3902.64 -05.43
3941.66 -05.85
3981.08 -06.29
4020.89 -06.76
4061.10 -07.24
4101.71 -07.71
4142.73 -08.15
4184.15 -08.50
4226.00 -08.76
4268.26 -08.91
4310.94 -08.96
4354.05 -08.94
4397.59 -08.89
4441.56 -08.82
4485.98 -08.77
4530.84 -08.72
4576.15 -08.69
4621.91 -08.67
4668.13 -08.67
4714.81 -08.67
4761.96 -08.69
4809.58 -08.73
4857.67 -08.77
4906.25 -08.83
4955.31 -08.89
5004.87 -08.95
5054.91 -09.01
5105.46 -09.05
5156.52 -09.14
5208.08 -09.25
5260.16 -09.32
5312.77 -09.35
5365.89 -09.34
5419.55 -09.28
5473.75 -09.17
5528.49 -09.02
5583.77 -08.82
5639.61 -08.60
5696.00 -08.35
5752.96 -08.11
5810.49 -07.87
5868.60 -07.64
5927.28 -07.43
5986.56 -07.25
6046.42 -06.88
6106.89 -06.47
6167.96 -06.09
6229.64 -05.75
6291.93 -05.45
6354.85 -05.20
6418.40 -04.97
6482.58 -04.78
6547.41 -04.62
6612.88 -04.50
6679.01 -04.42
6745.80 -04.40
6813.26 -04.43
6881.39 -04.56
6950.21 -04.77
7019.71 -05.07
7089.91 -05.44
7160.81 -05.87
7232.41 -06.30
7304.74 -06.80
7377.79 -07.13
7451.56 -07.19
7526.08 -06.93
7601.34 -06.38
7677.35 -05.64
7754.13 -04.80
7831.67 -03.96
7909.98 -03.15
7989.08 -02.39
8068.98 -01.69
8149.67 -01.04
8231.16 -00.45
8313.47 00.10
8396.61 00.58
8480.57 01.00
8565.38 01.36
8651.03 01.64
8737.54 01.86
8824.92 01.99
8913.17 02.05
9002.30 02.03
9092.32 01.92
9183.25 01.72
9275.08 01.42
9367.83 01.03
9461.51 00.55
9556.12 00.00
9651.68 -00.63
9748.20 -01.31
9845.68 -02.02
9944.14 -02.73
10043.58 -03.41
10144.02 -04.00
10245.46 -04.47
10347.91 -04.75
10451.39 -04.92
10555.91 -05.00
10661.46 -05.00
10768.08 -04.94
10875.76 -04.81
10984.52 -04.60
11094.36 -04.33
11205.31 -04.02
11317.36 -03.64
11430.53 -03.23
11544.84 -02.77
11660.29 -02.29
11776.89 -01.79
11894.66 -01.28
12013.60 -00.74
12133.74 -00.16
12255.08 00.43
12377.63 00.97
12501.41 01.41
12626.42 01.72
12752.68 01.90
12880.21 01.94
13009.01 01.88
13139.10 01.72
13270.49 01.46
13403.20 01.08
13537.23 00.52
13672.60 -00.28
13809.33 -01.38
13947.42 -02.86
14086.90 -04.71
14227.77 -06.81
14370.04 -08.80
14513.74 -10.04
14658.88 -10.03
14805.47 -09.21
14953.52 -08.20
15103.06 -07.27
15254.09 -06.48
15406.63 -05.84
15560.70 -05.33
15716.30 -04.94
15873.47 -04.67
16032.20 -04.53
16192.52 -04.50
16354.45 -04.58
16517.99 -04.75
16683.17 -05.00
16850.01 -05.29
17018.51 -05.60
17188.69 -05.90
17360.58 -06.10
17534.18 -06.16
17709.53 -05.97
17886.62 -05.49
18065.49 -04.80
18246.14 -04.05
18428.60 -03.39
18612.89 -02.88
18799.02 -02.55
18987.01 -02.40
19176.88 -02.38
19368.65 -02.48
19562.33 -02.70
19757.96 -03.03
19955.54 -03.53
20000.00 -03.67
