20.00 -00.81
20.20 -00.79
20.40 -00.76
20.61 -00.74
20.81 -00.72
21.02 -00.70
21.23 -00.68
21.44 -00.66
21.66 -00.64
21.87 -00.63
22.09 -00.61
22.31 -00.60
22.54 -00.58
22.76 -00.57
22.99 -00.56
23.22 -00.54
23.45 -00.53
23.69 -00.52
23.92 -00.50
24.16 -00.49
24.40 -00.48
24.65 -00.46
24.89 -00.45
25.14 -00.43
25.39 -00.42
25.65 -00.41
25.91 -00.39
26.16 -00.38
26.43 -00.37
26.69 -00.36
26.96 -00.34
27.23 -00.33
27.50 -00.32
27.77 -00.30
28.05 -00.29
28.33 -00.28
28.62 -00.27
28.90 -00.25
29.19 -00.24
29.48 -00.23
29.78 -00.22
30.08 -00.21
30.38 -00.19
30.68 -00.18
30.99 -00.17
31.30 -00.16
31.61 -00.15
31.93 -00.14
32.24 -00.12
32.57 -00.11
32.89 -00.10
33.22 -00.09
33.55 -00.08
33.89 -00.06
34.23 -00.05
34.57 -00.04
34.92 -00.02
35.27 -00.01
35.62 00.00
35.97 00.01
36.33 00.03
36.70 00.04
37.06 00.05
37.43 00.06
37.81 00.07
38.19 00.09
38.57 00.10
38.95 00.11
39.34 00.12
39.74 00.13
40.14 00.14
40.54 00.16
40.94 00.17
41.35 00.18
41.76 00.19
42.18 00.20
42.60 00.21
43.03 00.21
43.46 00.22
43.90 00.23
44.33 00.24
44.78 00.25
45.23 00.25
45.68 00.26
46.13 00.27
46.60 00.27
47.06 00.28
47.53 00.29
48.01 00.29
48.49 00.30
48.97 00.31
49.46 00.31
49.96 00.32
50.46 00.32
50.96 00.33
51.47 00.34
51.99 00.34
52.51 00.35
53.03 00.36
53.56 00.36
54.10 00.37
54.64 00.38
55.18 00.38
55.74 00.39
56.29 00.40
56.86 00.40
57.42 00.41
58.00 00.41
58.58 00.42
59.16 00.43
59.76 00.43
60.35 00.44
60.96 00.45
61.57 00.45
62.18 00.46
62.80 00.46
63.43 00.46
64.07 00.46
64.71 00.46
65.35 00.45
66.01 00.45
66.67 00.44
67.33 00.43
68.01 00.42
68.69 00.41
69.37 00.40
70.07 00.39
70.77 00.38
71.48 00.36
72.19 00.35
72.91 00.34
73.64 00.33
74.38 00.32
75.12 00.31
75.87 00.29
76.63 00.28
77.40 00.27
78.17 00.26
78.95 00.25
79.74 00.24
80.54 00.23
81.35 00.22
82.16 00.21
82.98 00.20
83.81 00.19
84.65 00.18
85.50 00.17
86.35 00.16
87.22 00.15
88.09 00.14
88.97 00.13
89.86 00.13
90.76 00.12
91.66 00.11
92.58 00.10
93.51 00.09
94.44 00.09
95.39 00.08
96.34 00.07
97.30 00.06
98.28 00.06
99.26 00.05
100.25 00.04
101.25 00.04
102.27 00.03
103.29 00.02
104.32 00.02
105.37 00.01
106.42 00.00
107.48 00.00
108.56 -00.01
109.64 -00.01
110.74 -00.02
111.85 -00.02
112.97 -00.03
114.10 -00.03
115.24 -00.04
116.39 -00.04
117.55 -00.05
118.73 -00.05
119.92 -00.06
121.12 -00.07
122.33 -00.07
123.55 -00.08
124.79 -00.09
126.03 -00.09
127.29 -00.10
128.57 -00.10
129.85 -00.11
131.15 -00.11
132.46 -00.12
133.79 -00.12
135.12 -00.13
136.48 -00.13
137.84 -00.14
139.22 -00.14
140.61 -00.14
142.02 -00.15
143.44 -00.15
144.87 -00.16
146.32 -00.16
147.78 -00.16
149.26 -00.16
150.75 -00.16
152.26 -00.17
153.78 -00.17
155.32 -00.17
156.88 -00.17
158.44 -00.17
160.03 -00.17
161.63 -00.16
163.24 -00.15
164.88 -00.13
166.53 -00.13
168.19 -00.12
169.87 -00.11
171.57 -00.10
173.29 -00.09
175.02 -00.09
176.77 -00.07
178.54 -00.07
180.32 -00.06
182.13 -00.04
183.95 -00.03
185.79 -00.01
187.65 00.01
189.52 00.03
191.42 00.05
193.33 00.07
195.27 00.10
197.22 00.12
199.19 00.15
201.18 00.17
203.19 00.21
205.23 00.23
207.28 00.26
209.35 00.27
211.44 00.30
213.56 00.32
215.69 00.34
217.85 00.36
220.03 00.37
222.23 00.39
224.45 00.40
226.70 00.41
228.96 00.40
231.25 00.40
233.57 00.39
235.90 00.37
238.26 00.35
240.64 00.34
243.05 00.31
245.48 00.28
247.93 00.26
250.41 00.21
252.92 00.16
255.45 00.11
258.00 00.04
260.58 -00.05
263.19 -00.16
265.82 -00.29
268.48 -00.43
271.16 -00.59
273.87 -00.76
276.61 -00.91
279.38 -01.07
282.17 -01.20
284.99 -01.31
287.84 -01.39
290.72 -01.43
293.63 -01.43
296.57 -01.39
299.53 -01.33
302.53 -01.25
305.55 -01.16
308.61 -01.06
311.69 -00.96
314.81 -00.87
317.96 -00.78
321.14 -00.70
324.35 -00.62
327.59 -00.55
330.87 -00.49
334.18 -00.43
337.52 -00.37
340.90 -00.32
344.30 -00.28
347.75 -00.24
351.23 -00.19
354.74 -00.15
358.28 -00.12
361.87 -00.08
365.49 -00.04
369.14 00.00
372.83 00.03
376.56 00.06
380.33 00.10
384.13 00.13
387.97 00.17
391.85 00.20
395.77 00.24
399.73 00.26
403.72 00.30
407.76 00.32
411.84 00.36
415.96 00.38
420.12 00.42
424.32 00.46
428.56 00.50
432.85 00.56
437.18 00.60
441.55 00.67
445.96 00.74
450.42 00.81
454.93 00.90
459.48 00.98
464.07 01.07
468.71 01.17
473.40 01.29
478.13 01.40
482.91 01.50
487.74 01.60
492.62 01.70
497.55 01.77
502.52 01.84
507.55 01.91
512.62 01.97
517.75 02.03
522.93 02.10
528.16 02.15
533.44 02.20
538.77 02.24
544.16 02.24
549.60 02.20
555.10 02.10
560.65 01.95
566.25 01.76
571.92 01.54
577.64 01.29
583.41 01.03
589.25 00.75
595.14 00.48
601.09 00.23
607.10 00.01
613.17 -00.11
619.30 -00.12
625.50 -00.03
631.75 00.14
638.07 00.32
644.45 00.51
650.89 00.66
657.40 00.81
663.98 00.95
670.62 01.06
677.32 01.17
684.10 01.27
690.94 01.35
697.85 01.43
704.83 01.49
711.87 01.55
718.99 01.60
726.18 01.64
733.44 01.67
740.78 01.71
748.19 01.75
755.67 01.78
763.23 01.82
770.86 01.87
778.57 01.91
786.35 01.96
794.22 02.00
802.16 02.04
810.18 02.02
818.28 01.96
826.46 01.86
834.73 01.75
843.08 01.62
851.51 01.50
860.02 01.38
868.62 01.26
877.31 01.15
886.08 01.00
894.94 00.83
903.89 00.63
912.93 00.44
922.06 00.25
931.28 00.08
940.59 -00.09
950.00 -00.26
959.50 -00.44
969.09 -00.65
978.78 -00.84
988.57 -00.99
998.46 -01.07
1008.44 -01.05
1018.53 -00.93
1028.71 -00.77
1039.00 -00.61
1049.39 -00.49
1059.88 -00.42
1070.48 -00.37
1081.19 -00.33
1092.00 -00.30
1102.92 -00.26
1113.95 -00.23
1125.09 -00.21
1136.34 -00.20
1147.70 -00.19
1159.18 -00.17
1170.77 -00.15
1182.48 -00.19
1194.30 -00.27
1206.25 -00.41
1218.31 -00.59
1230.49 -00.80
1242.80 -01.01
1255.22 -01.24
1267.78 -01.48
1280.45 -01.75
1293.26 -02.07
1306.19 -02.45
1319.25 -02.87
1332.45 -03.27
1345.77 -03.58
1359.23 -03.83
1372.82 -04.11
1386.55 -04.43
1400.41 -04.79
1414.42 -05.17
1428.56 -05.51
1442.85 -05.78
1457.28 -05.92
1471.85 -05.92
1486.57 -05.80
1501.43 -05.66
1516.45 -05.54
1531.61 -05.45
1546.93 -05.41
1562.40 -05.41
1578.02 -05.46
1593.80 -05.55
1609.74 -05.64
1625.84 -05.77
1642.10 -05.91
1658.52 -06.06
1675.10 -06.21
1691.85 -06.37
1708.77 -06.54
1725.86 -06.78
1743.12 -07.05
1760.55 -07.33
1778.15 -07.58
1795.94 -07.77
1813.90 -07.90
1832.03 -07.99
1850.36 -08.06
1868.86 -08.12
1887.55 -08.19
1906.42 -08.25
1925.49 -08.24
1944.74 -08.13
1964.19 -07.91
1983.83 -07.69
2003.67 -07.49
2023.71 -07.32
2043.94 -07.16
2064.38 -06.99
2085.03 -06.82
2105.88 -06.64
2126.94 -06.48
2148.20 -06.33
2169.69 -06.21
2191.38 -06.11
2213.30 -06.04
2235.43 -05.98
2257.78 -05.91
2280.36 -05.81
2303.17 -05.69
2326.20 -05.56
2349.46 -05.45
2372.95 -05.33
2396.68 -05.19
2420.65 -05.03
2444.86 -04.84
2469.31 -04.63
2494.00 -04.42
2518.94 -04.20
2544.13 -03.96
2569.57 -03.72
2595.27 -03.47
2621.22 -03.20
2647.43 -02.91
2673.90 -02.61
2700.64 -02.32
2727.65 -02.08
2754.93 -01.87
2782.48 -01.68
2810.30 -01.49
2838.40 -01.35
2866.79 -01.23
2895.46 -01.13
2924.41 -01.05
2953.65 -00.96
2983.19 -00.87
3013.02 -00.75
3043.15 -00.57
3073.58 -00.36
3104.32 -00.13
3135.36 00.07
3166.72 00.25
3198.38 00.43
3230.37 00.68
3262.67 00.96
3295.30 01.25
3328.25 01.49
3361.53 01.67
3395.15 01.76
3429.10 01.79
3463.39 01.74
3498.03 01.65
3533.01 01.56
3568.34 01.47
3604.02 01.34
3640.06 01.16
3676.46 00.89
3713.22 00.56
3750.36 00.22
3787.86 -00.10
3825.74 -00.33
3864.00 -00.42
3902.64 -00.39
3941.66 -00.28
3981.08 -00.21
4020.89 -00.23
4061.10 -00.26
4101.71 -00.32
4142.73 -00.40
4184.15 -00.41
4226.00 -00.36
4268.26 -00.31
4310.94 -00.34
4354.05 -00.45
4397.59 -00.61
4441.56 -00.77
4485.98 -00.90
4530.84 -01.01
4576.15 -01.08
4621.91 -01.09
4668.13 -01.04
4714.81 -00.96
4761.96 -00.92
4809.58 -00.98
4857.67 -01.04
4906.25 -01.08
4955.31 -01.14
5004.87 -01.25
5054.91 -01.39
5105.46 -01.52
5156.52 -01.77
5208.08 -02.14
5260.16 -02.58
5312.77 -03.07
5365.89 -03.55
5419.55 -03.97
5473.75 -04.38
5528.49 -04.76
5583.77 -05.09
5639.61 -05.38
5696.00 -05.61
5752.96 -05.80
5810.49 -05.97
5868.60 -06.12
5927.28 -06.24
5986.56 -06.32
6046.42 -06.13
6106.89 -05.83
6167.96 -05.49
6229.64 -05.12
6291.93 -04.72
6354.85 -04.33
6418.40 -03.93
6482.58 -03.52
6547.41 -03.11
6612.88 -02.68
6679.01 -02.26
6745.80 -01.84
6813.26 -01.44
6881.39 -01.06
6950.21 -00.69
7019.71 -00.33
7089.91 00.02
7160.81 00.38
7232.41 00.76
7304.74 01.00
7377.79 01.22
7451.56 01.44
7526.08 01.65
7601.34 01.84
7677.35 02.01
7754.13 02.18
7831.67 02.33
7909.98 02.46
7989.08 02.57
8068.98 02.64
8149.67 02.67
8231.16 02.66
8313.47 02.61
8396.61 02.54
8480.57 02.43
8565.38 02.29
8651.03 02.11
8737.54 01.91
8824.92 01.69
8913.17 01.46
9002.30 01.25
9092.32 01.06
9183.25 00.89
9275.08 00.74
9367.83 00.61
9461.51 00.48
9556.12 00.38
9651.68 00.32
9748.20 00.28
9845.68 00.23
9944.14 00.17
10043.58 00.11
10144.02 00.02
10245.46 -00.09
10347.91 -00.11
10451.39 -00.14
10555.91 -00.16
10661.46 -00.24
10768.08 -00.35
10875.76 -00.50
10984.52 -00.66
11094.36 -00.81
11205.31 -00.97
11317.36 -01.11
11430.53 -01.26
11544.84 -01.43
11660.29 -01.59
11776.89 -01.77
11894.66 -01.91
12013.60 -01.99
12133.74 -02.02
12255.08 -02.05
12377.63 -02.11
12501.41 -02.22
12626.42 -02.35
12752.68 -02.49
12880.21 -02.64
13009.01 -02.76
13139.10 -02.87
13270.49 -02.98
13403.20 -03.09
13537.23 -03.20
13672.60 -03.32
13809.33 -03.45
13947.42 -03.59
14086.90 -03.72
14227.77 -03.83
14370.04 -03.94
14513.74 -04.07
14658.88 -04.35
14805.47 -04.66
14953.52 -04.98
15103.06 -05.34
15254.09 -05.73
15406.63 -06.19
15560.70 -06.72
15716.30 -07.34
15873.47 -08.06
16032.20 -08.85
16192.52 -09.68
16354.45 -10.50
16517.99 -11.23
16683.17 -11.78
16850.01 -12.06
17018.51 -12.06
17188.69 -11.76
17360.58 -11.22
17534.18 -10.61
17709.53 -10.03
17886.62 -09.55
18065.49 -09.22
18246.14 -09.02
18428.60 -08.96
18612.89 -09.02
18799.02 -09.20
18987.01 -09.48
19176.88 -09.88
19368.65 -10.42
19562.33 -11.09
19757.96 -11.88
19955.54 -12.76
20000.00 -12.97
