20.00 -01.05
20.20 -00.98
20.40 -00.92
20.61 -00.85
20.81 -00.79
21.02 -00.73
21.23 -00.67
21.44 -00.62
21.66 -00.56
21.87 -00.51
22.09 -00.46
22.31 -00.40
22.54 -00.35
22.76 -00.30
22.99 -00.25
23.22 -00.20
23.45 -00.15
23.69 -00.10
23.92 -00.05
24.16 00.00
24.40 00.05
24.65 00.10
24.89 00.15
25.14 00.19
25.39 00.24
25.65 00.29
25.91 00.33
26.16 00.38
26.43 00.42
26.69 00.47
26.96 00.51
27.23 00.56
27.50 00.60
27.77 00.64
28.05 00.68
28.33 00.72
28.62 00.76
28.90 00.80
29.19 00.84
29.48 00.87
29.78 00.91
30.08 00.94
30.38 00.98
30.68 01.01
30.99 01.04
31.30 01.07
31.61 01.10
31.93 01.14
32.24 01.17
32.57 01.20
32.89 01.23
33.22 01.26
33.55 01.28
33.89 01.31
34.23 01.34
34.57 01.37
34.92 01.40
35.27 01.42
35.62 01.45
35.97 01.48
36.33 01.50
36.70 01.52
37.06 01.55
37.43 01.57
37.81 01.59
38.19 01.61
38.57 01.63
38.95 01.65
39.34 01.67
39.74 01.68
40.14 01.70
40.54 01.71
40.94 01.73
41.35 01.74
41.76 01.75
42.18 01.76
42.60 01.76
43.03 01.77
43.46 01.77
43.90 01.78
44.33 01.78
44.78 01.77
45.23 01.77
45.68 01.76
46.13 01.76
46.60 01.75
47.06 01.74
47.53 01.73
48.01 01.72
48.49 01.70
48.97 01.69
49.46 01.68
49.96 01.67
50.46 01.66
50.96 01.65
51.47 01.64
51.99 01.64
52.51 01.64
53.03 01.64
53.56 01.64
54.10 01.65
54.64 01.65
55.18 01.67
55.74 01.68
56.29 01.70
56.86 01.72
57.42 01.74
58.00 01.77
58.58 01.79
59.16 01.82
59.76 01.85
60.35 01.87
60.96 01.90
61.57 01.92
62.18 01.93
62.80 01.94
63.43 01.94
64.07 01.94
64.71 01.92
65.35 01.89
66.01 01.86
66.67 01.81
67.33 01.75
68.01 01.69
68.69 01.62
69.37 01.54
70.07 01.46
70.77 01.38
71.48 01.30
72.19 01.23
72.91 01.16
73.64 01.10
74.38 01.06
75.12 01.03
75.87 01.01
76.63 01.01
77.40 01.02
78.17 01.04
78.95 01.08
79.74 01.12
80.54 01.16
81.35 01.20
82.16 01.24
82.98 01.28
83.81 01.30
84.65 01.31
85.50 01.31
86.35 01.29
87.22 01.25
88.09 01.19
88.97 01.12
89.86 01.04
90.76 00.95
91.66 00.86
92.58 00.77
93.51 00.69
94.44 00.63
95.39 00.59
96.34 00.58
97.30 00.59
98.28 00.64
99.26 00.71
100.25 00.81
101.25 00.92
102.27 01.04
103.29 01.17
104.32 01.29
105.37 01.40
106.42 01.50
107.48 01.58
108.56 01.66
109.64 01.71
110.74 01.76
111.85 01.79
112.97 01.80
114.10 01.81
115.24 01.81
116.39 01.80
117.55 01.78
118.73 01.76
119.92 01.73
121.12 01.70
122.33 01.66
123.55 01.62
124.79 01.59
126.03 01.55
127.29 01.52
128.57 01.49
129.85 01.47
131.15 01.46
132.46 01.45
133.79 01.44
135.12 01.44
136.48 01.43
137.84 01.43
139.22 01.43
140.61 01.42
142.02 01.40
143.44 01.39
144.87 01.36
146.32 01.34
147.78 01.30
149.26 01.26
150.75 01.22
152.26 01.17
153.78 01.12
155.32 01.08
156.88 01.03
158.44 00.98
160.03 00.94
161.63 00.91
163.24 00.88
164.88 00.87
166.53 00.85
168.19 00.83
169.87 00.81
171.57 00.80
173.29 00.78
175.02 00.76
176.77 00.75
178.54 00.72
180.32 00.69
182.13 00.67
183.95 00.63
185.79 00.59
187.65 00.56
189.52 00.51
191.42 00.47
193.33 00.42
195.27 00.38
197.22 00.33
199.19 00.28
201.18 00.23
203.19 00.18
205.23 00.12
207.28 00.07
209.35 00.01
211.44 -00.05
213.56 -00.11
215.69 -00.16
217.85 -00.21
220.03 -00.27
222.23 -00.32
224.45 -00.37
226.70 -00.44
228.96 -00.50
231.25 -00.56
233.57 -00.63
235.90 -00.70
238.26 -00.77
240.64 -00.83
243.05 -00.91
245.48 -00.98
247.93 -01.04
250.41 -01.11
252.92 -01.17
255.45 -01.23
258.00 -01.29
260.58 -01.34
263.19 -01.39
265.82 -01.45
268.48 -01.50
271.16 -01.56
273.87 -01.62
276.61 -01.68
279.38 -01.75
282.17 -01.81
284.99 -01.89
287.84 -01.95
290.72 -02.03
293.63 -02.10
296.57 -02.16
299.53 -02.23
302.53 -02.29
305.55 -02.35
308.61 -02.40
311.69 -02.44
314.81 -02.49
317.96 -02.52
321.14 -02.56
324.35 -02.59
327.59 -02.63
330.87 -02.66
334.18 -02.69
337.52 -02.71
340.90 -02.74
344.30 -02.78
347.75 -02.80
351.23 -02.82
354.74 -02.85
358.28 -02.87
361.87 -02.88
365.49 -02.90
369.14 -02.91
372.83 -02.92
376.56 -02.94
380.33 -02.94
384.13 -02.94
387.97 -02.94
391.85 -02.94
395.77 -02.94
399.73 -02.94
403.72 -02.93
407.76 -02.93
411.84 -02.93
415.96 -02.93
420.12 -02.92
424.32 -02.92
428.56 -02.91
432.85 -02.90
437.18 -02.89
441.55 -02.88
445.96 -02.86
450.42 -02.85
454.93 -02.84
459.48 -02.84
464.07 -02.85
468.71 -02.86
473.40 -02.87
478.13 -02.89
482.91 -02.91
487.74 -02.95
492.62 -02.98
497.55 -03.03
502.52 -03.09
507.55 -03.13
512.62 -03.17
517.75 -03.20
522.93 -03.20
528.16 -03.19
533.44 -03.13
538.77 -03.03
544.16 -02.89
549.60 -02.70
555.10 -02.48
560.65 -02.22
566.25 -01.97
571.92 -01.70
577.64 -01.45
583.41 -01.20
589.25 -00.99
595.14 -00.80
601.09 -00.63
607.10 -00.51
613.17 -00.40
619.30 -00.33
625.50 -00.27
631.75 -00.23
638.07 -00.22
644.45 -00.21
650.89 -00.23
657.40 -00.25
663.98 -00.25
670.62 -00.27
677.32 -00.29
684.10 -00.29
690.94 -00.29
697.85 -00.28
704.83 -00.27
711.87 -00.26
718.99 -00.22
726.18 -00.18
733.44 -00.14
740.78 -00.09
748.19 -00.02
755.67 00.04
763.23 00.10
770.86 00.18
778.57 00.24
786.35 00.29
794.22 00.34
802.16 00.39
810.18 00.42
818.28 00.44
826.46 00.45
834.73 00.47
843.08 00.46
851.51 00.46
860.02 00.44
868.62 00.43
877.31 00.41
886.08 00.39
894.94 00.36
903.89 00.33
912.93 00.31
922.06 00.29
931.28 00.27
940.59 00.25
950.00 00.24
959.50 00.23
969.09 00.21
978.78 00.22
988.57 00.23
998.46 00.24
1008.44 00.28
1018.53 00.33
1028.71 00.40
1039.00 00.49
1049.39 00.60
1059.88 00.71
1070.48 00.85
1081.19 00.99
1092.00 01.11
1102.92 01.25
1113.95 01.37
1125.09 01.48
1136.34 01.56
1147.70 01.63
1159.18 01.68
1170.77 01.72
1182.48 01.72
1194.30 01.70
1206.25 01.68
1218.31 01.63
1230.49 01.58
1242.80 01.53
1255.22 01.46
1267.78 01.41
1280.45 01.35
1293.26 01.31
1306.19 01.26
1319.25 01.21
1332.45 01.14
1345.77 01.07
1359.23 01.00
1372.82 00.90
1386.55 00.78
1400.41 00.65
1414.42 00.49
1428.56 00.32
1442.85 00.14
1457.28 -00.05
1471.85 -00.22
1486.57 -00.39
1501.43 -00.54
1516.45 -00.67
1531.61 -00.77
1546.93 -00.87
1562.40 -00.95
1578.02 -01.02
1593.80 -01.10
1609.74 -01.17
1625.84 -01.26
1642.10 -01.37
1658.52 -01.48
1675.10 -01.62
1691.85 -01.78
1708.77 -01.93
1725.86 -02.10
1743.12 -02.26
1760.55 -02.43
1778.15 -02.58
1795.94 -02.71
1813.90 -02.82
1832.03 -02.91
1850.36 -02.98
1868.86 -03.03
1887.55 -03.06
1906.42 -03.08
1925.49 -03.09
1944.74 -03.10
1964.19 -03.10
1983.83 -03.09
2003.67 -03.07
2023.71 -03.05
2043.94 -03.03
2064.38 -02.99
2085.03 -02.95
2105.88 -02.87
2126.94 -02.79
2148.20 -02.69
2169.69 -02.56
2191.38 -02.41
2213.30 -02.24
2235.43 -02.05
2257.78 -01.86
2280.36 -01.66
2303.17 -01.47
2326.20 -01.27
2349.46 -01.08
2372.95 -00.90
2396.68 -00.72
2420.65 -00.56
2444.86 -00.41
2469.31 -00.27
2494.00 -00.15
2518.94 -00.04
2544.13 00.06
2569.57 00.15
2595.27 00.24
2621.22 00.31
2647.43 00.38
2673.90 00.46
2700.64 00.55
2727.65 00.63
2754.93 00.72
2782.48 00.81
2810.30 00.92
2838.40 01.03
2866.79 01.15
2895.46 01.29
2924.41 01.43
2953.65 01.59
2983.19 01.75
3013.02 01.91
3043.15 02.09
3073.58 02.24
3104.32 02.38
3135.36 02.47
3166.72 02.54
3198.38 02.55
3230.37 02.52
3262.67 02.44
3295.30 02.34
3328.25 02.20
3361.53 02.06
3395.15 01.91
3429.10 01.81
3463.39 01.76
3498.03 01.78
3533.01 01.90
3568.34 02.09
3604.02 02.32
3640.06 02.58
3676.46 02.83
3713.22 03.06
3750.36 03.25
3787.86 03.41
3825.74 03.52
3864.00 03.59
3902.64 03.63
3941.66 03.64
3981.08 03.64
4020.89 03.62
4061.10 03.61
4101.71 03.60
4142.73 03.62
4184.15 03.66
4226.00 03.72
4268.26 03.80
4310.94 03.90
4354.05 04.02
4397.59 04.14
4441.56 04.27
4485.98 04.38
4530.84 04.45
4576.15 04.48
4621.91 04.46
4668.13 04.39
4714.81 04.27
4761.96 04.11
4809.58 03.89
4857.67 03.62
4906.25 03.30
4955.31 02.92
5004.87 02.50
5054.91 02.06
5105.46 01.62
5156.52 01.15
5208.08 00.67
5260.16 00.24
5312.77 -00.14
5365.89 -00.49
5419.55 -00.82
5473.75 -01.13
5528.49 -01.44
5583.77 -01.74
5639.61 -02.04
5696.00 -02.32
5752.96 -02.59
5810.49 -02.85
5868.60 -03.12
5927.28 -03.40
5986.56 -03.72
6046.42 -03.85
6106.89 -03.93
6167.96 -04.03
6229.64 -04.14
6291.93 -04.26
6354.85 -04.38
6418.40 -04.49
6482.58 -04.56
6547.41 -04.61
6612.88 -04.62
6679.01 -04.59
6745.80 -04.52
6813.26 -04.39
6881.39 -04.21
6950.21 -03.93
7019.71 -03.56
7089.91 -03.13
7160.81 -02.66
7232.41 -02.14
7304.74 -01.75
7377.79 -01.34
7451.56 -00.90
7526.08 -00.45
7601.34 00.00
7677.35 00.42
7754.13 00.79
7831.67 01.11
7909.98 01.39
7989.08 01.62
8068.98 01.80
8149.67 01.95
8231.16 02.04
8313.47 02.10
8396.61 02.10
8480.57 02.06
8565.38 01.98
8651.03 01.85
8737.54 01.68
8824.92 01.47
8913.17 01.22
9002.30 00.93
9092.32 00.60
9183.25 00.24
9275.08 -00.15
9367.83 -00.57
9461.51 -01.01
9556.12 -01.48
9651.68 -01.95
9748.20 -02.43
9845.68 -02.89
9944.14 -03.32
10043.58 -03.70
10144.02 -04.00
10245.46 -04.20
10347.91 -04.19
10451.39 -04.05
10555.91 -03.76
10661.46 -03.36
10768.08 -02.88
10875.76 -02.33
10984.52 -01.75
11094.36 -01.20
11205.31 -00.71
11317.36 -00.28
11430.53 00.08
11544.84 00.38
11660.29 00.67
11776.89 00.92
11894.66 01.16
12013.60 01.35
12133.74 01.52
12255.08 01.64
12377.63 01.73
12501.41 01.85
12626.42 02.02
12752.68 02.24
12880.21 02.45
13009.01 02.63
13139.10 02.71
13270.49 02.70
13403.20 02.60
13537.23 02.42
13672.60 02.19
13809.33 01.93
13947.42 01.60
14086.90 01.20
14227.77 00.71
14370.04 00.13
14513.74 -00.50
14658.88 -01.14
14805.47 -01.56
14953.52 -01.67
15103.06 -01.48
15254.09 -01.03
15406.63 -00.44
15560.70 00.16
15716.30 00.68
15873.47 01.08
16032.20 01.35
16192.52 01.50
16354.45 01.57
16517.99 01.57
16683.17 01.49
16850.01 01.31
17018.51 01.00
17188.69 00.52
17360.58 -00.13
17534.18 -00.95
17709.53 -01.92
17886.62 -02.94
18065.49 -03.95
18246.14 -04.88
18428.60 -05.72
18612.89 -06.45
18799.02 -07.09
18987.01 -07.64
19176.88 -08.11
19368.65 -08.52
19562.33 -08.88
19757.96 -09.22
19955.54 -09.58
20000.00 -09.68
