20.00 -01.85
20.20 -01.79
20.40 -01.73
20.61 -01.68
20.81 -01.63
21.02 -01.58
21.23 -01.53
21.44 -01.48
21.66 -01.43
21.87 -01.38
22.09 -01.34
22.31 -01.29
22.54 -01.25
22.76 -01.21
22.99 -01.16
23.22 -01.12
23.45 -01.08
23.69 -01.03
23.92 -00.99
24.16 -00.95
24.40 -00.91
24.65 -00.87
24.89 -00.82
25.14 -00.78
25.39 -00.74
25.65 -00.70
25.91 -00.66
26.16 -00.62
26.43 -00.58
26.69 -00.55
26.96 -00.51
27.23 -00.47
27.50 -00.43
27.77 -00.40
28.05 -00.36
28.33 -00.33
28.62 -00.29
28.90 -00.26
29.19 -00.23
29.48 -00.19
29.78 -00.16
30.08 -00.13
30.38 -00.10
30.68 -00.07
30.99 -00.04
31.30 -00.01
31.61 00.01
31.93 00.04
32.24 00.07
32.57 00.09
32.89 00.12
33.22 00.15
33.55 00.17
33.89 00.20
34.23 00.22
34.57 00.25
34.92 00.27
35.27 00.29
35.62 00.32
35.97 00.34
36.33 00.36
36.70 00.39
37.06 00.41
37.43 00.43
37.81 00.45
38.19 00.47
38.57 00.49
38.95 00.51
39.34 00.53
39.74 00.55
40.14 00.57
40.54 00.59
40.94 00.61
41.35 00.62
41.76 00.64
42.18 00.65
42.60 00.67
43.03 00.68
43.46 00.69
43.90 00.71
44.33 00.72
44.78 00.73
45.23 00.74
45.68 00.75
46.13 00.76
46.60 00.77
47.06 00.77
47.53 00.78
48.01 00.79
48.49 00.80
48.97 00.81
49.46 00.82
49.96 00.83
50.46 00.84
50.96 00.85
51.47 00.86
51.99 00.87
52.51 00.88
53.03 00.90
53.56 00.91
54.10 00.93
54.64 00.94
55.18 00.96
55.74 00.97
56.29 00.99
56.86 01.00
57.42 01.02
58.00 01.04
58.58 01.06
59.16 01.07
59.76 01.09
60.35 01.11
60.96 01.13
61.57 01.15
62.18 01.16
62.80 01.18
63.43 01.20
64.07 01.22
64.71 01.24
65.35 01.26
66.01 01.28
66.67 01.29
67.33 01.31
68.01 01.33
68.69 01.35
69.37 01.37
70.07 01.39
70.77 01.41
71.48 01.43
72.19 01.45
72.91 01.46
73.64 01.48
74.38 01.50
75.12 01.51
75.87 01.53
76.63 01.54
77.40 01.56
78.17 01.57
78.95 01.58
79.74 01.59
80.54 01.60
81.35 01.61
82.16 01.62
82.98 01.63
83.81 01.64
84.65 01.65
85.50 01.66
86.35 01.67
87.22 01.68
88.09 01.69
88.97 01.70
89.86 01.71
90.76 01.71
91.66 01.72
92.58 01.73
93.51 01.74
94.44 01.74
95.39 01.75
96.34 01.76
97.30 01.76
98.28 01.77
99.26 01.77
100.25 01.78
101.25 01.78
102.27 01.79
103.29 01.79
104.32 01.80
105.37 01.80
106.42 01.81
107.48 01.81
108.56 01.81
109.64 01.82
110.74 01.82
111.85 01.82
112.97 01.83
114.10 01.83
115.24 01.83
116.39 01.84
117.55 01.84
118.73 01.84
119.92 01.84
121.12 01.84
122.33 01.84
123.55 01.85
124.79 01.85
126.03 01.85
127.29 01.85
128.57 01.85
129.85 01.84
131.15 01.84
132.46 01.84
133.79 01.84
135.12 01.84
136.48 01.84
137.84 01.84
139.22 01.83
140.61 01.83
142.02 01.83
143.44 01.83
144.87 01.82
146.32 01.82
147.78 01.82
149.26 01.82
150.75 01.82
152.26 01.82
153.78 01.82
155.32 01.81
156.88 01.81
158.44 01.81
160.03 01.81
161.63 01.82
163.24 01.82
164.88 01.84
166.53 01.85
168.19 01.85
169.87 01.85
171.57 01.87
173.29 01.87
175.02 01.87
176.77 01.89
178.54 01.89
180.32 01.90
182.13 01.91
183.95 01.91
185.79 01.91
187.65 01.92
189.52 01.92
191.42 01.93
193.33 01.93
195.27 01.93
197.22 01.92
199.19 01.92
201.18 01.91
203.19 01.90
205.23 01.88
207.28 01.88
209.35 01.86
211.44 01.86
213.56 01.85
215.69 01.84
217.85 01.84
220.03 01.84
222.23 01.84
224.45 01.84
226.70 01.84
228.96 01.83
231.25 01.84
233.57 01.83
235.90 01.83
238.26 01.82
240.64 01.83
243.05 01.82
245.48 01.82
247.93 01.83
250.41 01.83
252.92 01.82
255.45 01.83
258.00 01.83
260.58 01.82
263.19 01.83
265.82 01.83
268.48 01.84
271.16 01.84
273.87 01.84
276.61 01.85
279.38 01.86
282.17 01.88
284.99 01.89
287.84 01.91
290.72 01.92
293.63 01.94
296.57 01.96
299.53 01.97
302.53 01.99
305.55 01.99
308.61 02.01
311.69 02.02
314.81 02.02
317.96 02.02
321.14 02.02
324.35 02.03
327.59 02.02
330.87 02.02
334.18 02.01
337.52 02.02
340.90 02.01
344.30 02.00
347.75 01.99
351.23 01.99
354.74 01.97
358.28 01.96
361.87 01.95
365.49 01.93
369.14 01.92
372.83 01.89
376.56 01.86
380.33 01.83
384.13 01.79
387.97 01.75
391.85 01.70
395.77 01.65
399.73 01.59
403.72 01.54
407.76 01.49
411.84 01.45
415.96 01.41
420.12 01.39
424.32 01.37
428.56 01.37
432.85 01.38
437.18 01.39
441.55 01.42
445.96 01.45
450.42 01.48
454.93 01.52
459.48 01.55
464.07 01.59
468.71 01.62
473.40 01.66
478.13 01.69
482.91 01.72
487.74 01.76
492.62 01.80
497.55 01.83
502.52 01.86
507.55 01.90
512.62 01.92
517.75 01.94
522.93 01.97
528.16 01.98
533.44 01.99
538.77 02.00
544.16 02.00
549.60 02.01
555.10 02.00
560.65 02.00
566.25 01.98
571.92 01.97
577.64 01.95
583.41 01.93
589.25 01.91
595.14 01.89
601.09 01.87
607.10 01.85
613.17 01.83
619.30 01.80
625.50 01.78
631.75 01.76
638.07 01.72
644.45 01.69
650.89 01.63
657.40 01.58
663.98 01.53
670.62 01.47
677.32 01.41
684.10 01.35
690.94 01.28
697.85 01.22
704.83 01.15
711.87 01.08
718.99 01.02
726.18 00.95
733.44 00.88
740.78 00.81
748.19 00.75
755.67 00.69
763.23 00.63
770.86 00.58
778.57 00.52
786.35 00.46
794.22 00.41
802.16 00.36
810.18 00.31
818.28 00.26
826.46 00.20
834.73 00.16
843.08 00.10
851.51 00.04
860.02 -00.01
868.62 -00.07
877.31 -00.12
886.08 -00.18
894.94 -00.24
903.89 -00.31
912.93 -00.35
922.06 -00.41
931.28 -00.47
940.59 -00.53
950.00 -00.59
959.50 -00.66
969.09 -00.73
978.78 -00.80
988.57 -00.87
998.46 -00.94
1008.44 -01.00
1018.53 -01.06
1028.71 -01.12
1039.00 -01.18
1049.39 -01.22
1059.88 -01.27
1070.48 -01.30
1081.19 -01.32
1092.00 -01.34
1102.92 -01.35
1113.95 -01.35
1125.09 -01.35
1136.34 -01.36
1147.70 -01.36
1159.18 -01.36
1170.77 -01.36
1182.48 -01.37
1194.30 -01.37
1206.25 -01.37
1218.31 -01.38
1230.49 -01.40
1242.80 -01.42
1255.22 -01.47
1267.78 -01.51
1280.45 -01.55
1293.26 -01.59
1306.19 -01.65
1319.25 -01.71
1332.45 -01.80
1345.77 -01.88
1359.23 -01.97
1372.82 -02.07
1386.55 -02.16
1400.41 -02.25
1414.42 -02.34
1428.56 -02.42
1442.85 -02.51
1457.28 -02.59
1471.85 -02.66
1486.57 -02.72
1501.43 -02.78
1516.45 -02.83
1531.61 -02.87
1546.93 -02.92
1562.40 -02.96
1578.02 -03.00
1593.80 -03.03
1609.74 -03.04
1625.84 -03.06
1642.10 -03.07
1658.52 -03.08
1675.10 -03.09
1691.85 -03.10
1708.77 -03.10
1725.86 -03.11
1743.12 -03.12
1760.55 -03.15
1778.15 -03.19
1795.94 -03.23
1813.90 -03.28
1832.03 -03.35
1850.36 -03.42
1868.86 -03.51
1887.55 -03.60
1906.42 -03.70
1925.49 -03.82
1944.74 -03.95
1964.19 -04.09
1983.83 -04.22
2003.67 -04.36
2023.71 -04.49
2043.94 -04.61
2064.38 -04.73
2085.03 -04.84
2105.88 -04.94
2126.94 -05.05
2148.20 -05.18
2169.69 -05.31
2191.38 -05.42
2213.30 -05.50
2235.43 -05.53
2257.78 -05.52
2280.36 -05.44
2303.17 -05.28
2326.20 -05.07
2349.46 -04.82
2372.95 -04.54
2396.68 -04.24
2420.65 -03.96
2444.86 -03.72
2469.31 -03.51
2494.00 -03.37
2518.94 -03.25
2544.13 -03.17
2569.57 -03.09
2595.27 -03.01
2621.22 -02.90
2647.43 -02.74
2673.90 -02.53
2700.64 -02.25
2727.65 -01.94
2754.93 -01.59
2782.48 -01.23
2810.30 -00.86
2838.40 -00.53
2866.79 -00.23
2895.46 00.03
2924.41 00.23
2953.65 00.39
2983.19 00.49
3013.02 00.55
3043.15 00.58
3073.58 00.57
3104.32 00.56
3135.36 00.53
3166.72 00.50
3198.38 00.46
3230.37 00.43
3262.67 00.41
3295.30 00.41
3328.25 00.42
3361.53 00.45
3395.15 00.50
3429.10 00.56
3463.39 00.64
3498.03 00.71
3533.01 00.82
3568.34 00.94
3604.02 01.07
3640.06 01.22
3676.46 01.37
3713.22 01.52
3750.36 01.67
3787.86 01.80
3825.74 01.91
3864.00 01.99
3902.64 02.04
3941.66 02.05
3981.08 02.03
4020.89 01.96
4061.10 01.84
4101.71 01.65
4142.73 01.39
4184.15 01.07
4226.00 00.67
4268.26 00.20
4310.94 -00.35
4354.05 -00.97
4397.59 -01.69
4441.56 -02.52
4485.98 -03.48
4530.84 -04.58
4576.15 -05.84
4621.91 -07.22
4668.13 -08.67
4714.81 -10.08
4761.96 -11.26
4809.58 -11.93
4857.67 -11.93
4906.25 -11.36
4955.31 -10.54
5004.87 -09.65
5054.91 -08.79
5105.46 -07.96
5156.52 -07.26
5208.08 -06.61
5260.16 -05.99
5312.77 -05.39
5365.89 -04.79
5419.55 -04.21
5473.75 -03.62
5528.49 -03.04
5583.77 -02.45
5639.61 -01.89
5696.00 -01.34
5752.96 -00.83
5810.49 -00.38
5868.60 00.01
5927.28 00.32
5986.56 00.56
6046.42 00.95
6106.89 01.34
6167.96 01.66
6229.64 01.91
6291.93 02.09
6354.85 02.19
6418.40 02.23
6482.58 02.22
6547.41 02.16
6612.88 02.07
6679.01 01.96
6745.80 01.84
6813.26 01.71
6881.39 01.58
6950.21 01.47
7019.71 01.39
7089.91 01.36
7160.81 01.37
7232.41 01.44
7304.74 01.39
7377.79 01.37
7451.56 01.39
7526.08 01.46
7601.34 01.56
7677.35 01.71
7754.13 01.87
7831.67 02.03
7909.98 02.18
7989.08 02.31
8068.98 02.42
8149.67 02.48
8231.16 02.52
8313.47 02.54
8396.61 02.53
8480.57 02.51
8565.38 02.48
8651.03 02.48
8737.54 02.50
8824.92 02.58
8913.17 02.73
9002.30 02.95
9092.32 03.23
9183.25 03.55
9275.08 03.88
9367.83 04.19
9461.51 04.46
9556.12 04.68
9651.68 04.84
9748.20 04.95
9845.68 05.00
9944.14 05.00
10043.58 04.94
10144.02 04.82
10245.46 04.66
10347.91 04.52
10451.39 04.34
10555.91 04.11
10661.46 03.82
10768.08 03.49
10875.76 03.10
10984.52 02.66
11094.36 02.16
11205.31 01.56
11317.36 00.87
11430.53 00.04
11544.84 -00.95
11660.29 -02.09
11776.89 -03.41
11894.66 -04.85
12013.60 -06.37
12133.74 -07.87
12255.08 -09.25
12377.63 -10.41
12501.41 -11.33
12626.42 -11.98
12752.68 -12.35
12880.21 -12.51
13009.01 -12.49
13139.10 -12.35
13270.49 -12.09
13403.20 -11.66
13537.23 -10.93
13672.60 -09.81
13809.33 -08.31
13947.42 -06.66
14086.90 -05.05
14227.77 -03.60
14370.04 -02.33
14513.74 -01.27
14658.88 -00.50
14805.47 00.12
14953.52 00.60
15103.06 00.92
15254.09 01.11
15406.63 01.13
15560.70 01.01
15716.30 00.75
15873.47 00.35
16032.20 -00.17
16192.52 -00.83
16354.45 -01.64
16517.99 -02.60
16683.17 -03.72
16850.01 -04.97
17018.51 -06.29
17188.69 -07.60
17360.58 -08.78
17534.18 -09.72
17709.53 -10.35
17886.62 -10.57
18065.49 -10.44
18246.14 -10.06
18428.60 -09.59
18612.89 -09.12
18799.02 -08.70
18987.01 -08.33
19176.88 -08.02
19368.65 -07.78
19562.33 -07.62
19757.96 -07.55
19955.54 -07.60
20000.00 -07.63
