20.00 -07.52
20.20 -07.47
20.40 -07.42
20.61 -07.38
20.81 -07.34
21.02 -07.31
21.23 -07.27
21.44 -07.25
21.66 -07.22
21.87 -07.19
22.09 -07.17
22.31 -07.15
22.54 -07.13
22.76 -07.11
22.99 -07.09
23.22 -07.08
23.45 -07.06
23.69 -07.04
23.92 -07.02
24.16 -07.01
24.40 -06.99
24.65 -06.97
24.89 -06.96
25.14 -06.94
25.39 -06.93
25.65 -06.91
25.91 -06.90
26.16 -06.88
26.43 -06.87
26.69 -06.85
26.96 -06.83
27.23 -06.82
27.50 -06.80
27.77 -06.79
28.05 -06.77
28.33 -06.75
28.62 -06.73
28.90 -06.72
29.19 -06.70
29.48 -06.68
29.78 -06.66
30.08 -06.64
30.38 -06.61
30.68 -06.59
30.99 -06.57
31.30 -06.54
31.61 -06.52
31.93 -06.49
32.24 -06.46
32.57 -06.44
32.89 -06.41
33.22 -06.38
33.55 -06.36
33.89 -06.33
34.23 -06.30
34.57 -06.27
34.92 -06.24
35.27 -06.21
35.62 -06.18
35.97 -06.15
36.33 -06.11
36.70 -06.08
37.06 -06.04
37.43 -06.01
37.81 -05.97
38.19 -05.93
38.57 -05.89
38.95 -05.85
39.34 -05.81
39.74 -05.77
40.14 -05.72
40.54 -05.68
40.94 -05.63
41.35 -05.58
41.76 -05.53
42.18 -05.46
42.60 -05.39
43.03 -05.32
43.46 -05.23
43.90 -05.14
44.33 -05.04
44.78 -04.93
45.23 -04.81
45.68 -04.68
46.13 -04.55
46.60 -04.40
47.06 -04.26
47.53 -04.11
48.01 -03.96
48.49 -03.80
48.97 -03.65
49.46 -03.49
49.96 -03.34
50.46 -03.19
50.96 -03.05
51.47 -02.91
51.99 -02.77
52.51 -02.64
53.03 -02.53
53.56 -02.41
54.10 -02.31
54.64 -02.21
55.18 -02.12
55.74 -02.03
56.29 -01.95
56.86 -01.87
57.42 -01.80
58.00 -01.74
58.58 -01.67
59.16 -01.62
59.76 -01.56
60.35 -01.51
60.96 -01.47
61.57 -01.43
62.18 -01.39
62.80 -01.37
63.43 -01.35
64.07 -01.33
64.71 -01.32
65.35 -01.32
66.01 -01.32
66.67 -01.33
67.33 -01.34
68.01 -01.35
68.69 -01.37
69.37 -01.38
70.07 -01.40
70.77 -01.42
71.48 -01.44
72.19 -01.46
72.91 -01.48
73.64 -01.50
74.38 -01.52
75.12 -01.54
75.87 -01.56
76.63 -01.58
77.40 -01.60
78.17 -01.62
78.95 -01.65
79.74 -01.67
80.54 -01.69
81.35 -01.72
82.16 -01.74
82.98 -01.76
83.81 -01.78
84.65 -01.80
85.50 -01.82
86.35 -01.83
87.22 -01.85
88.09 -01.86
88.97 -01.87
89.86 -01.88
90.76 -01.89
91.66 -01.89
92.58 -01.90
93.51 -01.90
94.44 -01.90
95.39 -01.90
96.34 -01.90
97.30 -01.90
98.28 -01.90
99.26 -01.90
100.25 -01.90
101.25 -01.89
102.27 -01.89
103.29 -01.88
104.32 -01.88
105.37 -01.88
106.42 -01.88
107.48 -01.87
108.56 -01.87
109.64 -01.87
110.74 -01.87
111.85 -01.87
112.97 -01.87
114.10 -01.87
115.24 -01.88
116.39 -01.88
117.55 -01.88
118.73 -01.89
119.92 -01.89
121.12 -01.90
122.33 -01.90
123.55 -01.91
124.79 -01.92
126.03 -01.92
127.29 -01.93
128.57 -01.93
129.85 -01.94
131.15 -01.94
132.46 -01.95
133.79 -01.95
135.12 -01.95
136.48 -01.96
137.84 -01.96
139.22 -01.97
140.61 -01.97
142.02 -01.98
143.44 -01.99
144.87 -01.99
146.32 -02.00
147.78 -02.00
149.26 -02.00
150.75 -02.01
152.26 -02.00
153.78 -02.00
155.32 -01.99
156.88 -01.98
158.44 -01.97
160.03 -01.96
161.63 -01.93
163.24 -01.90
164.88 -01.86
166.53 -01.83
168.19 -01.80
169.87 -01.77
171.57 -01.74
173.29 -01.71
175.02 -01.69
176.77 -01.66
178.54 -01.65
180.32 -01.63
182.13 -01.61
183.95 -01.61
185.79 -01.60
187.65 -01.59
189.52 -01.59
191.42 -01.57
193.33 -01.57
195.27 -01.56
197.22 -01.56
199.19 -01.55
201.18 -01.56
203.19 -01.55
205.23 -01.55
207.28 -01.54
209.35 -01.54
211.44 -01.53
213.56 -01.52
215.69 -01.51
217.85 -01.49
220.03 -01.48
222.23 -01.46
224.45 -01.44
226.70 -01.43
228.96 -01.41
231.25 -01.39
233.57 -01.37
235.90 -01.36
238.26 -01.34
240.64 -01.31
243.05 -01.30
245.48 -01.28
247.93 -01.26
250.41 -01.24
252.92 -01.23
255.45 -01.20
258.00 -01.19
260.58 -01.17
263.19 -01.14
265.82 -01.12
268.48 -01.10
271.16 -01.08
273.87 -01.06
276.61 -01.03
279.38 -01.02
282.17 -01.00
284.99 -00.99
287.84 -00.97
290.72 -00.97
293.63 -00.96
296.57 -00.95
299.53 -00.96
302.53 -00.96
305.55 -00.97
308.61 -00.97
311.69 -00.98
314.81 -01.01
317.96 -01.02
321.14 -01.05
324.35 -01.07
327.59 -01.10
330.87 -01.14
334.18 -01.18
337.52 -01.21
340.90 -01.25
344.30 -01.29
347.75 -01.33
351.23 -01.36
354.74 -01.39
358.28 -01.42
361.87 -01.43
365.49 -01.46
369.14 -01.46
372.83 -01.48
376.56 -01.49
380.33 -01.50
384.13 -01.51
387.97 -01.52
391.85 -01.53
395.77 -01.54
399.73 -01.57
403.72 -01.58
407.76 -01.61
411.84 -01.62
415.96 -01.65
420.12 -01.67
424.32 -01.70
428.56 -01.72
432.85 -01.73
437.18 -01.75
441.55 -01.76
445.96 -01.77
450.42 -01.78
454.93 -01.79
459.48 -01.80
464.07 -01.82
468.71 -01.84
473.40 -01.85
478.13 -01.87
482.91 -01.89
487.74 -01.91
492.62 -01.92
497.55 -01.93
502.52 -01.94
507.55 -01.93
512.62 -01.93
517.75 -01.91
522.93 -01.88
528.16 -01.85
533.44 -01.80
538.77 -01.75
544.16 -01.69
549.60 -01.61
555.10 -01.54
560.65 -01.45
566.25 -01.37
571.92 -01.28
577.64 -01.19
583.41 -01.10
589.25 -01.01
595.14 -00.92
601.09 -00.82
607.10 -00.74
613.17 -00.65
619.30 -00.58
625.50 -00.49
631.75 -00.41
638.07 -00.35
644.45 -00.30
650.89 -00.28
657.40 -00.26
663.98 -00.24
670.62 -00.24
677.32 -00.25
684.10 -00.25
690.94 -00.27
697.85 -00.28
704.83 -00.30
711.87 -00.32
718.99 -00.33
726.18 -00.36
733.44 -00.39
740.78 -00.42
748.19 -00.43
755.67 -00.46
763.23 -00.48
770.86 -00.50
778.57 -00.53
786.35 -00.55
794.22 -00.57
802.16 -00.57
810.18 -00.56
818.28 -00.54
826.46 -00.50
834.73 -00.45
843.08 -00.39
851.51 -00.32
860.02 -00.24
868.62 -00.16
877.31 -00.05
886.08 00.04
894.94 00.13
903.89 00.23
912.93 00.33
922.06 00.42
931.28 00.51
940.59 00.59
950.00 00.66
959.50 00.72
969.09 00.76
978.78 00.80
988.57 00.84
998.46 00.86
1008.44 00.89
1018.53 00.93
1028.71 00.95
1039.00 00.98
1049.39 01.01
1059.88 01.03
1070.48 01.05
1081.19 01.07
1092.00 01.08
1102.92 01.10
1113.95 01.12
1125.09 01.13
1136.34 01.12
1147.70 01.11
1159.18 01.09
1170.77 01.06
1182.48 01.02
1194.30 00.99
1206.25 00.96
1218.31 00.92
1230.49 00.88
1242.80 00.84
1255.22 00.79
1267.78 00.75
1280.45 00.72
1293.26 00.72
1306.19 00.73
1319.25 00.74
1332.45 00.75
1345.77 00.77
1359.23 00.80
1372.82 00.83
1386.55 00.85
1400.41 00.87
1414.42 00.88
1428.56 00.87
1442.85 00.86
1457.28 00.84
1471.85 00.81
1486.57 00.78
1501.43 00.75
1516.45 00.72
1531.61 00.70
1546.93 00.68
1562.40 00.65
1578.02 00.61
1593.80 00.58
1609.74 00.55
1625.84 00.51
1642.10 00.47
1658.52 00.43
1675.10 00.38
1691.85 00.34
1708.77 00.31
1725.86 00.29
1743.12 00.29
1760.55 00.28
1778.15 00.29
1795.94 00.32
1813.90 00.34
1832.03 00.36
1850.36 00.38
1868.86 00.39
1887.55 00.39
1906.42 00.37
1925.49 00.34
1944.74 00.28
1964.19 00.23
1983.83 00.16
2003.67 00.08
2023.71 -00.01
2043.94 -00.11
2064.38 -00.20
2085.03 -00.30
2105.88 -00.38
2126.94 -00.48
2148.20 -00.57
2169.69 -00.66
2191.38 -00.74
2213.30 -00.81
2235.43 -00.85
2257.78 -00.90
2280.36 -00.94
2303.17 -00.97
2326.20 -00.98
2349.46 -01.00
2372.95 -01.01
2396.68 -01.00
2420.65 -01.00
2444.86 -00.99
2469.31 -00.97
2494.00 -00.97
2518.94 -00.96
2544.13 -00.95
2569.57 -00.95
2595.27 -00.95
2621.22 -00.96
2647.43 -00.98
2673.90 -01.00
2700.64 -01.02
2727.65 -01.05
2754.93 -01.07
2782.48 -01.10
2810.30 -01.10
2838.40 -01.13
2866.79 -01.16
2895.46 -01.18
2924.41 -01.21
2953.65 -01.24
2983.19 -01.28
3013.02 -01.33
3043.15 -01.38
3073.58 -01.46
3104.32 -01.53
3135.36 -01.63
3166.72 -01.73
3198.38 -01.84
3230.37 -01.97
3262.67 -02.11
3295.30 -02.24
3328.25 -02.41
3361.53 -02.58
3395.15 -02.76
3429.10 -02.96
3463.39 -03.16
3498.03 -03.38
3533.01 -03.60
3568.34 -03.81
3604.02 -04.02
3640.06 -04.22
3676.46 -04.43
3713.22 -04.61
3750.36 -04.78
3787.86 -04.94
3825.74 -05.07
3864.00 -05.20
3902.64 -05.31
3941.66 -05.42
3981.08 -05.52
4020.89 -05.61
4061.10 -05.71
4101.71 -05.80
4142.73 -05.89
4184.15 -05.98
4226.00 -06.07
4268.26 -06.16
4310.94 -06.24
4354.05 -06.33
4397.59 -06.41
4441.56 -06.49
4485.98 -06.56
4530.84 -06.64
4576.15 -06.71
4621.91 -06.76
4668.13 -06.80
4714.81 -06.82
4761.96 -06.81
4809.58 -06.78
4857.67 -06.73
4906.25 -06.68
4955.31 -06.62
5004.87 -06.55
5054.91 -06.48
5105.46 -06.40
5156.52 -06.39
5208.08 -06.43
5260.16 -06.48
5312.77 -06.55
5365.89 -06.62
5419.55 -06.70
5473.75 -06.79
5528.49 -06.88
5583.77 -06.98
5639.61 -07.09
5696.00 -07.20
5752.96 -07.32
5810.49 -07.44
5868.60 -07.57
5927.28 -07.69
5986.56 -07.83
6046.42 -07.73
6106.89 -07.57
6167.96 -07.39
6229.64 -07.21
6291.93 -07.02
6354.85 -06.83
6418.40 -06.66
6482.58 -06.50
6547.41 -06.38
6612.88 -06.30
6679.01 -06.28
6745.80 -06.32
6813.26 -06.43
6881.39 -06.63
6950.21 -06.90
7019.71 -07.26
7089.91 -07.67
7160.81 -08.10
7232.41 -08.50
7304.74 -08.93
7377.79 -09.17
7451.56 -09.14
7526.08 -08.84
7601.34 -08.32
7677.35 -07.66
7754.13 -06.94
7831.67 -06.24
7909.98 -05.58
7989.08 -04.99
8068.98 -04.46
8149.67 -03.99
8231.16 -03.56
8313.47 -03.16
8396.61 -02.80
8480.57 -02.49
8565.38 -02.22
8651.03 -01.98
8737.54 -01.78
8824.92 -01.62
8913.17 -01.51
9002.30 -01.43
9092.32 -01.38
9183.25 -01.36
9275.08 -01.37
9367.83 -01.41
9461.51 -01.45
9556.12 -01.51
9651.68 -01.59
9748.20 -01.68
9845.68 -01.79
9944.14 -01.91
10043.58 -02.04
10144.02 -02.18
10245.46 -02.34
10347.91 -02.44
10451.39 -02.55
10555.91 -02.70
10661.46 -02.91
10768.08 -03.18
10875.76 -03.50
10984.52 -03.85
11094.36 -04.25
11205.31 -04.69
11317.36 -05.16
11430.53 -05.68
11544.84 -06.25
11660.29 -06.88
11776.89 -07.59
11894.66 -08.34
12013.60 -09.10
12133.74 -09.82
12255.08 -10.52
12377.63 -11.21
12501.41 -11.91
12626.42 -12.60
12752.68 -13.22
12880.21 -13.71
13009.01 -13.96
13139.10 -13.88
13270.49 -13.51
13403.20 -12.97
13537.23 -12.36
13672.60 -11.74
13809.33 -11.14
13947.42 -10.58
14086.90 -10.06
14227.77 -09.61
14370.04 -09.26
14513.74 -09.06
14658.88 -09.13
14805.47 -09.31
14953.52 -09.56
15103.06 -09.83
15254.09 -10.06
15406.63 -10.24
15560.70 -10.38
15716.30 -10.47
15873.47 -10.53
16032.20 -10.56
16192.52 -10.53
16354.45 -10.47
16517.99 -10.40
16683.17 -10.36
16850.01 -10.39
17018.51 -10.49
17188.69 -10.70
17360.58 -10.98
17534.18 -11.35
17709.53 -11.76
17886.62 -12.18
18065.49 -12.68
18246.14 -13.28
18428.60 -13.99
18612.89 -14.73
18799.02 -15.37
18987.01 -15.79
19176.88 -15.93
19368.65 -15.85
19562.33 -15.66
19757.96 -15.52
19955.54 -15.51
20000.00 -15.53
