20.00 -03.17
20.20 -03.13
20.40 -03.09
20.61 -03.05
20.81 -03.02
21.02 -02.98
21.23 -02.94
21.44 -02.90
21.66 -02.86
21.87 -02.83
22.09 -02.79
22.31 -02.75
22.54 -02.71
22.76 -02.67
22.99 -02.64
23.22 -02.60
23.45 -02.56
23.69 -02.53
23.92 -02.49
24.16 -02.45
24.40 -02.42
24.65 -02.38
24.89 -02.34
25.14 -02.31
25.39 -02.27
25.65 -02.24
25.91 -02.20
26.16 -02.17
26.43 -02.13
26.69 -02.10
26.96 -02.06
27.23 -02.03
27.50 -01.99
27.77 -01.96
28.05 -01.93
28.33 -01.90
28.62 -01.86
28.90 -01.83
29.19 -01.80
29.48 -01.77
29.78 -01.74
30.08 -01.71
30.38 -01.68
30.68 -01.65
30.99 -01.63
31.30 -01.60
31.61 -01.57
31.93 -01.55
32.24 -01.53
32.57 -01.51
32.89 -01.49
33.22 -01.47
33.55 -01.45
33.89 -01.43
34.23 -01.41
34.57 -01.39
34.92 -01.38
35.27 -01.36
35.62 -01.34
35.97 -01.33
36.33 -01.31
36.70 -01.29
37.06 -01.28
37.43 -01.26
37.81 -01.24
38.19 -01.22
38.57 -01.21
38.95 -01.19
39.34 -01.18
39.74 -01.16
40.14 -01.14
40.54 -01.13
40.94 -01.11
41.35 -01.09
41.76 -01.08
42.18 -01.06
42.60 -01.04
43.03 -01.03
43.46 -01.01
43.90 -00.99
44.33 -00.97
44.78 -00.96
45.23 -00.94
45.68 -00.92
46.13 -00.90
46.60 -00.88
47.06 -00.87
47.53 -00.85
48.01 -00.83
48.49 -00.81
48.97 -00.80
49.46 -00.78
49.96 -00.76
50.46 -00.75
50.96 -00.73
51.47 -00.72
51.99 -00.70
52.51 -00.69
53.03 -00.68
53.56 -00.67
54.10 -00.67
54.64 -00.67
55.18 -00.67
55.74 -00.67
56.29 -00.67
56.86 -00.68
57.42 -00.69
58.00 -00.69
58.58 -00.70
59.16 -00.71
59.76 -00.72
60.35 -00.73
60.96 -00.74
61.57 -00.75
62.18 -00.76
62.80 -00.77
63.43 -00.77
64.07 -00.78
64.71 -00.78
65.35 -00.78
66.01 -00.78
66.67 -00.78
67.33 -00.78
68.01 -00.78
68.69 -00.78
69.37 -00.77
70.07 -00.77
70.77 -00.77
71.48 -00.77
72.19 -00.76
72.91 -00.76
73.64 -00.76
74.38 -00.76
75.12 -00.76
75.87 -00.77
76.63 -00.77
77.40 -00.77
78.17 -00.78
78.95 -00.78
79.74 -00.79
80.54 -00.79
81.35 -00.80
82.16 -00.80
82.98 -00.81
83.81 -00.82
84.65 -00.82
85.50 -00.83
86.35 -00.83
87.22 -00.84
88.09 -00.84
88.97 -00.85
89.86 -00.85
90.76 -00.86
91.66 -00.86
92.58 -00.87
93.51 -00.87
94.44 -00.87
95.39 -00.87
96.34 -00.88
97.30 -00.87
98.28 -00.87
99.26 -00.87
100.25 -00.87
101.25 -00.86
102.27 -00.86
103.29 -00.85
104.32 -00.85
105.37 -00.84
106.42 -00.83
107.48 -00.83
108.56 -00.82
109.64 -00.81
110.74 -00.81
111.85 -00.80
112.97 -00.80
114.10 -00.79
115.24 -00.79
116.39 -00.78
117.55 -00.78
118.73 -00.78
119.92 -00.78
121.12 -00.78
122.33 -00.79
123.55 -00.79
124.79 -00.80
126.03 -00.80
127.29 -00.81
128.57 -00.82
129.85 -00.83
131.15 -00.84
132.46 -00.84
133.79 -00.85
135.12 -00.86
136.48 -00.87
137.84 -00.88
139.22 -00.88
140.61 -00.89
142.02 -00.89
143.44 -00.90
144.87 -00.90
146.32 -00.90
147.78 -00.90
149.26 -00.90
150.75 -00.89
152.26 -00.89
153.78 -00.88
155.32 -00.88
156.88 -00.87
158.44 -00.87
160.03 -00.87
161.63 -00.86
163.24 -00.84
164.88 -00.82
166.53 -00.82
168.19 -00.81
169.87 -00.80
171.57 -00.78
173.29 -00.78
175.02 -00.77
176.77 -00.76
178.54 -00.75
180.32 -00.74
182.13 -00.73
183.95 -00.72
185.79 -00.71
187.65 -00.70
189.52 -00.69
191.42 -00.68
193.33 -00.67
195.27 -00.65
197.22 -00.65
199.19 -00.63
201.18 -00.62
203.19 -00.59
205.23 -00.58
207.28 -00.56
209.35 -00.56
211.44 -00.54
213.56 -00.54
215.69 -00.54
217.85 -00.54
220.03 -00.55
222.23 -00.55
224.45 -00.57
226.70 -00.59
228.96 -00.62
231.25 -00.64
233.57 -00.67
235.90 -00.69
238.26 -00.72
240.64 -00.73
243.05 -00.74
245.48 -00.75
247.93 -00.75
250.41 -00.76
252.92 -00.77
255.45 -00.77
258.00 -00.79
260.58 -00.80
263.19 -00.80
265.82 -00.82
268.48 -00.84
271.16 -00.87
273.87 -00.90
276.61 -00.93
279.38 -00.97
282.17 -00.99
284.99 -01.03
287.84 -01.05
290.72 -01.08
293.63 -01.10
296.57 -01.11
299.53 -01.13
302.53 -01.14
305.55 -01.16
308.61 -01.16
311.69 -01.17
314.81 -01.18
317.96 -01.19
321.14 -01.21
324.35 -01.22
327.59 -01.25
330.87 -01.29
334.18 -01.33
337.52 -01.37
340.90 -01.43
344.30 -01.50
347.75 -01.57
351.23 -01.64
354.74 -01.72
358.28 -01.80
361.87 -01.87
365.49 -01.96
369.14 -02.02
372.83 -02.09
376.56 -02.15
380.33 -02.20
384.13 -02.24
387.97 -02.27
391.85 -02.29
395.77 -02.30
399.73 -02.32
403.72 -02.31
407.76 -02.31
411.84 -02.29
415.96 -02.28
420.12 -02.25
424.32 -02.22
428.56 -02.18
432.85 -02.13
437.18 -02.08
441.55 -02.02
445.96 -01.95
450.42 -01.89
454.93 -01.81
459.48 -01.75
464.07 -01.68
468.71 -01.61
473.40 -01.53
478.13 -01.46
482.91 -01.39
487.74 -01.33
492.62 -01.25
497.55 -01.18
502.52 -01.12
507.55 -01.05
512.62 -00.99
517.75 -00.93
522.93 -00.87
528.16 -00.82
533.44 -00.76
538.77 -00.72
544.16 -00.68
549.60 -00.63
555.10 -00.60
560.65 -00.56
566.25 -00.53
571.92 -00.50
577.64 -00.48
583.41 -00.45
589.25 -00.44
595.14 -00.41
601.09 -00.38
607.10 -00.36
613.17 -00.32
619.30 -00.30
625.50 -00.26
631.75 -00.23
638.07 -00.20
644.45 -00.16
650.89 -00.15
657.40 -00.14
663.98 -00.12
670.62 -00.11
677.32 -00.10
684.10 -00.08
690.94 -00.06
697.85 00.00
704.83 00.06
711.87 00.15
718.99 00.25
726.18 00.35
733.44 00.44
740.78 00.53
748.19 00.63
755.67 00.70
763.23 00.77
770.86 00.83
778.57 00.86
786.35 00.86
794.22 00.84
802.16 00.82
810.18 00.76
818.28 00.70
826.46 00.63
834.73 00.56
843.08 00.47
851.51 00.36
860.02 00.23
868.62 00.10
877.31 -00.03
886.08 -00.17
894.94 -00.30
903.89 -00.41
912.93 -00.48
922.06 -00.53
931.28 -00.55
940.59 -00.55
950.00 -00.52
959.50 -00.46
969.09 -00.38
978.78 -00.29
988.57 -00.18
998.46 -00.10
1008.44 -00.01
1018.53 00.07
1028.71 00.13
1039.00 00.18
1049.39 00.23
1059.88 00.26
1070.48 00.29
1081.19 00.31
1092.00 00.34
1102.92 00.39
1113.95 00.45
1125.09 00.53
1136.34 00.58
1147.70 00.64
1159.18 00.69
1170.77 00.74
1182.48 00.76
1194.30 00.80
1206.25 00.82
1218.31 00.83
1230.49 00.81
1242.80 00.76
1255.22 00.68
1267.78 00.61
1280.45 00.53
1293.26 00.46
1306.19 00.39
1319.25 00.31
1332.45 00.22
1345.77 00.12
1359.23 00.01
1372.82 -00.12
1386.55 -00.25
1400.41 -00.39
1414.42 -00.52
1428.56 -00.63
1442.85 -00.72
1457.28 -00.77
1471.85 -00.79
1486.57 -00.77
1501.43 -00.71
1516.45 -00.64
1531.61 -00.53
1546.93 -00.41
1562.40 -00.30
1578.02 -00.19
1593.80 -00.12
1609.74 -00.06
1625.84 -00.05
1642.10 -00.06
1658.52 -00.09
1675.10 -00.16
1691.85 -00.24
1708.77 -00.32
1725.86 -00.43
1743.12 -00.54
1760.55 -00.67
1778.15 -00.79
1795.94 -00.90
1813.90 -01.03
1832.03 -01.15
1850.36 -01.28
1868.86 -01.42
1887.55 -01.57
1906.42 -01.72
1925.49 -01.87
1944.74 -02.03
1964.19 -02.18
1983.83 -02.33
2003.67 -02.48
2023.71 -02.63
2043.94 -02.78
2064.38 -02.91
2085.03 -03.02
2105.88 -03.10
2126.94 -03.17
2148.20 -03.22
2169.69 -03.26
2191.38 -03.29
2213.30 -03.32
2235.43 -03.33
2257.78 -03.35
2280.36 -03.36
2303.17 -03.37
2326.20 -03.37
2349.46 -03.39
2372.95 -03.42
2396.68 -03.45
2420.65 -03.51
2444.86 -03.60
2469.31 -03.70
2494.00 -03.82
2518.94 -03.92
2544.13 -04.04
2569.57 -04.15
2595.27 -04.27
2621.22 -04.39
2647.43 -04.49
2673.90 -04.58
2700.64 -04.63
2727.65 -04.67
2754.93 -04.68
2782.48 -04.69
2810.30 -04.69
2838.40 -04.71
2866.79 -04.72
2895.46 -04.71
2924.41 -04.70
2953.65 -04.69
2983.19 -04.71
3013.02 -04.76
3043.15 -04.81
3073.58 -04.87
3104.32 -04.91
3135.36 -04.95
3166.72 -04.98
3198.38 -05.01
3230.37 -05.02
3262.67 -05.02
3295.30 -04.99
3328.25 -04.94
3361.53 -04.83
3395.15 -04.69
3429.10 -04.50
3463.39 -04.28
3498.03 -04.03
3533.01 -03.81
3568.34 -03.65
3604.02 -03.54
3640.06 -03.47
3676.46 -03.44
3713.22 -03.42
3750.36 -03.40
3787.86 -03.35
3825.74 -03.25
3864.00 -03.10
3902.64 -02.89
3941.66 -02.61
3981.08 -02.17
4020.89 -01.51
4061.10 -00.60
4101.71 00.52
4142.73 01.68
4184.15 02.54
4226.00 03.12
4268.26 03.44
4310.94 03.59
4354.05 03.63
4397.59 03.58
4441.56 03.43
4485.98 03.16
4530.84 02.71
4576.15 01.99
4621.91 00.92
4668.13 -00.53
4714.81 -02.34
4761.96 -04.27
4809.58 -05.57
4857.67 -06.75
4906.25 -07.80
4955.31 -08.35
5004.87 -08.26
5054.91 -08.04
5105.46 -07.92
5156.52 -07.99
5208.08 -08.21
5260.16 -08.53
5312.77 -08.87
5365.89 -09.13
5419.55 -09.35
5473.75 -09.68
5528.49 -10.10
5583.77 -10.53
5639.61 -10.87
5696.00 -11.10
5752.96 -11.28
5810.49 -11.50
5868.60 -11.72
5927.28 -12.01
5986.56 -12.27
6046.42 -12.32
6106.89 -12.35
6167.96 -12.34
6229.64 -12.15
6291.93 -11.86
6354.85 -11.55
6418.40 -11.24
6482.58 -10.93
6547.41 -10.63
6612.88 -10.33
6679.01 -10.02
6745.80 -09.70
6813.26 -09.31
6881.39 -08.88
6950.21 -08.42
7019.71 -07.98
7089.91 -07.58
7160.81 -07.22
7232.41 -06.90
7304.74 -06.75
7377.79 -06.65
7451.56 -06.55
7526.08 -06.46
7601.34 -06.38
7677.35 -06.33
7754.13 -06.31
7831.67 -06.30
7909.98 -06.30
7989.08 -06.31
8068.98 -06.32
8149.67 -06.34
8231.16 -06.36
8313.47 -06.39
8396.61 -06.43
8480.57 -06.50
8565.38 -06.59
8651.03 -06.70
8737.54 -06.81
8824.92 -06.91
8913.17 -07.01
9002.30 -07.09
9092.32 -07.15
9183.25 -07.18
9275.08 -07.15
9367.83 -07.07
9461.51 -06.92
9556.12 -06.71
9651.68 -06.44
9748.20 -06.13
9845.68 -05.80
9944.14 -05.46
10043.58 -05.14
10144.02 -04.85
10245.46 -04.61
10347.91 -04.35
10451.39 -04.15
10555.91 -04.01
10661.46 -03.96
10768.08 -03.99
10875.76 -04.09
10984.52 -04.25
11094.36 -04.49
11205.31 -04.81
11317.36 -05.19
11430.53 -05.63
11544.84 -06.11
11660.29 -06.62
11776.89 -07.16
11894.66 -07.70
12013.60 -08.27
12133.74 -08.85
12255.08 -09.47
12377.63 -10.12
12501.41 -10.78
12626.42 -11.43
12752.68 -12.01
12880.21 -12.46
13009.01 -12.69
13139.10 -12.70
13270.49 -12.51
13403.20 -12.19
13537.23 -11.81
13672.60 -11.39
13809.33 -10.95
13947.42 -10.54
14086.90 -10.14
14227.77 -09.74
14370.04 -09.33
14513.74 -08.96
14658.88 -08.71
14805.47 -08.47
14953.52 -08.20
15103.06 -07.87
15254.09 -07.43
15406.63 -06.93
15560.70 -06.35
15716.30 -05.74
15873.47 -05.15
16032.20 -04.62
16192.52 -04.17
16354.45 -03.83
16517.99 -03.58
16683.17 -03.40
16850.01 -03.25
17018.51 -03.10
17188.69 -02.94
17360.58 -02.75
17534.18 -02.52
17709.53 -02.25
17886.62 -01.93
18065.49 -01.58
18246.14 -01.21
18428.60 -00.85
18612.89 -00.52
18799.02 -00.26
18987.01 -00.10
19176.88 -00.04
19368.65 -00.10
19562.33 -00.29
19757.96 -00.61
19955.54 -01.06
20000.00 -01.18
