20.00 -08.54
20.20 -08.40
20.40 -08.26
20.61 -08.12
20.81 -07.99
21.02 -07.86
21.23 -07.73
21.44 -07.61
21.66 -07.48
21.87 -07.36
22.09 -07.23
22.31 -07.11
22.54 -06.99
22.76 -06.87
22.99 -06.75
23.22 -06.63
23.45 -06.51
23.69 -06.39
23.92 -06.27
24.16 -06.15
24.40 -06.03
24.65 -05.91
24.89 -05.79
25.14 -05.68
25.39 -05.56
25.65 -05.44
25.91 -05.32
26.16 -05.21
26.43 -05.09
26.69 -04.98
26.96 -04.86
27.23 -04.75
27.50 -04.64
27.77 -04.53
28.05 -04.41
28.33 -04.30
28.62 -04.19
28.90 -04.09
29.19 -03.98
29.48 -03.88
29.78 -03.77
30.08 -03.67
30.38 -03.56
30.68 -03.46
30.99 -03.36
31.30 -03.26
31.61 -03.17
31.93 -03.07
32.24 -02.97
32.57 -02.87
32.89 -02.78
33.22 -02.68
33.55 -02.58
33.89 -02.48
34.23 -02.39
34.57 -02.29
34.92 -02.19
35.27 -02.10
35.62 -02.00
35.97 -01.91
36.33 -01.82
36.70 -01.72
37.06 -01.63
37.43 -01.54
37.81 -01.45
38.19 -01.35
38.57 -01.27
38.95 -01.18
39.34 -01.09
39.74 -01.00
40.14 -00.92
40.54 -00.83
40.94 -00.75
41.35 -00.67
41.76 -00.58
42.18 -00.50
42.60 -00.42
43.03 -00.34
43.46 -00.26
43.90 -00.18
44.33 -00.11
44.78 -00.03
45.23 00.05
45.68 00.12
46.13 00.19
46.60 00.27
47.06 00.34
47.53 00.41
48.01 00.48
48.49 00.55
48.97 00.62
49.46 00.69
49.96 00.76
50.46 00.82
50.96 00.89
51.47 00.95
51.99 01.01
52.51 01.07
53.03 01.13
53.56 01.19
54.10 01.24
54.64 01.30
55.18 01.35
55.74 01.41
56.29 01.46
56.86 01.51
57.42 01.55
58.00 01.60
58.58 01.65
59.16 01.69
59.76 01.74
60.35 01.78
60.96 01.82
61.57 01.86
62.18 01.90
62.80 01.94
63.43 01.98
64.07 02.02
64.71 02.05
65.35 02.08
66.01 02.12
66.67 02.15
67.33 02.18
68.01 02.21
68.69 02.23
69.37 02.26
70.07 02.28
70.77 02.30
71.48 02.32
72.19 02.34
72.91 02.35
73.64 02.37
74.38 02.37
75.12 02.38
75.87 02.38
76.63 02.37
77.40 02.36
78.17 02.35
78.95 02.34
79.74 02.32
80.54 02.30
81.35 02.28
82.16 02.27
82.98 02.25
83.81 02.24
84.65 02.24
85.50 02.24
86.35 02.24
87.22 02.25
88.09 02.27
88.97 02.29
89.86 02.31
90.76 02.34
91.66 02.37
92.58 02.40
93.51 02.43
94.44 02.46
95.39 02.48
96.34 02.50
97.30 02.52
98.28 02.53
99.26 02.54
100.25 02.55
101.25 02.56
102.27 02.56
103.29 02.56
104.32 02.56
105.37 02.55
106.42 02.55
107.48 02.54
108.56 02.53
109.64 02.52
110.74 02.51
111.85 02.49
112.97 02.48
114.10 02.47
115.24 02.46
116.39 02.44
117.55 02.43
118.73 02.42
119.92 02.41
121.12 02.40
122.33 02.39
123.55 02.38
124.79 02.37
126.03 02.36
127.29 02.34
128.57 02.33
129.85 02.32
131.15 02.31
132.46 02.30
133.79 02.28
135.12 02.27
136.48 02.25
137.84 02.23
139.22 02.22
140.61 02.20
142.02 02.18
143.44 02.16
144.87 02.14
146.32 02.12
147.78 02.10
149.26 02.07
150.75 02.05
152.26 02.03
153.78 02.01
155.32 01.99
156.88 01.96
158.44 01.94
160.03 01.92
161.63 01.91
163.24 01.90
164.88 01.90
166.53 01.90
168.19 01.89
169.87 01.89
171.57 01.91
173.29 01.91
175.02 01.92
176.77 01.93
178.54 01.93
180.32 01.93
182.13 01.93
183.95 01.92
185.79 01.90
187.65 01.89
189.52 01.86
191.42 01.84
193.33 01.80
195.27 01.77
197.22 01.72
199.19 01.69
201.18 01.65
203.19 01.61
205.23 01.56
207.28 01.53
209.35 01.48
211.44 01.43
213.56 01.38
215.69 01.33
217.85 01.28
220.03 01.22
222.23 01.16
224.45 01.11
226.70 01.05
228.96 00.99
231.25 00.96
233.57 00.94
235.90 00.94
238.26 00.98
240.64 01.06
243.05 01.16
245.48 01.29
247.93 01.45
250.41 01.60
252.92 01.75
255.45 01.90
258.00 02.02
260.58 02.13
263.19 02.23
265.82 02.30
268.48 02.34
271.16 02.36
273.87 02.35
276.61 02.33
279.38 02.30
282.17 02.27
284.99 02.23
287.84 02.20
290.72 02.16
293.63 02.13
296.57 02.10
299.53 02.06
302.53 02.03
305.55 02.00
308.61 01.98
311.69 01.95
314.81 01.92
317.96 01.91
321.14 01.88
324.35 01.87
327.59 01.84
330.87 01.82
334.18 01.80
337.52 01.79
340.90 01.77
344.30 01.75
347.75 01.73
351.23 01.72
354.74 01.70
358.28 01.68
361.87 01.67
365.49 01.65
369.14 01.64
372.83 01.62
376.56 01.60
380.33 01.59
384.13 01.57
387.97 01.57
391.85 01.55
395.77 01.54
399.73 01.52
403.72 01.52
407.76 01.50
411.84 01.49
415.96 01.48
420.12 01.47
424.32 01.45
428.56 01.44
432.85 01.44
437.18 01.42
441.55 01.41
445.96 01.39
450.42 01.37
454.93 01.36
459.48 01.33
464.07 01.30
468.71 01.28
473.40 01.26
478.13 01.23
482.91 01.20
487.74 01.18
492.62 01.16
497.55 01.14
502.52 01.12
507.55 01.11
512.62 01.09
517.75 01.07
522.93 01.07
528.16 01.06
533.44 01.05
538.77 01.04
544.16 01.03
549.60 01.03
555.10 01.02
560.65 01.01
566.25 01.00
571.92 01.00
577.64 00.98
583.41 00.98
589.25 00.97
595.14 00.97
601.09 00.97
607.10 00.96
613.17 00.96
619.30 00.95
625.50 00.95
631.75 00.95
638.07 00.95
644.45 00.94
650.89 00.91
657.40 00.89
663.98 00.87
670.62 00.84
677.32 00.82
684.10 00.80
690.94 00.77
697.85 00.75
704.83 00.71
711.87 00.68
718.99 00.64
726.18 00.59
733.44 00.54
740.78 00.48
748.19 00.42
755.67 00.36
763.23 00.29
770.86 00.23
778.57 00.16
786.35 00.10
794.22 00.03
802.16 -00.03
810.18 -00.09
818.28 -00.16
826.46 -00.22
834.73 -00.27
843.08 -00.32
851.51 -00.37
860.02 -00.42
868.62 -00.46
877.31 -00.49
886.08 -00.52
894.94 -00.54
903.89 -00.57
912.93 -00.57
922.06 -00.57
931.28 -00.58
940.59 -00.59
950.00 -00.61
959.50 -00.63
969.09 -00.67
978.78 -00.70
988.57 -00.73
998.46 -00.77
1008.44 -00.80
1018.53 -00.82
1028.71 -00.86
1039.00 -00.88
1049.39 -00.89
1059.88 -00.90
1070.48 -00.90
1081.19 -00.90
1092.00 -00.90
1102.92 -00.89
1113.95 -00.87
1125.09 -00.86
1136.34 -00.85
1147.70 -00.83
1159.18 -00.80
1170.77 -00.78
1182.48 -00.76
1194.30 -00.73
1206.25 -00.71
1218.31 -00.68
1230.49 -00.65
1242.80 -00.63
1255.22 -00.62
1267.78 -00.61
1280.45 -00.59
1293.26 -00.57
1306.19 -00.55
1319.25 -00.53
1332.45 -00.53
1345.77 -00.52
1359.23 -00.51
1372.82 -00.50
1386.55 -00.49
1400.41 -00.49
1414.42 -00.48
1428.56 -00.48
1442.85 -00.47
1457.28 -00.47
1471.85 -00.46
1486.57 -00.46
1501.43 -00.45
1516.45 -00.44
1531.61 -00.41
1546.93 -00.38
1562.40 -00.34
1578.02 -00.30
1593.80 -00.25
1609.74 -00.19
1625.84 -00.13
1642.10 -00.06
1658.52 00.02
1675.10 00.09
1691.85 00.16
1708.77 00.23
1725.86 00.30
1743.12 00.36
1760.55 00.42
1778.15 00.47
1795.94 00.53
1813.90 00.58
1832.03 00.63
1850.36 00.69
1868.86 00.75
1887.55 00.81
1906.42 00.88
1925.49 00.96
1944.74 01.03
1964.19 01.13
1983.83 01.24
2003.67 01.34
2023.71 01.46
2043.94 01.58
2064.38 01.70
2085.03 01.84
2105.88 01.99
2126.94 02.14
2148.20 02.30
2169.69 02.47
2191.38 02.64
2213.30 02.82
2235.43 03.02
2257.78 03.20
2280.36 03.39
2303.17 03.56
2326.20 03.73
2349.46 03.88
2372.95 04.00
2396.68 04.12
2420.65 04.20
2444.86 04.26
2469.31 04.29
2494.00 04.29
2518.94 04.26
2544.13 04.19
2569.57 04.10
2595.27 03.98
2621.22 03.82
2647.43 03.63
2673.90 03.42
2700.64 03.19
2727.65 02.94
2754.93 02.67
2782.48 02.38
2810.30 02.09
2838.40 01.79
2866.79 01.48
2895.46 01.18
2924.41 00.88
2953.65 00.59
2983.19 00.30
3013.02 00.02
3043.15 -00.24
3073.58 -00.50
3104.32 -00.73
3135.36 -00.95
3166.72 -01.16
3198.38 -01.36
3230.37 -01.54
3262.67 -01.72
3295.30 -01.89
3328.25 -02.04
3361.53 -02.18
3395.15 -02.31
3429.10 -02.41
3463.39 -02.48
3498.03 -02.53
3533.01 -02.53
3568.34 -02.49
3604.02 -02.41
3640.06 -02.28
3676.46 -02.09
3713.22 -01.83
3750.36 -01.50
3787.86 -01.09
3825.74 -00.61
3864.00 -00.07
3902.64 00.47
3941.66 00.99
3981.08 01.47
4020.89 01.90
4061.10 02.30
4101.71 02.65
4142.73 02.96
4184.15 03.20
4226.00 03.37
4268.26 03.46
4310.94 03.45
4354.05 03.37
4397.59 03.23
4441.56 03.05
4485.98 02.83
4530.84 02.58
4576.15 02.27
4621.91 01.88
4668.13 01.44
4714.81 00.94
4761.96 00.44
4809.58 -00.04
4857.67 -00.47
4906.25 -00.88
4955.31 -01.28
5004.87 -01.70
5054.91 -02.13
5105.46 -02.53
5156.52 -02.94
5208.08 -03.30
5260.16 -03.61
5312.77 -03.89
5365.89 -04.18
5419.55 -04.48
5473.75 -04.78
5528.49 -05.09
5583.77 -05.39
5639.61 -05.71
5696.00 -06.04
5752.96 -06.35
5810.49 -06.64
5868.60 -06.88
5927.28 -07.09
5986.56 -07.28
6046.42 -07.23
6106.89 -07.11
6167.96 -06.98
6229.64 -06.84
6291.93 -06.67
6354.85 -06.50
6418.40 -06.33
6482.58 -06.16
6547.41 -06.02
6612.88 -05.87
6679.01 -05.74
6745.80 -05.61
6813.26 -05.46
6881.39 -05.28
6950.21 -05.06
7019.71 -04.81
7089.91 -04.51
7160.81 -04.18
7232.41 -03.82
7304.74 -03.58
7377.79 -03.32
7451.56 -03.03
7526.08 -02.70
7601.34 -02.34
7677.35 -01.97
7754.13 -01.58
7831.67 -01.19
7909.98 -00.78
7989.08 -00.37
8068.98 00.05
8149.67 00.46
8231.16 00.86
8313.47 01.23
8396.61 01.57
8480.57 01.88
8565.38 02.17
8651.03 02.42
8737.54 02.65
8824.92 02.85
8913.17 03.03
9002.30 03.20
9092.32 03.35
9183.25 03.48
9275.08 03.61
9367.83 03.74
9461.51 03.86
9556.12 04.00
9651.68 04.16
9748.20 04.34
9845.68 04.53
9944.14 04.74
10043.58 04.93
10144.02 05.08
10245.46 05.19
10347.91 05.33
10451.39 05.44
10555.91 05.51
10661.46 05.55
10768.08 05.54
10875.76 05.48
10984.52 05.36
11094.36 05.17
11205.31 04.89
11317.36 04.54
11430.53 04.15
11544.84 03.74
11660.29 03.32
11776.89 02.85
11894.66 02.33
12013.60 01.71
12133.74 01.02
12255.08 00.26
12377.63 -00.49
12501.41 -01.11
12626.42 -01.52
12752.68 -01.66
12880.21 -01.59
13009.01 -01.34
13139.10 -01.00
13270.49 -00.65
13403.20 -00.34
13537.23 -00.10
13672.60 00.05
13809.33 00.14
13947.42 00.13
14086.90 00.07
14227.77 -00.07
14370.04 -00.28
14513.74 -00.60
14658.88 -01.10
14805.47 -01.62
14953.52 -02.06
15103.06 -02.36
15254.09 -02.46
15406.63 -02.39
15560.70 -02.18
15716.30 -01.91
15873.47 -01.65
16032.20 -01.46
16192.52 -01.37
16354.45 -01.38
16517.99 -01.51
16683.17 -01.74
16850.01 -02.07
17018.51 -02.53
17188.69 -03.13
17360.58 -03.88
17534.18 -04.85
17709.53 -06.08
17886.62 -07.54
18065.49 -09.23
18246.14 -11.03
18428.60 -12.85
18612.89 -14.61
18799.02 -16.29
18987.01 -17.78
19176.88 -18.85
19368.65 -19.30
19562.33 -19.09
19757.96 -18.43
19955.54 -17.65
20000.00 -17.49
