20.00 01.29
20.20 01.33
20.40 01.37
20.61 01.41
20.81 01.44
21.02 01.47
21.23 01.50
21.44 01.53
21.66 01.55
21.87 01.57
22.09 01.59
22.31 01.61
22.54 01.62
22.76 01.63
22.99 01.64
23.22 01.64
23.45 01.64
23.69 01.64
23.92 01.64
24.16 01.64
24.40 01.64
24.65 01.63
24.89 01.63
25.14 01.63
25.39 01.62
25.65 01.62
25.91 01.61
26.16 01.61
26.43 01.60
26.69 01.60
26.96 01.59
27.23 01.59
27.50 01.58
27.77 01.58
28.05 01.57
28.33 01.57
28.62 01.56
28.90 01.56
29.19 01.55
29.48 01.55
29.78 01.54
30.08 01.53
30.38 01.53
30.68 01.52
30.99 01.51
31.30 01.51
31.61 01.50
31.93 01.49
32.24 01.49
32.57 01.48
32.89 01.47
33.22 01.47
33.55 01.46
33.89 01.45
34.23 01.44
34.57 01.44
34.92 01.43
35.27 01.42
35.62 01.41
35.97 01.41
36.33 01.40
36.70 01.39
37.06 01.38
37.43 01.37
37.81 01.37
38.19 01.36
38.57 01.35
38.95 01.34
39.34 01.33
39.74 01.32
40.14 01.31
40.54 01.31
40.94 01.30
41.35 01.29
41.76 01.28
42.18 01.27
42.60 01.26
43.03 01.25
43.46 01.23
43.90 01.22
44.33 01.21
44.78 01.20
45.23 01.19
45.68 01.17
46.13 01.16
46.60 01.14
47.06 01.12
47.53 01.10
48.01 01.08
48.49 01.05
48.97 01.02
49.46 00.99
49.96 00.96
50.46 00.92
50.96 00.88
51.47 00.84
51.99 00.79
52.51 00.75
53.03 00.70
53.56 00.66
54.10 00.61
54.64 00.57
55.18 00.53
55.74 00.49
56.29 00.47
56.86 00.46
57.42 00.46
58.00 00.48
58.58 00.52
59.16 00.58
59.76 00.67
60.35 00.77
60.96 00.89
61.57 01.03
62.18 01.18
62.80 01.34
63.43 01.51
64.07 01.68
64.71 01.86
65.35 02.03
66.01 02.20
66.67 02.37
67.33 02.53
68.01 02.68
68.69 02.83
69.37 02.97
70.07 03.11
70.77 03.24
71.48 03.36
72.19 03.48
72.91 03.59
73.64 03.69
74.38 03.79
75.12 03.89
75.87 03.97
76.63 04.06
77.40 04.13
78.17 04.20
78.95 04.25
79.74 04.30
80.54 04.34
81.35 04.37
82.16 04.39
82.98 04.40
83.81 04.39
84.65 04.38
85.50 04.37
86.35 04.34
87.22 04.30
88.09 04.26
88.97 04.22
89.86 04.16
90.76 04.11
91.66 04.05
92.58 03.98
93.51 03.91
94.44 03.83
95.39 03.75
96.34 03.67
97.30 03.58
98.28 03.49
99.26 03.40
100.25 03.30
101.25 03.21
102.27 03.11
103.29 03.02
104.32 02.93
105.37 02.84
106.42 02.75
107.48 02.66
108.56 02.58
109.64 02.50
110.74 02.42
111.85 02.34
112.97 02.26
114.10 02.19
115.24 02.11
116.39 02.05
117.55 01.98
118.73 01.91
119.92 01.85
121.12 01.79
122.33 01.73
123.55 01.68
124.79 01.62
126.03 01.57
127.29 01.52
128.57 01.48
129.85 01.44
131.15 01.40
132.46 01.36
133.79 01.32
135.12 01.27
136.48 01.22
137.84 01.16
139.22 01.09
140.61 01.00
142.02 00.91
143.44 00.81
144.87 00.70
146.32 00.58
147.78 00.46
149.26 00.34
150.75 00.22
152.26 00.10
153.78 00.00
155.32 -00.10
156.88 -00.19
158.44 -00.28
160.03 -00.36
161.63 -00.43
163.24 -00.51
164.88 -00.58
166.53 -00.67
168.19 -00.77
169.87 -00.87
171.57 -00.96
173.29 -01.07
175.02 -01.17
176.77 -01.27
178.54 -01.37
180.32 -01.46
182.13 -01.54
183.95 -01.61
185.79 -01.68
187.65 -01.72
189.52 -01.77
191.42 -01.79
193.33 -01.81
195.27 -01.80
197.22 -01.80
199.19 -01.77
201.18 -01.74
203.19 -01.68
205.23 -01.63
207.28 -01.55
209.35 -01.48
211.44 -01.39
213.56 -01.31
215.69 -01.22
217.85 -01.13
220.03 -01.05
222.23 -00.96
224.45 -00.87
226.70 -00.79
228.96 -00.70
231.25 -00.60
233.57 -00.51
235.90 -00.43
238.26 -00.34
240.64 -00.25
243.05 -00.17
245.48 -00.10
247.93 -00.03
250.41 00.01
252.92 00.04
255.45 00.06
258.00 00.06
260.58 00.05
263.19 00.04
265.82 00.02
268.48 00.01
271.16 -00.02
273.87 -00.05
276.61 -00.08
279.38 -00.11
282.17 -00.13
284.99 -00.17
287.84 -00.19
290.72 -00.22
293.63 -00.25
296.57 -00.27
299.53 -00.29
302.53 -00.30
305.55 -00.31
308.61 -00.31
311.69 -00.30
314.81 -00.29
317.96 -00.28
321.14 -00.27
324.35 -00.25
327.59 -00.25
330.87 -00.26
334.18 -00.28
337.52 -00.29
340.90 -00.32
344.30 -00.35
347.75 -00.39
351.23 -00.42
354.74 -00.45
358.28 -00.49
361.87 -00.52
365.49 -00.55
369.14 -00.57
372.83 -00.60
376.56 -00.62
380.33 -00.61
384.13 -00.61
387.97 -00.58
391.85 -00.55
395.77 -00.49
399.73 -00.45
403.72 -00.39
407.76 -00.35
411.84 -00.30
415.96 -00.26
420.12 -00.21
424.32 -00.16
428.56 -00.11
432.85 -00.07
437.18 -00.04
441.55 00.00
445.96 00.03
450.42 00.06
454.93 00.10
459.48 00.14
464.07 00.18
468.71 00.22
473.40 00.26
478.13 00.29
482.91 00.32
487.74 00.35
492.62 00.39
497.55 00.41
502.52 00.43
507.55 00.46
512.62 00.47
517.75 00.47
522.93 00.48
528.16 00.45
533.44 00.42
538.77 00.35
544.16 00.25
549.60 00.13
555.10 -00.03
560.65 -00.19
566.25 -00.37
571.92 -00.54
577.64 -00.72
583.41 -00.87
589.25 -01.03
595.14 -01.14
601.09 -01.22
607.10 -01.27
613.17 -01.27
619.30 -01.25
625.50 -01.20
631.75 -01.14
638.07 -01.10
644.45 -01.07
650.89 -01.06
657.40 -01.06
663.98 -01.06
670.62 -01.07
677.32 -01.08
684.10 -01.07
690.94 -01.06
697.85 -01.02
704.83 -00.97
711.87 -00.90
718.99 -00.80
726.18 -00.69
733.44 -00.57
740.78 -00.44
748.19 -00.30
755.67 -00.18
763.23 -00.06
770.86 00.06
778.57 00.15
786.35 00.23
794.22 00.29
802.16 00.35
810.18 00.39
818.28 00.43
826.46 00.46
834.73 00.49
843.08 00.52
851.51 00.54
860.02 00.56
868.62 00.58
877.31 00.62
886.08 00.65
894.94 00.68
903.89 00.71
912.93 00.76
922.06 00.80
931.28 00.86
940.59 00.90
950.00 00.96
959.50 01.01
969.09 01.06
978.78 01.12
988.57 01.18
998.46 01.22
1008.44 01.26
1018.53 01.30
1028.71 01.30
1039.00 01.30
1049.39 01.26
1059.88 01.19
1070.48 01.11
1081.19 01.00
1092.00 00.85
1102.92 00.69
1113.95 00.52
1125.09 00.35
1136.34 00.17
1147.70 00.01
1159.18 -00.12
1170.77 -00.23
1182.48 -00.31
1194.30 -00.36
1206.25 -00.38
1218.31 -00.39
1230.49 -00.39
1242.80 -00.39
1255.22 -00.40
1267.78 -00.41
1280.45 -00.41
1293.26 -00.40
1306.19 -00.40
1319.25 -00.39
1332.45 -00.38
1345.77 -00.36
1359.23 -00.33
1372.82 -00.29
1386.55 -00.25
1400.41 -00.19
1414.42 -00.13
1428.56 -00.06
1442.85 00.02
1457.28 00.10
1471.85 00.18
1486.57 00.27
1501.43 00.36
1516.45 00.45
1531.61 00.54
1546.93 00.62
1562.40 00.70
1578.02 00.76
1593.80 00.82
1609.74 00.88
1625.84 00.91
1642.10 00.93
1658.52 00.94
1675.10 00.91
1691.85 00.88
1708.77 00.83
1725.86 00.77
1743.12 00.72
1760.55 00.66
1778.15 00.62
1795.94 00.59
1813.90 00.58
1832.03 00.59
1850.36 00.62
1868.86 00.67
1887.55 00.75
1906.42 00.84
1925.49 00.94
1944.74 01.04
1964.19 01.15
1983.83 01.25
2003.67 01.34
2023.71 01.42
2043.94 01.49
2064.38 01.55
2085.03 01.60
2105.88 01.67
2126.94 01.73
2148.20 01.79
2169.69 01.86
2191.38 01.95
2213.30 02.04
2235.43 02.16
2257.78 02.29
2280.36 02.42
2303.17 02.57
2326.20 02.72
2349.46 02.86
2372.95 02.99
2396.68 03.11
2420.65 03.21
2444.86 03.27
2469.31 03.32
2494.00 03.33
2518.94 03.32
2544.13 03.27
2569.57 03.21
2595.27 03.12
2621.22 03.01
2647.43 02.90
2673.90 02.79
2700.64 02.71
2727.65 02.62
2754.93 02.56
2782.48 02.52
2810.30 02.51
2838.40 02.52
2866.79 02.55
2895.46 02.61
2924.41 02.67
2953.65 02.76
2983.19 02.85
3013.02 02.94
3043.15 03.04
3073.58 03.13
3104.32 03.24
3135.36 03.34
3166.72 03.44
3198.38 03.53
3230.37 03.63
3262.67 03.71
3295.30 03.79
3328.25 03.86
3361.53 03.92
3395.15 03.97
3429.10 04.02
3463.39 04.07
3498.03 04.09
3533.01 04.11
3568.34 04.13
3604.02 04.12
3640.06 04.09
3676.46 04.05
3713.22 03.99
3750.36 03.92
3787.86 03.84
3825.74 03.74
3864.00 03.63
3902.64 03.51
3941.66 03.38
3981.08 03.24
4020.89 03.09
4061.10 02.93
4101.71 02.77
4142.73 02.59
4184.15 02.42
4226.00 02.24
4268.26 02.05
4310.94 01.87
4354.05 01.68
4397.59 01.49
4441.56 01.30
4485.98 01.10
4530.84 00.90
4576.15 00.69
4621.91 00.49
4668.13 00.28
4714.81 00.08
4761.96 -00.12
4809.58 -00.31
4857.67 -00.49
4906.25 -00.65
4955.31 -00.78
5004.87 -00.88
5054.91 -00.94
5105.46 -00.96
5156.52 -01.02
5208.08 -01.08
5260.16 -01.10
5312.77 -01.07
5365.89 -01.00
5419.55 -00.90
5473.75 -00.76
5528.49 -00.59
5583.77 -00.38
5639.61 -00.15
5696.00 00.11
5752.96 00.40
5810.49 00.72
5868.60 01.06
5927.28 01.42
5986.56 01.80
6046.42 02.42
6106.89 03.11
6167.96 03.81
6229.64 04.51
6291.93 05.20
6354.85 05.87
6418.40 06.51
6482.58 07.13
6547.41 07.70
6612.88 08.26
6679.01 08.77
6745.80 09.25
6813.26 09.71
6881.39 10.13
6950.21 10.54
7019.71 10.92
7089.91 11.28
7160.81 11.63
7232.41 11.96
7304.74 12.14
7377.79 12.29
7451.56 12.42
7526.08 12.53
7601.34 12.63
7677.35 12.70
7754.13 12.74
7831.67 12.76
7909.98 12.74
7989.08 12.70
8068.98 12.64
8149.67 12.54
8231.16 12.43
8313.47 12.29
8396.61 12.14
8480.57 11.97
8565.38 11.79
8651.03 11.60
8737.54 11.40
8824.92 11.19
8913.17 10.97
9002.30 10.74
9092.32 10.49
9183.25 10.23
9275.08 09.95
9367.83 09.67
9461.51 09.38
9556.12 09.08
9651.68 08.79
9748.20 08.50
9845.68 08.22
9944.14 07.94
10043.58 07.67
10144.02 07.41
10245.46 07.16
10347.91 06.99
10451.39 06.83
10555.91 06.68
10661.46 06.49
10768.08 06.29
10875.76 06.06
10984.52 05.82
11094.36 05.54
11205.31 05.21
11317.36 04.86
11430.53 04.47
11544.84 04.04
11660.29 03.58
11776.89 03.07
11894.66 02.53
12013.60 01.95
12133.74 01.37
12255.08 00.80
12377.63 00.27
12501.41 -00.18
12626.42 -00.53
12752.68 -00.75
12880.21 -00.86
13009.01 -00.84
13139.10 -00.72
13270.49 -00.54
13403.20 -00.32
13537.23 -00.09
13672.60 00.12
13809.33 00.32
13947.42 00.47
14086.90 00.59
14227.77 00.67
14370.04 00.69
14513.74 00.62
14658.88 00.37
14805.47 00.06
14953.52 -00.29
15103.06 -00.66
15254.09 -01.04
15406.63 -01.41
15560.70 -01.77
15716.30 -02.09
15873.47 -02.37
16032.20 -02.61
16192.52 -02.81
16354.45 -02.99
16517.99 -03.17
16683.17 -03.35
16850.01 -03.54
17018.51 -03.75
17188.69 -04.00
17360.58 -04.26
17534.18 -04.57
17709.53 -04.92
17886.62 -05.29
18065.49 -05.69
18246.14 -06.08
18428.60 -06.47
18612.89 -06.84
18799.02 -07.21
18987.01 -07.57
19176.88 -07.93
19368.65 -08.32
19562.33 -08.74
19757.96 -09.22
19955.54 -09.77
20000.00 -09.91
