20.00 -03.84
20.20 -03.80
20.40 -03.75
20.61 -03.71
20.81 -03.67
21.02 -03.63
21.23 -03.59
21.44 -03.55
21.66 -03.51
21.87 -03.47
22.09 -03.43
22.31 -03.39
22.54 -03.35
22.76 -03.31
22.99 -03.27
23.22 -03.22
23.45 -03.19
23.69 -03.14
23.92 -03.11
24.16 -03.07
24.40 -03.03
24.65 -02.99
24.89 -02.95
25.14 -02.91
25.39 -02.87
25.65 -02.83
25.91 -02.79
26.16 -02.75
26.43 -02.71
26.69 -02.68
26.96 -02.64
27.23 -02.60
27.50 -02.56
27.77 -02.53
28.05 -02.49
28.33 -02.46
28.62 -02.42
28.90 -02.39
29.19 -02.35
29.48 -02.32
29.78 -02.28
30.08 -02.25
30.38 -02.22
30.68 -02.18
30.99 -02.15
31.30 -02.12
31.61 -02.09
31.93 -02.06
32.24 -02.03
32.57 -02.00
32.89 -01.98
33.22 -01.95
33.55 -01.93
33.89 -01.90
34.23 -01.87
34.57 -01.85
34.92 -01.83
35.27 -01.80
35.62 -01.78
35.97 -01.76
36.33 -01.74
36.70 -01.72
37.06 -01.70
37.43 -01.68
37.81 -01.66
38.19 -01.64
38.57 -01.62
38.95 -01.60
39.34 -01.59
39.74 -01.57
40.14 -01.56
40.54 -01.54
40.94 -01.53
41.35 -01.52
41.76 -01.51
42.18 -01.50
42.60 -01.49
43.03 -01.48
43.46 -01.47
43.90 -01.47
44.33 -01.47
44.78 -01.46
45.23 -01.46
45.68 -01.46
46.13 -01.46
46.60 -01.46
47.06 -01.47
47.53 -01.47
48.01 -01.47
48.49 -01.48
48.97 -01.48
49.46 -01.48
49.96 -01.48
50.46 -01.49
50.96 -01.49
51.47 -01.49
51.99 -01.49
52.51 -01.48
53.03 -01.48
53.56 -01.47
54.10 -01.46
54.64 -01.45
55.18 -01.44
55.74 -01.42
56.29 -01.41
56.86 -01.39
57.42 -01.37
58.00 -01.35
58.58 -01.33
59.16 -01.31
59.76 -01.28
60.35 -01.26
60.96 -01.24
61.57 -01.22
62.18 -01.20
62.80 -01.19
63.43 -01.18
64.07 -01.16
64.71 -01.15
65.35 -01.15
66.01 -01.14
66.67 -01.14
67.33 -01.14
68.01 -01.14
68.69 -01.14
69.37 -01.14
70.07 -01.14
70.77 -01.14
71.48 -01.14
72.19 -01.14
72.91 -01.14
73.64 -01.14
74.38 -01.14
75.12 -01.14
75.87 -01.14
76.63 -01.14
77.40 -01.14
78.17 -01.14
78.95 -01.14
79.74 -01.14
80.54 -01.14
81.35 -01.14
82.16 -01.14
82.98 -01.14
83.81 -01.14
84.65 -01.14
85.50 -01.14
86.35 -01.14
87.22 -01.14
88.09 -01.15
88.97 -01.15
89.86 -01.15
90.76 -01.15
91.66 -01.16
92.58 -01.16
93.51 -01.17
94.44 -01.17
95.39 -01.17
96.34 -01.18
97.30 -01.18
98.28 -01.19
99.26 -01.19
100.25 -01.19
101.25 -01.20
102.27 -01.20
103.29 -01.21
104.32 -01.21
105.37 -01.22
106.42 -01.22
107.48 -01.23
108.56 -01.23
109.64 -01.24
110.74 -01.24
111.85 -01.25
112.97 -01.25
114.10 -01.26
115.24 -01.26
116.39 -01.27
117.55 -01.28
118.73 -01.28
119.92 -01.29
121.12 -01.29
122.33 -01.30
123.55 -01.30
124.79 -01.31
126.03 -01.31
127.29 -01.32
128.57 -01.33
129.85 -01.33
131.15 -01.34
132.46 -01.34
133.79 -01.35
135.12 -01.35
136.48 -01.36
137.84 -01.36
139.22 -01.37
140.61 -01.37
142.02 -01.38
143.44 -01.38
144.87 -01.39
146.32 -01.39
147.78 -01.40
149.26 -01.40
150.75 -01.41
152.26 -01.41
153.78 -01.42
155.32 -01.42
156.88 -01.43
158.44 -01.44
160.03 -01.44
161.63 -01.44
163.24 -01.43
164.88 -01.42
166.53 -01.41
168.19 -01.40
169.87 -01.40
171.57 -01.38
173.29 -01.37
175.02 -01.36
176.77 -01.34
178.54 -01.33
180.32 -01.32
182.13 -01.30
183.95 -01.29
185.79 -01.29
187.65 -01.27
189.52 -01.27
191.42 -01.26
193.33 -01.26
195.27 -01.25
197.22 -01.25
199.19 -01.25
201.18 -01.25
203.19 -01.25
205.23 -01.26
207.28 -01.25
209.35 -01.25
211.44 -01.25
213.56 -01.25
215.69 -01.24
217.85 -01.23
220.03 -01.23
222.23 -01.22
224.45 -01.22
226.70 -01.22
228.96 -01.22
231.25 -01.22
233.57 -01.23
235.90 -01.23
238.26 -01.24
240.64 -01.24
243.05 -01.25
245.48 -01.26
247.93 -01.26
250.41 -01.27
252.92 -01.29
255.45 -01.30
258.00 -01.32
260.58 -01.35
263.19 -01.36
265.82 -01.39
268.48 -01.41
271.16 -01.45
273.87 -01.48
276.61 -01.50
279.38 -01.53
282.17 -01.55
284.99 -01.57
287.84 -01.59
290.72 -01.61
293.63 -01.61
296.57 -01.62
299.53 -01.63
302.53 -01.63
305.55 -01.64
308.61 -01.63
311.69 -01.63
314.81 -01.62
317.96 -01.61
321.14 -01.61
324.35 -01.59
327.59 -01.58
330.87 -01.57
334.18 -01.56
337.52 -01.53
340.90 -01.52
344.30 -01.51
347.75 -01.49
351.23 -01.47
354.74 -01.46
358.28 -01.44
361.87 -01.42
365.49 -01.40
369.14 -01.38
372.83 -01.36
376.56 -01.34
380.33 -01.32
384.13 -01.30
387.97 -01.29
391.85 -01.28
395.77 -01.28
399.73 -01.29
403.72 -01.30
407.76 -01.33
411.84 -01.35
415.96 -01.39
420.12 -01.43
424.32 -01.48
428.56 -01.52
432.85 -01.55
437.18 -01.59
441.55 -01.60
445.96 -01.61
450.42 -01.62
454.93 -01.61
459.48 -01.59
464.07 -01.57
468.71 -01.53
473.40 -01.48
478.13 -01.43
482.91 -01.38
487.74 -01.32
492.62 -01.26
497.55 -01.20
502.52 -01.14
507.55 -01.07
512.62 -01.02
517.75 -00.97
522.93 -00.91
528.16 -00.86
533.44 -00.80
538.77 -00.76
544.16 -00.72
549.60 -00.67
555.10 -00.64
560.65 -00.60
566.25 -00.57
571.92 -00.53
577.64 -00.51
583.41 -00.47
589.25 -00.44
595.14 -00.39
601.09 -00.34
607.10 -00.30
613.17 -00.24
619.30 -00.19
625.50 -00.13
631.75 -00.06
638.07 00.00
644.45 00.07
650.89 00.11
657.40 00.16
663.98 00.22
670.62 00.26
677.32 00.30
684.10 00.36
690.94 00.41
697.85 00.47
704.83 00.53
711.87 00.59
718.99 00.65
726.18 00.71
733.44 00.76
740.78 00.81
748.19 00.87
755.67 00.90
763.23 00.93
770.86 00.96
778.57 00.97
786.35 00.97
794.22 00.96
802.16 00.95
810.18 00.93
818.28 00.88
826.46 00.82
834.73 00.76
843.08 00.66
851.51 00.54
860.02 00.41
868.62 00.27
877.31 00.14
886.08 00.01
894.94 -00.10
903.89 -00.20
912.93 -00.25
922.06 -00.28
931.28 -00.27
940.59 -00.24
950.00 -00.17
959.50 -00.08
969.09 00.01
978.78 00.11
988.57 00.19
998.46 00.25
1008.44 00.30
1018.53 00.35
1028.71 00.37
1039.00 00.40
1049.39 00.42
1059.88 00.42
1070.48 00.41
1081.19 00.41
1092.00 00.38
1102.92 00.36
1113.95 00.35
1125.09 00.32
1136.34 00.29
1147.70 00.26
1159.18 00.22
1170.77 00.18
1182.48 00.14
1194.30 00.11
1206.25 00.09
1218.31 00.06
1230.49 00.03
1242.80 -00.02
1255.22 -00.07
1267.78 -00.11
1280.45 -00.14
1293.26 -00.15
1306.19 -00.18
1319.25 -00.23
1332.45 -00.31
1345.77 -00.43
1359.23 -00.56
1372.82 -00.69
1386.55 -00.79
1400.41 -00.87
1414.42 -00.92
1428.56 -00.95
1442.85 -00.98
1457.28 -00.99
1471.85 -00.96
1486.57 -00.90
1501.43 -00.80
1516.45 -00.68
1531.61 -00.55
1546.93 -00.45
1562.40 -00.39
1578.02 -00.36
1593.80 -00.35
1609.74 -00.36
1625.84 -00.38
1642.10 -00.42
1658.52 -00.47
1675.10 -00.54
1691.85 -00.62
1708.77 -00.71
1725.86 -00.81
1743.12 -00.91
1760.55 -01.03
1778.15 -01.16
1795.94 -01.28
1813.90 -01.41
1832.03 -01.56
1850.36 -01.73
1868.86 -01.91
1887.55 -02.09
1906.42 -02.26
1925.49 -02.42
1944.74 -02.59
1964.19 -02.73
1983.83 -02.87
2003.67 -03.00
2023.71 -03.13
2043.94 -03.23
2064.38 -03.30
2085.03 -03.34
2105.88 -03.35
2126.94 -03.37
2148.20 -03.40
2169.69 -03.44
2191.38 -03.47
2213.30 -03.50
2235.43 -03.53
2257.78 -03.57
2280.36 -03.61
2303.17 -03.65
2326.20 -03.69
2349.46 -03.75
2372.95 -03.84
2396.68 -03.94
2420.65 -04.04
2444.86 -04.15
2469.31 -04.25
2494.00 -04.36
2518.94 -04.45
2544.13 -04.55
2569.57 -04.65
2595.27 -04.74
2621.22 -04.83
2647.43 -04.90
2673.90 -04.95
2700.64 -04.97
2727.65 -05.00
2754.93 -05.04
2782.48 -05.08
2810.30 -05.11
2838.40 -05.15
2866.79 -05.18
2895.46 -05.20
2924.41 -05.26
2953.65 -05.33
2983.19 -05.43
3013.02 -05.52
3043.15 -05.58
3073.58 -05.63
3104.32 -05.66
3135.36 -05.69
3166.72 -05.70
3198.38 -05.72
3230.37 -05.71
3262.67 -05.66
3295.30 -05.56
3328.25 -05.42
3361.53 -05.23
3395.15 -05.02
3429.10 -04.77
3463.39 -04.57
3498.03 -04.49
3533.01 -04.50
3568.34 -04.57
3604.02 -04.66
3640.06 -04.74
3676.46 -04.82
3713.22 -04.89
3750.36 -04.92
3787.86 -04.91
3825.74 -04.81
3864.00 -04.58
3902.64 -04.09
3941.66 -03.28
3981.08 -02.20
4020.89 -01.21
4061.10 -00.45
4101.71 -00.04
4142.73 00.13
4184.15 00.18
4226.00 00.21
4268.26 00.19
4310.94 00.09
4354.05 -00.16
4397.59 -00.63
4441.56 -01.39
4485.98 -02.48
4530.84 -03.83
4576.15 -05.09
4621.91 -05.89
4668.13 -06.24
4714.81 -06.44
4761.96 -06.82
4809.58 -07.26
4857.67 -07.56
4906.25 -07.28
4955.31 -07.03
5004.87 -06.90
5054.91 -06.90
5105.46 -07.03
5156.52 -07.34
5208.08 -07.77
5260.16 -08.16
5312.77 -08.55
5365.89 -09.01
5419.55 -09.57
5473.75 -10.13
5528.49 -10.53
5583.77 -10.84
5639.61 -11.12
5696.00 -11.44
5752.96 -11.83
5810.49 -12.30
5868.60 -12.81
5927.28 -13.24
5986.56 -13.63
6046.42 -13.78
6106.89 -13.75
6167.96 -13.69
6229.64 -13.63
6291.93 -13.57
6354.85 -13.50
6418.40 -13.42
6482.58 -13.30
6547.41 -13.17
6612.88 -12.99
6679.01 -12.75
6745.80 -12.45
6813.26 -12.10
6881.39 -11.74
6950.21 -11.33
7019.71 -10.89
7089.91 -10.40
7160.81 -09.89
7232.41 -09.35
7304.74 -08.95
7377.79 -08.54
7451.56 -08.14
7526.08 -07.72
7601.34 -07.31
7677.35 -06.91
7754.13 -06.52
7831.67 -06.17
7909.98 -05.85
7989.08 -05.58
8068.98 -05.35
8149.67 -05.17
8231.16 -05.04
8313.47 -04.96
8396.61 -04.94
8480.57 -04.98
8565.38 -05.07
8651.03 -05.21
8737.54 -05.38
8824.92 -05.57
8913.17 -05.78
9002.30 -05.98
9092.32 -06.17
9183.25 -06.34
9275.08 -06.46
9367.83 -06.54
9461.51 -06.55
9556.12 -06.51
9651.68 -06.42
9748.20 -06.30
9845.68 -06.16
9944.14 -06.02
10043.58 -05.89
10144.02 -05.79
10245.46 -05.75
10347.91 -05.68
10451.39 -05.69
10555.91 -05.76
10661.46 -05.92
10768.08 -06.16
10875.76 -06.48
10984.52 -06.86
11094.36 -07.31
11205.31 -07.83
11317.36 -08.39
11430.53 -08.94
11544.84 -09.43
11660.29 -09.78
11776.89 -09.99
11894.66 -10.02
12013.60 -09.93
12133.74 -09.76
12255.08 -09.54
12377.63 -09.31
12501.41 -09.10
12626.42 -08.90
12752.68 -08.69
12880.21 -08.49
13009.01 -08.29
13139.10 -08.12
13270.49 -07.98
13403.20 -07.87
13537.23 -07.82
13672.60 -07.83
13809.33 -07.88
13947.42 -08.00
14086.90 -08.14
14227.77 -08.32
14370.04 -08.53
14513.74 -08.83
14658.88 -09.32
14805.47 -09.87
14953.52 -10.44
15103.06 -10.99
15254.09 -11.38
15406.63 -11.43
15560.70 -10.97
15716.30 -09.99
15873.47 -08.69
16032.20 -07.30
16192.52 -06.00
16354.45 -04.87
16517.99 -03.92
16683.17 -03.13
16850.01 -02.49
17018.51 -01.96
17188.69 -01.55
17360.58 -01.23
17534.18 -01.00
17709.53 -00.87
17886.62 -00.80
18065.49 -00.80
18246.14 -00.82
18428.60 -00.87
18612.89 -00.95
18799.02 -01.07
18987.01 -01.25
19176.88 -01.47
19368.65 -01.77
19562.33 -02.13
19757.96 -02.58
19955.54 -03.12
20000.00 -03.26
