20.00 02.04
20.20 02.13
20.40 02.21
20.61 02.30
20.81 02.38
21.02 02.46
21.23 02.54
21.44 02.61
21.66 02.69
21.87 02.77
22.09 02.84
22.31 02.91
22.54 02.99
22.76 03.06
22.99 03.13
23.22 03.21
23.45 03.28
23.69 03.35
23.92 03.42
24.16 03.49
24.40 03.56
24.65 03.63
24.89 03.70
25.14 03.76
25.39 03.83
25.65 03.90
25.91 03.97
26.16 04.03
26.43 04.10
26.69 04.16
26.96 04.22
27.23 04.28
27.50 04.35
27.77 04.40
28.05 04.46
28.33 04.52
28.62 04.58
28.90 04.64
29.19 04.69
29.48 04.74
29.78 04.80
30.08 04.85
30.38 04.90
30.68 04.95
30.99 04.99
31.30 05.04
31.61 05.08
31.93 05.13
32.24 05.17
32.57 05.21
32.89 05.25
33.22 05.28
33.55 05.32
33.89 05.36
34.23 05.39
34.57 05.43
34.92 05.46
35.27 05.50
35.62 05.53
35.97 05.56
36.33 05.59
36.70 05.63
37.06 05.66
37.43 05.69
37.81 05.72
38.19 05.75
38.57 05.78
38.95 05.81
39.34 05.84
39.74 05.87
40.14 05.90
40.54 05.92
40.94 05.95
41.35 05.97
41.76 06.00
42.18 06.02
42.60 06.05
43.03 06.07
43.46 06.09
43.90 06.12
44.33 06.14
44.78 06.16
45.23 06.19
45.68 06.21
46.13 06.23
46.60 06.25
47.06 06.27
47.53 06.30
48.01 06.32
48.49 06.34
48.97 06.36
49.46 06.38
49.96 06.40
50.46 06.41
50.96 06.43
51.47 06.45
51.99 06.47
52.51 06.48
53.03 06.50
53.56 06.52
54.10 06.53
54.64 06.55
55.18 06.56
55.74 06.57
56.29 06.59
56.86 06.60
57.42 06.61
58.00 06.62
58.58 06.63
59.16 06.64
59.76 06.65
60.35 06.65
60.96 06.67
61.57 06.68
62.18 06.70
62.80 06.72
63.43 06.74
64.07 06.77
64.71 06.81
65.35 06.85
66.01 06.90
66.67 06.95
67.33 07.01
68.01 07.08
68.69 07.15
69.37 07.22
70.07 07.29
70.77 07.36
71.48 07.43
72.19 07.50
72.91 07.57
73.64 07.63
74.38 07.68
75.12 07.73
75.87 07.78
76.63 07.82
77.40 07.86
78.17 07.89
78.95 07.92
79.74 07.94
80.54 07.96
81.35 07.98
82.16 08.00
82.98 08.02
83.81 08.04
84.65 08.06
85.50 08.07
86.35 08.08
87.22 08.10
88.09 08.11
88.97 08.12
89.86 08.13
90.76 08.13
91.66 08.14
92.58 08.15
93.51 08.15
94.44 08.16
95.39 08.16
96.34 08.16
97.30 08.16
98.28 08.16
99.26 08.16
100.25 08.16
101.25 08.16
102.27 08.15
103.29 08.15
104.32 08.15
105.37 08.15
106.42 08.15
107.48 08.15
108.56 08.15
109.64 08.15
110.74 08.15
111.85 08.15
112.97 08.16
114.10 08.16
115.24 08.16
116.39 08.16
117.55 08.16
118.73 08.16
119.92 08.16
121.12 08.15
122.33 08.15
123.55 08.14
124.79 08.13
126.03 08.12
127.29 08.11
128.57 08.10
129.85 08.09
131.15 08.08
132.46 08.06
133.79 08.05
135.12 08.03
136.48 08.02
137.84 07.99
139.22 07.97
140.61 07.95
142.02 07.92
143.44 07.89
144.87 07.87
146.32 07.84
147.78 07.81
149.26 07.79
150.75 07.77
152.26 07.74
153.78 07.73
155.32 07.71
156.88 07.69
158.44 07.67
160.03 07.66
161.63 07.65
163.24 07.63
164.88 07.63
166.53 07.62
168.19 07.60
169.87 07.58
171.57 07.58
173.29 07.56
175.02 07.54
176.77 07.54
178.54 07.52
180.32 07.51
182.13 07.51
183.95 07.50
185.79 07.49
187.65 07.48
189.52 07.47
191.42 07.45
193.33 07.43
195.27 07.41
197.22 07.38
199.19 07.35
201.18 07.30
203.19 07.26
205.23 07.20
207.28 07.14
209.35 07.07
211.44 06.99
213.56 06.89
215.69 06.81
217.85 06.72
220.03 06.63
222.23 06.56
224.45 06.50
226.70 06.42
228.96 06.35
231.25 06.29
233.57 06.22
235.90 06.16
238.26 06.11
240.64 06.08
243.05 06.03
245.48 05.99
247.93 05.95
250.41 05.90
252.92 05.85
255.45 05.83
258.00 05.80
260.58 05.79
263.19 05.80
265.82 05.80
268.48 05.81
271.16 05.81
273.87 05.81
276.61 05.82
279.38 05.82
282.17 05.83
284.99 05.83
287.84 05.83
290.72 05.83
293.63 05.83
296.57 05.83
299.53 05.82
302.53 05.81
305.55 05.80
308.61 05.79
311.69 05.78
314.81 05.75
317.96 05.73
321.14 05.70
324.35 05.67
327.59 05.63
330.87 05.59
334.18 05.54
337.52 05.50
340.90 05.45
344.30 05.39
347.75 05.33
351.23 05.28
354.74 05.21
358.28 05.14
361.87 05.08
365.49 05.01
369.14 04.95
372.83 04.88
376.56 04.81
380.33 04.74
384.13 04.67
387.97 04.61
391.85 04.53
395.77 04.46
399.73 04.38
403.72 04.30
407.76 04.21
411.84 04.12
415.96 04.01
420.12 03.91
424.32 03.80
428.56 03.70
432.85 03.60
437.18 03.50
441.55 03.42
445.96 03.34
450.42 03.27
454.93 03.23
459.48 03.18
464.07 03.15
468.71 03.12
473.40 03.12
478.13 03.11
482.91 03.11
487.74 03.11
492.62 03.12
497.55 03.13
502.52 03.14
507.55 03.15
512.62 03.16
517.75 03.16
522.93 03.17
528.16 03.18
533.44 03.19
538.77 03.19
544.16 03.20
549.60 03.21
555.10 03.21
560.65 03.22
566.25 03.22
571.92 03.22
577.64 03.21
583.41 03.20
589.25 03.18
595.14 03.16
601.09 03.12
607.10 03.07
613.17 03.02
619.30 02.95
625.50 02.88
631.75 02.80
638.07 02.71
644.45 02.62
650.89 02.50
657.40 02.38
663.98 02.26
670.62 02.13
677.32 01.99
684.10 01.87
690.94 01.74
697.85 01.61
704.83 01.48
711.87 01.34
718.99 01.22
726.18 01.10
733.44 00.97
740.78 00.86
748.19 00.75
755.67 00.65
763.23 00.55
770.86 00.47
778.57 00.38
786.35 00.29
794.22 00.20
802.16 00.13
810.18 00.05
818.28 -00.04
826.46 -00.12
834.73 -00.21
843.08 -00.30
851.51 -00.40
860.02 -00.51
868.62 -00.62
877.31 -00.72
886.08 -00.84
894.94 -00.96
903.89 -01.08
912.93 -01.18
922.06 -01.29
931.28 -01.39
940.59 -01.50
950.00 -01.59
959.50 -01.68
969.09 -01.77
978.78 -01.84
988.57 -01.91
998.46 -01.98
1008.44 -02.04
1018.53 -02.09
1028.71 -02.15
1039.00 -02.19
1049.39 -02.22
1059.88 -02.26
1070.48 -02.28
1081.19 -02.31
1092.00 -02.33
1102.92 -02.35
1113.95 -02.36
1125.09 -02.36
1136.34 -02.37
1147.70 -02.36
1159.18 -02.35
1170.77 -02.34
1182.48 -02.34
1194.30 -02.33
1206.25 -02.31
1218.31 -02.29
1230.49 -02.27
1242.80 -02.25
1255.22 -02.24
1267.78 -02.22
1280.45 -02.20
1293.26 -02.17
1306.19 -02.14
1319.25 -02.11
1332.45 -02.08
1345.77 -02.04
1359.23 -02.00
1372.82 -01.97
1386.55 -01.93
1400.41 -01.89
1414.42 -01.86
1428.56 -01.82
1442.85 -01.79
1457.28 -01.76
1471.85 -01.73
1486.57 -01.71
1501.43 -01.69
1516.45 -01.68
1531.61 -01.66
1546.93 -01.65
1562.40 -01.65
1578.02 -01.65
1593.80 -01.66
1609.74 -01.67
1625.84 -01.69
1642.10 -01.70
1658.52 -01.71
1675.10 -01.74
1691.85 -01.77
1708.77 -01.79
1725.86 -01.83
1743.12 -01.85
1760.55 -01.90
1778.15 -01.94
1795.94 -01.99
1813.90 -02.04
1832.03 -02.11
1850.36 -02.18
1868.86 -02.27
1887.55 -02.35
1906.42 -02.44
1925.49 -02.52
1944.74 -02.61
1964.19 -02.68
1983.83 -02.72
2003.67 -02.72
2023.71 -02.69
2043.94 -02.60
2064.38 -02.46
2085.03 -02.27
2105.88 -02.03
2126.94 -01.79
2148.20 -01.54
2169.69 -01.28
2191.38 -01.04
2213.30 -00.81
2235.43 -00.60
2257.78 -00.43
2280.36 -00.29
2303.17 -00.19
2326.20 -00.10
2349.46 -00.05
2372.95 -00.02
2396.68 00.00
2420.65 00.00
2444.86 00.00
2469.31 00.01
2494.00 00.00
2518.94 00.01
2544.13 00.01
2569.57 00.01
2595.27 00.02
2621.22 00.02
2647.43 00.03
2673.90 00.04
2700.64 00.07
2727.65 00.09
2754.93 00.11
2782.48 00.14
2810.30 00.18
2838.40 00.21
2866.79 00.24
2895.46 00.29
2924.41 00.34
2953.65 00.39
2983.19 00.43
3013.02 00.46
3043.15 00.50
3073.58 00.52
3104.32 00.55
3135.36 00.55
3166.72 00.56
3198.38 00.54
3230.37 00.52
3262.67 00.47
3295.30 00.43
3328.25 00.36
3361.53 00.30
3395.15 00.21
3429.10 00.12
3463.39 00.03
3498.03 -00.09
3533.01 -00.21
3568.34 -00.34
3604.02 -00.50
3640.06 -00.67
3676.46 -00.87
3713.22 -01.09
3750.36 -01.32
3787.86 -01.57
3825.74 -01.85
3864.00 -02.15
3902.64 -02.48
3941.66 -02.83
3981.08 -03.20
4020.89 -03.59
4061.10 -03.98
4101.71 -04.35
4142.73 -04.67
4184.15 -04.91
4226.00 -05.00
4268.26 -04.95
4310.94 -04.73
4354.05 -04.38
4397.59 -03.93
4441.56 -03.41
4485.98 -02.86
4530.84 -02.31
4576.15 -01.77
4621.91 -01.26
4668.13 -00.79
4714.81 -00.36
4761.96 00.04
4809.58 00.41
4857.67 00.75
4906.25 01.07
4955.31 01.36
5004.87 01.64
5054.91 01.91
5105.46 02.16
5156.52 02.31
5208.08 02.40
5260.16 02.47
5312.77 02.52
5365.89 02.54
5419.55 02.53
5473.75 02.49
5528.49 02.39
5583.77 02.27
5639.61 02.08
5696.00 01.83
5752.96 01.53
5810.49 01.15
5868.60 00.70
5927.28 00.17
5986.56 -00.45
6046.42 -00.92
6106.89 -01.38
6167.96 -01.84
6229.64 -02.22
6291.93 -02.36
6354.85 -02.09
6418.40 -01.33
6482.58 -00.16
6547.41 01.24
6612.88 02.75
6679.01 04.24
6745.80 05.65
6813.26 06.97
6881.39 08.19
6950.21 09.31
7019.71 10.33
7089.91 11.25
7160.81 12.09
7232.41 12.83
7304.74 13.35
7377.79 13.78
7451.56 14.14
7526.08 14.43
7601.34 14.66
7677.35 14.83
7754.13 14.94
7831.67 14.99
7909.98 14.99
7989.08 14.92
8068.98 14.81
8149.67 14.65
8231.16 14.44
8313.47 14.18
8396.61 13.88
8480.57 13.53
8565.38 13.14
8651.03 12.72
8737.54 12.26
8824.92 11.79
8913.17 11.29
9002.30 10.77
9092.32 10.24
9183.25 09.68
9275.08 09.12
9367.83 08.53
9461.51 07.93
9556.12 07.30
9651.68 06.64
9748.20 05.96
9845.68 05.26
9944.14 04.54
10043.58 03.82
10144.02 03.13
10245.46 02.51
10347.91 02.08
10451.39 01.77
10555.91 01.62
10661.46 01.62
10768.08 01.75
10875.76 02.00
10984.52 02.33
11094.36 02.71
11205.31 03.08
11317.36 03.45
11430.53 03.80
11544.84 04.10
11660.29 04.37
11776.89 04.58
11894.66 04.75
12013.60 04.86
12133.74 04.93
12255.08 04.96
12377.63 04.96
12501.41 04.96
12626.42 04.98
12752.68 05.03
12880.21 05.12
13009.01 05.27
13139.10 05.48
13270.49 05.74
13403.20 06.03
13537.23 06.34
13672.60 06.64
13809.33 06.94
13947.42 07.21
14086.90 07.46
14227.77 07.67
14370.04 07.84
14513.74 07.94
14658.88 07.86
14805.47 07.75
14953.52 07.61
15103.06 07.46
15254.09 07.31
15406.63 07.15
15560.70 07.01
15716.30 06.87
15873.47 06.76
16032.20 06.64
16192.52 06.52
16354.45 06.38
16517.99 06.21
16683.17 06.00
16850.01 05.74
17018.51 05.43
17188.69 05.06
17360.58 04.63
17534.18 04.12
17709.53 03.49
17886.62 02.77
18065.49 01.92
18246.14 00.96
18428.60 -00.12
18612.89 -01.29
18799.02 -02.55
18987.01 -03.88
19176.88 -05.23
19368.65 -06.62
19562.33 -08.01
19757.96 -09.42
19955.54 -10.83
20000.00 -11.15
