20.00 -00.11
20.20 00.01
20.40 00.13
20.61 00.25
20.81 00.36
21.02 00.47
21.23 00.58
21.44 00.69
21.66 00.79
21.87 00.89
22.09 00.99
22.31 01.09
22.54 01.20
22.76 01.29
22.99 01.39
23.22 01.49
23.45 01.58
23.69 01.68
23.92 01.77
24.16 01.87
24.40 01.96
24.65 02.06
24.89 02.15
25.14 02.24
25.39 02.33
25.65 02.42
25.91 02.51
26.16 02.60
26.43 02.69
26.69 02.77
26.96 02.86
27.23 02.94
27.50 03.02
27.77 03.10
28.05 03.18
28.33 03.26
28.62 03.33
28.90 03.41
29.19 03.48
29.48 03.55
29.78 03.62
30.08 03.69
30.38 03.76
30.68 03.82
30.99 03.88
31.30 03.94
31.61 04.00
31.93 04.06
32.24 04.11
32.57 04.17
32.89 04.22
33.22 04.27
33.55 04.33
33.89 04.38
34.23 04.43
34.57 04.48
34.92 04.52
35.27 04.57
35.62 04.62
35.97 04.66
36.33 04.71
36.70 04.75
37.06 04.80
37.43 04.84
37.81 04.88
38.19 04.92
38.57 04.96
38.95 05.00
39.34 05.03
39.74 05.07
40.14 05.10
40.54 05.14
40.94 05.17
41.35 05.20
41.76 05.23
42.18 05.26
42.60 05.28
43.03 05.31
43.46 05.34
43.90 05.36
44.33 05.39
44.78 05.41
45.23 05.44
45.68 05.46
46.13 05.48
46.60 05.50
47.06 05.52
47.53 05.54
48.01 05.56
48.49 05.57
48.97 05.59
49.46 05.60
49.96 05.62
50.46 05.63
50.96 05.64
51.47 05.64
51.99 05.65
52.51 05.65
53.03 05.66
53.56 05.66
54.10 05.65
54.64 05.65
55.18 05.65
55.74 05.64
56.29 05.63
56.86 05.62
57.42 05.61
58.00 05.60
58.58 05.59
59.16 05.57
59.76 05.56
60.35 05.54
60.96 05.52
61.57 05.51
62.18 05.49
62.80 05.47
63.43 05.44
64.07 05.42
64.71 05.39
65.35 05.37
66.01 05.34
66.67 05.31
67.33 05.28
68.01 05.25
68.69 05.22
69.37 05.19
70.07 05.16
70.77 05.13
71.48 05.09
72.19 05.06
72.91 05.03
73.64 05.00
74.38 04.97
75.12 04.94
75.87 04.91
76.63 04.88
77.40 04.85
78.17 04.83
78.95 04.80
79.74 04.78
80.54 04.75
81.35 04.73
82.16 04.70
82.98 04.68
83.81 04.66
84.65 04.64
85.50 04.61
86.35 04.59
87.22 04.57
88.09 04.55
88.97 04.53
89.86 04.51
90.76 04.49
91.66 04.47
92.58 04.45
93.51 04.43
94.44 04.41
95.39 04.39
96.34 04.37
97.30 04.35
98.28 04.32
99.26 04.30
100.25 04.28
101.25 04.26
102.27 04.23
103.29 04.21
104.32 04.19
105.37 04.16
106.42 04.14
107.48 04.11
108.56 04.08
109.64 04.06
110.74 04.03
111.85 04.00
112.97 03.97
114.10 03.95
115.24 03.92
116.39 03.89
117.55 03.87
118.73 03.84
119.92 03.82
121.12 03.79
122.33 03.77
123.55 03.74
124.79 03.72
126.03 03.70
127.29 03.67
128.57 03.65
129.85 03.62
131.15 03.60
132.46 03.57
133.79 03.54
135.12 03.51
136.48 03.49
137.84 03.46
139.22 03.43
140.61 03.40
142.02 03.37
143.44 03.34
144.87 03.31
146.32 03.28
147.78 03.25
149.26 03.22
150.75 03.19
152.26 03.16
153.78 03.13
155.32 03.10
156.88 03.07
158.44 03.04
160.03 03.01
161.63 02.98
163.24 02.96
164.88 02.94
166.53 02.92
168.19 02.88
169.87 02.84
171.57 02.81
173.29 02.77
175.02 02.72
176.77 02.68
178.54 02.64
180.32 02.59
182.13 02.56
183.95 02.52
185.79 02.48
187.65 02.46
189.52 02.44
191.42 02.43
193.33 02.41
195.27 02.40
197.22 02.38
199.19 02.37
201.18 02.34
203.19 02.32
205.23 02.29
207.28 02.26
209.35 02.22
211.44 02.19
213.56 02.15
215.69 02.11
217.85 02.08
220.03 02.03
222.23 01.99
224.45 01.96
226.70 01.92
228.96 01.88
231.25 01.84
233.57 01.81
235.90 01.77
238.26 01.73
240.64 01.71
243.05 01.69
245.48 01.67
247.93 01.66
250.41 01.64
252.92 01.63
255.45 01.64
258.00 01.63
260.58 01.62
263.19 01.63
265.82 01.62
268.48 01.62
271.16 01.62
273.87 01.60
276.61 01.60
279.38 01.58
282.17 01.57
284.99 01.54
287.84 01.52
290.72 01.49
293.63 01.46
296.57 01.44
299.53 01.41
302.53 01.38
305.55 01.34
308.61 01.31
311.69 01.29
314.81 01.25
317.96 01.22
321.14 01.19
324.35 01.16
327.59 01.12
330.87 01.08
334.18 01.04
337.52 01.01
340.90 00.98
344.30 00.94
347.75 00.91
351.23 00.89
354.74 00.86
358.28 00.82
361.87 00.80
365.49 00.76
369.14 00.73
372.83 00.68
376.56 00.61
380.33 00.55
384.13 00.45
387.97 00.35
391.85 00.22
395.77 00.08
399.73 -00.08
403.72 -00.25
407.76 -00.44
411.84 -00.62
415.96 -00.82
420.12 -01.00
424.32 -01.19
428.56 -01.37
432.85 -01.54
437.18 -01.71
441.55 -01.86
445.96 -02.01
450.42 -02.15
454.93 -02.29
459.48 -02.44
464.07 -02.59
468.71 -02.74
473.40 -02.88
478.13 -03.01
482.91 -03.14
487.74 -03.26
492.62 -03.36
497.55 -03.46
502.52 -03.56
507.55 -03.65
512.62 -03.74
517.75 -03.82
522.93 -03.89
528.16 -03.97
533.44 -04.03
538.77 -04.10
544.16 -04.16
549.60 -04.19
555.10 -04.21
560.65 -04.19
566.25 -04.16
571.92 -04.08
577.64 -03.98
583.41 -03.84
589.25 -03.67
595.14 -03.45
601.09 -03.18
607.10 -02.88
613.17 -02.54
619.30 -02.20
625.50 -01.85
631.75 -01.52
638.07 -01.21
644.45 -00.94
650.89 -00.71
657.40 -00.52
663.98 -00.36
670.62 -00.25
677.32 -00.18
684.10 -00.15
690.94 -00.16
697.85 -00.21
704.83 -00.30
711.87 -00.41
718.99 -00.53
726.18 -00.68
733.44 -00.84
740.78 -01.00
748.19 -01.13
755.67 -01.26
763.23 -01.35
770.86 -01.39
778.57 -01.39
786.35 -01.35
794.22 -01.27
802.16 -01.14
810.18 -00.99
818.28 -00.82
826.46 -00.64
834.73 -00.45
843.08 -00.27
851.51 -00.09
860.02 00.07
868.62 00.23
877.31 00.39
886.08 00.54
894.94 00.67
903.89 00.79
912.93 00.93
922.06 01.04
931.28 01.16
940.59 01.26
950.00 01.36
959.50 01.45
969.09 01.52
978.78 01.59
988.57 01.66
998.46 01.71
1008.44 01.77
1018.53 01.82
1028.71 01.86
1039.00 01.90
1049.39 01.94
1059.88 01.97
1070.48 02.01
1081.19 02.05
1092.00 02.07
1102.92 02.11
1113.95 02.14
1125.09 02.17
1136.34 02.19
1147.70 02.21
1159.18 02.24
1170.77 02.26
1182.48 02.27
1194.30 02.28
1206.25 02.30
1218.31 02.31
1230.49 02.33
1242.80 02.34
1255.22 02.35
1267.78 02.36
1280.45 02.37
1293.26 02.39
1306.19 02.41
1319.25 02.42
1332.45 02.43
1345.77 02.44
1359.23 02.45
1372.82 02.46
1386.55 02.47
1400.41 02.48
1414.42 02.49
1428.56 02.50
1442.85 02.50
1457.28 02.51
1471.85 02.51
1486.57 02.51
1501.43 02.51
1516.45 02.50
1531.61 02.50
1546.93 02.48
1562.40 02.47
1578.02 02.45
1593.80 02.43
1609.74 02.43
1625.84 02.41
1642.10 02.39
1658.52 02.38
1675.10 02.37
1691.85 02.36
1708.77 02.37
1725.86 02.38
1743.12 02.40
1760.55 02.41
1778.15 02.43
1795.94 02.45
1813.90 02.47
1832.03 02.49
1850.36 02.52
1868.86 02.54
1887.55 02.56
1906.42 02.58
1925.49 02.58
1944.74 02.58
1964.19 02.58
1983.83 02.57
2003.67 02.57
2023.71 02.56
2043.94 02.54
2064.38 02.53
2085.03 02.51
2105.88 02.50
2126.94 02.47
2148.20 02.45
2169.69 02.42
2191.38 02.40
2213.30 02.38
2235.43 02.37
2257.78 02.35
2280.36 02.34
2303.17 02.32
2326.20 02.33
2349.46 02.32
2372.95 02.31
2396.68 02.32
2420.65 02.31
2444.86 02.31
2469.31 02.32
2494.00 02.31
2518.94 02.32
2544.13 02.31
2569.57 02.31
2595.27 02.30
2621.22 02.28
2647.43 02.26
2673.90 02.24
2700.64 02.23
2727.65 02.20
2754.93 02.17
2782.48 02.14
2810.30 02.11
2838.40 02.06
2866.79 02.01
2895.46 01.96
2924.41 01.90
2953.65 01.83
2983.19 01.74
3013.02 01.64
3043.15 01.53
3073.58 01.38
3104.32 01.21
3135.36 01.00
3166.72 00.76
3198.38 00.47
3230.37 00.16
3262.67 -00.21
3295.30 -00.60
3328.25 -01.02
3361.53 -01.47
3395.15 -01.93
3429.10 -02.39
3463.39 -02.83
3498.03 -03.25
3533.01 -03.60
3568.34 -03.89
3604.02 -04.11
3640.06 -04.28
3676.46 -04.40
3713.22 -04.47
3750.36 -04.50
3787.86 -04.48
3825.74 -04.42
3864.00 -04.34
3902.64 -04.24
3941.66 -04.13
3981.08 -03.99
4020.89 -03.83
4061.10 -03.64
4101.71 -03.44
4142.73 -03.22
4184.15 -03.00
4226.00 -02.77
4268.26 -02.56
4310.94 -02.34
4354.05 -02.13
4397.59 -01.92
4441.56 -01.71
4485.98 -01.52
4530.84 -01.33
4576.15 -01.16
4621.91 -01.00
4668.13 -00.85
4714.81 -00.70
4761.96 -00.55
4809.58 -00.40
4857.67 -00.26
4906.25 -00.12
4955.31 00.02
5004.87 00.16
5054.91 00.28
5105.46 00.38
5156.52 00.38
5208.08 00.32
5260.16 00.24
5312.77 00.12
5365.89 -00.03
5419.55 -00.22
5473.75 -00.45
5528.49 -00.74
5583.77 -01.06
5639.61 -01.43
5696.00 -01.84
5752.96 -02.27
5810.49 -02.73
5868.60 -03.21
5927.28 -03.69
5986.56 -04.17
6046.42 -04.41
6106.89 -04.53
6167.96 -04.60
6229.64 -04.60
6291.93 -04.53
6354.85 -04.39
6418.40 -04.17
6482.58 -03.87
6547.41 -03.51
6612.88 -03.09
6679.01 -02.64
6745.80 -02.17
6813.26 -01.68
6881.39 -01.21
6950.21 -00.73
7019.71 -00.27
7089.91 00.17
7160.81 00.60
7232.41 01.00
7304.74 01.23
7377.79 01.42
7451.56 01.59
7526.08 01.74
7601.34 01.89
7677.35 02.02
7754.13 02.15
7831.67 02.27
7909.98 02.38
7989.08 02.48
8068.98 02.55
8149.67 02.60
8231.16 02.60
8313.47 02.55
8396.61 02.45
8480.57 02.31
8565.38 02.13
8651.03 01.91
8737.54 01.65
8824.92 01.37
8913.17 01.09
9002.30 00.83
9092.32 00.62
9183.25 00.52
9275.08 00.55
9367.83 00.72
9461.51 01.01
9556.12 01.41
9651.68 01.88
9748.20 02.38
9845.68 02.90
9944.14 03.38
10043.58 03.82
10144.02 04.17
10245.46 04.43
10347.91 04.68
10451.39 04.84
10555.91 04.90
10661.46 04.86
10768.08 04.71
10875.76 04.44
10984.52 04.07
11094.36 03.57
11205.31 02.93
11317.36 02.16
11430.53 01.27
11544.84 00.28
11660.29 -00.76
11776.89 -01.81
11894.66 -02.78
12013.60 -03.60
12133.74 -04.17
12255.08 -04.46
12377.63 -04.47
12501.41 -04.25
12626.42 -03.86
12752.68 -03.33
12880.21 -02.73
13009.01 -02.07
13139.10 -01.40
13270.49 -00.72
13403.20 -00.03
13537.23 00.67
13672.60 01.37
13809.33 02.09
13947.42 02.79
14086.90 03.45
14227.77 04.04
14370.04 04.53
14513.74 04.88
14658.88 04.97
14805.47 04.95
14953.52 04.84
15103.06 04.64
15254.09 04.35
15406.63 03.95
15560.70 03.43
15716.30 02.78
15873.47 02.02
16032.20 01.17
16192.52 00.28
16354.45 -00.59
16517.99 -01.40
16683.17 -02.13
16850.01 -02.78
17018.51 -03.36
17188.69 -03.88
17360.58 -04.34
17534.18 -04.74
17709.53 -05.08
17886.62 -05.33
18065.49 -05.51
18246.14 -05.61
18428.60 -05.65
18612.89 -05.67
18799.02 -05.70
18987.01 -05.77
19176.88 -05.87
19368.65 -06.01
19562.33 -06.18
19757.96 -06.39
19955.54 -06.69
20000.00 -06.78
