20.00 03.58
20.20 03.62
20.40 03.66
20.61 03.70
20.81 03.74
21.02 03.78
21.23 03.81
21.44 03.85
21.66 03.88
21.87 03.91
22.09 03.95
22.31 03.98
22.54 04.01
22.76 04.04
22.99 04.07
23.22 04.10
23.45 04.13
23.69 04.15
23.92 04.18
24.16 04.21
24.40 04.24
24.65 04.26
24.89 04.29
25.14 04.31
25.39 04.34
25.65 04.36
25.91 04.38
26.16 04.41
26.43 04.43
26.69 04.45
26.96 04.47
27.23 04.49
27.50 04.51
27.77 04.53
28.05 04.54
28.33 04.56
28.62 04.57
28.90 04.59
29.19 04.60
29.48 04.62
29.78 04.63
30.08 04.64
30.38 04.65
30.68 04.65
30.99 04.66
31.30 04.67
31.61 04.67
31.93 04.67
32.24 04.68
32.57 04.68
32.89 04.68
33.22 04.68
33.55 04.67
33.89 04.67
34.23 04.67
34.57 04.67
34.92 04.66
35.27 04.66
35.62 04.65
35.97 04.65
36.33 04.64
36.70 04.63
37.06 04.63
37.43 04.62
37.81 04.61
38.19 04.60
38.57 04.59
38.95 04.59
39.34 04.58
39.74 04.56
40.14 04.55
40.54 04.54
40.94 04.53
41.35 04.52
41.76 04.50
42.18 04.49
42.60 04.48
43.03 04.46
43.46 04.45
43.90 04.43
44.33 04.41
44.78 04.40
45.23 04.38
45.68 04.36
46.13 04.34
46.60 04.32
47.06 04.30
47.53 04.28
48.01 04.25
48.49 04.23
48.97 04.21
49.46 04.18
49.96 04.16
50.46 04.14
50.96 04.12
51.47 04.10
51.99 04.08
52.51 04.07
53.03 04.07
53.56 04.06
54.10 04.07
54.64 04.07
55.18 04.08
55.74 04.10
56.29 04.12
56.86 04.15
57.42 04.17
58.00 04.20
58.58 04.23
59.16 04.27
59.76 04.30
60.35 04.33
60.96 04.36
61.57 04.39
62.18 04.42
62.80 04.45
63.43 04.47
64.07 04.50
64.71 04.53
65.35 04.55
66.01 04.57
66.67 04.59
67.33 04.61
68.01 04.63
68.69 04.65
69.37 04.67
70.07 04.69
70.77 04.70
71.48 04.72
72.19 04.73
72.91 04.75
73.64 04.76
74.38 04.77
75.12 04.77
75.87 04.78
76.63 04.79
77.40 04.79
78.17 04.79
78.95 04.79
79.74 04.79
80.54 04.79
81.35 04.78
82.16 04.78
82.98 04.77
83.81 04.75
84.65 04.74
85.50 04.72
86.35 04.71
87.22 04.69
88.09 04.67
88.97 04.64
89.86 04.62
90.76 04.59
91.66 04.56
92.58 04.53
93.51 04.50
94.44 04.47
95.39 04.44
96.34 04.40
97.30 04.37
98.28 04.33
99.26 04.30
100.25 04.26
101.25 04.22
102.27 04.18
103.29 04.14
104.32 04.11
105.37 04.07
106.42 04.02
107.48 03.98
108.56 03.94
109.64 03.90
110.74 03.85
111.85 03.81
112.97 03.76
114.10 03.72
115.24 03.67
116.39 03.62
117.55 03.57
118.73 03.52
119.92 03.46
121.12 03.41
122.33 03.35
123.55 03.29
124.79 03.23
126.03 03.17
127.29 03.10
128.57 03.03
129.85 02.96
131.15 02.89
132.46 02.82
133.79 02.75
135.12 02.67
136.48 02.60
137.84 02.52
139.22 02.44
140.61 02.37
142.02 02.29
143.44 02.21
144.87 02.13
146.32 02.05
147.78 01.98
149.26 01.90
150.75 01.83
152.26 01.76
153.78 01.68
155.32 01.61
156.88 01.53
158.44 01.45
160.03 01.37
161.63 01.29
163.24 01.21
164.88 01.13
166.53 01.05
168.19 00.98
169.87 00.91
171.57 00.85
173.29 00.80
175.02 00.74
176.77 00.71
178.54 00.66
180.32 00.62
182.13 00.59
183.95 00.54
185.79 00.48
187.65 00.41
189.52 00.33
191.42 00.23
193.33 00.12
195.27 00.00
197.22 -00.13
199.19 -00.26
201.18 -00.39
203.19 -00.52
205.23 -00.65
207.28 -00.76
209.35 -00.87
211.44 -00.94
213.56 -01.01
215.69 -01.04
217.85 -01.06
220.03 -01.06
222.23 -01.04
224.45 -01.00
226.70 -00.95
228.96 -00.88
231.25 -00.78
233.57 -00.69
235.90 -00.59
238.26 -00.48
240.64 -00.36
243.05 -00.26
245.48 -00.16
247.93 -00.05
250.41 00.04
252.92 00.12
255.45 00.20
258.00 00.25
260.58 00.28
263.19 00.32
265.82 00.33
268.48 00.35
271.16 00.35
273.87 00.36
276.61 00.37
279.38 00.38
282.17 00.39
284.99 00.39
287.84 00.39
290.72 00.39
293.63 00.40
296.57 00.41
299.53 00.41
302.53 00.41
305.55 00.40
308.61 00.41
311.69 00.40
314.81 00.39
317.96 00.39
321.14 00.37
324.35 00.36
327.59 00.33
330.87 00.30
334.18 00.27
337.52 00.25
340.90 00.21
344.30 00.17
347.75 00.14
351.23 00.12
354.74 00.09
358.28 00.08
361.87 00.08
365.49 00.07
369.14 00.08
372.83 00.08
376.56 00.08
380.33 00.08
384.13 00.06
387.97 00.06
391.85 00.03
395.77 00.00
399.73 -00.04
403.72 -00.07
407.76 -00.12
411.84 -00.16
415.96 -00.22
420.12 -00.26
424.32 -00.30
428.56 -00.33
432.85 -00.35
437.18 -00.37
441.55 -00.36
445.96 -00.34
450.42 -00.30
454.93 -00.24
459.48 -00.18
464.07 -00.10
468.71 -00.02
473.40 00.08
478.13 00.17
482.91 00.25
487.74 00.33
492.62 00.41
497.55 00.46
502.52 00.50
507.55 00.53
512.62 00.54
517.75 00.54
522.93 00.55
528.16 00.53
533.44 00.52
538.77 00.50
544.16 00.48
549.60 00.47
555.10 00.46
560.65 00.46
566.25 00.45
571.92 00.46
577.64 00.46
583.41 00.47
589.25 00.47
595.14 00.49
601.09 00.51
607.10 00.51
613.17 00.53
619.30 00.53
625.50 00.55
631.75 00.56
638.07 00.56
644.45 00.56
650.89 00.54
657.40 00.52
663.98 00.51
670.62 00.49
677.32 00.47
684.10 00.46
690.94 00.44
697.85 00.44
704.83 00.43
711.87 00.42
718.99 00.42
726.18 00.41
733.44 00.41
740.78 00.41
748.19 00.42
755.67 00.42
763.23 00.43
770.86 00.45
778.57 00.45
786.35 00.46
794.22 00.47
802.16 00.49
810.18 00.50
818.28 00.51
826.46 00.52
834.73 00.53
843.08 00.53
851.51 00.53
860.02 00.52
868.62 00.52
877.31 00.51
886.08 00.49
894.94 00.47
903.89 00.45
912.93 00.43
922.06 00.41
931.28 00.39
940.59 00.36
950.00 00.33
959.50 00.31
969.09 00.27
978.78 00.24
988.57 00.21
998.46 00.17
1008.44 00.13
1018.53 00.10
1028.71 00.06
1039.00 00.02
1049.39 -00.01
1059.88 -00.06
1070.48 -00.10
1081.19 -00.14
1092.00 -00.20
1102.92 -00.25
1113.95 -00.30
1125.09 -00.36
1136.34 -00.43
1147.70 -00.48
1159.18 -00.54
1170.77 -00.60
1182.48 -00.67
1194.30 -00.73
1206.25 -00.79
1218.31 -00.84
1230.49 -00.90
1242.80 -00.95
1255.22 -01.02
1267.78 -01.07
1280.45 -01.12
1293.26 -01.16
1306.19 -01.20
1319.25 -01.24
1332.45 -01.28
1345.77 -01.31
1359.23 -01.35
1372.82 -01.37
1386.55 -01.40
1400.41 -01.42
1414.42 -01.44
1428.56 -01.46
1442.85 -01.48
1457.28 -01.49
1471.85 -01.50
1486.57 -01.51
1501.43 -01.52
1516.45 -01.52
1531.61 -01.51
1546.93 -01.52
1562.40 -01.52
1578.02 -01.52
1593.80 -01.52
1609.74 -01.50
1625.84 -01.50
1642.10 -01.49
1658.52 -01.46
1675.10 -01.44
1691.85 -01.42
1708.77 -01.37
1725.86 -01.33
1743.12 -01.28
1760.55 -01.22
1778.15 -01.17
1795.94 -01.10
1813.90 -01.04
1832.03 -00.98
1850.36 -00.93
1868.86 -00.87
1887.55 -00.81
1906.42 -00.76
1925.49 -00.72
1944.74 -00.69
1964.19 -00.67
1983.83 -00.65
2003.67 -00.64
2023.71 -00.64
2043.94 -00.64
2064.38 -00.66
2085.03 -00.68
2105.88 -00.70
2126.94 -00.74
2148.20 -00.79
2169.69 -00.86
2191.38 -00.93
2213.30 -01.02
2235.43 -01.11
2257.78 -01.22
2280.36 -01.34
2303.17 -01.46
2326.20 -01.59
2349.46 -01.74
2372.95 -01.90
2396.68 -02.06
2420.65 -02.24
2444.86 -02.42
2469.31 -02.60
2494.00 -02.81
2518.94 -03.01
2544.13 -03.24
2569.57 -03.48
2595.27 -03.74
2621.22 -04.01
2647.43 -04.29
2673.90 -04.58
2700.64 -04.85
2727.65 -05.12
2754.93 -05.36
2782.48 -05.55
2810.30 -05.62
2838.40 -05.55
2866.79 -05.27
2895.46 -04.76
2924.41 -04.09
2953.65 -03.28
2983.19 -02.45
3013.02 -01.65
3043.15 -00.92
3073.58 -00.29
3104.32 00.26
3135.36 00.70
3166.72 01.04
3198.38 01.29
3230.37 01.44
3262.67 01.49
3295.30 01.45
3328.25 01.30
3361.53 01.06
3395.15 00.73
3429.10 00.35
3463.39 -00.09
3498.03 -00.58
3533.01 -01.10
3568.34 -01.64
3604.02 -02.23
3640.06 -02.82
3676.46 -03.44
3713.22 -04.04
3750.36 -04.60
3787.86 -05.12
3825.74 -05.59
3864.00 -05.99
3902.64 -06.32
3941.66 -06.59
3981.08 -06.77
4020.89 -06.86
4061.10 -06.88
4101.71 -06.87
4142.73 -06.85
4184.15 -06.84
4226.00 -06.83
4268.26 -06.84
4310.94 -06.87
4354.05 -06.92
4397.59 -06.99
4441.56 -07.08
4485.98 -07.19
4530.84 -07.32
4576.15 -07.46
4621.91 -07.62
4668.13 -07.80
4714.81 -07.98
4761.96 -08.16
4809.58 -08.33
4857.67 -08.47
4906.25 -08.58
4955.31 -08.65
5004.87 -08.68
5054.91 -08.66
5105.46 -08.60
5156.52 -08.58
5208.08 -08.59
5260.16 -08.58
5312.77 -08.58
5365.89 -08.59
5419.55 -08.62
5473.75 -08.68
5528.49 -08.79
5583.77 -08.92
5639.61 -09.11
5696.00 -09.34
5752.96 -09.61
5810.49 -09.92
5868.60 -10.27
5927.28 -10.63
5986.56 -11.00
6046.42 -11.13
6106.89 -11.12
6167.96 -11.00
6229.64 -10.73
6291.93 -10.29
6354.85 -09.68
6418.40 -08.93
6482.58 -08.07
6547.41 -07.16
6612.88 -06.23
6679.01 -05.32
6745.80 -04.44
6813.26 -03.58
6881.39 -02.78
6950.21 -02.02
7019.71 -01.32
7089.91 -00.68
7160.81 -00.11
7232.41 00.38
7304.74 00.68
7377.79 00.91
7451.56 01.11
7526.08 01.28
7601.34 01.42
7677.35 01.53
7754.13 01.61
7831.67 01.66
7909.98 01.69
7989.08 01.71
8068.98 01.73
8149.67 01.76
8231.16 01.79
8313.47 01.83
8396.61 01.88
8480.57 01.94
8565.38 02.01
8651.03 02.10
8737.54 02.20
8824.92 02.32
8913.17 02.45
9002.30 02.59
9092.32 02.73
9183.25 02.87
9275.08 02.99
9367.83 03.10
9461.51 03.17
9556.12 03.19
9651.68 03.14
9748.20 03.02
9845.68 02.81
9944.14 02.55
10043.58 02.24
10144.02 01.90
10245.46 01.57
10347.91 01.32
10451.39 01.09
10555.91 00.89
10661.46 00.76
10768.08 00.71
10875.76 00.76
10984.52 00.90
11094.36 01.06
11205.31 01.18
11317.36 01.25
11430.53 01.24
11544.84 01.13
11660.29 00.94
11776.89 00.62
11894.66 00.20
12013.60 -00.35
12133.74 -01.00
12255.08 -01.75
12377.63 -02.58
12501.41 -03.48
12626.42 -04.49
12752.68 -05.59
12880.21 -06.76
13009.01 -07.82
13139.10 -08.57
13270.49 -08.75
13403.20 -08.21
13537.23 -07.12
13672.60 -05.88
13809.33 -04.76
13947.42 -03.84
14086.90 -03.14
14227.77 -02.61
14370.04 -02.19
14513.74 -01.86
14658.88 -01.70
14805.47 -01.61
14953.52 -01.63
15103.06 -01.82
15254.09 -02.20
15406.63 -02.76
15560.70 -03.40
15716.30 -04.03
15873.47 -04.64
16032.20 -05.24
16192.52 -05.89
16354.45 -06.73
16517.99 -07.77
16683.17 -08.92
16850.01 -09.88
17018.51 -10.17
17188.69 -09.87
17360.58 -09.19
17534.18 -08.52
17709.53 -08.00
17886.62 -07.61
18065.49 -07.33
18246.14 -07.12
18428.60 -07.03
18612.89 -07.07
18799.02 -07.29
18987.01 -07.68
19176.88 -08.22
19368.65 -08.85
19562.33 -09.45
19757.96 -09.93
19955.54 -10.28
20000.00 -10.36
