20.00 01.76
20.20 01.88
20.40 02.00
20.61 02.12
20.81 02.23
21.02 02.35
21.23 02.46
21.44 02.56
21.66 02.67
21.87 02.77
22.09 02.87
22.31 02.96
22.54 03.06
22.76 03.15
22.99 03.24
23.22 03.32
23.45 03.40
23.69 03.49
23.92 03.56
24.16 03.64
24.40 03.72
24.65 03.79
24.89 03.87
25.14 03.94
25.39 04.01
25.65 04.09
25.91 04.16
26.16 04.23
26.43 04.30
26.69 04.37
26.96 04.44
27.23 04.51
27.50 04.58
27.77 04.65
28.05 04.71
28.33 04.78
28.62 04.84
28.90 04.91
29.19 04.97
29.48 05.03
29.78 05.09
30.08 05.15
30.38 05.21
30.68 05.26
30.99 05.32
31.30 05.37
31.61 05.42
31.93 05.47
32.24 05.52
32.57 05.57
32.89 05.62
33.22 05.66
33.55 05.70
33.89 05.74
34.23 05.78
34.57 05.82
34.92 05.86
35.27 05.90
35.62 05.94
35.97 05.97
36.33 06.01
36.70 06.04
37.06 06.08
37.43 06.11
37.81 06.14
38.19 06.18
38.57 06.21
38.95 06.24
39.34 06.27
39.74 06.29
40.14 06.32
40.54 06.35
40.94 06.37
41.35 06.39
41.76 06.42
42.18 06.44
42.60 06.46
43.03 06.47
43.46 06.49
43.90 06.51
44.33 06.52
44.78 06.53
45.23 06.54
45.68 06.55
46.13 06.55
46.60 06.55
47.06 06.55
47.53 06.55
48.01 06.55
48.49 06.55
48.97 06.54
49.46 06.53
49.96 06.52
50.46 06.51
50.96 06.50
51.47 06.49
51.99 06.47
52.51 06.46
53.03 06.45
53.56 06.43
54.10 06.42
54.64 06.41
55.18 06.40
55.74 06.38
56.29 06.37
56.86 06.36
57.42 06.36
58.00 06.35
58.58 06.34
59.16 06.34
59.76 06.33
60.35 06.33
60.96 06.32
61.57 06.32
62.18 06.32
62.80 06.32
63.43 06.31
64.07 06.31
64.71 06.31
65.35 06.31
66.01 06.31
66.67 06.31
67.33 06.30
68.01 06.30
68.69 06.30
69.37 06.29
70.07 06.28
70.77 06.28
71.48 06.27
72.19 06.26
72.91 06.25
73.64 06.24
74.38 06.23
75.12 06.22
75.87 06.21
76.63 06.19
77.40 06.18
78.17 06.16
78.95 06.15
79.74 06.13
80.54 06.12
81.35 06.10
82.16 06.08
82.98 06.06
83.81 06.04
84.65 06.02
85.50 06.00
86.35 05.97
87.22 05.95
88.09 05.92
88.97 05.90
89.86 05.88
90.76 05.85
91.66 05.83
92.58 05.81
93.51 05.79
94.44 05.77
95.39 05.75
96.34 05.74
97.30 05.72
98.28 05.71
99.26 05.69
100.25 05.68
101.25 05.66
102.27 05.65
103.29 05.63
104.32 05.61
105.37 05.59
106.42 05.57
107.48 05.55
108.56 05.53
109.64 05.50
110.74 05.47
111.85 05.44
112.97 05.41
114.10 05.38
115.24 05.34
116.39 05.31
117.55 05.27
118.73 05.23
119.92 05.19
121.12 05.15
122.33 05.11
123.55 05.06
124.79 05.02
126.03 04.97
127.29 04.92
128.57 04.87
129.85 04.82
131.15 04.76
132.46 04.70
133.79 04.65
135.12 04.60
136.48 04.55
137.84 04.51
139.22 04.48
140.61 04.45
142.02 04.43
143.44 04.42
144.87 04.42
146.32 04.43
147.78 04.45
149.26 04.47
150.75 04.50
152.26 04.53
153.78 04.56
155.32 04.59
156.88 04.62
158.44 04.63
160.03 04.64
161.63 04.65
163.24 04.65
164.88 04.64
166.53 04.60
168.19 04.56
169.87 04.49
171.57 04.42
173.29 04.32
175.02 04.20
176.77 04.09
178.54 03.96
180.32 03.82
182.13 03.68
183.95 03.54
185.79 03.39
187.65 03.25
189.52 03.11
191.42 02.99
193.33 02.88
195.27 02.80
197.22 02.72
199.19 02.67
201.18 02.62
203.19 02.59
205.23 02.55
207.28 02.51
209.35 02.46
211.44 02.41
213.56 02.35
215.69 02.29
217.85 02.21
220.03 02.11
222.23 02.03
224.45 01.94
226.70 01.86
228.96 01.81
231.25 01.78
233.57 01.77
235.90 01.78
238.26 01.80
240.64 01.84
243.05 01.88
245.48 01.92
247.93 01.97
250.41 02.01
252.92 02.05
255.45 02.10
258.00 02.12
260.58 02.14
263.19 02.17
265.82 02.17
268.48 02.18
271.16 02.18
273.87 02.16
276.61 02.16
279.38 02.13
282.17 02.11
284.99 02.07
287.84 02.04
290.72 01.99
293.63 01.95
296.57 01.91
299.53 01.86
302.53 01.82
305.55 01.77
308.61 01.72
311.69 01.67
314.81 01.61
317.96 01.56
321.14 01.50
324.35 01.44
327.59 01.38
330.87 01.32
334.18 01.26
337.52 01.22
340.90 01.17
344.30 01.14
347.75 01.12
351.23 01.12
354.74 01.13
358.28 01.15
361.87 01.19
365.49 01.23
369.14 01.28
372.83 01.32
376.56 01.36
380.33 01.41
384.13 01.44
387.97 01.49
391.85 01.51
395.77 01.54
399.73 01.55
403.72 01.56
407.76 01.55
411.84 01.55
415.96 01.54
420.12 01.53
424.32 01.51
428.56 01.50
432.85 01.48
437.18 01.44
441.55 01.42
445.96 01.40
450.42 01.37
454.93 01.35
459.48 01.32
464.07 01.30
468.71 01.28
473.40 01.27
478.13 01.25
482.91 01.23
487.74 01.21
492.62 01.21
497.55 01.19
502.52 01.18
507.55 01.18
512.62 01.17
517.75 01.16
522.93 01.16
528.16 01.15
533.44 01.15
538.77 01.14
544.16 01.13
549.60 01.12
555.10 01.11
560.65 01.10
566.25 01.09
571.92 01.08
577.64 01.06
583.41 01.06
589.25 01.04
595.14 01.04
601.09 01.04
607.10 01.03
613.17 01.04
619.30 01.03
625.50 01.04
631.75 01.05
638.07 01.05
644.45 01.05
650.89 01.03
657.40 01.01
663.98 01.00
670.62 00.99
677.32 00.98
684.10 00.98
690.94 00.98
697.85 01.00
704.83 01.01
711.87 01.02
718.99 01.06
726.18 01.09
733.44 01.12
740.78 01.16
748.19 01.22
755.67 01.27
763.23 01.33
770.86 01.39
778.57 01.45
786.35 01.51
794.22 01.57
802.16 01.64
810.18 01.70
818.28 01.75
826.46 01.80
834.73 01.86
843.08 01.90
851.51 01.94
860.02 01.97
868.62 02.00
877.31 02.02
886.08 02.04
894.94 02.04
903.89 02.03
912.93 02.03
922.06 02.01
931.28 01.99
940.59 01.94
950.00 01.90
959.50 01.83
969.09 01.75
978.78 01.67
988.57 01.58
998.46 01.48
1008.44 01.38
1018.53 01.28
1028.71 01.17
1039.00 01.06
1049.39 00.95
1059.88 00.81
1070.48 00.68
1081.19 00.54
1092.00 00.37
1102.92 00.19
1113.95 -00.01
1125.09 -00.23
1136.34 -00.49
1147.70 -00.76
1159.18 -01.04
1170.77 -01.32
1182.48 -01.63
1194.30 -01.92
1206.25 -02.20
1218.31 -02.47
1230.49 -02.72
1242.80 -02.96
1255.22 -03.20
1267.78 -03.42
1280.45 -03.62
1293.26 -03.81
1306.19 -03.99
1319.25 -04.16
1332.45 -04.35
1345.77 -04.53
1359.23 -04.72
1372.82 -04.90
1386.55 -05.09
1400.41 -05.28
1414.42 -05.47
1428.56 -05.66
1442.85 -05.83
1457.28 -06.00
1471.85 -06.16
1486.57 -06.31
1501.43 -06.45
1516.45 -06.57
1531.61 -06.66
1546.93 -06.75
1562.40 -06.82
1578.02 -06.86
1593.80 -06.88
1609.74 -06.86
1625.84 -06.82
1642.10 -06.74
1658.52 -06.62
1675.10 -06.47
1691.85 -06.30
1708.77 -06.09
1725.86 -05.88
1743.12 -05.64
1760.55 -05.40
1778.15 -05.15
1795.94 -04.89
1813.90 -04.64
1832.03 -04.40
1850.36 -04.15
1868.86 -03.92
1887.55 -03.69
1906.42 -03.47
1925.49 -03.25
1944.74 -03.05
1964.19 -02.85
1983.83 -02.65
2003.67 -02.47
2023.71 -02.29
2043.94 -02.12
2064.38 -01.97
2085.03 -01.83
2105.88 -01.68
2126.94 -01.57
2148.20 -01.46
2169.69 -01.38
2191.38 -01.31
2213.30 -01.26
2235.43 -01.22
2257.78 -01.20
2280.36 -01.20
2303.17 -01.20
2326.20 -01.18
2349.46 -01.16
2372.95 -01.10
2396.68 -01.01
2420.65 -00.89
2444.86 -00.74
2469.31 -00.56
2494.00 -00.37
2518.94 -00.18
2544.13 00.00
2569.57 00.17
2595.27 00.31
2621.22 00.42
2647.43 00.50
2673.90 00.55
2700.64 00.57
2727.65 00.55
2754.93 00.50
2782.48 00.44
2810.30 00.37
2838.40 00.28
2866.79 00.18
2895.46 00.08
2924.41 -00.03
2953.65 -00.14
2983.19 -00.26
3013.02 -00.38
3043.15 -00.49
3073.58 -00.61
3104.32 -00.73
3135.36 -00.85
3166.72 -00.97
3198.38 -01.09
3230.37 -01.21
3262.67 -01.35
3295.30 -01.49
3328.25 -01.65
3361.53 -01.83
3395.15 -02.04
3429.10 -02.27
3463.39 -02.52
3498.03 -02.81
3533.01 -03.13
3568.34 -03.48
3604.02 -03.87
3640.06 -04.31
3676.46 -04.79
3713.22 -05.28
3750.36 -05.77
3787.86 -06.24
3825.74 -06.68
3864.00 -07.08
3902.64 -07.44
3941.66 -07.76
3981.08 -08.02
4020.89 -08.21
4061.10 -08.33
4101.71 -08.39
4142.73 -08.40
4184.15 -08.37
4226.00 -08.32
4268.26 -08.24
4310.94 -08.12
4354.05 -07.96
4397.59 -07.74
4441.56 -07.49
4485.98 -07.20
4530.84 -06.90
4576.15 -06.58
4621.91 -06.27
4668.13 -05.97
4714.81 -05.69
4761.96 -05.43
4809.58 -05.21
4857.67 -05.02
4906.25 -04.87
4955.31 -04.75
5004.87 -04.65
5054.91 -04.57
5105.46 -04.50
5156.52 -04.52
5208.08 -04.57
5260.16 -04.59
5312.77 -04.59
5365.89 -04.54
5419.55 -04.45
5473.75 -04.32
5528.49 -04.17
5583.77 -04.00
5639.61 -03.84
5696.00 -03.66
5752.96 -03.48
5810.49 -03.30
5868.60 -03.13
5927.28 -02.97
5986.56 -02.83
6046.42 -02.49
6106.89 -02.08
6167.96 -01.68
6229.64 -01.28
6291.93 -00.88
6354.85 -00.48
6418.40 -00.08
6482.58 00.33
6547.41 00.72
6612.88 01.12
6679.01 01.52
6745.80 01.92
6813.26 02.33
6881.39 02.72
6950.21 03.11
7019.71 03.47
7089.91 03.82
7160.81 04.13
7232.41 04.42
7304.74 04.54
7377.79 04.60
7451.56 04.63
7526.08 04.62
7601.34 04.57
7677.35 04.48
7754.13 04.34
7831.67 04.15
7909.98 03.93
7989.08 03.68
8068.98 03.39
8149.67 03.07
8231.16 02.73
8313.47 02.35
8396.61 01.94
8480.57 01.50
8565.38 01.06
8651.03 00.61
8737.54 00.16
8824.92 -00.28
8913.17 -00.74
9002.30 -01.21
9092.32 -01.70
9183.25 -02.19
9275.08 -02.67
9367.83 -03.12
9461.51 -03.50
9556.12 -03.81
9651.68 -04.02
9748.20 -04.13
9845.68 -04.15
9944.14 -04.08
10043.58 -03.97
10144.02 -03.83
10245.46 -03.70
10347.91 -03.52
10451.39 -03.37
10555.91 -03.26
10661.46 -03.21
10768.08 -03.22
10875.76 -03.27
10984.52 -03.35
11094.36 -03.45
11205.31 -03.53
11317.36 -03.56
11430.53 -03.51
11544.84 -03.39
11660.29 -03.19
11776.89 -02.90
11894.66 -02.51
12013.60 -02.07
12133.74 -01.59
12255.08 -01.15
12377.63 -00.78
12501.41 -00.51
12626.42 -00.32
12752.68 -00.21
12880.21 -00.20
13009.01 -00.25
13139.10 -00.40
13270.49 -00.66
13403.20 -01.06
13537.23 -01.61
13672.60 -02.30
13809.33 -03.10
13947.42 -03.95
14086.90 -04.79
14227.77 -05.56
14370.04 -06.23
14513.74 -06.82
14658.88 -07.41
14805.47 -07.93
14953.52 -08.41
15103.06 -08.85
15254.09 -09.30
15406.63 -09.80
15560.70 -10.36
15716.30 -11.01
15873.47 -11.75
16032.20 -12.56
16192.52 -13.40
16354.45 -14.19
16517.99 -14.82
16683.17 -15.23
16850.01 -15.46
17018.51 -15.60
17188.69 -15.74
17360.58 -15.89
17534.18 -16.09
17709.53 -16.36
17886.62 -16.72
18065.49 -17.20
18246.14 -17.82
18428.60 -18.61
18612.89 -19.56
18799.02 -20.65
18987.01 -21.83
19176.88 -23.04
19368.65 -24.32
19562.33 -25.70
19757.96 -27.23
19955.54 -28.89
20000.00 -29.26
