20.00 -01.06
20.20 -00.98
20.40 -00.90
20.61 -00.83
20.81 -00.76
21.02 -00.70
21.23 -00.63
21.44 -00.57
21.66 -00.51
21.87 -00.46
22.09 -00.40
22.31 -00.35
22.54 -00.29
22.76 -00.24
22.99 -00.18
23.22 -00.13
23.45 -00.08
23.69 -00.03
23.92 00.02
24.16 00.08
24.40 00.13
24.65 00.18
24.89 00.23
25.14 00.28
25.39 00.33
25.65 00.38
25.91 00.42
26.16 00.47
26.43 00.52
26.69 00.57
26.96 00.61
27.23 00.66
27.50 00.70
27.77 00.75
28.05 00.79
28.33 00.83
28.62 00.87
28.90 00.91
29.19 00.95
29.48 00.99
29.78 01.03
30.08 01.07
30.38 01.11
30.68 01.14
30.99 01.18
31.30 01.21
31.61 01.25
31.93 01.28
32.24 01.31
32.57 01.35
32.89 01.38
33.22 01.41
33.55 01.44
33.89 01.48
34.23 01.51
34.57 01.54
34.92 01.57
35.27 01.61
35.62 01.64
35.97 01.67
36.33 01.70
36.70 01.73
37.06 01.76
37.43 01.79
37.81 01.81
38.19 01.84
38.57 01.87
38.95 01.89
39.34 01.92
39.74 01.94
40.14 01.97
40.54 01.99
40.94 02.01
41.35 02.04
41.76 02.06
42.18 02.08
42.60 02.09
43.03 02.11
43.46 02.13
43.90 02.14
44.33 02.16
44.78 02.17
45.23 02.18
45.68 02.20
46.13 02.21
46.60 02.22
47.06 02.22
47.53 02.23
48.01 02.24
48.49 02.25
48.97 02.26
49.46 02.26
49.96 02.27
50.46 02.28
50.96 02.30
51.47 02.31
51.99 02.32
52.51 02.34
53.03 02.35
53.56 02.37
54.10 02.39
54.64 02.41
55.18 02.43
55.74 02.45
56.29 02.48
56.86 02.50
57.42 02.53
58.00 02.56
58.58 02.59
59.16 02.62
59.76 02.66
60.35 02.70
60.96 02.74
61.57 02.78
62.18 02.82
62.80 02.87
63.43 02.93
64.07 02.99
64.71 03.05
65.35 03.12
66.01 03.20
66.67 03.29
67.33 03.38
68.01 03.48
68.69 03.59
69.37 03.69
70.07 03.80
70.77 03.91
71.48 04.02
72.19 04.12
72.91 04.21
73.64 04.29
74.38 04.37
75.12 04.43
75.87 04.48
76.63 04.52
77.40 04.56
78.17 04.58
78.95 04.60
79.74 04.61
80.54 04.61
81.35 04.61
82.16 04.61
82.98 04.60
83.81 04.59
84.65 04.57
85.50 04.55
86.35 04.53
87.22 04.50
88.09 04.47
88.97 04.44
89.86 04.41
90.76 04.38
91.66 04.34
92.58 04.31
93.51 04.27
94.44 04.24
95.39 04.20
96.34 04.17
97.30 04.13
98.28 04.10
99.26 04.06
100.25 04.03
101.25 03.99
102.27 03.96
103.29 03.92
104.32 03.88
105.37 03.84
106.42 03.79
107.48 03.74
108.56 03.68
109.64 03.63
110.74 03.56
111.85 03.50
112.97 03.43
114.10 03.35
115.24 03.28
116.39 03.21
117.55 03.13
118.73 03.05
119.92 02.98
121.12 02.90
122.33 02.82
123.55 02.74
124.79 02.66
126.03 02.58
127.29 02.50
128.57 02.42
129.85 02.33
131.15 02.24
132.46 02.15
133.79 02.05
135.12 01.95
136.48 01.85
137.84 01.74
139.22 01.63
140.61 01.51
142.02 01.40
143.44 01.28
144.87 01.15
146.32 01.03
147.78 00.91
149.26 00.79
150.75 00.66
152.26 00.54
153.78 00.42
155.32 00.30
156.88 00.19
158.44 00.07
160.03 -00.05
161.63 -00.16
163.24 -00.27
164.88 -00.37
166.53 -00.48
168.19 -00.59
169.87 -00.69
171.57 -00.78
173.29 -00.88
175.02 -00.97
176.77 -01.05
178.54 -01.13
180.32 -01.20
182.13 -01.26
183.95 -01.32
185.79 -01.38
187.65 -01.42
189.52 -01.48
191.42 -01.51
193.33 -01.56
195.27 -01.59
197.22 -01.62
199.19 -01.64
201.18 -01.67
203.19 -01.68
205.23 -01.70
207.28 -01.70
209.35 -01.71
211.44 -01.70
213.56 -01.70
215.69 -01.68
217.85 -01.66
220.03 -01.65
222.23 -01.62
224.45 -01.59
226.70 -01.57
228.96 -01.55
231.25 -01.52
233.57 -01.50
235.90 -01.48
238.26 -01.46
240.64 -01.43
243.05 -01.41
245.48 -01.39
247.93 -01.36
250.41 -01.34
252.92 -01.32
255.45 -01.28
258.00 -01.25
260.58 -01.22
263.19 -01.18
265.82 -01.15
268.48 -01.11
271.16 -01.08
273.87 -01.06
276.61 -01.03
279.38 -01.00
282.17 -00.97
284.99 -00.95
287.84 -00.92
290.72 -00.90
293.63 -00.87
296.57 -00.84
299.53 -00.82
302.53 -00.78
305.55 -00.74
308.61 -00.70
311.69 -00.65
314.81 -00.62
317.96 -00.58
321.14 -00.55
324.35 -00.51
327.59 -00.48
330.87 -00.45
334.18 -00.42
337.52 -00.39
340.90 -00.36
344.30 -00.35
347.75 -00.33
351.23 -00.31
354.74 -00.29
358.28 -00.29
361.87 -00.27
365.49 -00.28
369.14 -00.27
372.83 -00.28
376.56 -00.30
380.33 -00.32
384.13 -00.35
387.97 -00.38
391.85 -00.42
395.77 -00.46
399.73 -00.52
403.72 -00.56
407.76 -00.62
411.84 -00.67
415.96 -00.73
420.12 -00.79
424.32 -00.85
428.56 -00.90
432.85 -00.95
437.18 -01.00
441.55 -01.04
445.96 -01.08
450.42 -01.13
454.93 -01.16
459.48 -01.19
464.07 -01.21
468.71 -01.23
473.40 -01.23
478.13 -01.23
482.91 -01.22
487.74 -01.21
492.62 -01.18
497.55 -01.15
502.52 -01.12
507.55 -01.08
512.62 -01.04
517.75 -01.00
522.93 -00.95
528.16 -00.91
533.44 -00.85
538.77 -00.81
544.16 -00.77
549.60 -00.72
555.10 -00.68
560.65 -00.63
566.25 -00.59
571.92 -00.55
577.64 -00.52
583.41 -00.48
589.25 -00.45
595.14 -00.43
601.09 -00.40
607.10 -00.39
613.17 -00.38
619.30 -00.37
625.50 -00.36
631.75 -00.34
638.07 -00.33
644.45 -00.32
650.89 -00.32
657.40 -00.32
663.98 -00.30
670.62 -00.29
677.32 -00.28
684.10 -00.25
690.94 -00.23
697.85 -00.20
704.83 -00.18
711.87 -00.16
718.99 -00.14
726.18 -00.12
733.44 -00.10
740.78 -00.08
748.19 -00.06
755.67 -00.04
763.23 -00.03
770.86 -00.02
778.57 -00.02
786.35 -00.03
794.22 -00.05
802.16 -00.07
810.18 -00.11
818.28 -00.16
826.46 -00.22
834.73 -00.27
843.08 -00.33
851.51 -00.38
860.02 -00.43
868.62 -00.47
877.31 -00.49
886.08 -00.51
894.94 -00.53
903.89 -00.54
912.93 -00.52
922.06 -00.52
931.28 -00.51
940.59 -00.53
950.00 -00.54
959.50 -00.57
969.09 -00.62
978.78 -00.67
988.57 -00.69
998.46 -00.68
1008.44 -00.62
1018.53 -00.52
1028.71 -00.41
1039.00 -00.27
1049.39 -00.12
1059.88 00.02
1070.48 00.19
1081.19 00.36
1092.00 00.52
1102.92 00.67
1113.95 00.79
1125.09 00.88
1136.34 00.92
1147.70 00.97
1159.18 01.01
1170.77 01.05
1182.48 01.07
1194.30 01.10
1206.25 01.13
1218.31 01.15
1230.49 01.17
1242.80 01.18
1255.22 01.17
1267.78 01.17
1280.45 01.17
1293.26 01.17
1306.19 01.16
1319.25 01.15
1332.45 01.12
1345.77 01.10
1359.23 01.07
1372.82 01.04
1386.55 01.00
1400.41 00.95
1414.42 00.90
1428.56 00.84
1442.85 00.78
1457.28 00.71
1471.85 00.64
1486.57 00.57
1501.43 00.50
1516.45 00.43
1531.61 00.38
1546.93 00.32
1562.40 00.26
1578.02 00.21
1593.80 00.17
1609.74 00.14
1625.84 00.10
1642.10 00.07
1658.52 00.06
1675.10 00.03
1691.85 00.00
1708.77 -00.01
1725.86 -00.04
1743.12 -00.07
1760.55 -00.10
1778.15 -00.14
1795.94 -00.18
1813.90 -00.22
1832.03 -00.27
1850.36 -00.32
1868.86 -00.37
1887.55 -00.43
1906.42 -00.48
1925.49 -00.54
1944.74 -00.60
1964.19 -00.65
1983.83 -00.70
2003.67 -00.74
2023.71 -00.79
2043.94 -00.84
2064.38 -00.90
2085.03 -00.95
2105.88 -01.00
2126.94 -01.06
2148.20 -01.12
2169.69 -01.18
2191.38 -01.25
2213.30 -01.31
2235.43 -01.37
2257.78 -01.43
2280.36 -01.49
2303.17 -01.55
2326.20 -01.60
2349.46 -01.66
2372.95 -01.72
2396.68 -01.77
2420.65 -01.83
2444.86 -01.90
2469.31 -01.96
2494.00 -02.03
2518.94 -02.09
2544.13 -02.15
2569.57 -02.21
2595.27 -02.26
2621.22 -02.32
2647.43 -02.36
2673.90 -02.40
2700.64 -02.41
2727.65 -02.44
2754.93 -02.46
2782.48 -02.47
2810.30 -02.48
2838.40 -02.50
2866.79 -02.52
2895.46 -02.54
2924.41 -02.58
2953.65 -02.62
2983.19 -02.67
3013.02 -02.74
3043.15 -02.81
3073.58 -02.90
3104.32 -02.99
3135.36 -03.11
3166.72 -03.23
3198.38 -03.37
3230.37 -03.51
3262.67 -03.67
3295.30 -03.82
3328.25 -03.99
3361.53 -04.14
3395.15 -04.30
3429.10 -04.45
3463.39 -04.58
3498.03 -04.73
3533.01 -04.86
3568.34 -04.99
3604.02 -05.14
3640.06 -05.27
3676.46 -05.39
3713.22 -05.47
3750.36 -05.50
3787.86 -05.49
3825.74 -05.42
3864.00 -05.32
3902.64 -05.19
3941.66 -05.03
3981.08 -04.85
4020.89 -04.64
4061.10 -04.40
4101.71 -04.16
4142.73 -03.94
4184.15 -03.76
4226.00 -03.62
4268.26 -03.51
4310.94 -03.42
4354.05 -03.32
4397.59 -03.21
4441.56 -03.08
4485.98 -02.91
4530.84 -02.71
4576.15 -02.46
4621.91 -02.16
4668.13 -01.81
4714.81 -01.40
4761.96 -00.96
4809.58 -00.49
4857.67 -00.03
4906.25 00.42
4955.31 00.85
5004.87 01.25
5054.91 01.62
5105.46 01.96
5156.52 02.20
5208.08 02.36
5260.16 02.48
5312.77 02.58
5365.89 02.65
5419.55 02.70
5473.75 02.72
5528.49 02.72
5583.77 02.70
5639.61 02.65
5696.00 02.58
5752.96 02.47
5810.49 02.34
5868.60 02.18
5927.28 01.99
5986.56 01.75
6046.42 01.70
6106.89 01.68
6167.96 01.63
6229.64 01.53
6291.93 01.40
6354.85 01.24
6418.40 01.05
6482.58 00.84
6547.41 00.62
6612.88 00.40
6679.01 00.18
6745.80 -00.02
6813.26 -00.19
6881.39 -00.33
6950.21 -00.41
7019.71 -00.42
7089.91 -00.37
7160.81 -00.24
7232.41 -00.04
7304.74 00.06
7377.79 00.21
7451.56 00.42
7526.08 00.69
7601.34 01.03
7677.35 01.41
7754.13 01.83
7831.67 02.23
7909.98 02.62
7989.08 02.96
8068.98 03.25
8149.67 03.48
8231.16 03.65
8313.47 03.76
8396.61 03.82
8480.57 03.82
8565.38 03.75
8651.03 03.63
8737.54 03.46
8824.92 03.26
8913.17 03.04
9002.30 02.83
9092.32 02.63
9183.25 02.46
9275.08 02.29
9367.83 02.12
9461.51 01.93
9556.12 01.73
9651.68 01.52
9748.20 01.31
9845.68 01.11
9944.14 00.93
10043.58 00.78
10144.02 00.67
10245.46 00.61
10347.91 00.71
10451.39 00.91
10555.91 01.22
10661.46 01.58
10768.08 01.97
10875.76 02.35
10984.52 02.70
11094.36 02.98
11205.31 03.18
11317.36 03.31
11430.53 03.37
11544.84 03.36
11660.29 03.30
11776.89 03.16
11894.66 02.96
12013.60 02.70
12133.74 02.41
12255.08 02.10
12377.63 01.81
12501.41 01.57
12626.42 01.40
12752.68 01.31
12880.21 01.28
13009.01 01.32
13139.10 01.40
13270.49 01.51
13403.20 01.63
13537.23 01.77
13672.60 01.91
13809.33 02.06
13947.42 02.21
14086.90 02.37
14227.77 02.53
14370.04 02.69
14513.74 02.79
14658.88 02.75
14805.47 02.69
14953.52 02.64
15103.06 02.60
15254.09 02.57
15406.63 02.50
15560.70 02.40
15716.30 02.26
15873.47 02.07
16032.20 01.85
16192.52 01.59
16354.45 01.30
16517.99 00.98
16683.17 00.60
16850.01 00.16
17018.51 -00.36
17188.69 -00.94
17360.58 -01.54
17534.18 -02.10
17709.53 -02.62
17886.62 -03.08
18065.49 -03.49
18246.14 -03.85
18428.60 -04.17
18612.89 -04.46
18799.02 -04.73
18987.01 -05.01
19176.88 -05.31
19368.65 -05.68
19562.33 -06.13
19757.96 -06.68
19955.54 -07.33
20000.00 -07.49
