20.00 -11.17
20.20 -11.07
20.40 -10.97
20.61 -10.87
20.81 -10.77
21.02 -10.67
21.23 -10.58
21.44 -10.48
21.66 -10.38
21.87 -10.29
22.09 -10.19
22.31 -10.10
22.54 -10.01
22.76 -09.92
22.99 -09.82
23.22 -09.73
23.45 -09.64
23.69 -09.55
23.92 -09.46
24.16 -09.38
24.40 -09.29
24.65 -09.20
24.89 -09.11
25.14 -09.02
25.39 -08.93
25.65 -08.84
25.91 -08.75
26.16 -08.66
26.43 -08.57
26.69 -08.48
26.96 -08.39
27.23 -08.30
27.50 -08.21
27.77 -08.13
28.05 -08.04
28.33 -07.95
28.62 -07.86
28.90 -07.77
29.19 -07.68
29.48 -07.59
29.78 -07.50
30.08 -07.41
30.38 -07.33
30.68 -07.24
30.99 -07.15
31.30 -07.06
31.61 -06.98
31.93 -06.89
32.24 -06.81
32.57 -06.72
32.89 -06.63
33.22 -06.55
33.55 -06.46
33.89 -06.38
34.23 -06.30
34.57 -06.21
34.92 -06.13
35.27 -06.04
35.62 -05.96
35.97 -05.88
36.33 -05.79
36.70 -05.71
37.06 -05.62
37.43 -05.54
37.81 -05.45
38.19 -05.37
38.57 -05.28
38.95 -05.20
39.34 -05.12
39.74 -05.03
40.14 -04.95
40.54 -04.86
40.94 -04.78
41.35 -04.70
41.76 -04.62
42.18 -04.53
42.60 -04.45
43.03 -04.37
43.46 -04.29
43.90 -04.21
44.33 -04.13
44.78 -04.05
45.23 -03.97
45.68 -03.89
46.13 -03.81
46.60 -03.73
47.06 -03.65
47.53 -03.57
48.01 -03.49
48.49 -03.42
48.97 -03.34
49.46 -03.26
49.96 -03.18
50.46 -03.11
50.96 -03.03
51.47 -02.96
51.99 -02.88
52.51 -02.80
53.03 -02.73
53.56 -02.66
54.10 -02.58
54.64 -02.51
55.18 -02.44
55.74 -02.36
56.29 -02.29
56.86 -02.22
57.42 -02.15
58.00 -02.08
58.58 -02.01
59.16 -01.94
59.76 -01.87
60.35 -01.80
60.96 -01.73
61.57 -01.67
62.18 -01.60
62.80 -01.53
63.43 -01.47
64.07 -01.40
64.71 -01.34
65.35 -01.28
66.01 -01.21
66.67 -01.15
67.33 -01.09
68.01 -01.03
68.69 -00.97
69.37 -00.92
70.07 -00.86
70.77 -00.80
71.48 -00.75
72.19 -00.69
72.91 -00.64
73.64 -00.59
74.38 -00.54
75.12 -00.49
75.87 -00.44
76.63 -00.39
77.40 -00.34
78.17 -00.30
78.95 -00.25
79.74 -00.21
80.54 -00.16
81.35 -00.12
82.16 -00.08
82.98 -00.04
83.81 00.00
84.65 00.03
85.50 00.07
86.35 00.11
87.22 00.14
88.09 00.17
88.97 00.21
89.86 00.24
90.76 00.27
91.66 00.30
92.58 00.33
93.51 00.36
94.44 00.39
95.39 00.41
96.34 00.44
97.30 00.46
98.28 00.49
99.26 00.51
100.25 00.53
101.25 00.55
102.27 00.57
103.29 00.59
104.32 00.61
105.37 00.62
106.42 00.64
107.48 00.65
108.56 00.66
109.64 00.67
110.74 00.68
111.85 00.69
112.97 00.70
114.10 00.70
115.24 00.71
116.39 00.72
117.55 00.72
118.73 00.73
119.92 00.74
121.12 00.74
122.33 00.75
123.55 00.75
124.79 00.75
126.03 00.76
127.29 00.76
128.57 00.75
129.85 00.75
131.15 00.75
132.46 00.74
133.79 00.73
135.12 00.72
136.48 00.71
137.84 00.70
139.22 00.68
140.61 00.67
142.02 00.65
143.44 00.64
144.87 00.62
146.32 00.60
147.78 00.58
149.26 00.56
150.75 00.54
152.26 00.52
153.78 00.50
155.32 00.48
156.88 00.46
158.44 00.43
160.03 00.41
161.63 00.39
163.24 00.38
164.88 00.37
166.53 00.36
168.19 00.34
169.87 00.32
171.57 00.31
173.29 00.29
175.02 00.27
176.77 00.27
178.54 00.25
180.32 00.23
182.13 00.23
183.95 00.22
185.79 00.22
187.65 00.22
189.52 00.22
191.42 00.23
193.33 00.24
195.27 00.25
197.22 00.26
199.19 00.27
201.18 00.27
203.19 00.28
205.23 00.28
207.28 00.29
209.35 00.27
211.44 00.27
213.56 00.25
215.69 00.24
217.85 00.22
220.03 00.19
222.23 00.17
224.45 00.15
226.70 00.11
228.96 00.07
231.25 00.05
233.57 00.00
235.90 -00.04
238.26 -00.08
240.64 -00.11
243.05 -00.16
245.48 -00.20
247.93 -00.23
250.41 -00.28
252.92 -00.32
255.45 -00.34
258.00 -00.37
260.58 -00.39
263.19 -00.39
265.82 -00.39
268.48 -00.37
271.16 -00.35
273.87 -00.31
276.61 -00.25
279.38 -00.19
282.17 -00.12
284.99 -00.05
287.84 00.02
290.72 00.08
293.63 00.15
296.57 00.21
299.53 00.26
302.53 00.30
305.55 00.33
308.61 00.36
311.69 00.38
314.81 00.38
317.96 00.39
321.14 00.39
324.35 00.39
327.59 00.38
330.87 00.37
334.18 00.36
337.52 00.35
340.90 00.34
344.30 00.32
347.75 00.31
351.23 00.30
354.74 00.28
358.28 00.26
361.87 00.26
365.49 00.24
369.14 00.23
372.83 00.21
376.56 00.20
380.33 00.19
384.13 00.18
387.97 00.17
391.85 00.16
395.77 00.16
399.73 00.15
403.72 00.15
407.76 00.14
411.84 00.14
415.96 00.14
420.12 00.14
424.32 00.13
428.56 00.13
432.85 00.13
437.18 00.13
441.55 00.13
445.96 00.13
450.42 00.12
454.93 00.12
459.48 00.12
464.07 00.11
468.71 00.10
473.40 00.10
478.13 00.09
482.91 00.09
487.74 00.08
492.62 00.08
497.55 00.07
502.52 00.07
507.55 00.07
512.62 00.06
517.75 00.05
522.93 00.05
528.16 00.04
533.44 00.04
538.77 00.04
544.16 00.03
549.60 00.03
555.10 00.03
560.65 00.03
566.25 00.03
571.92 00.03
577.64 00.03
583.41 00.04
589.25 00.03
595.14 00.04
601.09 00.05
607.10 00.05
613.17 00.05
619.30 00.05
625.50 00.06
631.75 00.07
638.07 00.07
644.45 00.06
650.89 00.04
657.40 00.02
663.98 00.01
670.62 -00.01
677.32 -00.02
684.10 -00.03
690.94 -00.05
697.85 -00.06
704.83 -00.07
711.87 -00.09
718.99 -00.09
726.18 -00.11
733.44 -00.12
740.78 -00.13
748.19 -00.14
755.67 -00.15
763.23 -00.16
770.86 -00.16
778.57 -00.17
786.35 -00.19
794.22 -00.20
802.16 -00.20
810.18 -00.21
818.28 -00.22
826.46 -00.24
834.73 -00.24
843.08 -00.25
851.51 -00.26
860.02 -00.27
868.62 -00.28
877.31 -00.28
886.08 -00.29
894.94 -00.30
903.89 -00.30
912.93 -00.29
922.06 -00.28
931.28 -00.26
940.59 -00.25
950.00 -00.23
959.50 -00.22
969.09 -00.21
978.78 -00.19
988.57 -00.16
998.46 -00.15
1008.44 -00.13
1018.53 -00.11
1028.71 -00.10
1039.00 -00.08
1049.39 -00.06
1059.88 -00.06
1070.48 -00.05
1081.19 -00.05
1092.00 -00.05
1102.92 -00.06
1113.95 -00.06
1125.09 -00.07
1136.34 -00.09
1147.70 -00.10
1159.18 -00.11
1170.77 -00.12
1182.48 -00.13
1194.30 -00.13
1206.25 -00.12
1218.31 -00.10
1230.49 -00.08
1242.80 -00.05
1255.22 -00.02
1267.78 00.02
1280.45 00.07
1293.26 00.13
1306.19 00.19
1319.25 00.26
1332.45 00.31
1345.77 00.38
1359.23 00.45
1372.82 00.51
1386.55 00.57
1400.41 00.63
1414.42 00.68
1428.56 00.74
1442.85 00.80
1457.28 00.86
1471.85 00.92
1486.57 00.98
1501.43 01.04
1516.45 01.10
1531.61 01.16
1546.93 01.22
1562.40 01.28
1578.02 01.34
1593.80 01.41
1609.74 01.49
1625.84 01.55
1642.10 01.62
1658.52 01.69
1675.10 01.77
1691.85 01.85
1708.77 01.94
1725.86 02.03
1743.12 02.12
1760.55 02.21
1778.15 02.29
1795.94 02.40
1813.90 02.50
1832.03 02.60
1850.36 02.71
1868.86 02.81
1887.55 02.90
1906.42 03.00
1925.49 03.11
1944.74 03.21
1964.19 03.33
1983.83 03.44
2003.67 03.56
2023.71 03.68
2043.94 03.80
2064.38 03.93
2085.03 04.05
2105.88 04.19
2126.94 04.33
2148.20 04.48
2169.69 04.63
2191.38 04.79
2213.30 04.94
2235.43 05.11
2257.78 05.27
2280.36 05.44
2303.17 05.60
2326.20 05.76
2349.46 05.92
2372.95 06.09
2396.68 06.25
2420.65 06.39
2444.86 06.51
2469.31 06.65
2494.00 06.77
2518.94 06.88
2544.13 06.94
2569.57 06.98
2595.27 06.98
2621.22 06.93
2647.43 06.84
2673.90 06.70
2700.64 06.55
2727.65 06.35
2754.93 06.12
2782.48 05.85
2810.30 05.55
2838.40 05.23
2866.79 04.91
2895.46 04.61
2924.41 04.30
2953.65 04.01
2983.19 03.74
3013.02 03.48
3043.15 03.24
3073.58 03.00
3104.32 02.81
3135.36 02.65
3166.72 02.54
3198.38 02.46
3230.37 02.45
3262.67 02.48
3295.30 02.57
3328.25 02.73
3361.53 02.97
3395.15 03.27
3429.10 03.64
3463.39 04.08
3498.03 04.57
3533.01 05.14
3568.34 05.76
3604.02 06.40
3640.06 07.05
3676.46 07.66
3713.22 08.21
3750.36 08.70
3787.86 09.12
3825.74 09.44
3864.00 09.66
3902.64 09.77
3941.66 09.77
3981.08 09.67
4020.89 09.46
4061.10 09.16
4101.71 08.79
4142.73 08.37
4184.15 07.88
4226.00 07.33
4268.26 06.74
4310.94 06.14
4354.05 05.60
4397.59 05.16
4441.56 04.84
4485.98 04.60
4530.84 04.42
4576.15 04.24
4621.91 04.03
4668.13 03.78
4714.81 03.51
4761.96 03.25
4809.58 03.04
4857.67 02.89
4906.25 02.84
4955.31 02.94
5004.87 03.24
5054.91 03.71
5105.46 04.25
5156.52 04.67
5208.08 04.95
5260.16 05.15
5312.77 05.29
5365.89 05.36
5419.55 05.39
5473.75 05.36
5528.49 05.24
5583.77 05.05
5639.61 04.74
5696.00 04.34
5752.96 03.87
5810.49 03.43
5868.60 03.06
5927.28 02.75
5986.56 02.48
6046.42 02.45
6106.89 02.51
6167.96 02.58
6229.64 02.66
6291.93 02.75
6354.85 02.86
6418.40 02.98
6482.58 03.12
6547.41 03.28
6612.88 03.47
6679.01 03.69
6745.80 03.92
6813.26 04.17
6881.39 04.41
6950.21 04.66
7019.71 04.90
7089.91 05.14
7160.81 05.38
7232.41 05.62
7304.74 05.71
7377.79 05.77
7451.56 05.82
7526.08 05.86
7601.34 05.88
7677.35 05.91
7754.13 05.97
7831.67 06.08
7909.98 06.24
7989.08 06.46
8068.98 06.71
8149.67 06.98
8231.16 07.26
8313.47 07.55
8396.61 07.85
8480.57 08.18
8565.38 08.53
8651.03 08.90
8737.54 09.29
8824.92 09.68
8913.17 10.06
9002.30 10.41
9092.32 10.73
9183.25 10.98
9275.08 11.17
9367.83 11.29
9461.51 11.33
9556.12 11.29
9651.68 11.16
9748.20 10.93
9845.68 10.58
9944.14 10.11
10043.58 09.52
10144.02 08.79
10245.46 07.95
10347.91 07.10
10451.39 06.17
10555.91 05.18
10661.46 04.17
10768.08 03.24
10875.76 02.51
10984.52 02.09
11094.36 02.00
11205.31 02.14
11317.36 02.45
11430.53 02.83
11544.84 03.23
11660.29 03.61
11776.89 03.91
11894.66 04.14
12013.60 04.27
12133.74 04.29
12255.08 04.23
12377.63 04.09
12501.41 03.90
12626.42 03.70
12752.68 03.53
12880.21 03.41
13009.01 03.40
13139.10 03.48
13270.49 03.64
13403.20 03.84
13537.23 04.06
13672.60 04.28
13809.33 04.51
13947.42 04.74
14086.90 04.98
14227.77 05.21
14370.04 05.44
14513.74 05.60
14658.88 05.59
14805.47 05.55
14953.52 05.50
15103.06 05.45
15254.09 05.41
15406.63 05.37
15560.70 05.30
15716.30 05.18
15873.47 05.00
16032.20 04.75
16192.52 04.42
16354.45 04.01
16517.99 03.52
16683.17 02.97
16850.01 02.34
17018.51 01.64
17188.69 00.83
17360.58 -00.09
17534.18 -01.12
17709.53 -02.22
17886.62 -03.37
18065.49 -04.58
18246.14 -05.84
18428.60 -07.15
18612.89 -08.47
18799.02 -09.80
18987.01 -11.07
19176.88 -12.19
19368.65 -13.14
19562.33 -13.89
19757.96 -14.54
19955.54 -15.19
20000.00 -15.35
