20.00 01.23
20.20 01.27
20.40 01.32
20.61 01.36
20.81 01.41
21.02 01.45
21.23 01.50
21.44 01.55
21.66 01.59
21.87 01.64
22.09 01.69
22.31 01.74
22.54 01.79
22.76 01.84
22.99 01.89
23.22 01.94
23.45 01.99
23.69 02.04
23.92 02.09
24.16 02.14
24.40 02.14
24.65 02.15
24.89 02.16
25.14 02.16
25.39 02.17
25.65 02.18
25.91 02.20
26.16 02.21
26.43 02.22
26.69 02.24
26.96 02.25
27.23 02.26
27.50 02.28
27.77 02.29
28.05 02.31
28.33 02.32
28.62 02.33
28.90 02.35
29.19 02.36
29.48 02.38
29.78 02.39
30.08 02.40
30.38 02.42
30.68 02.43
30.99 02.45
31.30 02.46
31.61 02.47
31.93 02.49
32.24 02.50
32.57 02.52
32.89 02.53
33.22 02.54
33.55 02.56
33.89 02.57
34.23 02.59
34.57 02.60
34.92 02.61
35.27 02.63
35.62 02.64
35.97 02.65
36.33 02.67
36.70 02.68
37.06 02.69
37.43 02.70
37.81 02.72
38.19 02.73
38.57 02.74
38.95 02.75
39.34 02.76
39.74 02.77
40.14 02.79
40.54 02.80
40.94 02.81
41.35 02.82
41.76 02.83
42.18 02.83
42.60 02.84
43.03 02.85
43.46 02.86
43.90 02.87
44.33 02.87
44.78 02.88
45.23 02.89
45.68 02.89
46.13 02.90
46.60 02.90
47.06 02.90
47.53 02.91
48.01 02.91
48.49 02.91
48.97 02.91
49.46 02.92
49.96 02.92
50.46 02.92
50.96 02.92
51.47 02.92
51.99 02.92
52.51 02.92
53.03 02.92
53.56 02.92
54.10 02.92
54.64 02.92
55.18 02.92
55.74 02.92
56.29 02.92
56.86 02.92
57.42 02.91
58.00 02.91
58.58 02.91
59.16 02.91
59.76 02.91
60.35 02.91
60.96 02.91
61.57 02.91
62.18 02.90
62.80 02.90
63.43 02.90
64.07 02.90
64.71 02.90
65.35 02.90
66.01 02.91
66.67 02.91
67.33 02.91
68.01 02.91
68.69 02.91
69.37 02.91
70.07 02.92
70.77 02.92
71.48 02.93
72.19 02.93
72.91 02.93
73.64 02.94
74.38 02.94
75.12 02.95
75.87 02.96
76.63 02.96
77.40 02.97
78.17 02.98
78.95 02.99
79.74 02.99
80.54 03.00
81.35 03.01
82.16 03.02
82.98 03.03
83.81 03.04
84.65 03.04
85.50 03.05
86.35 03.06
87.22 03.07
88.09 03.08
88.97 03.08
89.86 03.09
90.76 03.09
91.66 03.10
92.58 03.10
93.51 03.10
94.44 03.10
95.39 03.10
96.34 03.10
97.30 03.10
98.28 03.09
99.26 03.09
100.25 03.08
101.25 03.08
102.27 03.07
103.29 03.07
104.32 03.06
105.37 03.06
106.42 03.05
107.48 03.04
108.56 03.04
109.64 03.03
110.74 03.02
111.85 03.01
112.97 03.00
114.10 03.00
115.24 02.99
116.39 02.98
117.55 02.97
118.73 02.96
119.92 02.95
121.12 02.94
122.33 02.93
123.55 02.92
124.79 02.91
126.03 02.90
127.29 02.89
128.57 02.88
129.85 02.87
131.15 02.86
132.46 02.84
133.79 02.83
135.12 02.82
136.48 02.81
137.84 02.79
139.22 02.78
140.61 02.77
142.02 02.75
143.44 02.74
144.87 02.72
146.32 02.71
147.78 02.69
149.26 02.68
150.75 02.66
152.26 02.64
153.78 02.63
155.32 02.61
156.88 02.59
158.44 02.57
160.03 02.55
161.63 02.54
163.24 02.53
164.88 02.53
166.53 02.52
168.19 02.51
169.87 02.49
171.57 02.49
173.29 02.47
175.02 02.46
176.77 02.45
178.54 02.43
180.32 02.42
182.13 02.41
183.95 02.39
185.79 02.38
187.65 02.37
189.52 02.36
191.42 02.36
193.33 02.34
195.27 02.34
197.22 02.33
199.19 02.32
201.18 02.31
203.19 02.31
205.23 02.29
207.28 02.29
209.35 02.27
211.44 02.26
213.56 02.24
215.69 02.23
217.85 02.21
220.03 02.19
222.23 02.17
224.45 02.16
226.70 02.13
228.96 02.10
231.25 02.09
233.57 02.06
235.90 02.04
238.26 02.01
240.64 02.00
243.05 01.98
245.48 01.96
247.93 01.95
250.41 01.94
252.92 01.93
255.45 01.93
258.00 01.92
260.58 01.91
263.19 01.92
265.82 01.91
268.48 01.92
271.16 01.92
273.87 01.92
276.61 01.93
279.38 01.93
282.17 01.94
284.99 01.94
287.84 01.94
290.72 01.94
293.63 01.94
296.57 01.94
299.53 01.94
302.53 01.94
305.55 01.93
308.61 01.92
311.69 01.92
314.81 01.90
317.96 01.90
321.14 01.87
324.35 01.85
327.59 01.82
330.87 01.79
334.18 01.75
337.52 01.72
340.90 01.68
344.30 01.64
347.75 01.60
351.23 01.57
354.74 01.54
358.28 01.51
361.87 01.49
365.49 01.47
369.14 01.46
372.83 01.44
376.56 01.43
380.33 01.43
384.13 01.43
387.97 01.43
391.85 01.42
395.77 01.43
399.73 01.43
403.72 01.44
407.76 01.44
411.84 01.45
415.96 01.45
420.12 01.46
424.32 01.47
428.56 01.48
432.85 01.49
437.18 01.49
441.55 01.50
445.96 01.50
450.42 01.50
454.93 01.50
459.48 01.49
464.07 01.49
468.71 01.47
473.40 01.47
478.13 01.46
482.91 01.44
487.74 01.43
492.62 01.42
497.55 01.40
502.52 01.38
507.55 01.37
512.62 01.34
517.75 01.32
522.93 01.30
528.16 01.28
533.44 01.27
538.77 01.25
544.16 01.24
549.60 01.23
555.10 01.22
560.65 01.23
566.25 01.23
571.92 01.24
577.64 01.24
583.41 01.25
589.25 01.24
595.14 01.25
601.09 01.25
607.10 01.24
613.17 01.24
619.30 01.22
625.50 01.21
631.75 01.20
638.07 01.18
644.45 01.15
650.89 01.10
657.40 01.04
663.98 01.00
670.62 00.95
677.32 00.91
684.10 00.87
690.94 00.82
697.85 00.78
704.83 00.73
711.87 00.68
718.99 00.65
726.18 00.60
733.44 00.56
740.78 00.50
748.19 00.46
755.67 00.39
763.23 00.33
770.86 00.27
778.57 00.21
786.35 00.14
794.22 00.08
802.16 00.03
810.18 -00.02
818.28 -00.07
826.46 -00.11
834.73 -00.13
843.08 -00.15
851.51 -00.17
860.02 -00.19
868.62 -00.21
877.31 -00.22
886.08 -00.25
894.94 -00.27
903.89 -00.30
912.93 -00.31
922.06 -00.34
931.28 -00.35
940.59 -00.38
950.00 -00.40
959.50 -00.42
969.09 -00.45
978.78 -00.47
988.57 -00.49
998.46 -00.50
1008.44 -00.51
1018.53 -00.51
1028.71 -00.52
1039.00 -00.53
1049.39 -00.55
1059.88 -00.57
1070.48 -00.58
1081.19 -00.59
1092.00 -00.61
1102.92 -00.62
1113.95 -00.65
1125.09 -00.68
1136.34 -00.72
1147.70 -00.75
1159.18 -00.77
1170.77 -00.80
1182.48 -00.85
1194.30 -00.90
1206.25 -00.96
1218.31 -01.03
1230.49 -01.11
1242.80 -01.18
1255.22 -01.26
1267.78 -01.34
1280.45 -01.41
1293.26 -01.47
1306.19 -01.51
1319.25 -01.52
1332.45 -01.53
1345.77 -01.50
1359.23 -01.46
1372.82 -01.40
1386.55 -01.33
1400.41 -01.27
1414.42 -01.20
1428.56 -01.15
1442.85 -01.10
1457.28 -01.07
1471.85 -01.05
1486.57 -01.04
1501.43 -01.04
1516.45 -01.04
1531.61 -01.05
1546.93 -01.08
1562.40 -01.12
1578.02 -01.15
1593.80 -01.18
1609.74 -01.19
1625.84 -01.21
1642.10 -01.23
1658.52 -01.26
1675.10 -01.30
1691.85 -01.35
1708.77 -01.38
1725.86 -01.42
1743.12 -01.44
1760.55 -01.47
1778.15 -01.49
1795.94 -01.50
1813.90 -01.50
1832.03 -01.48
1850.36 -01.44
1868.86 -01.38
1887.55 -01.32
1906.42 -01.25
1925.49 -01.19
1944.74 -01.12
1964.19 -01.05
1983.83 -00.98
2003.67 -00.93
2023.71 -00.89
2043.94 -00.85
2064.38 -00.82
2085.03 -00.79
2105.88 -00.76
2126.94 -00.75
2148.20 -00.75
2169.69 -00.76
2191.38 -00.79
2213.30 -00.84
2235.43 -00.89
2257.78 -00.96
2280.36 -01.04
2303.17 -01.15
2326.20 -01.28
2349.46 -01.42
2372.95 -01.58
2396.68 -01.72
2420.65 -01.86
2444.86 -01.95
2469.31 -01.98
2494.00 -01.95
2518.94 -01.84
2544.13 -01.67
2569.57 -01.44
2595.27 -01.14
2621.22 -00.82
2647.43 -00.47
2673.90 -00.11
2700.64 00.25
2727.65 00.57
2754.93 00.88
2782.48 01.15
2810.30 01.41
2838.40 01.62
2866.79 01.82
2895.46 02.00
2924.41 02.14
2953.65 02.28
2983.19 02.39
3013.02 02.48
3043.15 02.58
3073.58 02.65
3104.32 02.73
3135.36 02.79
3166.72 02.86
3198.38 02.90
3230.37 02.93
3262.67 02.95
3295.30 02.95
3328.25 02.94
3361.53 02.93
3395.15 02.91
3429.10 02.88
3463.39 02.86
3498.03 02.82
3533.01 02.77
3568.34 02.72
3604.02 02.65
3640.06 02.57
3676.46 02.45
3713.22 02.31
3750.36 02.14
3787.86 01.93
3825.74 01.67
3864.00 01.36
3902.64 01.01
3941.66 00.60
3981.08 00.16
4020.89 -00.31
4061.10 -00.81
4101.71 -01.35
4142.73 -01.89
4184.15 -02.45
4226.00 -03.00
4268.26 -03.54
4310.94 -04.06
4354.05 -04.58
4397.59 -05.07
4441.56 -05.57
4485.98 -06.08
4530.84 -06.56
4576.15 -06.98
4621.91 -07.33
4668.13 -07.57
4714.81 -07.69
4761.96 -07.67
4809.58 -07.44
4857.67 -06.98
4906.25 -06.28
4955.31 -05.37
5004.87 -04.32
5054.91 -03.25
5105.46 -02.18
5156.52 -01.28
5208.08 -00.48
5260.16 00.22
5312.77 00.83
5365.89 01.36
5419.55 01.82
5473.75 02.20
5528.49 02.50
5583.77 02.74
5639.61 02.91
5696.00 03.04
5752.96 03.12
5810.49 03.18
5868.60 03.22
5927.28 03.26
5986.56 03.29
6046.42 03.55
6106.89 03.88
6167.96 04.22
6229.64 04.57
6291.93 04.90
6354.85 05.23
6418.40 05.54
6482.58 05.83
6547.41 06.08
6612.88 06.29
6679.01 06.47
6745.80 06.60
6813.26 06.70
6881.39 06.74
6950.21 06.74
7019.71 06.71
7089.91 06.63
7160.81 06.52
7232.41 06.38
7304.74 06.08
7377.79 05.74
7451.56 05.40
7526.08 05.05
7601.34 04.71
7677.35 04.38
7754.13 04.06
7831.67 03.75
7909.98 03.45
7989.08 03.18
8068.98 02.92
8149.67 02.68
8231.16 02.47
8313.47 02.27
8396.61 02.11
8480.57 01.97
8565.38 01.86
8651.03 01.77
8737.54 01.72
8824.92 01.69
8913.17 01.69
9002.30 01.71
9092.32 01.75
9183.25 01.81
9275.08 01.90
9367.83 02.02
9461.51 02.19
9556.12 02.40
9651.68 02.67
9748.20 03.00
9845.68 03.38
9944.14 03.80
10043.58 04.23
10144.02 04.62
10245.46 04.95
10347.91 05.26
10451.39 05.47
10555.91 05.58
10661.46 05.58
10768.08 05.47
10875.76 05.25
10984.52 04.92
11094.36 04.45
11205.31 03.81
11317.36 02.99
11430.53 01.98
11544.84 00.83
11660.29 -00.41
11776.89 -01.66
11894.66 -02.83
12013.60 -03.87
12133.74 -04.75
12255.08 -05.50
12377.63 -06.21
12501.41 -06.97
12626.42 -07.88
12752.68 -08.97
12880.21 -10.29
13009.01 -11.74
13139.10 -13.08
13270.49 -13.73
13403.20 -13.24
13537.23 -11.75
13672.60 -09.78
13809.33 -07.70
13947.42 -05.69
14086.90 -03.81
14227.77 -02.13
14370.04 -00.69
14513.74 00.44
14658.88 01.17
14805.47 01.66
14953.52 01.98
15103.06 02.16
15254.09 02.23
15406.63 02.16
15560.70 01.97
15716.30 01.61
15873.47 01.09
16032.20 00.40
16192.52 -00.46
16354.45 -01.44
16517.99 -02.48
16683.17 -03.54
16850.01 -04.62
17018.51 -05.72
17188.69 -06.84
17360.58 -07.90
17534.18 -08.89
17709.53 -09.89
17886.62 -11.03
18065.49 -12.42
18246.14 -14.07
18428.60 -15.91
18612.89 -17.67
18799.02 -18.94
18987.01 -19.48
19176.88 -19.43
19368.65 -19.19
19562.33 -19.00
19757.96 -18.92
19955.54 -18.96
20000.00 -18.98
