20.00 -17.19
20.20 -16.97
20.40 -16.75
20.61 -16.52
20.81 -16.31
21.02 -16.09
21.23 -15.88
21.44 -15.67
21.66 -15.46
21.87 -15.26
22.09 -15.06
22.31 -14.86
22.54 -14.65
22.76 -14.46
22.99 -14.27
23.22 -14.08
23.45 -13.89
23.69 -13.70
23.92 -13.52
24.16 -13.34
24.40 -13.16
24.65 -12.97
24.89 -12.79
25.14 -12.61
25.39 -12.42
25.65 -12.24
25.91 -12.05
26.16 -11.88
26.43 -11.69
26.69 -11.51
26.96 -11.33
27.23 -11.15
27.50 -10.97
27.77 -10.79
28.05 -10.61
28.33 -10.43
28.62 -10.25
28.90 -10.08
29.19 -09.90
29.48 -09.73
29.78 -09.55
30.08 -09.37
30.38 -09.20
30.68 -09.03
30.99 -08.86
31.30 -08.69
31.61 -08.52
31.93 -08.36
32.24 -08.20
32.57 -08.03
32.89 -07.87
33.22 -07.71
33.55 -07.55
33.89 -07.39
34.23 -07.23
34.57 -07.07
34.92 -06.91
35.27 -06.75
35.62 -06.60
35.97 -06.44
36.33 -06.28
36.70 -06.12
37.06 -05.97
37.43 -05.81
37.81 -05.65
38.19 -05.50
38.57 -05.34
38.95 -05.19
39.34 -05.04
39.74 -04.88
40.14 -04.73
40.54 -04.58
40.94 -04.43
41.35 -04.28
41.76 -04.14
42.18 -03.99
42.60 -03.85
43.03 -03.71
43.46 -03.56
43.90 -03.42
44.33 -03.29
44.78 -03.15
45.23 -03.02
45.68 -02.89
46.13 -02.76
46.60 -02.63
47.06 -02.50
47.53 -02.38
48.01 -02.25
48.49 -02.13
48.97 -02.01
49.46 -01.89
49.96 -01.77
50.46 -01.66
50.96 -01.55
51.47 -01.43
51.99 -01.32
52.51 -01.21
53.03 -01.11
53.56 -01.00
54.10 -00.90
54.64 -00.80
55.18 -00.70
55.74 -00.61
56.29 -00.51
56.86 -00.42
57.42 -00.34
58.00 -00.25
58.58 -00.17
59.16 -00.10
59.76 -00.02
60.35 00.05
60.96 00.13
61.57 00.19
62.18 00.26
62.80 00.33
63.43 00.39
64.07 00.45
64.71 00.51
65.35 00.57
66.01 00.63
66.67 00.69
67.33 00.74
68.01 00.80
68.69 00.85
69.37 00.91
70.07 00.96
70.77 01.01
71.48 01.06
72.19 01.11
72.91 01.16
73.64 01.20
74.38 01.25
75.12 01.29
75.87 01.34
76.63 01.38
77.40 01.42
78.17 01.46
78.95 01.49
79.74 01.52
80.54 01.55
81.35 01.58
82.16 01.60
82.98 01.62
83.81 01.64
84.65 01.65
85.50 01.67
86.35 01.68
87.22 01.68
88.09 01.69
88.97 01.70
89.86 01.70
90.76 01.70
91.66 01.70
92.58 01.70
93.51 01.70
94.44 01.70
95.39 01.69
96.34 01.69
97.30 01.68
98.28 01.68
99.26 01.67
100.25 01.66
101.25 01.65
102.27 01.64
103.29 01.63
104.32 01.62
105.37 01.61
106.42 01.60
107.48 01.58
108.56 01.57
109.64 01.55
110.74 01.54
111.85 01.52
112.97 01.50
114.10 01.48
115.24 01.46
116.39 01.44
117.55 01.41
118.73 01.39
119.92 01.36
121.12 01.33
122.33 01.30
123.55 01.27
124.79 01.24
126.03 01.21
127.29 01.19
128.57 01.16
129.85 01.13
131.15 01.11
132.46 01.09
133.79 01.06
135.12 01.04
136.48 01.02
137.84 01.00
139.22 00.98
140.61 00.96
142.02 00.93
143.44 00.91
144.87 00.88
146.32 00.85
147.78 00.82
149.26 00.79
150.75 00.75
152.26 00.71
153.78 00.67
155.32 00.63
156.88 00.58
158.44 00.54
160.03 00.50
161.63 00.46
163.24 00.43
164.88 00.41
166.53 00.39
168.19 00.36
169.87 00.34
171.57 00.32
173.29 00.30
175.02 00.28
176.77 00.26
178.54 00.24
180.32 00.21
182.13 00.20
183.95 00.18
185.79 00.15
187.65 00.14
189.52 00.12
191.42 00.10
193.33 00.08
195.27 00.07
197.22 00.05
199.19 00.04
201.18 00.01
203.19 00.00
205.23 -00.03
207.28 -00.06
209.35 -00.10
211.44 -00.13
213.56 -00.17
215.69 -00.21
217.85 -00.24
220.03 -00.29
222.23 -00.33
224.45 -00.36
226.70 -00.40
228.96 -00.43
231.25 -00.45
233.57 -00.48
235.90 -00.50
238.26 -00.52
240.64 -00.53
243.05 -00.54
245.48 -00.56
247.93 -00.56
250.41 -00.58
252.92 -00.59
255.45 -00.59
258.00 -00.61
260.58 -00.62
263.19 -00.63
265.82 -00.64
268.48 -00.64
271.16 -00.65
273.87 -00.66
276.61 -00.66
279.38 -00.67
282.17 -00.67
284.99 -00.69
287.84 -00.70
290.72 -00.71
293.63 -00.72
296.57 -00.74
299.53 -00.76
302.53 -00.77
305.55 -00.79
308.61 -00.80
311.69 -00.81
314.81 -00.83
317.96 -00.84
321.14 -00.86
324.35 -00.86
327.59 -00.88
330.87 -00.89
334.18 -00.89
337.52 -00.89
340.90 -00.90
344.30 -00.90
347.75 -00.91
351.23 -00.91
354.74 -00.92
358.28 -00.94
361.87 -00.94
365.49 -00.95
369.14 -00.96
372.83 -00.98
376.56 -01.00
380.33 -01.01
384.13 -01.03
387.97 -01.04
391.85 -01.05
395.77 -01.05
399.73 -01.06
403.72 -01.06
407.76 -01.06
411.84 -01.06
415.96 -01.06
420.12 -01.05
424.32 -01.05
428.56 -01.04
432.85 -01.04
437.18 -01.04
441.55 -01.04
445.96 -01.03
450.42 -01.04
454.93 -01.04
459.48 -01.04
464.07 -01.05
468.71 -01.06
473.40 -01.05
478.13 -01.06
482.91 -01.06
487.74 -01.06
492.62 -01.06
497.55 -01.06
502.52 -01.06
507.55 -01.05
512.62 -01.04
517.75 -01.03
522.93 -01.01
528.16 -01.00
533.44 -00.98
538.77 -00.97
544.16 -00.95
549.60 -00.92
555.10 -00.90
560.65 -00.87
566.25 -00.85
571.92 -00.81
577.64 -00.79
583.41 -00.75
589.25 -00.73
595.14 -00.69
601.09 -00.65
607.10 -00.63
613.17 -00.59
619.30 -00.57
625.50 -00.53
631.75 -00.50
638.07 -00.48
644.45 -00.46
650.89 -00.46
657.40 -00.47
663.98 -00.46
670.62 -00.46
677.32 -00.46
684.10 -00.45
690.94 -00.44
697.85 -00.43
704.83 -00.43
711.87 -00.43
718.99 -00.41
726.18 -00.41
733.44 -00.40
740.78 -00.39
748.19 -00.36
755.67 -00.34
763.23 -00.32
770.86 -00.28
778.57 -00.24
786.35 -00.20
794.22 -00.15
802.16 -00.09
810.18 -00.04
818.28 00.01
826.46 00.06
834.73 00.13
843.08 00.18
851.51 00.24
860.02 00.29
868.62 00.34
877.31 00.40
886.08 00.45
894.94 00.50
903.89 00.56
912.93 00.63
922.06 00.69
931.28 00.75
940.59 00.80
950.00 00.85
959.50 00.90
969.09 00.93
978.78 00.96
988.57 01.00
998.46 01.02
1008.44 01.05
1018.53 01.08
1028.71 01.11
1039.00 01.16
1049.39 01.22
1059.88 01.29
1070.48 01.38
1081.19 01.47
1092.00 01.56
1102.92 01.66
1113.95 01.76
1125.09 01.85
1136.34 01.92
1147.70 01.98
1159.18 02.02
1170.77 02.03
1182.48 02.01
1194.30 01.97
1206.25 01.91
1218.31 01.83
1230.49 01.72
1242.80 01.58
1255.22 01.41
1267.78 01.23
1280.45 01.02
1293.26 00.80
1306.19 00.56
1319.25 00.30
1332.45 00.01
1345.77 -00.28
1359.23 -00.59
1372.82 -00.93
1386.55 -01.29
1400.41 -01.67
1414.42 -02.08
1428.56 -02.50
1442.85 -02.92
1457.28 -03.37
1471.85 -03.83
1486.57 -04.30
1501.43 -04.77
1516.45 -05.23
1531.61 -05.67
1546.93 -06.07
1562.40 -06.40
1578.02 -06.64
1593.80 -06.79
1609.74 -06.83
1625.84 -06.78
1642.10 -06.66
1658.52 -06.47
1675.10 -06.26
1691.85 -06.02
1708.77 -05.75
1725.86 -05.48
1743.12 -05.20
1760.55 -04.94
1778.15 -04.72
1795.94 -04.53
1813.90 -04.39
1832.03 -04.29
1850.36 -04.19
1868.86 -04.11
1887.55 -04.04
1906.42 -03.98
1925.49 -03.96
1944.74 -03.98
1964.19 -04.01
1983.83 -04.04
2003.67 -04.05
2023.71 -04.06
2043.94 -04.08
2064.38 -04.12
2085.03 -04.19
2105.88 -04.26
2126.94 -04.35
2148.20 -04.43
2169.69 -04.50
2191.38 -04.57
2213.30 -04.65
2235.43 -04.74
2257.78 -04.84
2280.36 -04.91
2303.17 -04.98
2326.20 -05.01
2349.46 -05.06
2372.95 -05.11
2396.68 -05.15
2420.65 -05.19
2444.86 -05.21
2469.31 -05.22
2494.00 -05.22
2518.94 -05.19
2544.13 -05.15
2569.57 -05.10
2595.27 -05.04
2621.22 -04.96
2647.43 -04.87
2673.90 -04.78
2700.64 -04.69
2727.65 -04.61
2754.93 -04.54
2782.48 -04.47
2810.30 -04.38
2838.40 -04.32
2866.79 -04.29
2895.46 -04.25
2924.41 -04.23
2953.65 -04.21
2983.19 -04.23
3013.02 -04.28
3043.15 -04.32
3073.58 -04.37
3104.32 -04.41
3135.36 -04.46
3166.72 -04.51
3198.38 -04.56
3230.37 -04.58
3262.67 -04.60
3295.30 -04.59
3328.25 -04.57
3361.53 -04.51
3395.15 -04.43
3429.10 -04.33
3463.39 -04.22
3498.03 -04.11
3533.01 -03.99
3568.34 -03.86
3604.02 -03.71
3640.06 -03.55
3676.46 -03.36
3713.22 -03.16
3750.36 -02.94
3787.86 -02.72
3825.74 -02.48
3864.00 -02.24
3902.64 -01.99
3941.66 -01.74
3981.08 -01.47
4020.89 -01.19
4061.10 -00.92
4101.71 -00.66
4142.73 -00.40
4184.15 -00.14
4226.00 00.12
4268.26 00.38
4310.94 00.64
4354.05 00.90
4397.59 01.16
4441.56 01.41
4485.98 01.65
4530.84 01.88
4576.15 02.11
4621.91 02.32
4668.13 02.53
4714.81 02.72
4761.96 02.89
4809.58 03.03
4857.67 03.14
4906.25 03.23
4955.31 03.30
5004.87 03.36
5054.91 03.39
5105.46 03.41
5156.52 03.34
5208.08 03.20
5260.16 03.05
5312.77 02.88
5365.89 02.71
5419.55 02.52
5473.75 02.34
5528.49 02.13
5583.77 01.93
5639.61 01.71
5696.00 01.48
5752.96 01.25
5810.49 01.01
5868.60 00.78
5927.28 00.55
5986.56 00.30
6046.42 00.28
6106.89 00.32
6167.96 00.36
6229.64 00.40
6291.93 00.44
6354.85 00.49
6418.40 00.56
6482.58 00.65
6547.41 00.76
6612.88 00.90
6679.01 01.07
6745.80 01.27
6813.26 01.52
6881.39 01.79
6950.21 02.10
7019.71 02.42
7089.91 02.75
7160.81 03.07
7232.41 03.38
7304.74 03.53
7377.79 03.64
7451.56 03.73
7526.08 03.80
7601.34 03.86
7677.35 03.89
7754.13 03.90
7831.67 03.91
7909.98 03.90
7989.08 03.88
8068.98 03.86
8149.67 03.84
8231.16 03.81
8313.47 03.79
8396.61 03.75
8480.57 03.69
8565.38 03.61
8651.03 03.50
8737.54 03.36
8824.92 03.19
8913.17 02.97
9002.30 02.71
9092.32 02.40
9183.25 02.05
9275.08 01.66
9367.83 01.25
9461.51 00.82
9556.12 00.38
9651.68 -00.06
9748.20 -00.48
9845.68 -00.89
9944.14 -01.27
10043.58 -01.64
10144.02 -01.98
10245.46 -02.30
10347.91 -02.53
10451.39 -02.76
10555.91 -03.00
10661.46 -03.26
10768.08 -03.54
10875.76 -03.80
10984.52 -04.03
11094.36 -04.20
11205.31 -04.28
11317.36 -04.25
11430.53 -04.09
11544.84 -03.84
11660.29 -03.50
11776.89 -03.12
11894.66 -02.73
12013.60 -02.36
12133.74 -02.02
12255.08 -01.74
12377.63 -01.53
12501.41 -01.40
12626.42 -01.36
12752.68 -01.41
12880.21 -01.57
13009.01 -01.82
13139.10 -02.17
13270.49 -02.61
13403.20 -03.15
13537.23 -03.77
13672.60 -04.47
13809.33 -05.19
13947.42 -05.91
14086.90 -06.54
14227.77 -07.03
14370.04 -07.34
14513.74 -07.51
14658.88 -07.67
14805.47 -07.74
14953.52 -07.71
15103.06 -07.60
15254.09 -07.40
15406.63 -07.16
15560.70 -06.88
15716.30 -06.59
15873.47 -06.30
16032.20 -06.02
16192.52 -05.76
16354.45 -05.51
16517.99 -05.31
16683.17 -05.15
16850.01 -05.06
17018.51 -05.06
17188.69 -05.16
17360.58 -05.34
17534.18 -05.60
17709.53 -05.91
17886.62 -06.25
18065.49 -06.63
18246.14 -07.02
18428.60 -07.44
18612.89 -07.87
18799.02 -08.32
18987.01 -08.81
19176.88 -09.32
19368.65 -09.91
19562.33 -10.56
19757.96 -11.29
19955.54 -12.10
20000.00 -12.30
