20.00 -05.19
20.20 -05.13
20.40 -05.08
20.61 -05.02
20.81 -04.97
21.02 -04.92
21.23 -04.87
21.44 -04.83
21.66 -04.78
21.87 -04.74
22.09 -04.70
22.31 -04.66
22.54 -04.61
22.76 -04.57
22.99 -04.53
23.22 -04.49
23.45 -04.45
23.69 -04.41
23.92 -04.37
24.16 -04.33
24.40 -04.29
24.65 -04.25
24.89 -04.21
25.14 -04.18
25.39 -04.14
25.65 -04.10
25.91 -04.06
26.16 -04.02
26.43 -03.98
26.69 -03.95
26.96 -03.91
27.23 -03.88
27.50 -03.84
27.77 -03.80
28.05 -03.77
28.33 -03.74
28.62 -03.70
28.90 -03.67
29.19 -03.63
29.48 -03.60
29.78 -03.57
30.08 -03.54
30.38 -03.51
30.68 -03.48
30.99 -03.45
31.30 -03.42
31.61 -03.39
31.93 -03.36
32.24 -03.33
32.57 -03.30
32.89 -03.27
33.22 -03.24
33.55 -03.21
33.89 -03.18
34.23 -03.15
34.57 -03.12
34.92 -03.09
35.27 -03.06
35.62 -03.03
35.97 -03.00
36.33 -02.97
36.70 -02.94
37.06 -02.92
37.43 -02.89
37.81 -02.86
38.19 -02.84
38.57 -02.81
38.95 -02.79
39.34 -02.76
39.74 -02.74
40.14 -02.72
40.54 -02.69
40.94 -02.67
41.35 -02.65
41.76 -02.63
42.18 -02.62
42.60 -02.60
43.03 -02.58
43.46 -02.57
43.90 -02.55
44.33 -02.54
44.78 -02.53
45.23 -02.52
45.68 -02.52
46.13 -02.51
46.60 -02.51
47.06 -02.50
47.53 -02.50
48.01 -02.50
48.49 -02.50
48.97 -02.49
49.46 -02.49
49.96 -02.49
50.46 -02.48
50.96 -02.48
51.47 -02.47
51.99 -02.46
52.51 -02.44
53.03 -02.43
53.56 -02.41
54.10 -02.39
54.64 -02.36
55.18 -02.33
55.74 -02.30
56.29 -02.27
56.86 -02.23
57.42 -02.19
58.00 -02.15
58.58 -02.11
59.16 -02.07
59.76 -02.02
60.35 -01.98
60.96 -01.94
61.57 -01.90
62.18 -01.86
62.80 -01.82
63.43 -01.79
64.07 -01.76
64.71 -01.74
65.35 -01.72
66.01 -01.70
66.67 -01.68
67.33 -01.67
68.01 -01.65
68.69 -01.64
69.37 -01.64
70.07 -01.63
70.77 -01.62
71.48 -01.61
72.19 -01.61
72.91 -01.60
73.64 -01.60
74.38 -01.60
75.12 -01.60
75.87 -01.60
76.63 -01.60
77.40 -01.60
78.17 -01.60
78.95 -01.60
79.74 -01.60
80.54 -01.60
81.35 -01.60
82.16 -01.61
82.98 -01.61
83.81 -01.61
84.65 -01.61
85.50 -01.61
86.35 -01.61
87.22 -01.61
88.09 -01.60
88.97 -01.60
89.86 -01.60
90.76 -01.60
91.66 -01.59
92.58 -01.59
93.51 -01.59
94.44 -01.58
95.39 -01.58
96.34 -01.58
97.30 -01.58
98.28 -01.58
99.26 -01.59
100.25 -01.59
101.25 -01.59
102.27 -01.60
103.29 -01.61
104.32 -01.61
105.37 -01.62
106.42 -01.63
107.48 -01.64
108.56 -01.65
109.64 -01.66
110.74 -01.67
111.85 -01.68
112.97 -01.70
114.10 -01.71
115.24 -01.72
116.39 -01.74
117.55 -01.75
118.73 -01.76
119.92 -01.77
121.12 -01.79
122.33 -01.80
123.55 -01.81
124.79 -01.82
126.03 -01.83
127.29 -01.84
128.57 -01.85
129.85 -01.87
131.15 -01.88
132.46 -01.89
133.79 -01.90
135.12 -01.91
136.48 -01.92
137.84 -01.93
139.22 -01.94
140.61 -01.94
142.02 -01.95
143.44 -01.96
144.87 -01.97
146.32 -01.98
147.78 -01.99
149.26 -01.99
150.75 -02.00
152.26 -02.01
153.78 -02.02
155.32 -02.03
156.88 -02.04
158.44 -02.05
160.03 -02.05
161.63 -02.05
163.24 -02.05
164.88 -02.04
166.53 -02.04
168.19 -02.03
169.87 -02.03
171.57 -02.02
173.29 -02.02
175.02 -02.02
176.77 -02.00
178.54 -02.00
180.32 -02.00
182.13 -01.99
183.95 -01.99
185.79 -01.99
187.65 -01.98
189.52 -01.98
191.42 -01.97
193.33 -01.97
195.27 -01.96
197.22 -01.96
199.19 -01.94
201.18 -01.94
203.19 -01.93
205.23 -01.93
207.28 -01.92
209.35 -01.91
211.44 -01.90
213.56 -01.90
215.69 -01.89
217.85 -01.88
220.03 -01.87
222.23 -01.86
224.45 -01.85
226.70 -01.85
228.96 -01.86
231.25 -01.85
233.57 -01.85
235.90 -01.85
238.26 -01.85
240.64 -01.84
243.05 -01.84
245.48 -01.83
247.93 -01.82
250.41 -01.82
252.92 -01.82
255.45 -01.80
258.00 -01.80
260.58 -01.80
263.19 -01.79
265.82 -01.79
268.48 -01.79
271.16 -01.79
273.87 -01.79
276.61 -01.78
279.38 -01.78
282.17 -01.78
284.99 -01.78
287.84 -01.77
290.72 -01.76
293.63 -01.75
296.57 -01.74
299.53 -01.73
302.53 -01.71
305.55 -01.71
308.61 -01.69
311.69 -01.67
314.81 -01.66
317.96 -01.64
321.14 -01.63
324.35 -01.60
327.59 -01.59
330.87 -01.57
334.18 -01.56
337.52 -01.53
340.90 -01.51
344.30 -01.49
347.75 -01.48
351.23 -01.45
354.74 -01.43
358.28 -01.42
361.87 -01.39
365.49 -01.37
369.14 -01.35
372.83 -01.33
376.56 -01.32
380.33 -01.29
384.13 -01.28
387.97 -01.25
391.85 -01.24
395.77 -01.22
399.73 -01.21
403.72 -01.19
407.76 -01.19
411.84 -01.18
415.96 -01.18
420.12 -01.18
424.32 -01.18
428.56 -01.18
432.85 -01.18
437.18 -01.18
441.55 -01.18
445.96 -01.17
450.42 -01.18
454.93 -01.17
459.48 -01.16
464.07 -01.16
468.71 -01.16
473.40 -01.14
478.13 -01.13
482.91 -01.12
487.74 -01.11
492.62 -01.09
497.55 -01.08
502.52 -01.07
507.55 -01.05
512.62 -01.05
517.75 -01.04
522.93 -01.03
528.16 -01.03
533.44 -01.01
538.77 -01.01
544.16 -01.00
549.60 -00.98
555.10 -00.97
560.65 -00.94
566.25 -00.93
571.92 -00.90
577.64 -00.89
583.41 -00.87
589.25 -00.86
595.14 -00.84
601.09 -00.83
607.10 -00.83
613.17 -00.82
619.30 -00.83
625.50 -00.83
631.75 -00.82
638.07 -00.83
644.45 -00.83
650.89 -00.85
657.40 -00.86
663.98 -00.87
670.62 -00.87
677.32 -00.87
684.10 -00.86
690.94 -00.85
697.85 -00.83
704.83 -00.81
711.87 -00.79
718.99 -00.76
726.18 -00.73
733.44 -00.70
740.78 -00.66
748.19 -00.61
755.67 -00.57
763.23 -00.54
770.86 -00.49
778.57 -00.45
786.35 -00.41
794.22 -00.37
802.16 -00.33
810.18 -00.29
818.28 -00.26
826.46 -00.23
834.73 -00.19
843.08 -00.16
851.51 -00.13
860.02 -00.11
868.62 -00.09
877.31 -00.07
886.08 -00.05
894.94 -00.04
903.89 -00.03
912.93 00.01
922.06 00.04
931.28 00.08
940.59 00.11
950.00 00.16
959.50 00.21
969.09 00.25
978.78 00.30
988.57 00.36
998.46 00.40
1008.44 00.46
1018.53 00.51
1028.71 00.55
1039.00 00.60
1049.39 00.65
1059.88 00.70
1070.48 00.75
1081.19 00.80
1092.00 00.85
1102.92 00.91
1113.95 00.97
1125.09 01.04
1136.34 01.10
1147.70 01.16
1159.18 01.23
1170.77 01.28
1182.48 01.33
1194.30 01.37
1206.25 01.41
1218.31 01.44
1230.49 01.45
1242.80 01.45
1255.22 01.42
1267.78 01.39
1280.45 01.34
1293.26 01.29
1306.19 01.23
1319.25 01.15
1332.45 01.06
1345.77 00.97
1359.23 00.88
1372.82 00.80
1386.55 00.74
1400.41 00.71
1414.42 00.69
1428.56 00.68
1442.85 00.70
1457.28 00.73
1471.85 00.79
1486.57 00.85
1501.43 00.92
1516.45 00.98
1531.61 01.04
1546.93 01.07
1562.40 01.11
1578.02 01.13
1593.80 01.15
1609.74 01.18
1625.84 01.20
1642.10 01.20
1658.52 01.20
1675.10 01.19
1691.85 01.17
1708.77 01.14
1725.86 01.09
1743.12 01.03
1760.55 00.94
1778.15 00.82
1795.94 00.69
1813.90 00.52
1832.03 00.35
1850.36 00.17
1868.86 00.00
1887.55 -00.18
1906.42 -00.34
1925.49 -00.50
1944.74 -00.66
1964.19 -00.80
1983.83 -00.94
2003.67 -01.08
2023.71 -01.23
2043.94 -01.40
2064.38 -01.59
2085.03 -01.81
2105.88 -02.04
2126.94 -02.29
2148.20 -02.53
2169.69 -02.76
2191.38 -02.97
2213.30 -03.15
2235.43 -03.29
2257.78 -03.40
2280.36 -03.48
2303.17 -03.51
2326.20 -03.49
2349.46 -03.45
2372.95 -03.40
2396.68 -03.34
2420.65 -03.32
2444.86 -03.33
2469.31 -03.35
2494.00 -03.40
2518.94 -03.45
2544.13 -03.51
2569.57 -03.57
2595.27 -03.62
2621.22 -03.67
2647.43 -03.72
2673.90 -03.75
2700.64 -03.75
2727.65 -03.74
2754.93 -03.73
2782.48 -03.70
2810.30 -03.67
2838.40 -03.66
2866.79 -03.69
2895.46 -03.75
2924.41 -03.84
2953.65 -03.94
2983.19 -04.04
3013.02 -04.15
3043.15 -04.23
3073.58 -04.32
3104.32 -04.40
3135.36 -04.48
3166.72 -04.53
3198.38 -04.58
3230.37 -04.60
3262.67 -04.62
3295.30 -04.66
3328.25 -04.75
3361.53 -04.86
3395.15 -05.01
3429.10 -05.17
3463.39 -05.33
3498.03 -05.50
3533.01 -05.69
3568.34 -05.89
3604.02 -06.13
3640.06 -06.40
3676.46 -06.70
3713.22 -06.99
3750.36 -07.27
3787.86 -07.54
3825.74 -07.82
3864.00 -08.12
3902.64 -08.46
3941.66 -08.83
3981.08 -09.17
4020.89 -09.43
4061.10 -09.54
4101.71 -09.46
4142.73 -09.26
4184.15 -09.00
4226.00 -08.73
4268.26 -08.46
4310.94 -08.20
4354.05 -07.94
4397.59 -07.68
4441.56 -07.44
4485.98 -07.24
4530.84 -07.09
4576.15 -07.01
4621.91 -06.99
4668.13 -07.02
4714.81 -07.09
4761.96 -07.19
4809.58 -07.32
4857.67 -07.47
4906.25 -07.65
4955.31 -07.84
5004.87 -08.05
5054.91 -08.26
5105.46 -08.48
5156.52 -08.79
5208.08 -09.14
5260.16 -09.49
5312.77 -09.83
5365.89 -10.13
5419.55 -10.38
5473.75 -10.58
5528.49 -10.73
5583.77 -10.85
5639.61 -10.97
5696.00 -11.07
5752.96 -11.17
5810.49 -11.25
5868.60 -11.32
5927.28 -11.38
5986.56 -11.44
6046.42 -11.28
6106.89 -11.03
6167.96 -10.78
6229.64 -10.52
6291.93 -10.26
6354.85 -10.01
6418.40 -09.76
6482.58 -09.50
6547.41 -09.26
6612.88 -09.03
6679.01 -08.80
6745.80 -08.57
6813.26 -08.35
6881.39 -08.15
6950.21 -07.95
7019.71 -07.78
7089.91 -07.62
7160.81 -07.47
7232.41 -07.34
7304.74 -07.38
7377.79 -07.44
7451.56 -07.53
7526.08 -07.63
7601.34 -07.76
7677.35 -07.90
7754.13 -08.06
7831.67 -08.23
7909.98 -08.41
7989.08 -08.58
8068.98 -08.74
8149.67 -08.90
8231.16 -09.04
8313.47 -09.16
8396.61 -09.25
8480.57 -09.29
8565.38 -09.29
8651.03 -09.25
8737.54 -09.17
8824.92 -09.06
8913.17 -08.93
9002.30 -08.79
9092.32 -08.62
9183.25 -08.41
9275.08 -08.18
9367.83 -07.91
9461.51 -07.63
9556.12 -07.34
9651.68 -07.06
9748.20 -06.80
9845.68 -06.57
9944.14 -06.40
10043.58 -06.28
10144.02 -06.19
10245.46 -06.12
10347.91 -05.98
10451.39 -05.86
10555.91 -05.73
10661.46 -05.63
10768.08 -05.53
10875.76 -05.43
10984.52 -05.30
11094.36 -05.15
11205.31 -04.98
11317.36 -04.79
11430.53 -04.59
11544.84 -04.40
11660.29 -04.22
11776.89 -04.06
11894.66 -03.91
12013.60 -03.78
12133.74 -03.66
12255.08 -03.56
12377.63 -03.47
12501.41 -03.39
12626.42 -03.34
12752.68 -03.30
12880.21 -03.29
13009.01 -03.30
13139.10 -03.33
13270.49 -03.38
13403.20 -03.45
13537.23 -03.53
13672.60 -03.61
13809.33 -03.68
13947.42 -03.76
14086.90 -03.81
14227.77 -03.85
14370.04 -03.87
14513.74 -03.92
14658.88 -04.11
14805.47 -04.30
14953.52 -04.50
15103.06 -04.70
15254.09 -04.91
15406.63 -05.14
15560.70 -05.40
15716.30 -05.70
15873.47 -06.02
16032.20 -06.36
16192.52 -06.71
16354.45 -07.04
16517.99 -07.35
16683.17 -07.59
16850.01 -07.75
17018.51 -07.81
17188.69 -07.75
17360.58 -07.55
17534.18 -07.22
17709.53 -06.80
17886.62 -06.33
18065.49 -05.88
18246.14 -05.46
18428.60 -05.12
18612.89 -04.86
18799.02 -04.70
18987.01 -04.64
19176.88 -04.68
19368.65 -04.82
19562.33 -05.07
19757.96 -05.44
19955.54 -05.93
20000.00 -06.07
