20.00 -03.75
20.20 -03.75
20.40 -03.74
20.61 -03.74
20.81 -03.74
21.02 -03.75
21.23 -03.75
21.44 -03.76
21.66 -03.78
21.87 -03.80
22.09 -03.83
22.31 -03.86
22.54 -03.90
22.76 -03.95
22.99 -04.00
23.22 -04.06
23.45 -04.13
23.69 -04.21
23.92 -04.29
24.16 -04.38
24.40 -04.48
24.65 -04.58
24.89 -04.69
25.14 -04.81
25.39 -04.93
25.65 -05.05
25.91 -05.18
26.16 -05.31
26.43 -05.45
26.69 -05.59
26.96 -05.73
27.23 -05.87
27.50 -06.01
27.77 -06.15
28.05 -06.29
28.33 -06.43
28.62 -06.57
28.90 -06.70
29.19 -06.83
29.48 -06.95
29.78 -07.07
30.08 -07.18
30.38 -07.28
30.68 -07.36
30.99 -07.43
31.30 -07.48
31.61 -07.51
31.93 -07.52
32.24 -07.50
32.57 -07.46
32.89 -07.40
33.22 -07.31
33.55 -07.20
33.89 -07.06
34.23 -06.91
34.57 -06.75
34.92 -06.56
35.27 -06.37
35.62 -06.17
35.97 -05.96
36.33 -05.74
36.70 -05.51
37.06 -05.28
37.43 -05.05
37.81 -04.81
38.19 -04.57
38.57 -04.33
38.95 -04.10
39.34 -03.87
39.74 -03.65
40.14 -03.44
40.54 -03.24
40.94 -03.05
41.35 -02.88
41.76 -02.72
42.18 -02.58
42.60 -02.45
43.03 -02.33
43.46 -02.22
43.90 -02.13
44.33 -02.05
44.78 -01.97
45.23 -01.91
45.68 -01.85
46.13 -01.79
46.60 -01.74
47.06 -01.70
47.53 -01.65
48.01 -01.62
48.49 -01.58
48.97 -01.56
49.46 -01.53
49.96 -01.52
50.46 -01.50
50.96 -01.50
51.47 -01.50
51.99 -01.50
52.51 -01.51
53.03 -01.53
53.56 -01.55
54.10 -01.58
54.64 -01.62
55.18 -01.66
55.74 -01.70
56.29 -01.76
56.86 -01.81
57.42 -01.87
58.00 -01.94
58.58 -02.01
59.16 -02.08
59.76 -02.16
60.35 -02.23
60.96 -02.30
61.57 -02.36
62.18 -02.42
62.80 -02.48
63.43 -02.53
64.07 -02.58
64.71 -02.62
65.35 -02.65
66.01 -02.68
66.67 -02.70
67.33 -02.71
68.01 -02.72
68.69 -02.73
69.37 -02.73
70.07 -02.73
70.77 -02.72
71.48 -02.71
72.19 -02.70
72.91 -02.68
73.64 -02.65
74.38 -02.62
75.12 -02.58
75.87 -02.53
76.63 -02.48
77.40 -02.41
78.17 -02.35
78.95 -02.28
79.74 -02.20
80.54 -02.12
81.35 -02.04
82.16 -01.97
82.98 -01.91
83.81 -01.86
84.65 -01.82
85.50 -01.79
86.35 -01.77
87.22 -01.76
88.09 -01.77
88.97 -01.79
89.86 -01.81
90.76 -01.85
91.66 -01.89
92.58 -01.94
93.51 -01.98
94.44 -02.03
95.39 -02.08
96.34 -02.13
97.30 -02.18
98.28 -02.23
99.26 -02.28
100.25 -02.33
101.25 -02.38
102.27 -02.44
103.29 -02.49
104.32 -02.55
105.37 -02.61
106.42 -02.68
107.48 -02.75
108.56 -02.82
109.64 -02.90
110.74 -02.98
111.85 -03.07
112.97 -03.16
114.10 -03.24
115.24 -03.33
116.39 -03.41
117.55 -03.49
118.73 -03.57
119.92 -03.64
121.12 -03.70
122.33 -03.76
123.55 -03.81
124.79 -03.85
126.03 -03.87
127.29 -03.89
128.57 -03.90
129.85 -03.90
131.15 -03.89
132.46 -03.88
133.79 -03.87
135.12 -03.86
136.48 -03.86
137.84 -03.86
139.22 -03.88
140.61 -03.90
142.02 -03.94
143.44 -03.99
144.87 -04.06
146.32 -04.13
147.78 -04.22
149.26 -04.31
150.75 -04.41
152.26 -04.51
153.78 -04.60
155.32 -04.70
156.88 -04.79
158.44 -04.88
160.03 -04.96
161.63 -05.02
163.24 -05.07
164.88 -05.09
166.53 -05.10
168.19 -05.08
169.87 -05.03
171.57 -04.95
173.29 -04.86
175.02 -04.76
176.77 -04.64
178.54 -04.54
180.32 -04.44
182.13 -04.33
183.95 -04.24
185.79 -04.16
187.65 -04.08
189.52 -04.03
191.42 -03.99
193.33 -03.96
195.27 -03.92
197.22 -03.90
199.19 -03.86
201.18 -03.82
203.19 -03.77
205.23 -03.71
207.28 -03.63
209.35 -03.54
211.44 -03.43
213.56 -03.30
215.69 -03.16
217.85 -03.01
220.03 -02.86
222.23 -02.71
224.45 -02.54
226.70 -02.39
228.96 -02.22
231.25 -02.03
233.57 -01.85
235.90 -01.66
238.26 -01.48
240.64 -01.30
243.05 -01.13
245.48 -00.98
247.93 -00.82
250.41 -00.69
252.92 -00.58
255.45 -00.48
258.00 -00.42
260.58 -00.38
263.19 -00.37
265.82 -00.39
268.48 -00.41
271.16 -00.46
273.87 -00.51
276.61 -00.57
279.38 -00.64
282.17 -00.70
284.99 -00.77
287.84 -00.84
290.72 -00.91
293.63 -00.97
296.57 -01.02
299.53 -01.09
302.53 -01.15
305.55 -01.22
308.61 -01.27
311.69 -01.33
314.81 -01.39
317.96 -01.45
321.14 -01.51
324.35 -01.57
327.59 -01.64
330.87 -01.72
334.18 -01.79
337.52 -01.85
340.90 -01.91
344.30 -01.97
347.75 -02.02
351.23 -02.04
354.74 -02.06
358.28 -02.05
361.87 -02.02
365.49 -01.97
369.14 -01.90
372.83 -01.81
376.56 -01.72
380.33 -01.60
384.13 -01.49
387.97 -01.37
391.85 -01.26
395.77 -01.14
399.73 -01.05
403.72 -00.96
407.76 -00.88
411.84 -00.81
415.96 -00.75
420.12 -00.70
424.32 -00.67
428.56 -00.63
432.85 -00.59
437.18 -00.57
441.55 -00.53
445.96 -00.49
450.42 -00.46
454.93 -00.40
459.48 -00.33
464.07 -00.25
468.71 -00.16
473.40 -00.05
478.13 00.06
482.91 00.16
487.74 00.26
492.62 00.37
497.55 00.45
502.52 00.52
507.55 00.59
512.62 00.63
517.75 00.65
522.93 00.67
528.16 00.66
533.44 00.64
538.77 00.61
544.16 00.57
549.60 00.53
555.10 00.49
560.65 00.46
566.25 00.43
571.92 00.41
577.64 00.38
583.41 00.38
589.25 00.37
595.14 00.38
601.09 00.40
607.10 00.42
613.17 00.44
619.30 00.47
625.50 00.50
631.75 00.54
638.07 00.56
644.45 00.59
650.89 00.59
657.40 00.59
663.98 00.59
670.62 00.58
677.32 00.56
684.10 00.53
690.94 00.49
697.85 00.44
704.83 00.38
711.87 00.31
718.99 00.25
726.18 00.19
733.44 00.14
740.78 00.10
748.19 00.09
755.67 00.09
763.23 00.11
770.86 00.16
778.57 00.22
786.35 00.29
794.22 00.37
802.16 00.46
810.18 00.54
818.28 00.62
826.46 00.68
834.73 00.75
843.08 00.80
851.51 00.84
860.02 00.87
868.62 00.90
877.31 00.94
886.08 00.96
894.94 00.99
903.89 01.01
912.93 01.04
922.06 01.06
931.28 01.06
940.59 01.05
950.00 01.02
959.50 00.98
969.09 00.91
978.78 00.85
988.57 00.78
998.46 00.68
1008.44 00.59
1018.53 00.49
1028.71 00.39
1039.00 00.30
1049.39 00.23
1059.88 00.15
1070.48 00.10
1081.19 00.05
1092.00 -00.01
1102.92 -00.06
1113.95 -00.12
1125.09 -00.17
1136.34 -00.25
1147.70 -00.32
1159.18 -00.39
1170.77 -00.48
1182.48 -00.58
1194.30 -00.69
1206.25 -00.80
1218.31 -00.91
1230.49 -01.03
1242.80 -01.14
1255.22 -01.26
1267.78 -01.36
1280.45 -01.46
1293.26 -01.54
1306.19 -01.63
1319.25 -01.72
1332.45 -01.82
1345.77 -01.91
1359.23 -01.99
1372.82 -02.06
1386.55 -02.13
1400.41 -02.20
1414.42 -02.27
1428.56 -02.34
1442.85 -02.40
1457.28 -02.45
1471.85 -02.49
1486.57 -02.52
1501.43 -02.54
1516.45 -02.56
1531.61 -02.58
1546.93 -02.60
1562.40 -02.60
1578.02 -02.60
1593.80 -02.57
1609.74 -02.50
1625.84 -02.42
1642.10 -02.33
1658.52 -02.21
1675.10 -02.11
1691.85 -02.02
1708.77 -01.95
1725.86 -01.90
1743.12 -01.86
1760.55 -01.85
1778.15 -01.85
1795.94 -01.86
1813.90 -01.89
1832.03 -01.94
1850.36 -01.99
1868.86 -02.02
1887.55 -02.04
1906.42 -02.03
1925.49 -02.00
1944.74 -01.96
1964.19 -01.89
1983.83 -01.81
2003.67 -01.73
2023.71 -01.63
2043.94 -01.54
2064.38 -01.44
2085.03 -01.34
2105.88 -01.25
2126.94 -01.19
2148.20 -01.15
2169.69 -01.12
2191.38 -01.12
2213.30 -01.13
2235.43 -01.15
2257.78 -01.20
2280.36 -01.26
2303.17 -01.34
2326.20 -01.42
2349.46 -01.51
2372.95 -01.59
2396.68 -01.62
2420.65 -01.63
2444.86 -01.60
2469.31 -01.54
2494.00 -01.47
2518.94 -01.37
2544.13 -01.27
2569.57 -01.16
2595.27 -01.05
2621.22 -00.96
2647.43 -00.89
2673.90 -00.85
2700.64 -00.81
2727.65 -00.81
2754.93 -00.81
2782.48 -00.83
2810.30 -00.84
2838.40 -00.87
2866.79 -00.89
2895.46 -00.89
2924.41 -00.88
2953.65 -00.85
2983.19 -00.80
3013.02 -00.76
3043.15 -00.70
3073.58 -00.66
3104.32 -00.61
3135.36 -00.57
3166.72 -00.51
3198.38 -00.46
3230.37 -00.41
3262.67 -00.38
3295.30 -00.34
3328.25 -00.32
3361.53 -00.30
3395.15 -00.29
3429.10 -00.27
3463.39 -00.26
3498.03 -00.28
3533.01 -00.29
3568.34 -00.32
3604.02 -00.37
3640.06 -00.43
3676.46 -00.49
3713.22 -00.55
3750.36 -00.61
3787.86 -00.67
3825.74 -00.73
3864.00 -00.79
3902.64 -00.84
3941.66 -00.88
3981.08 -00.92
4020.89 -00.96
4061.10 -01.00
4101.71 -01.04
4142.73 -01.09
4184.15 -01.15
4226.00 -01.20
4268.26 -01.26
4310.94 -01.31
4354.05 -01.35
4397.59 -01.39
4441.56 -01.42
4485.98 -01.46
4530.84 -01.48
4576.15 -01.50
4621.91 -01.52
4668.13 -01.53
4714.81 -01.54
4761.96 -01.56
4809.58 -01.57
4857.67 -01.59
4906.25 -01.59
4955.31 -01.59
5004.87 -01.56
5054.91 -01.51
5105.46 -01.43
5156.52 -01.40
5208.08 -01.38
5260.16 -01.34
5312.77 -01.28
5365.89 -01.21
5419.55 -01.13
5473.75 -01.05
5528.49 -00.96
5583.77 -00.86
5639.61 -00.77
5696.00 -00.69
5752.96 -00.64
5810.49 -00.60
5868.60 -00.56
5927.28 -00.53
5986.56 -00.51
6046.42 -00.26
6106.89 00.04
6167.96 00.31
6229.64 00.56
6291.93 00.78
6354.85 00.98
6418.40 01.16
6482.58 01.33
6547.41 01.47
6612.88 01.59
6679.01 01.66
6745.80 01.70
6813.26 01.71
6881.39 01.69
6950.21 01.65
7019.71 01.60
7089.91 01.53
7160.81 01.44
7232.41 01.34
7304.74 01.07
7377.79 00.77
7451.56 00.48
7526.08 00.19
7601.34 -00.10
7677.35 -00.36
7754.13 -00.61
7831.67 -00.84
7909.98 -01.05
7989.08 -01.24
8068.98 -01.40
8149.67 -01.54
8231.16 -01.66
8313.47 -01.74
8396.61 -01.79
8480.57 -01.81
8565.38 -01.79
8651.03 -01.76
8737.54 -01.71
8824.92 -01.66
8913.17 -01.59
9002.30 -01.53
9092.32 -01.46
9183.25 -01.40
9275.08 -01.36
9367.83 -01.33
9461.51 -01.32
9556.12 -01.35
9651.68 -01.39
9748.20 -01.47
9845.68 -01.58
9944.14 -01.72
10043.58 -01.90
10144.02 -02.12
10245.46 -02.36
10347.91 -02.54
10451.39 -02.75
10555.91 -02.96
10661.46 -03.22
10768.08 -03.49
10875.76 -03.76
10984.52 -04.03
11094.36 -04.28
11205.31 -04.49
11317.36 -04.64
11430.53 -04.72
11544.84 -04.72
11660.29 -04.65
11776.89 -04.54
11894.66 -04.37
12013.60 -04.19
12133.74 -03.98
12255.08 -03.76
12377.63 -03.55
12501.41 -03.36
12626.42 -03.19
12752.68 -03.04
12880.21 -02.91
13009.01 -02.80
13139.10 -02.71
13270.49 -02.64
13403.20 -02.59
13537.23 -02.56
13672.60 -02.54
13809.33 -02.52
13947.42 -02.50
14086.90 -02.47
14227.77 -02.45
14370.04 -02.46
14513.74 -02.52
14658.88 -02.76
14805.47 -03.01
14953.52 -03.28
15103.06 -03.55
15254.09 -03.83
15406.63 -04.15
15560.70 -04.51
15716.30 -04.92
15873.47 -05.37
16032.20 -05.86
16192.52 -06.38
16354.45 -06.93
16517.99 -07.52
16683.17 -08.15
16850.01 -08.85
17018.51 -09.60
17188.69 -10.43
17360.58 -11.31
17534.18 -12.24
17709.53 -13.19
17886.62 -14.14
18065.49 -15.09
18246.14 -16.05
18428.60 -17.05
18612.89 -18.08
18799.02 -19.16
18987.01 -20.27
19176.88 -21.37
19368.65 -22.50
19562.33 -23.64
19757.96 -24.78
19955.54 -25.91
20000.00 -26.15
