20.00 -09.01
20.20 -08.91
20.40 -08.80
20.61 -08.70
20.81 -08.60
21.02 -08.50
21.23 -08.40
21.44 -08.31
21.66 -08.22
21.87 -08.13
22.09 -08.04
22.31 -07.95
22.54 -07.86
22.76 -07.77
22.99 -07.69
23.22 -07.60
23.45 -07.52
23.69 -07.43
23.92 -07.35
24.16 -07.27
24.40 -07.19
24.65 -07.11
24.89 -07.03
25.14 -06.95
25.39 -06.87
25.65 -06.80
25.91 -06.72
26.16 -06.65
26.43 -06.57
26.69 -06.50
26.96 -06.43
27.23 -06.36
27.50 -06.30
27.77 -06.23
28.05 -06.17
28.33 -06.11
28.62 -06.05
28.90 -05.99
29.19 -05.93
29.48 -05.88
29.78 -05.83
30.08 -05.78
30.38 -05.73
30.68 -05.68
30.99 -05.64
31.30 -05.59
31.61 -05.56
31.93 -05.52
32.24 -05.48
32.57 -05.45
32.89 -05.42
33.22 -05.39
33.55 -05.37
33.89 -05.35
34.23 -05.33
34.57 -05.32
34.92 -05.31
35.27 -05.30
35.62 -05.29
35.97 -05.29
36.33 -05.28
36.70 -05.28
37.06 -05.28
37.43 -05.28
37.81 -05.28
38.19 -05.28
38.57 -05.28
38.95 -05.28
39.34 -05.28
39.74 -05.27
40.14 -05.26
40.54 -05.25
40.94 -05.23
41.35 -05.21
41.76 -05.18
42.18 -05.15
42.60 -05.11
43.03 -05.07
43.46 -05.02
43.90 -04.96
44.33 -04.90
44.78 -04.83
45.23 -04.76
45.68 -04.68
46.13 -04.60
46.60 -04.51
47.06 -04.42
47.53 -04.32
48.01 -04.23
48.49 -04.13
48.97 -04.03
49.46 -03.93
49.96 -03.84
50.46 -03.74
50.96 -03.65
51.47 -03.57
51.99 -03.49
52.51 -03.42
53.03 -03.36
53.56 -03.30
54.10 -03.26
54.64 -03.22
55.18 -03.19
55.74 -03.17
56.29 -03.16
56.86 -03.15
57.42 -03.15
58.00 -03.15
58.58 -03.16
59.16 -03.16
59.76 -03.17
60.35 -03.17
60.96 -03.17
61.57 -03.17
62.18 -03.16
62.80 -03.15
63.43 -03.13
64.07 -03.10
64.71 -03.06
65.35 -03.01
66.01 -02.96
66.67 -02.89
67.33 -02.83
68.01 -02.75
68.69 -02.67
69.37 -02.59
70.07 -02.50
70.77 -02.42
71.48 -02.34
72.19 -02.27
72.91 -02.20
73.64 -02.15
74.38 -02.10
75.12 -02.07
75.87 -02.04
76.63 -02.02
77.40 -02.02
78.17 -02.02
78.95 -02.03
79.74 -02.04
80.54 -02.05
81.35 -02.07
82.16 -02.09
82.98 -02.11
83.81 -02.13
84.65 -02.14
85.50 -02.16
86.35 -02.18
87.22 -02.20
88.09 -02.22
88.97 -02.23
89.86 -02.25
90.76 -02.27
91.66 -02.28
92.58 -02.30
93.51 -02.32
94.44 -02.34
95.39 -02.36
96.34 -02.38
97.30 -02.40
98.28 -02.43
99.26 -02.45
100.25 -02.48
101.25 -02.50
102.27 -02.53
103.29 -02.56
104.32 -02.59
105.37 -02.61
106.42 -02.64
107.48 -02.67
108.56 -02.69
109.64 -02.72
110.74 -02.74
111.85 -02.76
112.97 -02.79
114.10 -02.81
115.24 -02.83
116.39 -02.85
117.55 -02.87
118.73 -02.89
119.92 -02.91
121.12 -02.92
122.33 -02.94
123.55 -02.96
124.79 -02.98
126.03 -02.99
127.29 -03.01
128.57 -03.02
129.85 -03.04
131.15 -03.05
132.46 -03.07
133.79 -03.08
135.12 -03.10
136.48 -03.11
137.84 -03.13
139.22 -03.14
140.61 -03.16
142.02 -03.17
143.44 -03.19
144.87 -03.21
146.32 -03.22
147.78 -03.24
149.26 -03.25
150.75 -03.27
152.26 -03.28
153.78 -03.29
155.32 -03.31
156.88 -03.32
158.44 -03.33
160.03 -03.35
161.63 -03.35
163.24 -03.35
164.88 -03.35
166.53 -03.35
168.19 -03.34
169.87 -03.34
171.57 -03.32
173.29 -03.32
175.02 -03.31
176.77 -03.29
178.54 -03.28
180.32 -03.27
182.13 -03.24
183.95 -03.23
185.79 -03.22
187.65 -03.20
189.52 -03.20
191.42 -03.18
193.33 -03.18
195.27 -03.16
197.22 -03.16
199.19 -03.15
201.18 -03.14
203.19 -03.13
205.23 -03.13
207.28 -03.12
209.35 -03.12
211.44 -03.11
213.56 -03.11
215.69 -03.09
217.85 -03.08
220.03 -03.07
222.23 -03.05
224.45 -03.03
226.70 -03.02
228.96 -03.00
231.25 -02.97
233.57 -02.96
235.90 -02.94
238.26 -02.92
240.64 -02.89
243.05 -02.88
245.48 -02.86
247.93 -02.83
250.41 -02.82
252.92 -02.80
255.45 -02.77
258.00 -02.76
260.58 -02.74
263.19 -02.72
265.82 -02.70
268.48 -02.68
271.16 -02.67
273.87 -02.66
276.61 -02.64
279.38 -02.63
282.17 -02.61
284.99 -02.61
287.84 -02.59
290.72 -02.59
293.63 -02.58
296.57 -02.58
299.53 -02.58
302.53 -02.58
305.55 -02.58
308.61 -02.58
311.69 -02.58
314.81 -02.59
317.96 -02.59
321.14 -02.61
324.35 -02.62
327.59 -02.63
330.87 -02.65
334.18 -02.67
337.52 -02.67
340.90 -02.69
344.30 -02.70
347.75 -02.71
351.23 -02.70
354.74 -02.70
358.28 -02.70
361.87 -02.68
365.49 -02.67
369.14 -02.65
372.83 -02.63
376.56 -02.62
380.33 -02.61
384.13 -02.60
387.97 -02.59
391.85 -02.60
395.77 -02.59
399.73 -02.60
403.72 -02.61
407.76 -02.62
411.84 -02.62
415.96 -02.63
420.12 -02.62
424.32 -02.63
428.56 -02.61
432.85 -02.59
437.18 -02.57
441.55 -02.53
445.96 -02.49
450.42 -02.45
454.93 -02.40
459.48 -02.35
464.07 -02.30
468.71 -02.25
473.40 -02.18
478.13 -02.12
482.91 -02.05
487.74 -01.99
492.62 -01.91
497.55 -01.85
502.52 -01.78
507.55 -01.71
512.62 -01.64
517.75 -01.57
522.93 -01.49
528.16 -01.42
533.44 -01.34
538.77 -01.28
544.16 -01.22
549.60 -01.15
555.10 -01.10
560.65 -01.04
566.25 -00.99
571.92 -00.95
577.64 -00.91
583.41 -00.88
589.25 -00.86
595.14 -00.83
601.09 -00.81
607.10 -00.81
613.17 -00.80
619.30 -00.80
625.50 -00.79
631.75 -00.79
638.07 -00.80
644.45 -00.82
650.89 -00.87
657.40 -00.92
663.98 -00.97
670.62 -01.04
677.32 -01.11
684.10 -01.16
690.94 -01.23
697.85 -01.27
704.83 -01.31
711.87 -01.34
718.99 -01.36
726.18 -01.37
733.44 -01.38
740.78 -01.38
748.19 -01.36
755.67 -01.35
763.23 -01.34
770.86 -01.32
778.57 -01.32
786.35 -01.32
794.22 -01.31
802.16 -01.28
810.18 -01.25
818.28 -01.21
826.46 -01.15
834.73 -01.07
843.08 -00.99
851.51 -00.91
860.02 -00.82
868.62 -00.72
877.31 -00.62
886.08 -00.53
894.94 -00.45
903.89 -00.37
912.93 -00.28
922.06 -00.20
931.28 -00.12
940.59 -00.05
950.00 00.02
959.50 00.08
969.09 00.12
978.78 00.17
988.57 00.21
998.46 00.23
1008.44 00.26
1018.53 00.29
1028.71 00.31
1039.00 00.33
1049.39 00.36
1059.88 00.38
1070.48 00.41
1081.19 00.44
1092.00 00.48
1102.92 00.55
1113.95 00.63
1125.09 00.73
1136.34 00.83
1147.70 00.97
1159.18 01.12
1170.77 01.28
1182.48 01.44
1194.30 01.62
1206.25 01.80
1218.31 01.98
1230.49 02.15
1242.80 02.31
1255.22 02.44
1267.78 02.57
1280.45 02.67
1293.26 02.75
1306.19 02.82
1319.25 02.87
1332.45 02.88
1345.77 02.87
1359.23 02.84
1372.82 02.77
1386.55 02.68
1400.41 02.58
1414.42 02.46
1428.56 02.33
1442.85 02.18
1457.28 02.02
1471.85 01.85
1486.57 01.67
1501.43 01.48
1516.45 01.30
1531.61 01.13
1546.93 00.95
1562.40 00.77
1578.02 00.59
1593.80 00.41
1609.74 00.25
1625.84 00.10
1642.10 -00.05
1658.52 -00.19
1675.10 -00.34
1691.85 -00.51
1708.77 -00.66
1725.86 -00.82
1743.12 -00.97
1760.55 -01.16
1778.15 -01.36
1795.94 -01.57
1813.90 -01.81
1832.03 -02.05
1850.36 -02.28
1868.86 -02.50
1887.55 -02.70
1906.42 -02.89
1925.49 -03.05
1944.74 -03.20
1964.19 -03.30
1983.83 -03.38
2003.67 -03.43
2023.71 -03.46
2043.94 -03.48
2064.38 -03.48
2085.03 -03.48
2105.88 -03.45
2126.94 -03.43
2148.20 -03.42
2169.69 -03.40
2191.38 -03.39
2213.30 -03.37
2235.43 -03.35
2257.78 -03.35
2280.36 -03.37
2303.17 -03.40
2326.20 -03.42
2349.46 -03.47
2372.95 -03.51
2396.68 -03.55
2420.65 -03.58
2444.86 -03.62
2469.31 -03.64
2494.00 -03.67
2518.94 -03.68
2544.13 -03.70
2569.57 -03.72
2595.27 -03.74
2621.22 -03.77
2647.43 -03.82
2673.90 -03.89
2700.64 -03.95
2727.65 -04.04
2754.93 -04.14
2782.48 -04.23
2810.30 -04.32
2838.40 -04.43
2866.79 -04.53
2895.46 -04.62
2924.41 -04.70
2953.65 -04.77
2983.19 -04.83
3013.02 -04.89
3043.15 -04.93
3073.58 -04.97
3104.32 -05.00
3135.36 -05.04
3166.72 -05.08
3198.38 -05.12
3230.37 -05.17
3262.67 -05.22
3295.30 -05.28
3328.25 -05.36
3361.53 -05.43
3395.15 -05.51
3429.10 -05.60
3463.39 -05.70
3498.03 -05.80
3533.01 -05.90
3568.34 -05.99
3604.02 -06.09
3640.06 -06.17
3676.46 -06.25
3713.22 -06.32
3750.36 -06.38
3787.86 -06.45
3825.74 -06.51
3864.00 -06.57
3902.64 -06.63
3941.66 -06.69
3981.08 -06.75
4020.89 -06.82
4061.10 -06.90
4101.71 -06.99
4142.73 -07.10
4184.15 -07.23
4226.00 -07.36
4268.26 -07.50
4310.94 -07.65
4354.05 -07.80
4397.59 -07.94
4441.56 -08.10
4485.98 -08.26
4530.84 -08.42
4576.15 -08.58
4621.91 -08.71
4668.13 -08.83
4714.81 -08.90
4761.96 -08.95
4809.58 -08.96
4857.67 -08.95
4906.25 -08.93
4955.31 -08.89
5004.87 -08.83
5054.91 -08.74
5105.46 -08.64
5156.52 -08.62
5208.08 -08.63
5260.16 -08.65
5312.77 -08.67
5365.89 -08.69
5419.55 -08.70
5473.75 -08.70
5528.49 -08.71
5583.77 -08.70
5639.61 -08.71
5696.00 -08.71
5752.96 -08.72
5810.49 -08.74
5868.60 -08.75
5927.28 -08.78
5986.56 -08.83
6046.42 -08.67
6106.89 -08.46
6167.96 -08.25
6229.64 -08.06
6291.93 -07.87
6354.85 -07.71
6418.40 -07.58
6482.58 -07.47
6547.41 -07.42
6612.88 -07.42
6679.01 -07.47
6745.80 -07.60
6813.26 -07.81
6881.39 -08.13
6950.21 -08.54
7019.71 -09.06
7089.91 -09.67
7160.81 -10.35
7232.41 -11.04
7304.74 -11.82
7377.79 -12.46
7451.56 -12.77
7526.08 -12.67
7601.34 -12.16
7677.35 -11.39
7754.13 -10.51
7831.67 -09.64
7909.98 -08.83
7989.08 -08.11
8068.98 -07.48
8149.67 -06.92
8231.16 -06.44
8313.47 -06.02
8396.61 -05.66
8480.57 -05.35
8565.38 -05.09
8651.03 -04.86
8737.54 -04.65
8824.92 -04.45
8913.17 -04.26
9002.30 -04.06
9092.32 -03.87
9183.25 -03.68
9275.08 -03.52
9367.83 -03.38
9461.51 -03.25
9556.12 -03.12
9651.68 -03.00
9748.20 -02.88
9845.68 -02.76
9944.14 -02.68
10043.58 -02.63
10144.02 -02.62
10245.46 -02.66
10347.91 -02.64
10451.39 -02.65
10555.91 -02.69
10661.46 -02.78
10768.08 -02.94
10875.76 -03.17
10984.52 -03.47
11094.36 -03.85
11205.31 -04.32
11317.36 -04.86
11430.53 -05.45
11544.84 -06.10
11660.29 -06.79
11776.89 -07.53
11894.66 -08.32
12013.60 -09.19
12133.74 -10.14
12255.08 -11.20
12377.63 -12.36
12501.41 -13.59
12626.42 -14.86
12752.68 -16.07
12880.21 -17.17
13009.01 -18.01
13139.10 -18.49
13270.49 -18.53
13403.20 -18.18
13537.23 -17.57
13672.60 -16.86
13809.33 -16.12
13947.42 -15.42
14086.90 -14.77
14227.77 -14.17
14370.04 -13.63
14513.74 -13.18
14658.88 -12.93
14805.47 -12.75
14953.52 -12.62
15103.06 -12.51
15254.09 -12.39
15406.63 -12.23
15560.70 -12.00
15716.30 -11.75
15873.47 -11.52
16032.20 -11.34
16192.52 -11.21
16354.45 -11.13
16517.99 -11.05
16683.17 -10.98
16850.01 -10.88
17018.51 -10.76
17188.69 -10.68
17360.58 -10.63
17534.18 -10.67
17709.53 -10.81
17886.62 -11.02
18065.49 -11.30
18246.14 -11.65
18428.60 -12.08
18612.89 -12.59
18799.02 -13.19
18987.01 -13.91
19176.88 -14.73
19368.65 -15.67
19562.33 -16.66
19757.96 -17.65
19955.54 -18.54
20000.00 -18.71
