20.00 -07.67
20.20 -07.56
20.40 -07.46
20.61 -07.35
20.81 -07.26
21.02 -07.16
21.23 -07.07
21.44 -06.98
21.66 -06.89
21.87 -06.81
22.09 -06.72
22.31 -06.64
22.54 -06.55
22.76 -06.47
22.99 -06.39
23.22 -06.31
23.45 -06.23
23.69 -06.14
23.92 -06.06
24.16 -05.98
24.40 -05.89
24.65 -05.81
24.89 -05.73
25.14 -05.64
25.39 -05.56
25.65 -05.47
25.91 -05.39
26.16 -05.31
26.43 -05.22
26.69 -05.14
26.96 -05.05
27.23 -04.97
27.50 -04.88
27.77 -04.80
28.05 -04.72
28.33 -04.63
28.62 -04.55
28.90 -04.47
29.19 -04.38
29.48 -04.30
29.78 -04.22
30.08 -04.14
30.38 -04.05
30.68 -03.97
30.99 -03.89
31.30 -03.81
31.61 -03.72
31.93 -03.63
32.24 -03.55
32.57 -03.46
32.89 -03.37
33.22 -03.28
33.55 -03.19
33.89 -03.10
34.23 -03.01
34.57 -02.92
34.92 -02.83
35.27 -02.73
35.62 -02.64
35.97 -02.55
36.33 -02.46
36.70 -02.37
37.06 -02.28
37.43 -02.19
37.81 -02.10
38.19 -02.01
38.57 -01.92
38.95 -01.84
39.34 -01.75
39.74 -01.66
40.14 -01.58
40.54 -01.49
40.94 -01.41
41.35 -01.33
41.76 -01.25
42.18 -01.18
42.60 -01.12
43.03 -01.06
43.46 -01.00
43.90 -00.95
44.33 -00.90
44.78 -00.86
45.23 -00.82
45.68 -00.78
46.13 -00.74
46.60 -00.71
47.06 -00.68
47.53 -00.64
48.01 -00.61
48.49 -00.57
48.97 -00.54
49.46 -00.50
49.96 -00.46
50.46 -00.42
50.96 -00.39
51.47 -00.35
51.99 -00.31
52.51 -00.26
53.03 -00.22
53.56 -00.18
54.10 -00.13
54.64 -00.09
55.18 -00.04
55.74 00.01
56.29 00.06
56.86 00.11
57.42 00.16
58.00 00.21
58.58 00.27
59.16 00.32
59.76 00.37
60.35 00.43
60.96 00.48
61.57 00.53
62.18 00.58
62.80 00.63
63.43 00.67
64.07 00.70
64.71 00.73
65.35 00.76
66.01 00.78
66.67 00.79
67.33 00.80
68.01 00.81
68.69 00.81
69.37 00.81
70.07 00.81
70.77 00.81
71.48 00.81
72.19 00.80
72.91 00.80
73.64 00.79
74.38 00.79
75.12 00.78
75.87 00.78
76.63 00.77
77.40 00.76
78.17 00.75
78.95 00.75
79.74 00.74
80.54 00.73
81.35 00.72
82.16 00.71
82.98 00.70
83.81 00.68
84.65 00.67
85.50 00.66
86.35 00.64
87.22 00.63
88.09 00.62
88.97 00.60
89.86 00.58
90.76 00.57
91.66 00.55
92.58 00.53
93.51 00.52
94.44 00.50
95.39 00.48
96.34 00.47
97.30 00.45
98.28 00.43
99.26 00.42
100.25 00.40
101.25 00.38
102.27 00.37
103.29 00.35
104.32 00.34
105.37 00.32
106.42 00.31
107.48 00.30
108.56 00.28
109.64 00.27
110.74 00.26
111.85 00.24
112.97 00.23
114.10 00.22
115.24 00.21
116.39 00.20
117.55 00.19
118.73 00.18
119.92 00.17
121.12 00.16
122.33 00.15
123.55 00.14
124.79 00.13
126.03 00.12
127.29 00.11
128.57 00.10
129.85 00.09
131.15 00.08
132.46 00.07
133.79 00.06
135.12 00.05
136.48 00.03
137.84 00.02
139.22 00.01
140.61 00.00
142.02 -00.01
143.44 -00.02
144.87 -00.03
146.32 -00.04
147.78 -00.05
149.26 -00.06
150.75 -00.08
152.26 -00.09
153.78 -00.10
155.32 -00.11
156.88 -00.12
158.44 -00.13
160.03 -00.14
161.63 -00.14
163.24 -00.14
164.88 -00.12
166.53 -00.12
168.19 -00.12
169.87 -00.11
171.57 -00.10
173.29 -00.09
175.02 -00.09
176.77 -00.07
178.54 -00.06
180.32 -00.06
182.13 -00.04
183.95 -00.04
185.79 -00.04
187.65 -00.02
189.52 -00.02
191.42 -00.01
193.33 -00.01
195.27 00.00
197.22 00.00
199.19 00.01
201.18 00.01
203.19 00.02
205.23 00.02
207.28 00.03
209.35 00.03
211.44 00.03
213.56 00.03
215.69 00.04
217.85 00.05
220.03 00.06
222.23 00.07
224.45 00.08
226.70 00.08
228.96 00.09
231.25 00.10
233.57 00.11
235.90 00.12
238.26 00.13
240.64 00.15
243.05 00.16
245.48 00.17
247.93 00.20
250.41 00.21
252.92 00.23
255.45 00.25
258.00 00.27
260.58 00.29
263.19 00.31
265.82 00.32
268.48 00.34
271.16 00.35
273.87 00.36
276.61 00.38
279.38 00.39
282.17 00.41
284.99 00.41
287.84 00.43
290.72 00.44
293.63 00.46
296.57 00.48
299.53 00.49
302.53 00.51
305.55 00.52
308.61 00.55
311.69 00.57
314.81 00.59
317.96 00.62
321.14 00.64
324.35 00.67
327.59 00.68
330.87 00.70
334.18 00.72
337.52 00.74
340.90 00.76
344.30 00.78
347.75 00.80
351.23 00.82
354.74 00.84
358.28 00.87
361.87 00.90
365.49 00.93
369.14 00.96
372.83 00.99
376.56 01.02
380.33 01.05
384.13 01.08
387.97 01.12
391.85 01.15
395.77 01.18
399.73 01.21
403.72 01.24
407.76 01.27
411.84 01.30
415.96 01.32
420.12 01.35
424.32 01.37
428.56 01.40
432.85 01.43
437.18 01.45
441.55 01.47
445.96 01.49
450.42 01.49
454.93 01.49
459.48 01.47
464.07 01.43
468.71 01.37
473.40 01.29
478.13 01.17
482.91 01.03
487.74 00.85
492.62 00.67
497.55 00.45
502.52 00.23
507.55 00.01
512.62 -00.20
517.75 -00.40
522.93 -00.56
528.16 -00.69
533.44 -00.76
538.77 -00.80
544.16 -00.79
549.60 -00.74
555.10 -00.67
560.65 -00.57
566.25 -00.48
571.92 -00.37
577.64 -00.27
583.41 -00.16
589.25 -00.07
595.14 00.03
601.09 00.13
607.10 00.21
613.17 00.30
619.30 00.37
625.50 00.46
631.75 00.54
638.07 00.61
644.45 00.68
650.89 00.73
657.40 00.78
663.98 00.83
670.62 00.88
677.32 00.92
684.10 00.97
690.94 01.01
697.85 01.07
704.83 01.11
711.87 01.15
718.99 01.20
726.18 01.24
733.44 01.29
740.78 01.33
748.19 01.38
755.67 01.42
763.23 01.46
770.86 01.51
778.57 01.56
786.35 01.60
794.22 01.65
802.16 01.71
810.18 01.77
818.28 01.83
826.46 01.88
834.73 01.95
843.08 02.01
851.51 02.06
860.02 02.11
868.62 02.16
877.31 02.21
886.08 02.23
894.94 02.25
903.89 02.26
912.93 02.27
922.06 02.26
931.28 02.22
940.59 02.14
950.00 02.03
959.50 01.87
969.09 01.67
978.78 01.45
988.57 01.20
998.46 00.93
1008.44 00.66
1018.53 00.38
1028.71 00.09
1039.00 -00.16
1049.39 -00.38
1059.88 -00.56
1070.48 -00.66
1081.19 -00.72
1092.00 -00.75
1102.92 -00.76
1113.95 -00.78
1125.09 -00.80
1136.34 -00.84
1147.70 -00.88
1159.18 -00.93
1170.77 -00.97
1182.48 -01.03
1194.30 -01.09
1206.25 -01.15
1218.31 -01.23
1230.49 -01.32
1242.80 -01.41
1255.22 -01.52
1267.78 -01.63
1280.45 -01.74
1293.26 -01.86
1306.19 -01.98
1319.25 -02.11
1332.45 -02.27
1345.77 -02.44
1359.23 -02.62
1372.82 -02.81
1386.55 -03.00
1400.41 -03.19
1414.42 -03.38
1428.56 -03.58
1442.85 -03.80
1457.28 -04.03
1471.85 -04.27
1486.57 -04.54
1501.43 -04.81
1516.45 -05.08
1531.61 -05.34
1546.93 -05.61
1562.40 -05.88
1578.02 -06.13
1593.80 -06.37
1609.74 -06.58
1625.84 -06.77
1642.10 -06.91
1658.52 -06.97
1675.10 -06.98
1691.85 -06.96
1708.77 -06.92
1725.86 -06.89
1743.12 -06.86
1760.55 -06.84
1778.15 -06.83
1795.94 -06.81
1813.90 -06.79
1832.03 -06.77
1850.36 -06.74
1868.86 -06.71
1887.55 -06.67
1906.42 -06.65
1925.49 -06.62
1944.74 -06.61
1964.19 -06.58
1983.83 -06.55
2003.67 -06.50
2023.71 -06.46
2043.94 -06.43
2064.38 -06.43
2085.03 -06.48
2105.88 -06.56
2126.94 -06.67
2148.20 -06.79
2169.69 -06.88
2191.38 -06.94
2213.30 -06.98
2235.43 -06.99
2257.78 -06.98
2280.36 -06.93
2303.17 -06.81
2326.20 -06.63
2349.46 -06.39
2372.95 -06.11
2396.68 -05.82
2420.65 -05.56
2444.86 -05.31
2469.31 -05.07
2494.00 -04.85
2518.94 -04.63
2544.13 -04.43
2569.57 -04.25
2595.27 -04.10
2621.22 -03.99
2647.43 -03.92
2673.90 -03.88
2700.64 -03.82
2727.65 -03.77
2754.93 -03.70
2782.48 -03.61
2810.30 -03.49
2838.40 -03.36
2866.79 -03.20
2895.46 -03.01
2924.41 -02.79
2953.65 -02.53
2983.19 -02.25
3013.02 -01.98
3043.15 -01.70
3073.58 -01.45
3104.32 -01.21
3135.36 -01.00
3166.72 -00.81
3198.38 -00.66
3230.37 -00.54
3262.67 -00.48
3295.30 -00.44
3328.25 -00.44
3361.53 -00.43
3395.15 -00.45
3429.10 -00.47
3463.39 -00.50
3498.03 -00.55
3533.01 -00.59
3568.34 -00.62
3604.02 -00.64
3640.06 -00.63
3676.46 -00.61
3713.22 -00.58
3750.36 -00.55
3787.86 -00.53
3825.74 -00.53
3864.00 -00.51
3902.64 -00.51
3941.66 -00.50
3981.08 -00.52
4020.89 -00.56
4061.10 -00.61
4101.71 -00.67
4142.73 -00.75
4184.15 -00.84
4226.00 -00.94
4268.26 -01.07
4310.94 -01.22
4354.05 -01.42
4397.59 -01.62
4441.56 -01.73
4485.98 -01.66
4530.84 -01.44
4576.15 -01.13
4621.91 -00.82
4668.13 -00.55
4714.81 -00.32
4761.96 -00.12
4809.58 00.07
4857.67 00.24
4906.25 00.38
4955.31 00.42
5004.87 00.34
5054.91 00.11
5105.46 -00.24
5156.52 -00.70
5208.08 -01.15
5260.16 -01.45
5312.77 -01.62
5365.89 -01.71
5419.55 -01.85
5473.75 -02.07
5528.49 -02.40
5583.77 -02.79
5639.61 -03.20
5696.00 -03.61
5752.96 -04.04
5810.49 -04.53
5868.60 -05.20
5927.28 -06.14
5986.56 -07.34
6046.42 -08.48
6106.89 -09.23
6167.96 -09.27
6229.64 -08.77
6291.93 -08.07
6354.85 -07.35
6418.40 -06.68
6482.58 -06.11
6547.41 -05.66
6612.88 -05.26
6679.01 -04.88
6745.80 -04.48
6813.26 -04.05
6881.39 -03.60
6950.21 -03.12
7019.71 -02.64
7089.91 -02.17
7160.81 -01.71
7232.41 -01.24
7304.74 -00.91
7377.79 -00.57
7451.56 -00.23
7526.08 00.11
7601.34 00.43
7677.35 00.74
7754.13 01.03
7831.67 01.31
7909.98 01.57
7989.08 01.81
8068.98 02.04
8149.67 02.24
8231.16 02.42
8313.47 02.55
8396.61 02.64
8480.57 02.67
8565.38 02.64
8651.03 02.56
8737.54 02.42
8824.92 02.23
8913.17 01.99
9002.30 01.69
9092.32 01.34
9183.25 00.94
9275.08 00.51
9367.83 00.05
9461.51 -00.42
9556.12 -00.89
9651.68 -01.36
9748.20 -01.79
9845.68 -02.17
9944.14 -02.51
10043.58 -02.78
10144.02 -03.01
10245.46 -03.22
10347.91 -03.34
10451.39 -03.47
10555.91 -03.62
10661.46 -03.81
10768.08 -04.02
10875.76 -04.21
10984.52 -04.38
11094.36 -04.52
11205.31 -04.63
11317.36 -04.69
11430.53 -04.70
11544.84 -04.67
11660.29 -04.56
11776.89 -04.37
11894.66 -04.15
12013.60 -03.92
12133.74 -03.57
12255.08 -03.25
12377.63 -03.04
12501.41 -03.00
12626.42 -03.10
12752.68 -03.30
12880.21 -03.58
13009.01 -03.89
13139.10 -04.27
13270.49 -04.74
13403.20 -05.34
13537.23 -06.17
13672.60 -07.32
13809.33 -08.87
13947.42 -10.63
14086.90 -11.57
14227.77 -11.47
14370.04 -11.14
14513.74 -10.89
14658.88 -10.75
14805.47 -10.59
14953.52 -10.43
15103.06 -10.34
15254.09 -10.36
15406.63 -10.50
15560.70 -10.76
15716.30 -11.12
15873.47 -11.54
16032.20 -12.00
16192.52 -12.51
16354.45 -13.11
16517.99 -13.82
16683.17 -14.55
16850.01 -15.19
17018.51 -15.65
17188.69 -15.93
17360.58 -15.92
17534.18 -15.44
17709.53 -14.51
17886.62 -12.99
18065.49 -10.90
18246.14 -08.34
18428.60 -05.55
18612.89 -03.20
18799.02 -01.61
18987.01 -00.65
19176.88 -00.15
19368.65 00.03
19562.33 00.04
19757.96 -00.03
19955.54 -00.15
20000.00 -00.19
