20.00 -03.43
20.20 -03.35
20.40 -03.28
20.61 -03.21
20.81 -03.14
21.02 -03.07
21.23 -03.01
21.44 -02.95
21.66 -02.89
21.87 -02.83
22.09 -02.77
22.31 -02.72
22.54 -02.66
22.76 -02.61
22.99 -02.55
23.22 -02.50
23.45 -02.45
23.69 -02.39
23.92 -02.34
24.16 -02.29
24.40 -02.23
24.65 -02.18
24.89 -02.13
25.14 -02.08
25.39 -02.03
25.65 -01.97
25.91 -01.92
26.16 -01.87
26.43 -01.82
26.69 -01.77
26.96 -01.72
27.23 -01.67
27.50 -01.63
27.77 -01.58
28.05 -01.53
28.33 -01.49
28.62 -01.44
28.90 -01.40
29.19 -01.35
29.48 -01.31
29.78 -01.27
30.08 -01.23
30.38 -01.19
30.68 -01.15
30.99 -01.11
31.30 -01.07
31.61 -01.03
31.93 -00.99
32.24 -00.95
32.57 -00.91
32.89 -00.87
33.22 -00.84
33.55 -00.80
33.89 -00.76
34.23 -00.72
34.57 -00.68
34.92 -00.64
35.27 -00.61
35.62 -00.57
35.97 -00.53
36.33 -00.50
36.70 -00.46
37.06 -00.43
37.43 -00.39
37.81 -00.36
38.19 -00.32
38.57 -00.29
38.95 -00.26
39.34 -00.22
39.74 -00.19
40.14 -00.16
40.54 -00.13
40.94 -00.10
41.35 -00.07
41.76 -00.05
42.18 -00.02
42.60 00.01
43.03 00.03
43.46 00.05
43.90 00.08
44.33 00.10
44.78 00.12
45.23 00.14
45.68 00.16
46.13 00.18
46.60 00.20
47.06 00.22
47.53 00.24
48.01 00.26
48.49 00.28
48.97 00.30
49.46 00.32
49.96 00.34
50.46 00.36
50.96 00.37
51.47 00.39
51.99 00.41
52.51 00.43
53.03 00.44
53.56 00.46
54.10 00.48
54.64 00.49
55.18 00.51
55.74 00.53
56.29 00.54
56.86 00.56
57.42 00.57
58.00 00.59
58.58 00.60
59.16 00.62
59.76 00.63
60.35 00.65
60.96 00.66
61.57 00.68
62.18 00.69
62.80 00.70
63.43 00.71
64.07 00.73
64.71 00.74
65.35 00.75
66.01 00.75
66.67 00.76
67.33 00.77
68.01 00.78
68.69 00.79
69.37 00.80
70.07 00.80
70.77 00.81
71.48 00.82
72.19 00.83
72.91 00.83
73.64 00.84
74.38 00.85
75.12 00.86
75.87 00.87
76.63 00.88
77.40 00.89
78.17 00.90
78.95 00.91
79.74 00.92
80.54 00.93
81.35 00.94
82.16 00.95
82.98 00.96
83.81 00.96
84.65 00.97
85.50 00.98
86.35 00.99
87.22 00.99
88.09 01.00
88.97 01.01
89.86 01.01
90.76 01.01
91.66 01.02
92.58 01.02
93.51 01.02
94.44 01.03
95.39 01.03
96.34 01.03
97.30 01.03
98.28 01.03
99.26 01.04
100.25 01.04
101.25 01.04
102.27 01.04
103.29 01.04
104.32 01.04
105.37 01.04
106.42 01.04
107.48 01.04
108.56 01.03
109.64 01.03
110.74 01.03
111.85 01.03
112.97 01.03
114.10 01.02
115.24 01.02
116.39 01.01
117.55 01.01
118.73 01.00
119.92 01.00
121.12 00.99
122.33 00.98
123.55 00.98
124.79 00.97
126.03 00.96
127.29 00.95
128.57 00.95
129.85 00.94
131.15 00.93
132.46 00.92
133.79 00.92
135.12 00.91
136.48 00.90
137.84 00.89
139.22 00.89
140.61 00.88
142.02 00.87
143.44 00.86
144.87 00.85
146.32 00.84
147.78 00.83
149.26 00.82
150.75 00.81
152.26 00.80
153.78 00.78
155.32 00.77
156.88 00.75
158.44 00.74
160.03 00.72
161.63 00.71
163.24 00.71
164.88 00.71
166.53 00.70
168.19 00.69
169.87 00.68
171.57 00.69
173.29 00.68
175.02 00.67
176.77 00.68
178.54 00.67
180.32 00.66
182.13 00.67
183.95 00.66
185.79 00.65
187.65 00.65
189.52 00.64
191.42 00.63
193.33 00.62
195.27 00.60
197.22 00.58
199.19 00.56
201.18 00.52
203.19 00.50
205.23 00.46
207.28 00.42
209.35 00.38
211.44 00.35
213.56 00.30
215.69 00.27
217.85 00.24
220.03 00.21
222.23 00.19
224.45 00.18
226.70 00.17
228.96 00.16
231.25 00.16
233.57 00.15
235.90 00.15
238.26 00.16
240.64 00.17
243.05 00.18
245.48 00.18
247.93 00.19
250.41 00.20
252.92 00.20
255.45 00.20
258.00 00.20
260.58 00.19
263.19 00.20
265.82 00.19
268.48 00.18
271.16 00.17
273.87 00.15
276.61 00.14
279.38 00.12
282.17 00.10
284.99 00.08
287.84 00.06
290.72 00.04
293.63 00.02
296.57 00.01
299.53 -00.01
302.53 -00.02
305.55 -00.04
308.61 -00.05
311.69 -00.06
314.81 -00.08
317.96 -00.09
321.14 -00.10
324.35 -00.10
327.59 -00.11
330.87 -00.12
334.18 -00.13
337.52 -00.12
340.90 -00.13
344.30 -00.13
347.75 -00.14
351.23 -00.13
354.74 -00.15
358.28 -00.16
361.87 -00.17
365.49 -00.20
369.14 -00.22
372.83 -00.25
376.56 -00.29
380.33 -00.32
384.13 -00.36
387.97 -00.39
391.85 -00.43
395.77 -00.46
399.73 -00.50
403.72 -00.52
407.76 -00.55
411.84 -00.56
415.96 -00.59
420.12 -00.60
424.32 -00.63
428.56 -00.64
432.85 -00.65
437.18 -00.67
441.55 -00.67
445.96 -00.68
450.42 -00.69
454.93 -00.68
459.48 -00.69
464.07 -00.69
468.71 -00.69
473.40 -00.68
478.13 -00.67
482.91 -00.67
487.74 -00.67
492.62 -00.65
497.55 -00.65
502.52 -00.65
507.55 -00.64
512.62 -00.64
517.75 -00.64
522.93 -00.64
528.16 -00.64
533.44 -00.64
538.77 -00.65
544.16 -00.67
549.60 -00.67
555.10 -00.68
560.65 -00.68
566.25 -00.69
571.92 -00.69
577.64 -00.70
583.41 -00.70
589.25 -00.70
595.14 -00.69
601.09 -00.68
607.10 -00.67
613.17 -00.65
619.30 -00.64
625.50 -00.62
631.75 -00.59
638.07 -00.57
644.45 -00.55
650.89 -00.56
657.40 -00.56
663.98 -00.55
670.62 -00.55
677.32 -00.55
684.10 -00.54
690.94 -00.54
697.85 -00.53
704.83 -00.54
711.87 -00.54
718.99 -00.52
726.18 -00.52
733.44 -00.51
740.78 -00.50
748.19 -00.48
755.67 -00.46
763.23 -00.45
770.86 -00.41
778.57 -00.39
786.35 -00.37
794.22 -00.35
802.16 -00.32
810.18 -00.30
818.28 -00.28
826.46 -00.26
834.73 -00.24
843.08 -00.22
851.51 -00.21
860.02 -00.20
868.62 -00.19
877.31 -00.17
886.08 -00.15
894.94 -00.14
903.89 -00.13
912.93 -00.09
922.06 -00.07
931.28 -00.04
940.59 -00.01
950.00 00.02
959.50 00.06
969.09 00.08
978.78 00.12
988.57 00.15
998.46 00.19
1008.44 00.23
1018.53 00.28
1028.71 00.32
1039.00 00.37
1049.39 00.43
1059.88 00.47
1070.48 00.53
1081.19 00.58
1092.00 00.61
1102.92 00.66
1113.95 00.69
1125.09 00.73
1136.34 00.75
1147.70 00.78
1159.18 00.80
1170.77 00.82
1182.48 00.83
1194.30 00.86
1206.25 00.89
1218.31 00.92
1230.49 00.95
1242.80 00.98
1255.22 01.00
1267.78 01.03
1280.45 01.05
1293.26 01.08
1306.19 01.10
1319.25 01.11
1332.45 01.09
1345.77 01.08
1359.23 01.04
1372.82 00.99
1386.55 00.92
1400.41 00.83
1414.42 00.75
1428.56 00.66
1442.85 00.56
1457.28 00.46
1471.85 00.34
1486.57 00.23
1501.43 00.12
1516.45 00.01
1531.61 -00.09
1546.93 -00.20
1562.40 -00.30
1578.02 -00.42
1593.80 -00.55
1609.74 -00.68
1625.84 -00.84
1642.10 -00.99
1658.52 -01.15
1675.10 -01.33
1691.85 -01.53
1708.77 -01.72
1725.86 -01.92
1743.12 -02.11
1760.55 -02.32
1778.15 -02.52
1795.94 -02.71
1813.90 -02.89
1832.03 -03.06
1850.36 -03.21
1868.86 -03.36
1887.55 -03.49
1906.42 -03.62
1925.49 -03.73
1944.74 -03.84
1964.19 -03.92
1983.83 -03.98
2003.67 -04.03
2023.71 -04.07
2043.94 -04.12
2064.38 -04.15
2085.03 -04.17
2105.88 -04.17
2126.94 -04.15
2148.20 -04.12
2169.69 -04.09
2191.38 -04.04
2213.30 -03.99
2235.43 -03.92
2257.78 -03.83
2280.36 -03.74
2303.17 -03.63
2326.20 -03.49
2349.46 -03.36
2372.95 -03.23
2396.68 -03.09
2420.65 -02.95
2444.86 -02.82
2469.31 -02.68
2494.00 -02.57
2518.94 -02.44
2544.13 -02.33
2569.57 -02.22
2595.27 -02.12
2621.22 -02.03
2647.43 -01.94
2673.90 -01.87
2700.64 -01.79
2727.65 -01.73
2754.93 -01.68
2782.48 -01.63
2810.30 -01.60
2838.40 -01.59
2866.79 -01.61
2895.46 -01.63
2924.41 -01.68
2953.65 -01.72
2983.19 -01.79
3013.02 -01.85
3043.15 -01.90
3073.58 -01.95
3104.32 -01.96
3135.36 -01.97
3166.72 -01.95
3198.38 -01.92
3230.37 -01.88
3262.67 -01.83
3295.30 -01.79
3328.25 -01.76
3361.53 -01.74
3395.15 -01.76
3429.10 -01.80
3463.39 -01.86
3498.03 -01.94
3533.01 -02.01
3568.34 -02.06
3604.02 -02.08
3640.06 -02.06
3676.46 -01.98
3713.22 -01.85
3750.36 -01.68
3787.86 -01.48
3825.74 -01.27
3864.00 -01.07
3902.64 -00.87
3941.66 -00.69
3981.08 -00.55
4020.89 -00.45
4061.10 -00.40
4101.71 -00.40
4142.73 -00.44
4184.15 -00.52
4226.00 -00.63
4268.26 -00.75
4310.94 -00.90
4354.05 -01.05
4397.59 -01.23
4441.56 -01.41
4485.98 -01.59
4530.84 -01.78
4576.15 -01.97
4621.91 -02.16
4668.13 -02.34
4714.81 -02.52
4761.96 -02.68
4809.58 -02.82
4857.67 -02.96
4906.25 -03.07
4955.31 -03.16
5004.87 -03.22
5054.91 -03.26
5105.46 -03.25
5156.52 -03.28
5208.08 -03.31
5260.16 -03.29
5312.77 -03.23
5365.89 -03.13
5419.55 -02.97
5473.75 -02.78
5528.49 -02.55
5583.77 -02.26
5639.61 -01.95
5696.00 -01.61
5752.96 -01.26
5810.49 -00.92
5868.60 -00.61
5927.28 -00.39
5986.56 -00.25
6046.42 00.00
6106.89 00.23
6167.96 00.37
6229.64 00.41
6291.93 00.35
6354.85 00.20
6418.40 -00.07
6482.58 -00.45
6547.41 -00.96
6612.88 -01.59
6679.01 -02.32
6745.80 -03.12
6813.26 -03.95
6881.39 -04.78
6950.21 -05.59
7019.71 -06.35
7089.91 -07.08
7160.81 -07.81
7232.41 -08.54
7304.74 -09.43
7377.79 -10.30
7451.56 -10.99
7526.08 -11.29
7601.34 -11.02
7677.35 -10.18
7754.13 -09.00
7831.67 -07.71
7909.98 -06.45
7989.08 -05.32
8068.98 -04.31
8149.67 -03.43
8231.16 -02.68
8313.47 -02.04
8396.61 -01.49
8480.57 -01.04
8565.38 -00.69
8651.03 -00.42
8737.54 -00.24
8824.92 -00.15
8913.17 -00.13
9002.30 -00.19
9092.32 -00.30
9183.25 -00.46
9275.08 -00.68
9367.83 -00.94
9461.51 -01.25
9556.12 -01.61
9651.68 -02.00
9748.20 -02.42
9845.68 -02.86
9944.14 -03.29
10043.58 -03.72
10144.02 -04.13
10245.46 -04.49
10347.91 -04.72
10451.39 -04.86
10555.91 -04.89
10661.46 -04.82
10768.08 -04.62
10875.76 -04.30
10984.52 -03.83
11094.36 -03.23
11205.31 -02.52
11317.36 -01.72
11430.53 -00.91
11544.84 -00.16
11660.29 00.48
11776.89 00.97
11894.66 01.32
12013.60 01.53
12133.74 01.62
12255.08 01.61
12377.63 01.48
12501.41 01.23
12626.42 00.82
12752.68 00.22
12880.21 -00.62
13009.01 -01.69
13139.10 -02.98
13270.49 -04.41
13403.20 -05.87
13537.23 -07.19
13672.60 -08.16
13809.33 -08.57
13947.42 -08.35
14086.90 -07.57
14227.77 -06.48
14370.04 -05.34
14513.74 -04.30
14658.88 -03.54
14805.47 -02.93
14953.52 -02.44
15103.06 -02.05
15254.09 -01.74
15406.63 -01.50
15560.70 -01.30
15716.30 -01.11
15873.47 -00.88
16032.20 -00.58
16192.52 -00.21
16354.45 00.21
16517.99 00.62
16683.17 00.99
16850.01 01.30
17018.51 01.54
17188.69 01.69
17360.58 01.77
17534.18 01.75
17709.53 01.61
17886.62 01.37
18065.49 00.98
18246.14 00.47
18428.60 -00.21
18612.89 -01.00
18799.02 -01.93
18987.01 -02.97
19176.88 -04.08
19368.65 -05.26
19562.33 -06.46
19757.96 -07.68
19955.54 -08.92
20000.00 -09.20
