20.00 -00.96
20.20 -00.90
20.40 -00.84
20.61 -00.79
20.81 -00.74
21.02 -00.70
21.23 -00.65
21.44 -00.61
21.66 -00.57
21.87 -00.54
22.09 -00.50
22.31 -00.46
22.54 -00.43
22.76 -00.39
22.99 -00.36
23.22 -00.33
23.45 -00.29
23.69 -00.26
23.92 -00.23
24.16 -00.19
24.40 -00.16
24.65 -00.13
24.89 -00.10
25.14 -00.07
25.39 -00.04
25.65 00.00
25.91 00.03
26.16 00.05
26.43 00.09
26.69 00.11
26.96 00.14
27.23 00.17
27.50 00.20
27.77 00.22
28.05 00.25
28.33 00.28
28.62 00.30
28.90 00.33
29.19 00.35
29.48 00.37
29.78 00.40
30.08 00.42
30.38 00.44
30.68 00.46
30.99 00.48
31.30 00.50
31.61 00.52
31.93 00.54
32.24 00.56
32.57 00.58
32.89 00.60
33.22 00.62
33.55 00.64
33.89 00.65
34.23 00.67
34.57 00.69
34.92 00.71
35.27 00.73
35.62 00.75
35.97 00.76
36.33 00.78
36.70 00.80
37.06 00.81
37.43 00.83
37.81 00.84
38.19 00.86
38.57 00.87
38.95 00.88
39.34 00.90
39.74 00.91
40.14 00.92
40.54 00.93
40.94 00.94
41.35 00.95
41.76 00.96
42.18 00.97
42.60 00.98
43.03 00.99
43.46 00.99
43.90 01.00
44.33 01.00
44.78 01.00
45.23 01.01
45.68 01.01
46.13 01.01
46.60 01.01
47.06 01.01
47.53 01.02
48.01 01.02
48.49 01.02
48.97 01.02
49.46 01.02
49.96 01.02
50.46 01.03
50.96 01.03
51.47 01.03
51.99 01.03
52.51 01.04
53.03 01.04
53.56 01.04
54.10 01.05
54.64 01.05
55.18 01.05
55.74 01.06
56.29 01.06
56.86 01.06
57.42 01.07
58.00 01.07
58.58 01.08
59.16 01.08
59.76 01.08
60.35 01.09
60.96 01.09
61.57 01.10
62.18 01.10
62.80 01.10
63.43 01.11
64.07 01.11
64.71 01.11
65.35 01.11
66.01 01.11
66.67 01.11
67.33 01.11
68.01 01.11
68.69 01.11
69.37 01.11
70.07 01.11
70.77 01.10
71.48 01.10
72.19 01.10
72.91 01.10
73.64 01.09
74.38 01.09
75.12 01.09
75.87 01.08
76.63 01.08
77.40 01.08
78.17 01.07
78.95 01.07
79.74 01.06
80.54 01.06
81.35 01.05
82.16 01.05
82.98 01.04
83.81 01.04
84.65 01.03
85.50 01.02
86.35 01.02
87.22 01.01
88.09 01.00
88.97 00.99
89.86 00.98
90.76 00.97
91.66 00.96
92.58 00.95
93.51 00.94
94.44 00.93
95.39 00.92
96.34 00.91
97.30 00.90
98.28 00.89
99.26 00.88
100.25 00.87
101.25 00.86
102.27 00.85
103.29 00.83
104.32 00.82
105.37 00.81
106.42 00.80
107.48 00.79
108.56 00.77
109.64 00.76
110.74 00.74
111.85 00.73
112.97 00.71
114.10 00.70
115.24 00.68
116.39 00.67
117.55 00.65
118.73 00.63
119.92 00.62
121.12 00.60
122.33 00.58
123.55 00.57
124.79 00.55
126.03 00.54
127.29 00.52
128.57 00.50
129.85 00.49
131.15 00.47
132.46 00.45
133.79 00.44
135.12 00.42
136.48 00.40
137.84 00.39
139.22 00.37
140.61 00.35
142.02 00.33
143.44 00.31
144.87 00.29
146.32 00.27
147.78 00.25
149.26 00.23
150.75 00.21
152.26 00.18
153.78 00.16
155.32 00.14
156.88 00.12
158.44 00.09
160.03 00.07
161.63 00.06
163.24 00.05
164.88 00.05
166.53 00.03
168.19 00.02
169.87 00.01
171.57 00.01
173.29 -00.01
175.02 -00.02
176.77 -00.02
178.54 -00.04
180.32 -00.05
182.13 -00.06
183.95 -00.07
185.79 -00.08
187.65 -00.09
189.52 -00.10
191.42 -00.10
193.33 -00.12
195.27 -00.12
197.22 -00.13
199.19 -00.13
201.18 -00.15
203.19 -00.15
205.23 -00.16
207.28 -00.17
209.35 -00.18
211.44 -00.19
213.56 -00.21
215.69 -00.22
217.85 -00.23
220.03 -00.26
222.23 -00.27
224.45 -00.28
226.70 -00.30
228.96 -00.33
231.25 -00.34
233.57 -00.36
235.90 -00.39
238.26 -00.41
240.64 -00.42
243.05 -00.44
245.48 -00.46
247.93 -00.46
250.41 -00.48
252.92 -00.49
255.45 -00.49
258.00 -00.50
260.58 -00.51
263.19 -00.51
265.82 -00.52
268.48 -00.52
271.16 -00.52
273.87 -00.53
276.61 -00.54
279.38 -00.55
282.17 -00.55
284.99 -00.57
287.84 -00.57
290.72 -00.59
293.63 -00.59
296.57 -00.60
299.53 -00.61
302.53 -00.62
305.55 -00.63
308.61 -00.63
311.69 -00.63
314.81 -00.65
317.96 -00.65
321.14 -00.65
324.35 -00.65
327.59 -00.66
330.87 -00.67
334.18 -00.67
337.52 -00.67
340.90 -00.67
344.30 -00.67
347.75 -00.67
351.23 -00.66
354.74 -00.66
358.28 -00.66
361.87 -00.65
365.49 -00.65
369.14 -00.63
372.83 -00.64
376.56 -00.64
380.33 -00.63
384.13 -00.64
387.97 -00.64
391.85 -00.65
395.77 -00.65
399.73 -00.67
403.72 -00.68
407.76 -00.71
411.84 -00.73
415.96 -00.76
420.12 -00.78
424.32 -00.81
428.56 -00.84
432.85 -00.86
437.18 -00.89
441.55 -00.91
445.96 -00.93
450.42 -00.95
454.93 -00.96
459.48 -00.98
464.07 -00.99
468.71 -01.00
473.40 -01.00
478.13 -01.00
482.91 -01.00
487.74 -01.00
492.62 -00.99
497.55 -00.99
502.52 -00.99
507.55 -00.97
512.62 -00.97
517.75 -00.96
522.93 -00.95
528.16 -00.94
533.44 -00.93
538.77 -00.92
544.16 -00.92
549.60 -00.90
555.10 -00.89
560.65 -00.86
566.25 -00.85
571.92 -00.83
577.64 -00.82
583.41 -00.79
589.25 -00.78
595.14 -00.75
601.09 -00.73
607.10 -00.71
613.17 -00.69
619.30 -00.68
625.50 -00.66
631.75 -00.65
638.07 -00.64
644.45 -00.63
650.89 -00.65
657.40 -00.66
663.98 -00.67
670.62 -00.69
677.32 -00.70
684.10 -00.70
690.94 -00.71
697.85 -00.70
704.83 -00.70
711.87 -00.69
718.99 -00.68
726.18 -00.68
733.44 -00.68
740.78 -00.67
748.19 -00.66
755.67 -00.66
763.23 -00.66
770.86 -00.66
778.57 -00.66
786.35 -00.67
794.22 -00.67
802.16 -00.67
810.18 -00.67
818.28 -00.67
826.46 -00.68
834.73 -00.67
843.08 -00.67
851.51 -00.66
860.02 -00.65
868.62 -00.64
877.31 -00.61
886.08 -00.59
894.94 -00.57
903.89 -00.54
912.93 -00.49
922.06 -00.45
931.28 -00.39
940.59 -00.35
950.00 -00.29
959.50 -00.23
969.09 -00.17
978.78 -00.09
988.57 -00.01
998.46 00.06
1008.44 00.15
1018.53 00.24
1028.71 00.32
1039.00 00.41
1049.39 00.50
1059.88 00.57
1070.48 00.66
1081.19 00.73
1092.00 00.79
1102.92 00.85
1113.95 00.91
1125.09 00.95
1136.34 00.98
1147.70 01.02
1159.18 01.06
1170.77 01.10
1182.48 01.13
1194.30 01.17
1206.25 01.21
1218.31 01.24
1230.49 01.27
1242.80 01.29
1255.22 01.30
1267.78 01.32
1280.45 01.35
1293.26 01.39
1306.19 01.43
1319.25 01.47
1332.45 01.49
1345.77 01.52
1359.23 01.55
1372.82 01.59
1386.55 01.64
1400.41 01.68
1414.42 01.71
1428.56 01.73
1442.85 01.73
1457.28 01.73
1471.85 01.71
1486.57 01.68
1501.43 01.64
1516.45 01.59
1531.61 01.53
1546.93 01.45
1562.40 01.35
1578.02 01.24
1593.80 01.11
1609.74 01.00
1625.84 00.86
1642.10 00.71
1658.52 00.57
1675.10 00.42
1691.85 00.27
1708.77 00.13
1725.86 -00.02
1743.12 -00.17
1760.55 -00.31
1778.15 -00.45
1795.94 -00.58
1813.90 -00.71
1832.03 -00.84
1850.36 -00.95
1868.86 -01.06
1887.55 -01.17
1906.42 -01.28
1925.49 -01.38
1944.74 -01.49
1964.19 -01.58
1983.83 -01.66
2003.67 -01.75
2023.71 -01.84
2043.94 -01.93
2064.38 -02.02
2085.03 -02.13
2105.88 -02.23
2126.94 -02.34
2148.20 -02.45
2169.69 -02.55
2191.38 -02.65
2213.30 -02.74
2235.43 -02.80
2257.78 -02.85
2280.36 -02.89
2303.17 -02.91
2326.20 -02.89
2349.46 -02.87
2372.95 -02.83
2396.68 -02.78
2420.65 -02.75
2444.86 -02.72
2469.31 -02.69
2494.00 -02.68
2518.94 -02.67
2544.13 -02.69
2569.57 -02.71
2595.27 -02.73
2621.22 -02.76
2647.43 -02.78
2673.90 -02.79
2700.64 -02.76
2727.65 -02.73
2754.93 -02.68
2782.48 -02.62
2810.30 -02.53
2838.40 -02.44
2866.79 -02.36
2895.46 -02.26
2924.41 -02.18
2953.65 -02.10
2983.19 -02.03
3013.02 -01.97
3043.15 -01.90
3073.58 -01.85
3104.32 -01.78
3135.36 -01.73
3166.72 -01.66
3198.38 -01.60
3230.37 -01.52
3262.67 -01.45
3295.30 -01.37
3328.25 -01.29
3361.53 -01.19
3395.15 -01.09
3429.10 -00.99
3463.39 -00.88
3498.03 -00.78
3533.01 -00.67
3568.34 -00.57
3604.02 -00.48
3640.06 -00.41
3676.46 -00.37
3713.22 -00.35
3750.36 -00.35
3787.86 -00.39
3825.74 -00.45
3864.00 -00.55
3902.64 -00.66
3941.66 -00.79
3981.08 -00.92
4020.89 -01.04
4061.10 -01.14
4101.71 -01.21
4142.73 -01.25
4184.15 -01.25
4226.00 -01.22
4268.26 -01.15
4310.94 -01.06
4354.05 -00.94
4397.59 -00.81
4441.56 -00.69
4485.98 -00.58
4530.84 -00.48
4576.15 -00.39
4621.91 -00.30
4668.13 -00.22
4714.81 -00.15
4761.96 -00.07
4809.58 00.02
4857.67 00.11
4906.25 00.20
4955.31 00.30
5004.87 00.41
5054.91 00.53
5105.46 00.66
5156.52 00.73
5208.08 00.79
5260.16 00.87
5312.77 01.01
5365.89 01.19
5419.55 01.42
5473.75 01.69
5528.49 01.96
5583.77 02.25
5639.61 02.48
5696.00 02.66
5752.96 02.78
5810.49 02.81
5868.60 02.77
5927.28 02.65
5986.56 02.44
6046.42 02.35
6106.89 02.25
6167.96 02.04
6229.64 01.74
6291.93 01.36
6354.85 00.89
6418.40 00.37
6482.58 -00.17
6547.41 -00.75
6612.88 -01.33
6679.01 -01.91
6745.80 -02.48
6813.26 -03.05
6881.39 -03.62
6950.21 -04.20
7019.71 -04.79
7089.91 -05.39
7160.81 -05.98
7232.41 -06.52
7304.74 -07.09
7377.79 -07.46
7451.56 -07.54
7526.08 -07.27
7601.34 -06.72
7677.35 -05.97
7754.13 -05.13
7831.67 -04.27
7909.98 -03.44
7989.08 -02.66
8068.98 -01.95
8149.67 -01.31
8231.16 -00.73
8313.47 -00.23
8396.61 00.20
8480.57 00.55
8565.38 00.84
8651.03 01.06
8737.54 01.22
8824.92 01.32
8913.17 01.37
9002.30 01.38
9092.32 01.34
9183.25 01.27
9275.08 01.18
9367.83 01.08
9461.51 00.99
9556.12 00.91
9651.68 00.88
9748.20 00.88
9845.68 00.92
9944.14 01.01
10043.58 01.15
10144.02 01.32
10245.46 01.54
10347.91 01.89
10451.39 02.30
10555.91 02.76
10661.46 03.20
10768.08 03.59
10875.76 03.89
10984.52 04.08
11094.36 04.17
11205.31 04.14
11317.36 04.03
11430.53 03.82
11544.84 03.52
11660.29 03.10
11776.89 02.50
11894.66 01.71
12013.60 00.67
12133.74 -00.56
12255.08 -01.90
12377.63 -03.20
12501.41 -04.33
12626.42 -05.21
12752.68 -05.82
12880.21 -06.22
13009.01 -06.43
13139.10 -06.48
13270.49 -06.38
13403.20 -06.12
13537.23 -05.70
13672.60 -05.09
13809.33 -04.33
13947.42 -03.48
14086.90 -02.59
14227.77 -01.74
14370.04 -00.94
14513.74 -00.22
14658.88 00.33
14805.47 00.88
14953.52 01.47
15103.06 02.05
15254.09 02.53
15406.63 02.85
15560.70 03.00
15716.30 03.01
15873.47 02.90
16032.20 02.71
16192.52 02.45
16354.45 02.11
16517.99 01.68
16683.17 01.10
16850.01 00.34
17018.51 -00.60
17188.69 -01.65
17360.58 -02.60
17534.18 -03.27
17709.53 -03.66
17886.62 -03.88
18065.49 -04.08
18246.14 -04.31
18428.60 -04.62
18612.89 -04.91
18799.02 -05.09
18987.01 -05.04
19176.88 -04.69
19368.65 -04.12
19562.33 -03.48
19757.96 -02.97
19955.54 -02.64
20000.00 -02.58
