20.00 -01.07
20.20 -00.95
20.40 -00.84
20.61 -00.73
20.81 -00.62
21.02 -00.52
21.23 -00.41
21.44 -00.31
21.66 -00.21
21.87 -00.11
22.09 -00.01
22.31 00.08
22.54 00.18
22.76 00.28
22.99 00.37
23.22 00.46
23.45 00.56
23.69 00.65
23.92 00.74
24.16 00.83
24.40 00.92
24.65 01.01
24.89 01.10
25.14 01.18
25.39 01.27
25.65 01.35
25.91 01.44
26.16 01.52
26.43 01.60
26.69 01.68
26.96 01.76
27.23 01.84
27.50 01.91
27.77 01.98
28.05 02.05
28.33 02.12
28.62 02.19
28.90 02.26
29.19 02.32
29.48 02.39
29.78 02.45
30.08 02.51
30.38 02.56
30.68 02.62
30.99 02.67
31.30 02.71
31.61 02.76
31.93 02.80
32.24 02.84
32.57 02.88
32.89 02.91
33.22 02.94
33.55 02.97
33.89 03.00
34.23 03.03
34.57 03.05
34.92 03.08
35.27 03.10
35.62 03.13
35.97 03.15
36.33 03.17
36.70 03.20
37.06 03.22
37.43 03.24
37.81 03.26
38.19 03.27
38.57 03.29
38.95 03.31
39.34 03.32
39.74 03.34
40.14 03.35
40.54 03.37
40.94 03.38
41.35 03.39
41.76 03.40
42.18 03.41
42.60 03.42
43.03 03.43
43.46 03.44
43.90 03.45
44.33 03.46
44.78 03.47
45.23 03.48
45.68 03.49
46.13 03.49
46.60 03.50
47.06 03.51
47.53 03.51
48.01 03.52
48.49 03.52
48.97 03.52
49.46 03.52
49.96 03.53
50.46 03.53
50.96 03.52
51.47 03.52
51.99 03.52
52.51 03.51
53.03 03.51
53.56 03.50
54.10 03.49
54.64 03.48
55.18 03.46
55.74 03.45
56.29 03.43
56.86 03.41
57.42 03.40
58.00 03.38
58.58 03.36
59.16 03.34
59.76 03.32
60.35 03.30
60.96 03.28
61.57 03.26
62.18 03.24
62.80 03.22
63.43 03.20
64.07 03.18
64.71 03.17
65.35 03.15
66.01 03.13
66.67 03.12
67.33 03.10
68.01 03.09
68.69 03.07
69.37 03.06
70.07 03.04
70.77 03.03
71.48 03.01
72.19 03.00
72.91 02.98
73.64 02.96
74.38 02.94
75.12 02.92
75.87 02.90
76.63 02.88
77.40 02.86
78.17 02.83
78.95 02.81
79.74 02.78
80.54 02.75
81.35 02.72
82.16 02.69
82.98 02.65
83.81 02.62
84.65 02.58
85.50 02.54
86.35 02.50
87.22 02.46
88.09 02.42
88.97 02.37
89.86 02.33
90.76 02.28
91.66 02.23
92.58 02.19
93.51 02.14
94.44 02.10
95.39 02.06
96.34 02.02
97.30 01.99
98.28 01.96
99.26 01.93
100.25 01.91
101.25 01.89
102.27 01.87
103.29 01.85
104.32 01.83
105.37 01.81
106.42 01.79
107.48 01.77
108.56 01.74
109.64 01.71
110.74 01.67
111.85 01.64
112.97 01.60
114.10 01.57
115.24 01.53
116.39 01.50
117.55 01.46
118.73 01.43
119.92 01.41
121.12 01.38
122.33 01.36
123.55 01.34
124.79 01.31
126.03 01.29
127.29 01.27
128.57 01.25
129.85 01.23
131.15 01.21
132.46 01.19
133.79 01.17
135.12 01.14
136.48 01.12
137.84 01.09
139.22 01.07
140.61 01.04
142.02 01.02
143.44 00.99
144.87 00.97
146.32 00.94
147.78 00.91
149.26 00.89
150.75 00.86
152.26 00.84
153.78 00.81
155.32 00.79
156.88 00.76
158.44 00.74
160.03 00.71
161.63 00.70
163.24 00.69
164.88 00.68
166.53 00.67
168.19 00.66
169.87 00.64
171.57 00.64
173.29 00.62
175.02 00.60
176.77 00.59
178.54 00.57
180.32 00.55
182.13 00.54
183.95 00.51
185.79 00.49
187.65 00.47
189.52 00.44
191.42 00.43
193.33 00.40
195.27 00.38
197.22 00.35
199.19 00.33
201.18 00.30
203.19 00.27
205.23 00.23
207.28 00.20
209.35 00.15
211.44 00.12
213.56 00.06
215.69 00.02
217.85 -00.03
220.03 -00.09
222.23 -00.14
224.45 -00.19
226.70 -00.25
228.96 -00.30
231.25 -00.34
233.57 -00.39
235.90 -00.43
238.26 -00.47
240.64 -00.50
243.05 -00.52
245.48 -00.55
247.93 -00.55
250.41 -00.57
252.92 -00.58
255.45 -00.58
258.00 -00.60
260.58 -00.61
263.19 -00.61
265.82 -00.63
268.48 -00.64
271.16 -00.67
273.87 -00.69
276.61 -00.71
279.38 -00.75
282.17 -00.77
284.99 -00.80
287.84 -00.83
290.72 -00.87
293.63 -00.89
296.57 -00.92
299.53 -00.96
302.53 -00.99
305.55 -01.03
308.61 -01.06
311.69 -01.10
314.81 -01.14
317.96 -01.17
321.14 -01.21
324.35 -01.24
327.59 -01.27
330.87 -01.31
334.18 -01.34
337.52 -01.35
340.90 -01.38
344.30 -01.41
347.75 -01.44
351.23 -01.46
354.74 -01.50
358.28 -01.54
361.87 -01.58
365.49 -01.63
369.14 -01.67
372.83 -01.73
376.56 -01.79
380.33 -01.84
384.13 -01.90
387.97 -01.95
391.85 -02.01
395.77 -02.05
399.73 -02.11
403.72 -02.16
407.76 -02.22
411.84 -02.27
415.96 -02.34
420.12 -02.39
424.32 -02.47
428.56 -02.53
432.85 -02.60
437.18 -02.68
441.55 -02.75
445.96 -02.82
450.42 -02.91
454.93 -02.99
459.48 -03.08
464.07 -03.17
468.71 -03.26
473.40 -03.34
478.13 -03.43
482.91 -03.50
487.74 -03.57
492.62 -03.60
497.55 -03.63
502.52 -03.64
507.55 -03.62
512.62 -03.58
517.75 -03.52
522.93 -03.43
528.16 -03.33
533.44 -03.21
538.77 -03.08
544.16 -02.94
549.60 -02.78
555.10 -02.61
560.65 -02.42
566.25 -02.23
571.92 -02.01
577.64 -01.79
583.41 -01.54
589.25 -01.29
595.14 -01.02
601.09 -00.75
607.10 -00.50
613.17 -00.24
619.30 -00.03
625.50 00.17
631.75 00.32
638.07 00.42
644.45 00.47
650.89 00.46
657.40 00.41
663.98 00.33
670.62 00.21
677.32 00.07
684.10 -00.08
690.94 -00.25
697.85 -00.40
704.83 -00.54
711.87 -00.65
718.99 -00.72
726.18 -00.75
733.44 -00.75
740.78 -00.71
748.19 -00.64
755.67 -00.55
763.23 -00.46
770.86 -00.35
778.57 -00.25
786.35 -00.15
794.22 -00.06
802.16 00.03
810.18 00.09
818.28 00.15
826.46 00.19
834.73 00.23
843.08 00.26
851.51 00.28
860.02 00.30
868.62 00.32
877.31 00.35
886.08 00.38
894.94 00.40
903.89 00.44
912.93 00.49
922.06 00.54
931.28 00.61
940.59 00.66
950.00 00.73
959.50 00.79
969.09 00.85
978.78 00.90
988.57 00.96
998.46 01.01
1008.44 01.06
1018.53 01.11
1028.71 01.14
1039.00 01.18
1049.39 01.20
1059.88 01.21
1070.48 01.23
1081.19 01.24
1092.00 01.24
1102.92 01.25
1113.95 01.25
1125.09 01.25
1136.34 01.23
1147.70 01.23
1159.18 01.22
1170.77 01.22
1182.48 01.20
1194.30 01.18
1206.25 01.17
1218.31 01.15
1230.49 01.13
1242.80 01.11
1255.22 01.07
1267.78 01.05
1280.45 01.02
1293.26 01.01
1306.19 01.00
1319.25 00.98
1332.45 00.96
1345.77 00.95
1359.23 00.94
1372.82 00.94
1386.55 00.93
1400.41 00.93
1414.42 00.93
1428.56 00.93
1442.85 00.92
1457.28 00.92
1471.85 00.92
1486.57 00.92
1501.43 00.93
1516.45 00.93
1531.61 00.94
1546.93 00.93
1562.40 00.93
1578.02 00.93
1593.80 00.92
1609.74 00.92
1625.84 00.90
1642.10 00.87
1658.52 00.85
1675.10 00.82
1691.85 00.79
1708.77 00.77
1725.86 00.74
1743.12 00.71
1760.55 00.68
1778.15 00.64
1795.94 00.62
1813.90 00.59
1832.03 00.57
1850.36 00.56
1868.86 00.54
1887.55 00.52
1906.42 00.49
1925.49 00.47
1944.74 00.44
1964.19 00.42
1983.83 00.40
2003.67 00.37
2023.71 00.34
2043.94 00.31
2064.38 00.27
2085.03 00.23
2105.88 00.20
2126.94 00.14
2148.20 00.09
2169.69 00.03
2191.38 -00.04
2213.30 -00.10
2235.43 -00.16
2257.78 -00.22
2280.36 -00.28
2303.17 -00.34
2326.20 -00.39
2349.46 -00.44
2372.95 -00.49
2396.68 -00.53
2420.65 -00.58
2444.86 -00.63
2469.31 -00.66
2494.00 -00.71
2518.94 -00.74
2544.13 -00.78
2569.57 -00.81
2595.27 -00.85
2621.22 -00.89
2647.43 -00.93
2673.90 -00.97
2700.64 -00.99
2727.65 -01.02
2754.93 -01.05
2782.48 -01.08
2810.30 -01.10
2838.40 -01.13
2866.79 -01.17
2895.46 -01.19
2924.41 -01.22
2953.65 -01.25
2983.19 -01.28
3013.02 -01.32
3043.15 -01.34
3073.58 -01.36
3104.32 -01.37
3135.36 -01.39
3166.72 -01.40
3198.38 -01.43
3230.37 -01.47
3262.67 -01.54
3295.30 -01.63
3328.25 -01.76
3361.53 -01.91
3395.15 -02.12
3429.10 -02.39
3463.39 -02.73
3498.03 -03.16
3533.01 -03.66
3568.34 -04.22
3604.02 -04.83
3640.06 -05.47
3676.46 -06.12
3713.22 -06.74
3750.36 -07.28
3787.86 -07.71
3825.74 -07.97
3864.00 -08.03
3902.64 -07.91
3941.66 -07.65
3981.08 -07.34
4020.89 -07.00
4061.10 -06.68
4101.71 -06.38
4142.73 -06.10
4184.15 -05.84
4226.00 -05.58
4268.26 -05.32
4310.94 -05.07
4354.05 -04.82
4397.59 -04.60
4441.56 -04.39
4485.98 -04.23
4530.84 -04.10
4576.15 -04.02
4621.91 -03.98
4668.13 -03.98
4714.81 -04.03
4761.96 -04.13
4809.58 -04.26
4857.67 -04.43
4906.25 -04.61
4955.31 -04.80
5004.87 -04.98
5054.91 -05.14
5105.46 -05.25
5156.52 -05.40
5208.08 -05.54
5260.16 -05.63
5312.77 -05.67
5365.89 -05.66
5419.55 -05.61
5473.75 -05.53
5528.49 -05.42
5583.77 -05.28
5639.61 -05.15
5696.00 -05.02
5752.96 -04.92
5810.49 -04.84
5868.60 -04.80
5927.28 -04.79
5986.56 -04.82
6046.42 -04.66
6106.89 -04.46
6167.96 -04.29
6229.64 -04.15
6291.93 -04.03
6354.85 -03.91
6418.40 -03.79
6482.58 -03.64
6547.41 -03.48
6612.88 -03.27
6679.01 -03.04
6745.80 -02.79
6813.26 -02.50
6881.39 -02.20
6950.21 -01.87
7019.71 -01.53
7089.91 -01.18
7160.81 -00.83
7232.41 -00.50
7304.74 -00.33
7377.79 -00.21
7451.56 -00.12
7526.08 -00.05
7601.34 -00.01
7677.35 00.01
7754.13 00.00
7831.67 -00.02
7909.98 -00.07
7989.08 -00.14
8068.98 -00.23
8149.67 -00.33
8231.16 -00.46
8313.47 -00.61
8396.61 -00.79
8480.57 -01.00
8565.38 -01.24
8651.03 -01.50
8737.54 -01.78
8824.92 -02.07
8913.17 -02.37
9002.30 -02.66
9092.32 -02.94
9183.25 -03.20
9275.08 -03.41
9367.83 -03.57
9461.51 -03.69
9556.12 -03.76
9651.68 -03.80
9748.20 -03.82
9845.68 -03.83
9944.14 -03.82
10043.58 -03.78
10144.02 -03.71
10245.46 -03.58
10347.91 -03.31
10451.39 -02.96
10555.91 -02.57
10661.46 -02.18
10768.08 -01.81
10875.76 -01.50
10984.52 -01.26
11094.36 -01.12
11205.31 -01.09
11317.36 -01.15
11430.53 -01.33
11544.84 -01.61
11660.29 -02.01
11776.89 -02.56
11894.66 -03.26
12013.60 -04.13
12133.74 -05.15
12255.08 -06.24
12377.63 -07.22
12501.41 -07.89
12626.42 -08.12
12752.68 -07.94
12880.21 -07.51
13009.01 -06.98
13139.10 -06.45
13270.49 -05.98
13403.20 -05.59
13537.23 -05.27
13672.60 -05.02
13809.33 -04.81
13947.42 -04.65
14086.90 -04.50
14227.77 -04.37
14370.04 -04.24
14513.74 -04.13
14658.88 -04.14
14805.47 -04.14
14953.52 -04.14
15103.06 -04.15
15254.09 -04.20
15406.63 -04.32
15560.70 -04.51
15716.30 -04.81
15873.47 -05.21
16032.20 -05.73
16192.52 -06.37
16354.45 -07.15
16517.99 -08.09
16683.17 -09.18
16850.01 -10.41
17018.51 -11.64
17188.69 -12.57
17360.58 -12.74
17534.18 -12.03
17709.53 -10.88
17886.62 -09.68
18065.49 -08.61
18246.14 -07.69
18428.60 -06.93
18612.89 -06.28
18799.02 -05.73
18987.01 -05.27
19176.88 -04.89
19368.65 -04.62
19562.33 -04.47
19757.96 -04.43
19955.54 -04.51
20000.00 -04.55
