20.00 -06.43
20.20 -06.36
20.40 -06.29
20.61 -06.21
20.81 -06.14
21.02 -06.08
21.23 -06.01
21.44 -05.94
21.66 -05.88
21.87 -05.82
22.09 -05.75
22.31 -05.69
22.54 -05.63
22.76 -05.57
22.99 -05.51
23.22 -05.44
23.45 -05.38
23.69 -05.32
23.92 -05.26
24.16 -05.20
24.40 -05.15
24.65 -05.09
24.89 -05.03
25.14 -04.97
25.39 -04.91
25.65 -04.85
25.91 -04.80
26.16 -04.74
26.43 -04.68
26.69 -04.63
26.96 -04.57
27.23 -04.52
27.50 -04.46
27.77 -04.41
28.05 -04.36
28.33 -04.31
28.62 -04.26
28.90 -04.21
29.19 -04.16
29.48 -04.11
29.78 -04.06
30.08 -04.01
30.38 -03.97
30.68 -03.92
30.99 -03.88
31.30 -03.83
31.61 -03.79
31.93 -03.75
32.24 -03.71
32.57 -03.66
32.89 -03.62
33.22 -03.58
33.55 -03.54
33.89 -03.50
34.23 -03.46
34.57 -03.42
34.92 -03.38
35.27 -03.34
35.62 -03.30
35.97 -03.26
36.33 -03.23
36.70 -03.19
37.06 -03.15
37.43 -03.12
37.81 -03.08
38.19 -03.04
38.57 -03.01
38.95 -02.97
39.34 -02.94
39.74 -02.91
40.14 -02.87
40.54 -02.84
40.94 -02.81
41.35 -02.78
41.76 -02.75
42.18 -02.72
42.60 -02.70
43.03 -02.67
43.46 -02.64
43.90 -02.62
44.33 -02.59
44.78 -02.56
45.23 -02.54
45.68 -02.51
46.13 -02.49
46.60 -02.47
47.06 -02.44
47.53 -02.42
48.01 -02.40
48.49 -02.37
48.97 -02.35
49.46 -02.33
49.96 -02.31
50.46 -02.29
50.96 -02.27
51.47 -02.25
51.99 -02.23
52.51 -02.21
53.03 -02.19
53.56 -02.18
54.10 -02.16
54.64 -02.14
55.18 -02.13
55.74 -02.11
56.29 -02.09
56.86 -02.08
57.42 -02.06
58.00 -02.05
58.58 -02.03
59.16 -02.02
59.76 -02.00
60.35 -01.98
60.96 -01.97
61.57 -01.95
62.18 -01.93
62.80 -01.92
63.43 -01.90
64.07 -01.88
64.71 -01.87
65.35 -01.85
66.01 -01.83
66.67 -01.81
67.33 -01.79
68.01 -01.78
68.69 -01.76
69.37 -01.74
70.07 -01.72
70.77 -01.70
71.48 -01.68
72.19 -01.66
72.91 -01.64
73.64 -01.63
74.38 -01.61
75.12 -01.59
75.87 -01.57
76.63 -01.56
77.40 -01.54
78.17 -01.53
78.95 -01.52
79.74 -01.50
80.54 -01.49
81.35 -01.48
82.16 -01.47
82.98 -01.46
83.81 -01.45
84.65 -01.45
85.50 -01.44
86.35 -01.44
87.22 -01.43
88.09 -01.43
88.97 -01.43
89.86 -01.43
90.76 -01.44
91.66 -01.44
92.58 -01.44
93.51 -01.44
94.44 -01.43
95.39 -01.42
96.34 -01.41
97.30 -01.39
98.28 -01.37
99.26 -01.35
100.25 -01.32
101.25 -01.29
102.27 -01.26
103.29 -01.22
104.32 -01.19
105.37 -01.16
106.42 -01.13
107.48 -01.11
108.56 -01.09
109.64 -01.07
110.74 -01.06
111.85 -01.04
112.97 -01.03
114.10 -01.02
115.24 -01.01
116.39 -01.00
117.55 -00.99
118.73 -00.98
119.92 -00.97
121.12 -00.96
122.33 -00.95
123.55 -00.93
124.79 -00.92
126.03 -00.90
127.29 -00.89
128.57 -00.87
129.85 -00.85
131.15 -00.83
132.46 -00.81
133.79 -00.79
135.12 -00.77
136.48 -00.76
137.84 -00.74
139.22 -00.72
140.61 -00.71
142.02 -00.69
143.44 -00.68
144.87 -00.67
146.32 -00.66
147.78 -00.65
149.26 -00.64
150.75 -00.64
152.26 -00.63
153.78 -00.63
155.32 -00.62
156.88 -00.62
158.44 -00.61
160.03 -00.60
161.63 -00.59
163.24 -00.57
164.88 -00.55
166.53 -00.53
168.19 -00.52
169.87 -00.50
171.57 -00.48
173.29 -00.46
175.02 -00.45
176.77 -00.43
178.54 -00.41
180.32 -00.40
182.13 -00.38
183.95 -00.36
185.79 -00.35
187.65 -00.33
189.52 -00.31
191.42 -00.29
193.33 -00.28
195.27 -00.25
197.22 -00.24
199.19 -00.22
201.18 -00.21
203.19 -00.18
205.23 -00.17
207.28 -00.15
209.35 -00.15
211.44 -00.13
213.56 -00.13
215.69 -00.12
217.85 -00.12
220.03 -00.12
222.23 -00.13
224.45 -00.13
226.70 -00.15
228.96 -00.17
231.25 -00.18
233.57 -00.20
235.90 -00.22
238.26 -00.24
240.64 -00.24
243.05 -00.25
245.48 -00.25
247.93 -00.24
250.41 -00.23
252.92 -00.22
255.45 -00.19
258.00 -00.17
260.58 -00.14
263.19 -00.10
265.82 -00.06
268.48 -00.02
271.16 00.01
273.87 00.04
276.61 00.08
279.38 00.10
282.17 00.13
284.99 00.15
287.84 00.17
290.72 00.18
293.63 00.20
296.57 00.21
299.53 00.22
302.53 00.23
305.55 00.23
308.61 00.24
311.69 00.25
314.81 00.25
317.96 00.27
321.14 00.27
324.35 00.30
327.59 00.31
330.87 00.33
334.18 00.34
337.52 00.36
340.90 00.37
344.30 00.38
347.75 00.38
351.23 00.39
354.74 00.38
358.28 00.37
361.87 00.36
365.49 00.35
369.14 00.34
372.83 00.33
376.56 00.32
380.33 00.33
384.13 00.33
387.97 00.34
391.85 00.35
395.77 00.36
399.73 00.35
403.72 00.35
407.76 00.33
411.84 00.31
415.96 00.27
420.12 00.22
424.32 00.16
428.56 00.10
432.85 00.03
437.18 -00.06
441.55 -00.13
445.96 -00.20
450.42 -00.27
454.93 -00.33
459.48 -00.40
464.07 -00.45
468.71 -00.50
473.40 -00.53
478.13 -00.56
482.91 -00.58
487.74 -00.59
492.62 -00.58
497.55 -00.57
502.52 -00.56
507.55 -00.52
512.62 -00.48
517.75 -00.44
522.93 -00.37
528.16 -00.31
533.44 -00.24
538.77 -00.18
544.16 -00.12
549.60 -00.05
555.10 00.00
560.65 00.05
566.25 00.10
571.92 00.14
577.64 00.17
583.41 00.21
589.25 00.23
595.14 00.27
601.09 00.30
607.10 00.33
613.17 00.37
619.30 00.40
625.50 00.44
631.75 00.48
638.07 00.51
644.45 00.55
650.89 00.55
657.40 00.55
663.98 00.56
670.62 00.56
677.32 00.55
684.10 00.56
690.94 00.55
697.85 00.56
704.83 00.56
711.87 00.55
718.99 00.56
726.18 00.56
733.44 00.56
740.78 00.57
748.19 00.59
755.67 00.60
763.23 00.60
770.86 00.61
778.57 00.61
786.35 00.61
794.22 00.61
802.16 00.63
810.18 00.63
818.28 00.63
826.46 00.62
834.73 00.61
843.08 00.59
851.51 00.57
860.02 00.55
868.62 00.52
877.31 00.51
886.08 00.49
894.94 00.47
903.89 00.44
912.93 00.44
922.06 00.43
931.28 00.43
940.59 00.43
950.00 00.44
959.50 00.44
969.09 00.41
978.78 00.39
988.57 00.36
998.46 00.32
1008.44 00.28
1018.53 00.23
1028.71 00.17
1039.00 00.11
1049.39 00.06
1059.88 -00.01
1070.48 -00.07
1081.19 -00.12
1092.00 -00.19
1102.92 -00.23
1113.95 -00.27
1125.09 -00.31
1136.34 -00.35
1147.70 -00.38
1159.18 -00.41
1170.77 -00.44
1182.48 -00.48
1194.30 -00.51
1206.25 -00.54
1218.31 -00.57
1230.49 -00.60
1242.80 -00.64
1255.22 -00.70
1267.78 -00.75
1280.45 -00.80
1293.26 -00.85
1306.19 -00.90
1319.25 -00.95
1332.45 -01.00
1345.77 -01.05
1359.23 -01.10
1372.82 -01.15
1386.55 -01.19
1400.41 -01.23
1414.42 -01.27
1428.56 -01.31
1442.85 -01.35
1457.28 -01.39
1471.85 -01.43
1486.57 -01.48
1501.43 -01.53
1516.45 -01.59
1531.61 -01.64
1546.93 -01.70
1562.40 -01.76
1578.02 -01.82
1593.80 -01.88
1609.74 -01.93
1625.84 -01.98
1642.10 -02.05
1658.52 -02.11
1675.10 -02.18
1691.85 -02.25
1708.77 -02.31
1725.86 -02.38
1743.12 -02.45
1760.55 -02.53
1778.15 -02.63
1795.94 -02.73
1813.90 -02.84
1832.03 -02.94
1850.36 -03.04
1868.86 -03.13
1887.55 -03.22
1906.42 -03.31
1925.49 -03.40
1944.74 -03.49
1964.19 -03.57
1983.83 -03.63
2003.67 -03.68
2023.71 -03.73
2043.94 -03.78
2064.38 -03.84
2085.03 -03.91
2105.88 -03.96
2126.94 -04.03
2148.20 -04.10
2169.69 -04.18
2191.38 -04.28
2213.30 -04.41
2235.43 -04.55
2257.78 -04.73
2280.36 -04.91
2303.17 -05.11
2326.20 -05.29
2349.46 -05.46
2372.95 -05.59
2396.68 -05.64
2420.65 -05.65
2444.86 -05.61
2469.31 -05.51
2494.00 -05.40
2518.94 -05.24
2544.13 -05.09
2569.57 -04.93
2595.27 -04.77
2621.22 -04.65
2647.43 -04.56
2673.90 -04.50
2700.64 -04.46
2727.65 -04.46
2754.93 -04.47
2782.48 -04.47
2810.30 -04.47
2838.40 -04.48
2866.79 -04.50
2895.46 -04.49
2924.41 -04.48
2953.65 -04.47
2983.19 -04.48
3013.02 -04.48
3043.15 -04.47
3073.58 -04.46
3104.32 -04.43
3135.36 -04.41
3166.72 -04.37
3198.38 -04.30
3230.37 -04.20
3262.67 -04.08
3295.30 -03.91
3328.25 -03.71
3361.53 -03.43
3395.15 -03.12
3429.10 -02.75
3463.39 -02.36
3498.03 -01.95
3533.01 -01.53
3568.34 -01.13
3604.02 -00.76
3640.06 -00.44
3676.46 -00.18
3713.22 00.02
3750.36 00.17
3787.86 00.24
3825.74 00.26
3864.00 00.20
3902.64 00.08
3941.66 -00.11
3981.08 -00.35
4020.89 -00.65
4061.10 -00.99
4101.71 -01.35
4142.73 -01.72
4184.15 -02.09
4226.00 -02.43
4268.26 -02.73
4310.94 -02.98
4354.05 -03.17
4397.59 -03.31
4441.56 -03.39
4485.98 -03.44
4530.84 -03.46
4576.15 -03.46
4621.91 -03.46
4668.13 -03.46
4714.81 -03.46
4761.96 -03.45
4809.58 -03.43
4857.67 -03.40
4906.25 -03.34
4955.31 -03.26
5004.87 -03.15
5054.91 -03.00
5105.46 -02.83
5156.52 -02.70
5208.08 -02.59
5260.16 -02.45
5312.77 -02.30
5365.89 -02.13
5419.55 -01.97
5473.75 -01.80
5528.49 -01.64
5583.77 -01.48
5639.61 -01.33
5696.00 -01.19
5752.96 -01.05
5810.49 -00.93
5868.60 -00.81
5927.28 -00.70
5986.56 -00.61
6046.42 -00.30
6106.89 00.06
6167.96 00.41
6229.64 00.74
6291.93 01.07
6354.85 01.37
6418.40 01.67
6482.58 01.96
6547.41 02.22
6612.88 02.48
6679.01 02.72
6745.80 02.95
6813.26 03.18
6881.39 03.38
6950.21 03.59
7019.71 03.78
7089.91 03.96
7160.81 04.13
7232.41 04.30
7304.74 04.30
7377.79 04.28
7451.56 04.26
7526.08 04.22
7601.34 04.17
7677.35 04.09
7754.13 03.97
7831.67 03.81
7909.98 03.61
7989.08 03.38
8068.98 03.14
8149.67 02.88
8231.16 02.63
8313.47 02.38
8396.61 02.15
8480.57 01.93
8565.38 01.76
8651.03 01.64
8737.54 01.60
8824.92 01.62
8913.17 01.69
9002.30 01.78
9092.32 01.88
9183.25 01.98
9275.08 02.10
9367.83 02.23
9461.51 02.39
9556.12 02.57
9651.68 02.79
9748.20 03.02
9845.68 03.25
9944.14 03.47
10043.58 03.63
10144.02 03.71
10245.46 03.73
10347.91 03.76
10451.39 03.77
10555.91 03.77
10661.46 03.75
10768.08 03.75
10875.76 03.78
10984.52 03.86
11094.36 03.99
11205.31 04.16
11317.36 04.40
11430.53 04.68
11544.84 04.97
11660.29 05.26
11776.89 05.48
11894.66 05.63
12013.60 05.70
12133.74 05.68
12255.08 05.58
12377.63 05.38
12501.41 05.10
12626.42 04.76
12752.68 04.37
12880.21 03.92
13009.01 03.45
13139.10 02.95
13270.49 02.42
13403.20 01.87
13537.23 01.31
13672.60 00.74
13809.33 00.18
13947.42 -00.38
14086.90 -00.92
14227.77 -01.43
14370.04 -01.91
14513.74 -02.40
14658.88 -02.99
14805.47 -03.57
14953.52 -04.13
15103.06 -04.70
15254.09 -05.27
15406.63 -05.88
15560.70 -06.53
15716.30 -07.22
15873.47 -07.94
16032.20 -08.68
16192.52 -09.41
16354.45 -10.07
16517.99 -10.61
16683.17 -10.94
16850.01 -11.01
17018.51 -10.83
17188.69 -10.48
17360.58 -10.02
17534.18 -09.54
17709.53 -09.11
17886.62 -08.74
18065.49 -08.46
18246.14 -08.28
18428.60 -08.21
18612.89 -08.25
18799.02 -08.39
18987.01 -08.62
19176.88 -08.89
19368.65 -09.24
19562.33 -09.65
19757.96 -10.13
19955.54 -10.66
20000.00 -10.78
