20.00 -02.23
20.20 -02.14
20.40 -02.06
20.61 -01.97
20.81 -01.90
21.02 -01.82
21.23 -01.75
21.44 -01.67
21.66 -01.60
21.87 -01.53
22.09 -01.46
22.31 -01.40
22.54 -01.33
22.76 -01.26
22.99 -01.20
23.22 -01.13
23.45 -01.07
23.69 -01.00
23.92 -00.94
24.16 -00.87
24.40 -00.81
24.65 -00.75
24.89 -00.68
25.14 -00.62
25.39 -00.56
25.65 -00.50
25.91 -00.43
26.16 -00.38
26.43 -00.31
26.69 -00.26
26.96 -00.20
27.23 -00.14
27.50 -00.08
27.77 -00.03
28.05 00.03
28.33 00.09
28.62 00.14
28.90 00.19
29.19 00.25
29.48 00.30
29.78 00.35
30.08 00.40
30.38 00.45
30.68 00.49
30.99 00.54
31.30 00.59
31.61 00.63
31.93 00.68
32.24 00.72
32.57 00.76
32.89 00.81
33.22 00.85
33.55 00.89
33.89 00.94
34.23 00.98
34.57 01.03
34.92 01.07
35.27 01.11
35.62 01.15
35.97 01.19
36.33 01.23
36.70 01.27
37.06 01.31
37.43 01.35
37.81 01.39
38.19 01.43
38.57 01.46
38.95 01.50
39.34 01.53
39.74 01.57
40.14 01.60
40.54 01.63
40.94 01.67
41.35 01.70
41.76 01.72
42.18 01.75
42.60 01.78
43.03 01.80
43.46 01.83
43.90 01.85
44.33 01.87
44.78 01.89
45.23 01.91
45.68 01.93
46.13 01.95
46.60 01.97
47.06 01.98
47.53 02.00
48.01 02.02
48.49 02.03
48.97 02.05
49.46 02.07
49.96 02.09
50.46 02.11
50.96 02.13
51.47 02.15
51.99 02.17
52.51 02.19
53.03 02.21
53.56 02.24
54.10 02.26
54.64 02.29
55.18 02.32
55.74 02.35
56.29 02.38
56.86 02.41
57.42 02.44
58.00 02.47
58.58 02.50
59.16 02.54
59.76 02.57
60.35 02.60
60.96 02.64
61.57 02.67
62.18 02.70
62.80 02.73
63.43 02.77
64.07 02.80
64.71 02.82
65.35 02.85
66.01 02.88
66.67 02.91
67.33 02.93
68.01 02.96
68.69 02.98
69.37 03.00
70.07 03.03
70.77 03.05
71.48 03.07
72.19 03.09
72.91 03.11
73.64 03.13
74.38 03.14
75.12 03.16
75.87 03.18
76.63 03.19
77.40 03.20
78.17 03.22
78.95 03.23
79.74 03.24
80.54 03.25
81.35 03.26
82.16 03.26
82.98 03.27
83.81 03.28
84.65 03.28
85.50 03.29
86.35 03.29
87.22 03.29
88.09 03.29
88.97 03.29
89.86 03.29
90.76 03.29
91.66 03.29
92.58 03.29
93.51 03.29
94.44 03.28
95.39 03.28
96.34 03.28
97.30 03.27
98.28 03.27
99.26 03.26
100.25 03.25
101.25 03.25
102.27 03.24
103.29 03.23
104.32 03.22
105.37 03.21
106.42 03.20
107.48 03.19
108.56 03.18
109.64 03.17
110.74 03.16
111.85 03.15
112.97 03.14
114.10 03.13
115.24 03.11
116.39 03.10
117.55 03.09
118.73 03.08
119.92 03.07
121.12 03.06
122.33 03.05
123.55 03.04
124.79 03.03
126.03 03.02
127.29 03.01
128.57 03.00
129.85 02.99
131.15 02.97
132.46 02.96
133.79 02.95
135.12 02.93
136.48 02.92
137.84 02.90
139.22 02.88
140.61 02.87
142.02 02.85
143.44 02.83
144.87 02.81
146.32 02.78
147.78 02.76
149.26 02.74
150.75 02.71
152.26 02.69
153.78 02.66
155.32 02.63
156.88 02.61
158.44 02.58
160.03 02.55
161.63 02.53
163.24 02.51
164.88 02.51
166.53 02.49
168.19 02.47
169.87 02.45
171.57 02.44
173.29 02.43
175.02 02.41
176.77 02.40
178.54 02.38
180.32 02.37
182.13 02.36
183.95 02.34
185.79 02.32
187.65 02.31
189.52 02.28
191.42 02.27
193.33 02.24
195.27 02.22
197.22 02.19
199.19 02.17
201.18 02.13
203.19 02.10
205.23 02.05
207.28 02.01
209.35 01.95
211.44 01.90
213.56 01.83
215.69 01.77
217.85 01.70
220.03 01.62
222.23 01.55
224.45 01.49
226.70 01.42
228.96 01.35
231.25 01.30
233.57 01.25
235.90 01.22
238.26 01.20
240.64 01.21
243.05 01.22
245.48 01.25
247.93 01.29
250.41 01.33
252.92 01.38
255.45 01.44
258.00 01.49
260.58 01.55
263.19 01.61
265.82 01.65
268.48 01.70
271.16 01.73
273.87 01.74
276.61 01.77
279.38 01.77
282.17 01.79
284.99 01.78
287.84 01.79
290.72 01.77
293.63 01.77
296.57 01.75
299.53 01.72
302.53 01.70
305.55 01.66
308.61 01.63
311.69 01.59
314.81 01.54
317.96 01.50
321.14 01.44
324.35 01.38
327.59 01.32
330.87 01.26
334.18 01.19
337.52 01.14
340.90 01.09
344.30 01.03
347.75 00.97
351.23 00.93
354.74 00.87
358.28 00.82
361.87 00.79
365.49 00.74
369.14 00.71
372.83 00.67
376.56 00.63
380.33 00.60
384.13 00.56
387.97 00.53
391.85 00.49
395.77 00.46
399.73 00.43
403.72 00.40
407.76 00.37
411.84 00.35
415.96 00.33
420.12 00.33
424.32 00.32
428.56 00.34
432.85 00.35
437.18 00.37
441.55 00.40
445.96 00.43
450.42 00.45
454.93 00.49
459.48 00.51
464.07 00.53
468.71 00.55
473.40 00.57
478.13 00.59
482.91 00.60
487.74 00.60
492.62 00.61
497.55 00.61
502.52 00.60
507.55 00.60
512.62 00.59
517.75 00.58
522.93 00.57
528.16 00.56
533.44 00.57
538.77 00.56
544.16 00.56
549.60 00.58
555.10 00.59
560.65 00.62
566.25 00.64
571.92 00.67
577.64 00.70
583.41 00.75
589.25 00.79
595.14 00.84
601.09 00.89
607.10 00.94
613.17 01.00
619.30 01.04
625.50 01.10
631.75 01.15
638.07 01.20
644.45 01.25
650.89 01.28
657.40 01.32
663.98 01.37
670.62 01.41
677.32 01.46
684.10 01.52
690.94 01.57
697.85 01.63
704.83 01.69
711.87 01.75
718.99 01.82
726.18 01.87
733.44 01.92
740.78 01.98
748.19 02.04
755.67 02.08
763.23 02.12
770.86 02.16
778.57 02.19
786.35 02.21
794.22 02.22
802.16 02.22
810.18 02.21
818.28 02.18
826.46 02.14
834.73 02.09
843.08 02.03
851.51 01.95
860.02 01.86
868.62 01.77
877.31 01.67
886.08 01.55
894.94 01.43
903.89 01.30
912.93 01.19
922.06 01.06
931.28 00.94
940.59 00.80
950.00 00.66
959.50 00.53
969.09 00.39
978.78 00.25
988.57 00.12
998.46 -00.02
1008.44 -00.15
1018.53 -00.27
1028.71 -00.41
1039.00 -00.54
1049.39 -00.66
1059.88 -00.79
1070.48 -00.91
1081.19 -01.02
1092.00 -01.14
1102.92 -01.25
1113.95 -01.37
1125.09 -01.48
1136.34 -01.60
1147.70 -01.70
1159.18 -01.81
1170.77 -01.91
1182.48 -02.02
1194.30 -02.12
1206.25 -02.23
1218.31 -02.33
1230.49 -02.43
1242.80 -02.53
1255.22 -02.63
1267.78 -02.71
1280.45 -02.80
1293.26 -02.87
1306.19 -02.93
1319.25 -03.00
1332.45 -03.07
1345.77 -03.13
1359.23 -03.18
1372.82 -03.24
1386.55 -03.30
1400.41 -03.36
1414.42 -03.41
1428.56 -03.48
1442.85 -03.54
1457.28 -03.60
1471.85 -03.66
1486.57 -03.72
1501.43 -03.79
1516.45 -03.85
1531.61 -03.91
1546.93 -03.97
1562.40 -04.03
1578.02 -04.09
1593.80 -04.13
1609.74 -04.17
1625.84 -04.20
1642.10 -04.21
1658.52 -04.21
1675.10 -04.20
1691.85 -04.18
1708.77 -04.14
1725.86 -04.10
1743.12 -04.04
1760.55 -03.99
1778.15 -03.92
1795.94 -03.84
1813.90 -03.77
1832.03 -03.69
1850.36 -03.61
1868.86 -03.52
1887.55 -03.43
1906.42 -03.34
1925.49 -03.25
1944.74 -03.17
1964.19 -03.08
1983.83 -02.99
2003.67 -02.90
2023.71 -02.81
2043.94 -02.72
2064.38 -02.64
2085.03 -02.56
2105.88 -02.47
2126.94 -02.40
2148.20 -02.33
2169.69 -02.27
2191.38 -02.21
2213.30 -02.16
2235.43 -02.10
2257.78 -02.05
2280.36 -02.02
2303.17 -01.98
2326.20 -01.95
2349.46 -01.92
2372.95 -01.90
2396.68 -01.87
2420.65 -01.86
2444.86 -01.84
2469.31 -01.82
2494.00 -01.81
2518.94 -01.79
2544.13 -01.79
2569.57 -01.79
2595.27 -01.79
2621.22 -01.81
2647.43 -01.85
2673.90 -01.90
2700.64 -01.96
2727.65 -02.05
2754.93 -02.17
2782.48 -02.32
2810.30 -02.50
2838.40 -02.74
2866.79 -03.03
2895.46 -03.36
2924.41 -03.75
2953.65 -04.18
2983.19 -04.67
3013.02 -05.19
3043.15 -05.72
3073.58 -06.27
3104.32 -06.77
3135.36 -07.23
3166.72 -07.58
3198.38 -07.83
3230.37 -07.94
3262.67 -07.94
3295.30 -07.82
3328.25 -07.64
3361.53 -07.42
3395.15 -07.19
3429.10 -06.96
3463.39 -06.75
3498.03 -06.57
3533.01 -06.41
3568.34 -06.27
3604.02 -06.17
3640.06 -06.08
3676.46 -06.03
3713.22 -05.99
3750.36 -05.96
3787.86 -05.95
3825.74 -05.94
3864.00 -05.93
3902.64 -05.92
3941.66 -05.92
3981.08 -05.90
4020.89 -05.87
4061.10 -05.81
4101.71 -05.73
4142.73 -05.62
4184.15 -05.47
4226.00 -05.29
4268.26 -05.07
4310.94 -04.83
4354.05 -04.57
4397.59 -04.29
4441.56 -04.01
4485.98 -03.73
4530.84 -03.46
4576.15 -03.20
4621.91 -02.95
4668.13 -02.72
4714.81 -02.51
4761.96 -02.31
4809.58 -02.12
4857.67 -01.95
4906.25 -01.79
4955.31 -01.63
5004.87 -01.48
5054.91 -01.33
5105.46 -01.18
5156.52 -01.12
5208.08 -01.10
5260.16 -01.09
5312.77 -01.10
5365.89 -01.13
5419.55 -01.19
5473.75 -01.28
5528.49 -01.42
5583.77 -01.58
5639.61 -01.80
5696.00 -02.06
5752.96 -02.36
5810.49 -02.71
5868.60 -03.10
5927.28 -03.52
5986.56 -04.00
6046.42 -04.28
6106.89 -04.52
6167.96 -04.78
6229.64 -05.06
6291.93 -05.36
6354.85 -05.68
6418.40 -06.03
6482.58 -06.39
6547.41 -06.79
6612.88 -07.21
6679.01 -07.66
6745.80 -08.14
6813.26 -08.62
6881.39 -09.10
6950.21 -09.54
7019.71 -09.89
7089.91 -10.09
7160.81 -10.09
7232.41 -09.89
7304.74 -09.65
7377.79 -09.27
7451.56 -08.79
7526.08 -08.24
7601.34 -07.66
7677.35 -07.08
7754.13 -06.52
7831.67 -06.00
7909.98 -05.53
7989.08 -05.13
8068.98 -04.80
8149.67 -04.55
8231.16 -04.37
8313.47 -04.26
8396.61 -04.22
8480.57 -04.27
8565.38 -04.40
8651.03 -04.61
8737.54 -04.89
8824.92 -05.23
8913.17 -05.62
9002.30 -06.05
9092.32 -06.49
9183.25 -06.95
9275.08 -07.41
9367.83 -07.86
9461.51 -08.28
9556.12 -08.63
9651.68 -08.90
9748.20 -09.09
9845.68 -09.20
9944.14 -09.26
10043.58 -09.27
10144.02 -09.23
10245.46 -09.13
10347.91 -08.93
10451.39 -08.71
10555.91 -08.49
10661.46 -08.32
10768.08 -08.19
10875.76 -08.12
10984.52 -08.09
11094.36 -08.12
11205.31 -08.21
11317.36 -08.33
11430.53 -08.47
11544.84 -08.60
11660.29 -08.66
11776.89 -08.63
11894.66 -08.46
12013.60 -08.15
12133.74 -07.68
12255.08 -07.10
12377.63 -06.44
12501.41 -05.74
12626.42 -05.05
12752.68 -04.38
12880.21 -03.78
13009.01 -03.25
13139.10 -02.82
13270.49 -02.48
13403.20 -02.25
13537.23 -02.09
13672.60 -02.03
13809.33 -02.02
13947.42 -02.11
14086.90 -02.25
14227.77 -02.46
14370.04 -02.70
14513.74 -02.97
14658.88 -03.27
14805.47 -03.36
14953.52 -03.16
15103.06 -02.69
15254.09 -02.07
15406.63 -01.44
15560.70 -00.89
15716.30 -00.47
15873.47 -00.18
16032.20 00.00
16192.52 00.06
16354.45 00.02
16517.99 -00.15
16683.17 -00.46
16850.01 -00.92
17018.51 -01.55
17188.69 -02.37
17360.58 -03.33
17534.18 -04.41
17709.53 -05.53
17886.62 -06.54
18065.49 -07.27
18246.14 -07.52
18428.60 -07.26
18612.89 -06.63
18799.02 -05.83
18987.01 -05.02
19176.88 -04.30
19368.65 -03.71
19562.33 -03.25
19757.96 -02.90
19955.54 -02.68
20000.00 -02.65
