20.00 -06.57
20.20 -06.51
20.40 -06.45
20.61 -06.40
20.81 -06.34
21.02 -06.29
21.23 -06.24
21.44 -06.19
21.66 -06.14
21.87 -06.09
22.09 -06.04
22.31 -06.00
22.54 -05.95
22.76 -05.91
22.99 -05.86
23.22 -05.82
23.45 -05.78
23.69 -05.73
23.92 -05.69
24.16 -05.65
24.40 -05.60
24.65 -05.56
24.89 -05.52
25.14 -05.48
25.39 -05.44
25.65 -05.40
25.91 -05.36
26.16 -05.32
26.43 -05.28
26.69 -05.24
26.96 -05.20
27.23 -05.17
27.50 -05.13
27.77 -05.09
28.05 -05.06
28.33 -05.02
28.62 -04.99
28.90 -04.96
29.19 -04.93
29.48 -04.90
29.78 -04.87
30.08 -04.84
30.38 -04.81
30.68 -04.78
30.99 -04.76
31.30 -04.73
31.61 -04.71
31.93 -04.69
32.24 -04.66
32.57 -04.64
32.89 -04.62
33.22 -04.61
33.55 -04.59
33.89 -04.57
34.23 -04.55
34.57 -04.54
34.92 -04.52
35.27 -04.50
35.62 -04.49
35.97 -04.47
36.33 -04.45
36.70 -04.44
37.06 -04.42
37.43 -04.40
37.81 -04.38
38.19 -04.37
38.57 -04.35
38.95 -04.34
39.34 -04.32
39.74 -04.30
40.14 -04.29
40.54 -04.27
40.94 -04.25
41.35 -04.24
41.76 -04.22
42.18 -04.20
42.60 -04.19
43.03 -04.17
43.46 -04.16
43.90 -04.14
44.33 -04.12
44.78 -04.11
45.23 -04.09
45.68 -04.07
46.13 -04.06
46.60 -04.04
47.06 -04.03
47.53 -04.01
48.01 -03.99
48.49 -03.98
48.97 -03.96
49.46 -03.94
49.96 -03.93
50.46 -03.91
50.96 -03.89
51.47 -03.87
51.99 -03.85
52.51 -03.84
53.03 -03.82
53.56 -03.79
54.10 -03.77
54.64 -03.75
55.18 -03.72
55.74 -03.70
56.29 -03.67
56.86 -03.65
57.42 -03.62
58.00 -03.59
58.58 -03.56
59.16 -03.53
59.76 -03.50
60.35 -03.47
60.96 -03.44
61.57 -03.41
62.18 -03.39
62.80 -03.36
63.43 -03.35
64.07 -03.33
64.71 -03.32
65.35 -03.32
66.01 -03.33
66.67 -03.34
67.33 -03.35
68.01 -03.37
68.69 -03.40
69.37 -03.42
70.07 -03.45
70.77 -03.48
71.48 -03.51
72.19 -03.53
72.91 -03.55
73.64 -03.57
74.38 -03.57
75.12 -03.57
75.87 -03.56
76.63 -03.54
77.40 -03.51
78.17 -03.48
78.95 -03.44
79.74 -03.39
80.54 -03.35
81.35 -03.30
82.16 -03.26
82.98 -03.22
83.81 -03.18
84.65 -03.15
85.50 -03.12
86.35 -03.09
87.22 -03.07
88.09 -03.06
88.97 -03.05
89.86 -03.04
90.76 -03.04
91.66 -03.03
92.58 -03.03
93.51 -03.03
94.44 -03.02
95.39 -03.02
96.34 -03.01
97.30 -03.00
98.28 -02.99
99.26 -02.98
100.25 -02.97
101.25 -02.96
102.27 -02.94
103.29 -02.93
104.32 -02.92
105.37 -02.91
106.42 -02.90
107.48 -02.89
108.56 -02.89
109.64 -02.89
110.74 -02.88
111.85 -02.88
112.97 -02.89
114.10 -02.89
115.24 -02.89
116.39 -02.89
117.55 -02.89
118.73 -02.89
119.92 -02.89
121.12 -02.89
122.33 -02.89
123.55 -02.88
124.79 -02.88
126.03 -02.87
127.29 -02.86
128.57 -02.85
129.85 -02.83
131.15 -02.82
132.46 -02.80
133.79 -02.79
135.12 -02.77
136.48 -02.76
137.84 -02.75
139.22 -02.74
140.61 -02.74
142.02 -02.74
143.44 -02.74
144.87 -02.75
146.32 -02.76
147.78 -02.77
149.26 -02.78
150.75 -02.80
152.26 -02.81
153.78 -02.82
155.32 -02.83
156.88 -02.84
158.44 -02.85
160.03 -02.86
161.63 -02.85
163.24 -02.84
164.88 -02.82
166.53 -02.81
168.19 -02.80
169.87 -02.79
171.57 -02.77
173.29 -02.76
175.02 -02.74
176.77 -02.72
178.54 -02.70
180.32 -02.68
182.13 -02.64
183.95 -02.61
185.79 -02.58
187.65 -02.54
189.52 -02.50
191.42 -02.45
193.33 -02.40
195.27 -02.35
197.22 -02.30
199.19 -02.25
201.18 -02.21
203.19 -02.16
205.23 -02.11
207.28 -02.06
209.35 -02.02
211.44 -01.97
213.56 -01.93
215.69 -01.88
217.85 -01.84
220.03 -01.80
222.23 -01.75
224.45 -01.71
226.70 -01.68
228.96 -01.65
231.25 -01.61
233.57 -01.58
235.90 -01.56
238.26 -01.53
240.64 -01.50
243.05 -01.48
245.48 -01.45
247.93 -01.42
250.41 -01.39
252.92 -01.37
255.45 -01.32
258.00 -01.29
260.58 -01.25
263.19 -01.20
265.82 -01.16
268.48 -01.10
271.16 -01.04
273.87 -00.98
276.61 -00.91
279.38 -00.84
282.17 -00.76
284.99 -00.69
287.84 -00.61
290.72 -00.54
293.63 -00.45
296.57 -00.36
299.53 -00.28
302.53 -00.20
305.55 -00.13
308.61 -00.05
311.69 00.02
314.81 00.08
317.96 00.15
321.14 00.21
324.35 00.27
327.59 00.32
330.87 00.36
334.18 00.40
337.52 00.45
340.90 00.49
344.30 00.53
347.75 00.57
351.23 00.62
354.74 00.67
358.28 00.71
361.87 00.76
365.49 00.81
369.14 00.86
372.83 00.90
376.56 00.93
380.33 00.96
384.13 00.97
387.97 00.98
391.85 00.97
395.77 00.95
399.73 00.92
403.72 00.89
407.76 00.84
411.84 00.81
415.96 00.77
420.12 00.74
424.32 00.73
428.56 00.73
432.85 00.76
437.18 00.80
441.55 00.86
445.96 00.95
450.42 01.04
454.93 01.16
459.48 01.28
464.07 01.40
468.71 01.52
473.40 01.65
478.13 01.77
482.91 01.88
487.74 01.98
492.62 02.07
497.55 02.13
502.52 02.17
507.55 02.18
512.62 02.15
517.75 02.09
522.93 02.00
528.16 01.87
533.44 01.73
538.77 01.57
544.16 01.40
549.60 01.25
555.10 01.10
560.65 01.00
566.25 00.92
571.92 00.90
577.64 00.91
583.41 00.96
589.25 01.03
595.14 01.13
601.09 01.24
607.10 01.33
613.17 01.43
619.30 01.51
625.50 01.59
631.75 01.66
638.07 01.71
644.45 01.75
650.89 01.76
657.40 01.76
663.98 01.75
670.62 01.71
677.32 01.66
684.10 01.60
690.94 01.51
697.85 01.43
704.83 01.32
711.87 01.22
718.99 01.12
726.18 01.02
733.44 00.92
740.78 00.84
748.19 00.78
755.67 00.74
763.23 00.71
770.86 00.71
778.57 00.72
786.35 00.74
794.22 00.77
802.16 00.82
810.18 00.86
818.28 00.90
826.46 00.96
834.73 01.03
843.08 01.09
851.51 01.15
860.02 01.20
868.62 01.24
877.31 01.28
886.08 01.30
894.94 01.30
903.89 01.28
912.93 01.27
922.06 01.23
931.28 01.18
940.59 01.10
950.00 01.03
959.50 00.94
969.09 00.84
978.78 00.73
988.57 00.62
998.46 00.49
1008.44 00.36
1018.53 00.23
1028.71 00.09
1039.00 -00.05
1049.39 -00.20
1059.88 -00.35
1070.48 -00.51
1081.19 -00.67
1092.00 -00.84
1102.92 -01.01
1113.95 -01.18
1125.09 -01.35
1136.34 -01.52
1147.70 -01.68
1159.18 -01.82
1170.77 -01.96
1182.48 -02.10
1194.30 -02.24
1206.25 -02.37
1218.31 -02.49
1230.49 -02.59
1242.80 -02.68
1255.22 -02.77
1267.78 -02.85
1280.45 -02.92
1293.26 -03.00
1306.19 -03.08
1319.25 -03.17
1332.45 -03.27
1345.77 -03.34
1359.23 -03.41
1372.82 -03.46
1386.55 -03.51
1400.41 -03.55
1414.42 -03.58
1428.56 -03.62
1442.85 -03.64
1457.28 -03.67
1471.85 -03.70
1486.57 -03.73
1501.43 -03.76
1516.45 -03.81
1531.61 -03.86
1546.93 -03.93
1562.40 -04.01
1578.02 -04.10
1593.80 -04.20
1609.74 -04.31
1625.84 -04.44
1642.10 -04.58
1658.52 -04.71
1675.10 -04.85
1691.85 -04.98
1708.77 -05.09
1725.86 -05.19
1743.12 -05.28
1760.55 -05.37
1778.15 -05.45
1795.94 -05.50
1813.90 -05.55
1832.03 -05.58
1850.36 -05.60
1868.86 -05.61
1887.55 -05.63
1906.42 -05.64
1925.49 -05.65
1944.74 -05.67
1964.19 -05.67
1983.83 -05.67
2003.67 -05.67
2023.71 -05.67
2043.94 -05.68
2064.38 -05.69
2085.03 -05.71
2105.88 -05.73
2126.94 -05.76
2148.20 -05.79
2169.69 -05.81
2191.38 -05.84
2213.30 -05.87
2235.43 -05.88
2257.78 -05.92
2280.36 -05.96
2303.17 -06.00
2326.20 -06.04
2349.46 -06.09
2372.95 -06.14
2396.68 -06.18
2420.65 -06.24
2444.86 -06.30
2469.31 -06.34
2494.00 -06.38
2518.94 -06.40
2544.13 -06.42
2569.57 -06.42
2595.27 -06.40
2621.22 -06.37
2647.43 -06.34
2673.90 -06.30
2700.64 -06.24
2727.65 -06.19
2754.93 -06.15
2782.48 -06.10
2810.30 -06.06
2838.40 -06.04
2866.79 -06.03
2895.46 -06.03
2924.41 -06.04
2953.65 -06.06
2983.19 -06.09
3013.02 -06.12
3043.15 -06.14
3073.58 -06.17
3104.32 -06.19
3135.36 -06.22
3166.72 -06.24
3198.38 -06.28
3230.37 -06.32
3262.67 -06.37
3295.30 -06.43
3328.25 -06.52
3361.53 -06.62
3395.15 -06.74
3429.10 -06.87
3463.39 -07.01
3498.03 -07.17
3533.01 -07.32
3568.34 -07.49
3604.02 -07.67
3640.06 -07.85
3676.46 -08.04
3713.22 -08.23
3750.36 -08.42
3787.86 -08.62
3825.74 -08.81
3864.00 -09.00
3902.64 -09.19
3941.66 -09.38
3981.08 -09.55
4020.89 -09.71
4061.10 -09.85
4101.71 -09.97
4142.73 -10.07
4184.15 -10.14
4226.00 -10.19
4268.26 -10.21
4310.94 -10.19
4354.05 -10.15
4397.59 -10.08
4441.56 -09.98
4485.98 -09.85
4530.84 -09.70
4576.15 -09.54
4621.91 -09.36
4668.13 -09.18
4714.81 -09.00
4761.96 -08.82
4809.58 -08.65
4857.67 -08.48
4906.25 -08.33
4955.31 -08.19
5004.87 -08.06
5054.91 -07.95
5105.46 -07.85
5156.52 -07.83
5208.08 -07.87
5260.16 -07.90
5312.77 -07.93
5365.89 -07.95
5419.55 -07.96
5473.75 -07.95
5528.49 -07.93
5583.77 -07.88
5639.61 -07.83
5696.00 -07.75
5752.96 -07.66
5810.49 -07.56
5868.60 -07.45
5927.28 -07.35
5986.56 -07.25
6046.42 -06.94
6106.89 -06.58
6167.96 -06.22
6229.64 -05.88
6291.93 -05.54
6354.85 -05.22
6418.40 -04.92
6482.58 -04.62
6547.41 -04.34
6612.88 -04.08
6679.01 -03.83
6745.80 -03.60
6813.26 -03.39
6881.39 -03.22
6950.21 -03.06
7019.71 -02.94
7089.91 -02.85
7160.81 -02.80
7232.41 -02.79
7304.74 -02.97
7377.79 -03.19
7451.56 -03.45
7526.08 -03.73
7601.34 -04.04
7677.35 -04.36
7754.13 -04.70
7831.67 -05.03
7909.98 -05.35
7989.08 -05.66
8068.98 -05.94
8149.67 -06.19
8231.16 -06.43
8313.47 -06.64
8396.61 -06.84
8480.57 -07.03
8565.38 -07.21
8651.03 -07.40
8737.54 -07.58
8824.92 -07.78
8913.17 -07.98
9002.30 -08.19
9092.32 -08.41
9183.25 -08.62
9275.08 -08.81
9367.83 -08.97
9461.51 -09.10
9556.12 -09.18
9651.68 -09.23
9748.20 -09.25
9845.68 -09.27
9944.14 -09.30
10043.58 -09.37
10144.02 -09.48
10245.46 -09.65
10347.91 -09.79
10451.39 -10.00
10555.91 -10.28
10661.46 -10.68
10768.08 -11.17
10875.76 -11.78
10984.52 -12.48
11094.36 -13.26
11205.31 -14.08
11317.36 -14.86
11430.53 -15.55
11544.84 -16.09
11660.29 -16.44
11776.89 -16.62
11894.66 -16.65
12013.60 -16.58
12133.74 -16.47
12255.08 -16.35
12377.63 -16.25
12501.41 -16.19
12626.42 -16.17
12752.68 -16.17
12880.21 -16.20
13009.01 -16.24
13139.10 -16.27
13270.49 -16.31
13403.20 -16.34
13537.23 -16.37
13672.60 -16.40
13809.33 -16.39
13947.42 -16.38
14086.90 -16.35
14227.77 -16.31
14370.04 -16.28
14513.74 -16.32
14658.88 -16.55
14805.47 -16.85
14953.52 -17.20
15103.06 -17.61
15254.09 -18.06
15406.63 -18.59
15560.70 -19.20
15716.30 -19.89
15873.47 -20.68
16032.20 -21.56
16192.52 -22.53
16354.45 -23.60
16517.99 -24.76
16683.17 -26.00
16850.01 -27.34
17018.51 -28.78
17188.69 -30.36
17360.58 -32.09
17534.18 -34.01
17709.53 -36.12
17886.62 -38.31
18065.49 -40.36
18246.14 -41.90
18428.60 -42.66
18612.89 -42.71
18799.02 -42.40
18987.01 -42.00
19176.88 -41.65
19368.65 -41.42
19562.33 -41.33
19757.96 -41.40
19955.54 -41.63
20000.00 -41.70
