20.00 -06.46
20.20 -06.30
20.40 -06.14
20.61 -05.98
20.81 -05.83
21.02 -05.67
21.23 -05.52
21.44 -05.37
21.66 -05.21
21.87 -05.07
22.09 -04.92
22.31 -04.77
22.54 -04.61
22.76 -04.47
22.99 -04.31
23.22 -04.17
23.45 -04.02
23.69 -03.87
23.92 -03.72
24.16 -03.58
24.40 -03.43
24.65 -03.28
24.89 -03.14
25.14 -03.00
25.39 -02.85
25.65 -02.71
25.91 -02.56
26.16 -02.43
26.43 -02.28
26.69 -02.14
26.96 -02.00
27.23 -01.87
27.50 -01.73
27.77 -01.60
28.05 -01.47
28.33 -01.34
28.62 -01.20
28.90 -01.08
29.19 -00.95
29.48 -00.82
29.78 -00.70
30.08 -00.57
30.38 -00.46
30.68 -00.34
30.99 -00.22
31.30 -00.11
31.61 00.00
31.93 00.11
32.24 00.21
32.57 00.32
32.89 00.42
33.22 00.52
33.55 00.62
33.89 00.71
34.23 00.81
34.57 00.90
34.92 00.99
35.27 01.09
35.62 01.17
35.97 01.26
36.33 01.35
36.70 01.44
37.06 01.52
37.43 01.60
37.81 01.68
38.19 01.76
38.57 01.84
38.95 01.92
39.34 01.99
39.74 02.06
40.14 02.13
40.54 02.20
40.94 02.27
41.35 02.33
41.76 02.39
42.18 02.45
42.60 02.51
43.03 02.57
43.46 02.63
43.90 02.68
44.33 02.73
44.78 02.78
45.23 02.83
45.68 02.88
46.13 02.93
46.60 02.97
47.06 03.02
47.53 03.06
48.01 03.10
48.49 03.14
48.97 03.18
49.46 03.22
49.96 03.26
50.46 03.29
50.96 03.32
51.47 03.35
51.99 03.38
52.51 03.41
53.03 03.43
53.56 03.45
54.10 03.48
54.64 03.50
55.18 03.52
55.74 03.53
56.29 03.55
56.86 03.56
57.42 03.58
58.00 03.59
58.58 03.60
59.16 03.61
59.76 03.62
60.35 03.63
60.96 03.63
61.57 03.64
62.18 03.64
62.80 03.64
63.43 03.64
64.07 03.63
64.71 03.63
65.35 03.62
66.01 03.62
66.67 03.61
67.33 03.60
68.01 03.59
68.69 03.57
69.37 03.56
70.07 03.55
70.77 03.53
71.48 03.52
72.19 03.50
72.91 03.48
73.64 03.47
74.38 03.45
75.12 03.43
75.87 03.41
76.63 03.39
77.40 03.37
78.17 03.35
78.95 03.32
79.74 03.30
80.54 03.28
81.35 03.25
82.16 03.23
82.98 03.20
83.81 03.17
84.65 03.14
85.50 03.12
86.35 03.09
87.22 03.05
88.09 03.02
88.97 02.99
89.86 02.95
90.76 02.92
91.66 02.89
92.58 02.85
93.51 02.81
94.44 02.78
95.39 02.74
96.34 02.71
97.30 02.67
98.28 02.63
99.26 02.60
100.25 02.56
101.25 02.53
102.27 02.49
103.29 02.46
104.32 02.44
105.37 02.42
106.42 02.42
107.48 02.42
108.56 02.44
109.64 02.47
110.74 02.50
111.85 02.54
112.97 02.59
114.10 02.63
115.24 02.67
116.39 02.71
117.55 02.73
118.73 02.75
119.92 02.76
121.12 02.76
122.33 02.75
123.55 02.73
124.79 02.70
126.03 02.67
127.29 02.64
128.57 02.61
129.85 02.58
131.15 02.55
132.46 02.52
133.79 02.49
135.12 02.46
136.48 02.43
137.84 02.40
139.22 02.37
140.61 02.34
142.02 02.31
143.44 02.27
144.87 02.24
146.32 02.22
147.78 02.19
149.26 02.17
150.75 02.14
152.26 02.13
153.78 02.11
155.32 02.09
156.88 02.07
158.44 02.06
160.03 02.04
161.63 02.02
163.24 02.01
164.88 02.00
166.53 01.97
168.19 01.94
169.87 01.90
171.57 01.86
173.29 01.82
175.02 01.77
176.77 01.73
178.54 01.68
180.32 01.63
182.13 01.60
183.95 01.56
185.79 01.52
187.65 01.50
189.52 01.47
191.42 01.45
193.33 01.42
195.27 01.41
197.22 01.38
199.19 01.36
201.18 01.32
203.19 01.29
205.23 01.24
207.28 01.20
209.35 01.14
211.44 01.09
213.56 01.02
215.69 00.96
217.85 00.89
220.03 00.82
222.23 00.75
224.45 00.69
226.70 00.62
228.96 00.55
231.25 00.51
233.57 00.47
235.90 00.43
238.26 00.41
240.64 00.40
243.05 00.40
245.48 00.40
247.93 00.41
250.41 00.42
252.92 00.43
255.45 00.46
258.00 00.47
260.58 00.49
263.19 00.51
265.82 00.52
268.48 00.55
271.16 00.56
273.87 00.57
276.61 00.59
279.38 00.59
282.17 00.61
284.99 00.61
287.84 00.62
290.72 00.61
293.63 00.62
296.57 00.62
299.53 00.60
302.53 00.60
305.55 00.58
308.61 00.57
311.69 00.56
314.81 00.53
317.96 00.51
321.14 00.47
324.35 00.44
327.59 00.39
330.87 00.35
334.18 00.30
337.52 00.27
340.90 00.23
344.30 00.19
347.75 00.15
351.23 00.13
354.74 00.10
358.28 00.08
361.87 00.08
365.49 00.07
369.14 00.07
372.83 00.07
376.56 00.07
380.33 00.07
384.13 00.07
387.97 00.07
391.85 00.06
395.77 00.05
399.73 00.03
403.72 00.01
407.76 -00.04
411.84 -00.08
415.96 -00.14
420.12 -00.21
424.32 -00.29
428.56 -00.38
432.85 -00.47
437.18 -00.58
441.55 -00.69
445.96 -00.80
450.42 -00.92
454.93 -01.04
459.48 -01.17
464.07 -01.31
468.71 -01.45
473.40 -01.58
478.13 -01.73
482.91 -01.88
487.74 -02.03
492.62 -02.17
497.55 -02.33
502.52 -02.48
507.55 -02.61
512.62 -02.75
517.75 -02.87
522.93 -02.97
528.16 -03.07
533.44 -03.15
538.77 -03.24
544.16 -03.31
549.60 -03.38
555.10 -03.45
560.65 -03.51
566.25 -03.57
571.92 -03.61
577.64 -03.65
583.41 -03.65
589.25 -03.64
595.14 -03.58
601.09 -03.49
607.10 -03.36
613.17 -03.18
619.30 -02.97
625.50 -02.74
631.75 -02.49
638.07 -02.27
644.45 -02.06
650.89 -01.91
657.40 -01.81
663.98 -01.74
670.62 -01.73
677.32 -01.76
684.10 -01.81
690.94 -01.89
697.85 -01.98
704.83 -02.09
711.87 -02.18
718.99 -02.23
726.18 -02.24
733.44 -02.20
740.78 -02.10
748.19 -01.93
755.67 -01.73
763.23 -01.50
770.86 -01.25
778.57 -00.99
786.35 -00.74
794.22 -00.50
802.16 -00.25
810.18 -00.03
818.28 00.17
826.46 00.36
834.73 00.55
843.08 00.71
851.51 00.85
860.02 00.98
868.62 01.10
877.31 01.23
886.08 01.33
894.94 01.43
903.89 01.52
912.93 01.63
922.06 01.72
931.28 01.81
940.59 01.89
950.00 01.97
959.50 02.04
969.09 02.10
978.78 02.15
988.57 02.21
998.46 02.24
1008.44 02.28
1018.53 02.32
1028.71 02.34
1039.00 02.36
1049.39 02.38
1059.88 02.39
1070.48 02.40
1081.19 02.41
1092.00 02.41
1102.92 02.41
1113.95 02.40
1125.09 02.39
1136.34 02.36
1147.70 02.34
1159.18 02.32
1170.77 02.29
1182.48 02.26
1194.30 02.23
1206.25 02.20
1218.31 02.18
1230.49 02.15
1242.80 02.13
1255.22 02.10
1267.78 02.09
1280.45 02.07
1293.26 02.07
1306.19 02.07
1319.25 02.07
1332.45 02.06
1345.77 02.06
1359.23 02.06
1372.82 02.06
1386.55 02.06
1400.41 02.05
1414.42 02.05
1428.56 02.05
1442.85 02.05
1457.28 02.05
1471.85 02.06
1486.57 02.06
1501.43 02.07
1516.45 02.07
1531.61 02.08
1546.93 02.09
1562.40 02.09
1578.02 02.09
1593.80 02.08
1609.74 02.08
1625.84 02.06
1642.10 02.05
1658.52 02.04
1675.10 02.03
1691.85 02.01
1708.77 02.00
1725.86 01.99
1743.12 01.98
1760.55 01.96
1778.15 01.95
1795.94 01.95
1813.90 01.94
1832.03 01.94
1850.36 01.93
1868.86 01.92
1887.55 01.90
1906.42 01.89
1925.49 01.88
1944.74 01.85
1964.19 01.84
1983.83 01.82
2003.67 01.80
2023.71 01.78
2043.94 01.75
2064.38 01.73
2085.03 01.70
2105.88 01.68
2126.94 01.65
2148.20 01.63
2169.69 01.60
2191.38 01.57
2213.30 01.55
2235.43 01.53
2257.78 01.51
2280.36 01.49
2303.17 01.48
2326.20 01.47
2349.46 01.46
2372.95 01.45
2396.68 01.46
2420.65 01.45
2444.86 01.45
2469.31 01.47
2494.00 01.47
2518.94 01.49
2544.13 01.49
2569.57 01.50
2595.27 01.50
2621.22 01.47
2647.43 01.44
2673.90 01.39
2700.64 01.34
2727.65 01.26
2754.93 01.14
2782.48 00.97
2810.30 00.77
2838.40 00.48
2866.79 00.13
2895.46 -00.28
2924.41 -00.76
2953.65 -01.30
2983.19 -01.92
3013.02 -02.62
3043.15 -03.38
3073.58 -04.21
3104.32 -05.04
3135.36 -05.82
3166.72 -06.47
3198.38 -06.93
3230.37 -07.19
3262.67 -07.28
3295.30 -07.23
3328.25 -07.12
3361.53 -06.97
3395.15 -06.82
3429.10 -06.67
3463.39 -06.53
3498.03 -06.40
3533.01 -06.27
3568.34 -06.14
3604.02 -06.02
3640.06 -05.88
3676.46 -05.74
3713.22 -05.57
3750.36 -05.37
3787.86 -05.14
3825.74 -04.88
3864.00 -04.58
3902.64 -04.25
3941.66 -03.88
3981.08 -03.46
4020.89 -03.00
4061.10 -02.50
4101.71 -01.97
4142.73 -01.45
4184.15 -00.94
4226.00 -00.45
4268.26 00.02
4310.94 00.47
4354.05 00.89
4397.59 01.28
4441.56 01.62
4485.98 01.93
4530.84 02.20
4576.15 02.42
4621.91 02.61
4668.13 02.77
4714.81 02.91
4761.96 03.01
4809.58 03.09
4857.67 03.13
4906.25 03.16
4955.31 03.16
5004.87 03.14
5054.91 03.10
5105.46 03.04
5156.52 02.90
5208.08 02.71
5260.16 02.51
5312.77 02.30
5365.89 02.10
5419.55 01.90
5473.75 01.70
5528.49 01.50
5583.77 01.32
5639.61 01.13
5696.00 00.95
5752.96 00.77
5810.49 00.59
5868.60 00.40
5927.28 00.20
5986.56 -00.01
6046.42 -00.02
6106.89 00.04
6167.96 00.09
6229.64 00.13
6291.93 00.16
6354.85 00.20
6418.40 00.24
6482.58 00.32
6547.41 00.40
6612.88 00.52
6679.01 00.67
6745.80 00.85
6813.26 01.08
6881.39 01.32
6950.21 01.59
7019.71 01.88
7089.91 02.17
7160.81 02.45
7232.41 02.73
7304.74 02.83
7377.79 02.89
7451.56 02.92
7526.08 02.92
7601.34 02.89
7677.35 02.83
7754.13 02.73
7831.67 02.61
7909.98 02.45
7989.08 02.27
8068.98 02.06
8149.67 01.82
8231.16 01.56
8313.47 01.28
8396.61 01.00
8480.57 00.72
8565.38 00.44
8651.03 00.16
8737.54 -00.11
8824.92 -00.38
8913.17 -00.65
9002.30 -00.89
9092.32 -01.09
9183.25 -01.23
9275.08 -01.30
9367.83 -01.30
9461.51 -01.20
9556.12 -01.00
9651.68 -00.70
9748.20 -00.30
9845.68 00.17
9944.14 00.70
10043.58 01.25
10144.02 01.82
10245.46 02.36
10347.91 02.94
10451.39 03.44
10555.91 03.86
10661.46 04.16
10768.08 04.35
10875.76 04.44
10984.52 04.45
11094.36 04.36
11205.31 04.17
11317.36 03.90
11430.53 03.52
11544.84 03.03
11660.29 02.44
11776.89 01.78
11894.66 01.11
12013.60 00.46
12133.74 -00.07
12255.08 -00.49
12377.63 -00.80
12501.41 -01.02
12626.42 -01.16
12752.68 -01.22
12880.21 -01.22
13009.01 -01.13
13139.10 -00.95
13270.49 -00.72
13403.20 -00.43
13537.23 -00.10
13672.60 00.27
13809.33 00.70
13947.42 01.15
14086.90 01.64
14227.77 02.15
14370.04 02.63
14513.74 03.03
14658.88 03.21
14805.47 03.29
14953.52 03.27
15103.06 03.15
15254.09 02.95
15406.63 02.64
15560.70 02.22
15716.30 01.69
15873.47 01.04
16032.20 00.25
16192.52 -00.68
16354.45 -01.72
16517.99 -02.82
16683.17 -03.89
16850.01 -04.82
17018.51 -05.49
17188.69 -05.89
17360.58 -06.05
17534.18 -06.08
17709.53 -06.07
17886.62 -06.07
18065.49 -06.09
18246.14 -06.12
18428.60 -06.16
18612.89 -06.20
18799.02 -06.23
18987.01 -06.25
19176.88 -06.24
19368.65 -06.23
19562.33 -06.23
19757.96 -06.27
19955.54 -06.36
20000.00 -06.39
