20.00 -02.15
20.20 -02.15
20.40 -02.15
20.61 -02.15
20.81 -02.15
21.02 -02.15
21.23 -02.15
21.44 -02.15
21.66 -02.14
21.87 -02.14
22.09 -02.14
22.31 -02.14
22.54 -02.14
22.76 -02.14
22.99 -02.14
23.22 -02.14
23.45 -02.14
23.69 -02.14
23.92 -02.14
24.16 -02.14
24.40 -02.13
24.65 -02.13
24.89 -02.12
25.14 -02.12
25.39 -02.12
25.65 -02.11
25.91 -02.10
26.16 -02.10
26.43 -02.09
26.69 -02.08
26.96 -02.07
27.23 -02.07
27.50 -02.06
27.77 -02.05
28.05 -02.05
28.33 -02.04
28.62 -02.03
28.90 -02.03
29.19 -02.02
29.48 -02.01
29.78 -02.01
30.08 -02.00
30.38 -01.99
30.68 -01.99
30.99 -01.98
31.30 -01.97
31.61 -01.97
31.93 -01.96
32.24 -01.95
32.57 -01.95
32.89 -01.94
33.22 -01.94
33.55 -01.93
33.89 -01.93
34.23 -01.92
34.57 -01.92
34.92 -01.91
35.27 -01.91
35.62 -01.90
35.97 -01.90
36.33 -01.89
36.70 -01.89
37.06 -01.89
37.43 -01.88
37.81 -01.88
38.19 -01.88
38.57 -01.87
38.95 -01.87
39.34 -01.87
39.74 -01.87
40.14 -01.87
40.54 -01.86
40.94 -01.86
41.35 -01.86
41.76 -01.86
42.18 -01.86
42.60 -01.87
43.03 -01.87
43.46 -01.87
43.90 -01.87
44.33 -01.87
44.78 -01.88
45.23 -01.88
45.68 -01.89
46.13 -01.89
46.60 -01.90
47.06 -01.90
47.53 -01.91
48.01 -01.92
48.49 -01.93
48.97 -01.94
49.46 -01.95
49.96 -01.96
50.46 -01.97
50.96 -01.98
51.47 -01.99
51.99 -02.00
52.51 -02.02
53.03 -02.03
53.56 -02.05
54.10 -02.06
54.64 -02.08
55.18 -02.09
55.74 -02.11
56.29 -02.12
56.86 -02.14
57.42 -02.16
58.00 -02.17
58.58 -02.19
59.16 -02.21
59.76 -02.23
60.35 -02.24
60.96 -02.26
61.57 -02.28
62.18 -02.30
62.80 -02.31
63.43 -02.33
64.07 -02.35
64.71 -02.37
65.35 -02.38
66.01 -02.40
66.67 -02.41
67.33 -02.43
68.01 -02.44
68.69 -02.45
69.37 -02.47
70.07 -02.48
70.77 -02.49
71.48 -02.50
72.19 -02.51
72.91 -02.52
73.64 -02.53
74.38 -02.54
75.12 -02.55
75.87 -02.56
76.63 -02.56
77.40 -02.57
78.17 -02.57
78.95 -02.58
79.74 -02.59
80.54 -02.59
81.35 -02.60
82.16 -02.60
82.98 -02.61
83.81 -02.61
84.65 -02.62
85.50 -02.62
86.35 -02.63
87.22 -02.64
88.09 -02.64
88.97 -02.65
89.86 -02.66
90.76 -02.68
91.66 -02.69
92.58 -02.71
93.51 -02.72
94.44 -02.74
95.39 -02.76
96.34 -02.79
97.30 -02.81
98.28 -02.83
99.26 -02.86
100.25 -02.89
101.25 -02.92
102.27 -02.95
103.29 -02.98
104.32 -03.01
105.37 -03.04
106.42 -03.07
107.48 -03.10
108.56 -03.14
109.64 -03.17
110.74 -03.21
111.85 -03.25
112.97 -03.29
114.10 -03.33
115.24 -03.37
116.39 -03.41
117.55 -03.45
118.73 -03.50
119.92 -03.54
121.12 -03.59
122.33 -03.64
123.55 -03.69
124.79 -03.73
126.03 -03.78
127.29 -03.83
128.57 -03.88
129.85 -03.93
131.15 -03.99
132.46 -04.04
133.79 -04.09
135.12 -04.14
136.48 -04.20
137.84 -04.25
139.22 -04.31
140.61 -04.36
142.02 -04.42
143.44 -04.48
144.87 -04.54
146.32 -04.59
147.78 -04.65
149.26 -04.71
150.75 -04.77
152.26 -04.84
153.78 -04.90
155.32 -04.96
156.88 -05.02
158.44 -05.08
160.03 -05.15
161.63 -05.20
163.24 -05.25
164.88 -05.29
166.53 -05.35
168.19 -05.40
169.87 -05.45
171.57 -05.49
173.29 -05.54
175.02 -05.59
176.77 -05.63
178.54 -05.68
180.32 -05.73
182.13 -05.77
183.95 -05.82
185.79 -05.86
187.65 -05.90
189.52 -05.94
191.42 -05.98
193.33 -06.02
195.27 -06.05
197.22 -06.10
199.19 -06.13
201.18 -06.17
203.19 -06.21
205.23 -06.25
207.28 -06.29
209.35 -06.34
211.44 -06.39
213.56 -06.44
215.69 -06.49
217.85 -06.54
220.03 -06.60
222.23 -06.65
224.45 -06.70
226.70 -06.77
228.96 -06.83
231.25 -06.87
233.57 -06.93
235.90 -06.98
238.26 -07.04
240.64 -07.07
243.05 -07.12
245.48 -07.17
247.93 -07.20
250.41 -07.24
252.92 -07.29
255.45 -07.32
258.00 -07.36
260.58 -07.41
263.19 -07.44
265.82 -07.49
268.48 -07.53
271.16 -07.58
273.87 -07.63
276.61 -07.68
279.38 -07.74
282.17 -07.79
284.99 -07.85
287.84 -07.91
290.72 -07.98
293.63 -08.04
296.57 -08.10
299.53 -08.17
302.53 -08.23
305.55 -08.30
308.61 -08.36
311.69 -08.41
314.81 -08.47
317.96 -08.51
321.14 -08.57
324.35 -08.61
327.59 -08.65
330.87 -08.70
334.18 -08.73
337.52 -08.75
340.90 -08.78
344.30 -08.79
347.75 -08.79
351.23 -08.76
354.74 -08.74
358.28 -08.71
361.87 -08.65
365.49 -08.59
369.14 -08.52
372.83 -08.44
376.56 -08.37
380.33 -08.27
384.13 -08.19
387.97 -08.10
391.85 -08.01
395.77 -07.92
399.73 -07.83
403.72 -07.73
407.76 -07.65
411.84 -07.55
415.96 -07.47
420.12 -07.38
424.32 -07.29
428.56 -07.19
432.85 -07.09
437.18 -07.00
441.55 -06.89
445.96 -06.77
450.42 -06.66
454.93 -06.53
459.48 -06.40
464.07 -06.26
468.71 -06.12
473.40 -05.96
478.13 -05.81
482.91 -05.65
487.74 -05.50
492.62 -05.33
497.55 -05.18
502.52 -05.03
507.55 -04.88
512.62 -04.74
517.75 -04.61
522.93 -04.47
528.16 -04.35
533.44 -04.22
538.77 -04.10
544.16 -03.98
549.60 -03.85
555.10 -03.73
560.65 -03.60
566.25 -03.47
571.92 -03.33
577.64 -03.19
583.41 -03.04
589.25 -02.89
595.14 -02.73
601.09 -02.57
607.10 -02.42
613.17 -02.26
619.30 -02.10
625.50 -01.94
631.75 -01.79
638.07 -01.64
644.45 -01.51
650.89 -01.39
657.40 -01.28
663.98 -01.16
670.62 -01.06
677.32 -00.96
684.10 -00.85
690.94 -00.75
697.85 -00.65
704.83 -00.56
711.87 -00.47
718.99 -00.38
726.18 -00.30
733.44 -00.23
740.78 -00.15
748.19 -00.08
755.67 -00.01
763.23 00.05
770.86 00.12
778.57 00.17
786.35 00.22
794.22 00.27
802.16 00.32
810.18 00.37
818.28 00.41
826.46 00.44
834.73 00.48
843.08 00.52
851.51 00.54
860.02 00.57
868.62 00.60
877.31 00.63
886.08 00.66
894.94 00.68
903.89 00.71
912.93 00.75
922.06 00.78
931.28 00.82
940.59 00.85
950.00 00.88
959.50 00.92
969.09 00.94
978.78 00.96
988.57 00.99
998.46 01.00
1008.44 01.03
1018.53 01.05
1028.71 01.07
1039.00 01.10
1049.39 01.13
1059.88 01.15
1070.48 01.17
1081.19 01.20
1092.00 01.21
1102.92 01.24
1113.95 01.27
1125.09 01.31
1136.34 01.36
1147.70 01.43
1159.18 01.51
1170.77 01.60
1182.48 01.69
1194.30 01.80
1206.25 01.91
1218.31 02.02
1230.49 02.13
1242.80 02.24
1255.22 02.33
1267.78 02.41
1280.45 02.48
1293.26 02.55
1306.19 02.61
1319.25 02.66
1332.45 02.70
1345.77 02.74
1359.23 02.78
1372.82 02.81
1386.55 02.83
1400.41 02.85
1414.42 02.86
1428.56 02.87
1442.85 02.87
1457.28 02.87
1471.85 02.86
1486.57 02.85
1501.43 02.83
1516.45 02.80
1531.61 02.78
1546.93 02.75
1562.40 02.72
1578.02 02.68
1593.80 02.64
1609.74 02.61
1625.84 02.57
1642.10 02.52
1658.52 02.48
1675.10 02.43
1691.85 02.38
1708.77 02.33
1725.86 02.28
1743.12 02.23
1760.55 02.17
1778.15 02.10
1795.94 02.04
1813.90 01.96
1832.03 01.87
1850.36 01.78
1868.86 01.68
1887.55 01.58
1906.42 01.46
1925.49 01.34
1944.74 01.19
1964.19 01.05
1983.83 00.91
2003.67 00.77
2023.71 00.63
2043.94 00.49
2064.38 00.36
2085.03 00.22
2105.88 00.10
2126.94 -00.04
2148.20 -00.17
2169.69 -00.30
2191.38 -00.44
2213.30 -00.58
2235.43 -00.72
2257.78 -00.90
2280.36 -01.09
2303.17 -01.29
2326.20 -01.50
2349.46 -01.74
2372.95 -01.98
2396.68 -02.24
2420.65 -02.52
2444.86 -02.81
2469.31 -03.10
2494.00 -03.42
2518.94 -03.74
2544.13 -04.07
2569.57 -04.42
2595.27 -04.76
2621.22 -05.12
2647.43 -05.48
2673.90 -05.82
2700.64 -06.14
2727.65 -06.46
2754.93 -06.75
2782.48 -07.02
2810.30 -07.25
2838.40 -07.46
2866.79 -07.64
2895.46 -07.78
2924.41 -07.91
2953.65 -08.00
2983.19 -08.07
3013.02 -08.09
3043.15 -08.06
3073.58 -07.96
3104.32 -07.78
3135.36 -07.54
3166.72 -07.20
3198.38 -06.81
3230.37 -06.35
3262.67 -05.87
3295.30 -05.36
3328.25 -04.84
3361.53 -04.33
3395.15 -03.84
3429.10 -03.35
3463.39 -02.89
3498.03 -02.47
3533.01 -02.07
3568.34 -01.70
3604.02 -01.37
3640.06 -01.07
3676.46 -00.83
3713.22 -00.62
3750.36 -00.45
3787.86 -00.31
3825.74 -00.22
3864.00 -00.16
3902.64 -00.15
3941.66 -00.18
3981.08 -00.24
4020.89 -00.33
4061.10 -00.45
4101.71 -00.60
4142.73 -00.79
4184.15 -01.00
4226.00 -01.25
4268.26 -01.51
4310.94 -01.80
4354.05 -02.11
4397.59 -02.44
4441.56 -02.80
4485.98 -03.18
4530.84 -03.58
4576.15 -04.02
4621.91 -04.47
4668.13 -04.94
4714.81 -05.42
4761.96 -05.92
4809.58 -06.43
4857.67 -06.96
4906.25 -07.52
4955.31 -08.09
5004.87 -08.68
5054.91 -09.30
5105.46 -09.93
5156.52 -10.66
5208.08 -11.44
5260.16 -12.23
5312.77 -13.02
5365.89 -13.81
5419.55 -14.58
5473.75 -15.33
5528.49 -16.07
5583.77 -16.77
5639.61 -17.45
5696.00 -18.10
5752.96 -18.71
5810.49 -19.29
5868.60 -19.82
5927.28 -20.32
5986.56 -20.78
6046.42 -20.98
6106.89 -21.05
6167.96 -21.07
6229.64 -21.03
6291.93 -20.93
6354.85 -20.78
6418.40 -20.58
6482.58 -20.33
6547.41 -20.05
6612.88 -19.71
6679.01 -19.35
6745.80 -18.95
6813.26 -18.52
6881.39 -18.07
6950.21 -17.59
7019.71 -17.10
7089.91 -16.60
7160.81 -16.11
7232.41 -15.62
7304.74 -15.30
7377.79 -15.02
7451.56 -14.77
7526.08 -14.55
7601.34 -14.36
7677.35 -14.20
7754.13 -14.07
7831.67 -13.97
7909.98 -13.91
7989.08 -13.89
8068.98 -13.90
8149.67 -13.95
8231.16 -14.05
8313.47 -14.20
8396.61 -14.41
8480.57 -14.68
8565.38 -15.02
8651.03 -15.45
8737.54 -15.95
8824.92 -16.52
8913.17 -17.13
9002.30 -17.76
9092.32 -18.33
9183.25 -18.75
9275.08 -18.90
9367.83 -18.71
9461.51 -18.16
9556.12 -17.35
9651.68 -16.39
9748.20 -15.41
9845.68 -14.46
9944.14 -13.60
10043.58 -12.84
10144.02 -12.18
10245.46 -11.61
10347.91 -11.05
10451.39 -10.56
10555.91 -10.12
10661.46 -09.74
10768.08 -09.41
10875.76 -09.12
10984.52 -08.84
11094.36 -08.56
11205.31 -08.30
11317.36 -08.01
11430.53 -07.71
11544.84 -07.38
11660.29 -07.03
11776.89 -06.67
11894.66 -06.29
12013.60 -05.92
12133.74 -05.53
12255.08 -05.15
12377.63 -04.77
12501.41 -04.40
12626.42 -04.05
12752.68 -03.70
12880.21 -03.39
13009.01 -03.10
13139.10 -02.84
13270.49 -02.62
13403.20 -02.42
13537.23 -02.27
13672.60 -02.17
13809.33 -02.10
13947.42 -02.09
14086.90 -02.13
14227.77 -02.22
14370.04 -02.36
14513.74 -02.59
14658.88 -03.02
14805.47 -03.51
14953.52 -04.05
15103.06 -04.66
15254.09 -05.30
15406.63 -06.01
15560.70 -06.75
15716.30 -07.52
15873.47 -08.28
16032.20 -09.03
16192.52 -09.70
16354.45 -10.26
16517.99 -10.66
16683.17 -10.88
16850.01 -10.93
17018.51 -10.82
17188.69 -10.64
17360.58 -10.41
17534.18 -10.18
17709.53 -10.00
17886.62 -09.87
18065.49 -09.82
18246.14 -09.84
18428.60 -09.99
18612.89 -10.26
18799.02 -10.67
18987.01 -11.21
19176.88 -11.85
19368.65 -12.62
19562.33 -13.50
19757.96 -14.51
19955.54 -15.70
20000.00 -16.00
