20.00 -01.01
20.20 -00.94
20.40 -00.87
20.61 -00.80
20.81 -00.73
21.02 -00.66
21.23 -00.60
21.44 -00.53
21.66 -00.47
21.87 -00.41
22.09 -00.34
22.31 -00.28
22.54 -00.22
22.76 -00.16
22.99 -00.10
23.22 -00.04
23.45 00.01
23.69 00.07
23.92 00.12
24.16 00.18
24.40 00.23
24.65 00.28
24.89 00.33
25.14 00.39
25.39 00.44
25.65 00.49
25.91 00.54
26.16 00.58
26.43 00.63
26.69 00.67
26.96 00.72
27.23 00.76
27.50 00.80
27.77 00.84
28.05 00.88
28.33 00.91
28.62 00.95
28.90 00.99
29.19 01.04
29.48 01.08
29.78 01.12
30.08 01.17
30.38 01.21
30.68 01.26
30.99 01.31
31.30 01.35
31.61 01.40
31.93 01.44
32.24 01.48
32.57 01.52
32.89 01.56
33.22 01.59
33.55 01.62
33.89 01.65
34.23 01.67
34.57 01.70
34.92 01.73
35.27 01.76
35.62 01.78
35.97 01.81
36.33 01.84
36.70 01.86
37.06 01.89
37.43 01.91
37.81 01.94
38.19 01.96
38.57 01.99
38.95 02.01
39.34 02.04
39.74 02.06
40.14 02.08
40.54 02.10
40.94 02.11
41.35 02.12
41.76 02.14
42.18 02.15
42.60 02.16
43.03 02.17
43.46 02.17
43.90 02.18
44.33 02.19
44.78 02.20
45.23 02.20
45.68 02.21
46.13 02.21
46.60 02.22
47.06 02.22
47.53 02.22
48.01 02.22
48.49 02.23
48.97 02.23
49.46 02.23
49.96 02.22
50.46 02.23
50.96 02.23
51.47 02.23
51.99 02.24
52.51 02.24
53.03 02.25
53.56 02.26
54.10 02.26
54.64 02.26
55.18 02.26
55.74 02.25
56.29 02.24
56.86 02.23
57.42 02.21
58.00 02.19
58.58 02.17
59.16 02.15
59.76 02.13
60.35 02.12
60.96 02.10
61.57 02.10
62.18 02.10
62.80 02.11
63.43 02.12
64.07 02.14
64.71 02.16
65.35 02.18
66.01 02.20
66.67 02.21
67.33 02.23
68.01 02.25
68.69 02.26
69.37 02.27
70.07 02.28
70.77 02.29
71.48 02.29
72.19 02.29
72.91 02.29
73.64 02.30
74.38 02.30
75.12 02.30
75.87 02.31
76.63 02.32
77.40 02.32
78.17 02.33
78.95 02.33
79.74 02.33
80.54 02.33
81.35 02.33
82.16 02.32
82.98 02.32
83.81 02.32
84.65 02.31
85.50 02.30
86.35 02.30
87.22 02.29
88.09 02.27
88.97 02.26
89.86 02.25
90.76 02.24
91.66 02.22
92.58 02.20
93.51 02.18
94.44 02.16
95.39 02.14
96.34 02.12
97.30 02.10
98.28 02.08
99.26 02.06
100.25 02.05
101.25 02.05
102.27 02.05
103.29 02.05
104.32 02.05
105.37 02.05
106.42 02.05
107.48 02.05
108.56 02.04
109.64 02.03
110.74 02.03
111.85 02.02
112.97 02.01
114.10 02.00
115.24 01.99
116.39 01.98
117.55 01.96
118.73 01.95
119.92 01.94
121.12 01.93
122.33 01.92
123.55 01.90
124.79 01.89
126.03 01.88
127.29 01.87
128.57 01.86
129.85 01.85
131.15 01.83
132.46 01.82
133.79 01.81
135.12 01.79
136.48 01.77
137.84 01.75
139.22 01.73
140.61 01.72
142.02 01.70
143.44 01.69
144.87 01.67
146.32 01.66
147.78 01.65
149.26 01.63
150.75 01.61
152.26 01.59
153.78 01.57
155.32 01.54
156.88 01.51
158.44 01.48
160.03 01.44
161.63 01.40
163.24 01.37
164.88 01.34
166.53 01.31
168.19 01.29
169.87 01.28
171.57 01.30
173.29 01.31
175.02 01.33
176.77 01.34
178.54 01.34
180.32 01.31
182.13 01.28
183.95 01.22
185.79 01.12
187.65 01.03
189.52 00.94
191.42 00.88
193.33 00.84
195.27 00.86
197.22 00.88
199.19 00.92
201.18 00.95
203.19 00.96
205.23 00.96
207.28 00.95
209.35 00.93
211.44 00.91
213.56 00.88
215.69 00.85
217.85 00.82
220.03 00.79
222.23 00.79
224.45 00.81
226.70 00.83
228.96 00.87
231.25 00.91
233.57 00.94
235.90 00.96
238.26 00.96
240.64 00.97
243.05 00.96
245.48 00.94
247.93 00.91
250.41 00.86
252.92 00.82
255.45 00.79
258.00 00.76
260.58 00.74
263.19 00.75
265.82 00.75
268.48 00.76
271.16 00.74
273.87 00.70
276.61 00.69
279.38 00.66
282.17 00.65
284.99 00.63
287.84 00.60
290.72 00.55
293.63 00.51
296.57 00.47
299.53 00.43
302.53 00.44
305.55 00.46
308.61 00.50
311.69 00.53
314.81 00.53
317.96 00.54
321.14 00.54
324.35 00.54
327.59 00.53
330.87 00.53
334.18 00.52
337.52 00.50
340.90 00.48
344.30 00.45
347.75 00.42
351.23 00.40
354.74 00.38
358.28 00.37
361.87 00.37
365.49 00.36
369.14 00.36
372.83 00.35
376.56 00.32
380.33 00.30
384.13 00.27
387.97 00.24
391.85 00.20
395.77 00.17
399.73 00.12
403.72 00.07
407.76 00.00
411.84 -00.07
415.96 -00.15
420.12 -00.23
424.32 -00.33
428.56 -00.43
432.85 -00.54
437.18 -00.67
441.55 -00.80
445.96 -00.94
450.42 -01.10
454.93 -01.24
459.48 -01.40
464.07 -01.54
468.71 -01.68
473.40 -01.80
478.13 -01.92
482.91 -02.03
487.74 -02.13
492.62 -02.21
497.55 -02.28
502.52 -02.33
507.55 -02.36
512.62 -02.38
517.75 -02.37
522.93 -02.34
528.16 -02.30
533.44 -02.24
538.77 -02.17
544.16 -02.11
549.60 -02.03
555.10 -01.95
560.65 -01.87
566.25 -01.80
571.92 -01.72
577.64 -01.64
583.41 -01.54
589.25 -01.45
595.14 -01.34
601.09 -01.23
607.10 -01.13
613.17 -01.02
619.30 -00.93
625.50 -00.83
631.75 -00.73
638.07 -00.65
644.45 -00.56
650.89 -00.50
657.40 -00.45
663.98 -00.38
670.62 -00.33
677.32 -00.28
684.10 -00.22
690.94 -00.16
697.85 -00.09
704.83 -00.03
711.87 00.03
718.99 00.09
726.18 00.12
733.44 00.14
740.78 00.15
748.19 00.16
755.67 00.16
763.23 00.15
770.86 00.15
778.57 00.15
786.35 00.16
794.22 00.17
802.16 00.19
810.18 00.21
818.28 00.23
826.46 00.26
834.73 00.31
843.08 00.35
851.51 00.39
860.02 00.45
868.62 00.50
877.31 00.57
886.08 00.63
894.94 00.69
903.89 00.76
912.93 00.84
922.06 00.91
931.28 00.98
940.59 01.05
950.00 01.12
959.50 01.18
969.09 01.23
978.78 01.27
988.57 01.28
998.46 01.27
1008.44 01.24
1018.53 01.21
1028.71 01.14
1039.00 01.07
1049.39 01.01
1059.88 00.95
1070.48 00.90
1081.19 00.86
1092.00 00.82
1102.92 00.80
1113.95 00.78
1125.09 00.75
1136.34 00.70
1147.70 00.64
1159.18 00.58
1170.77 00.51
1182.48 00.44
1194.30 00.38
1206.25 00.35
1218.31 00.34
1230.49 00.34
1242.80 00.35
1255.22 00.37
1267.78 00.40
1280.45 00.42
1293.26 00.45
1306.19 00.49
1319.25 00.52
1332.45 00.54
1345.77 00.57
1359.23 00.61
1372.82 00.65
1386.55 00.69
1400.41 00.74
1414.42 00.79
1428.56 00.83
1442.85 00.86
1457.28 00.87
1471.85 00.86
1486.57 00.83
1501.43 00.78
1516.45 00.72
1531.61 00.66
1546.93 00.58
1562.40 00.50
1578.02 00.42
1593.80 00.35
1609.74 00.28
1625.84 00.22
1642.10 00.17
1658.52 00.14
1675.10 00.11
1691.85 00.07
1708.77 00.03
1725.86 -00.04
1743.12 -00.13
1760.55 -00.26
1778.15 -00.41
1795.94 -00.56
1813.90 -00.72
1832.03 -00.88
1850.36 -01.03
1868.86 -01.18
1887.55 -01.31
1906.42 -01.43
1925.49 -01.53
1944.74 -01.62
1964.19 -01.69
1983.83 -01.76
2003.67 -01.83
2023.71 -01.92
2043.94 -02.03
2064.38 -02.15
2085.03 -02.30
2105.88 -02.45
2126.94 -02.61
2148.20 -02.78
2169.69 -02.95
2191.38 -03.11
2213.30 -03.26
2235.43 -03.41
2257.78 -03.56
2280.36 -03.72
2303.17 -03.91
2326.20 -04.10
2349.46 -04.31
2372.95 -04.52
2396.68 -04.71
2420.65 -04.91
2444.86 -05.08
2469.31 -05.21
2494.00 -05.33
2518.94 -05.44
2544.13 -05.55
2569.57 -05.66
2595.27 -05.80
2621.22 -05.98
2647.43 -06.19
2673.90 -06.42
2700.64 -06.65
2727.65 -06.90
2754.93 -07.14
2782.48 -07.36
2810.30 -07.54
2838.40 -07.70
2866.79 -07.84
2895.46 -07.97
2924.41 -08.10
2953.65 -08.21
2983.19 -08.34
3013.02 -08.45
3043.15 -08.52
3073.58 -08.58
3104.32 -08.60
3135.36 -08.60
3166.72 -08.54
3198.38 -08.47
3230.37 -08.36
3262.67 -08.23
3295.30 -08.08
3328.25 -07.94
3361.53 -07.78
3395.15 -07.63
3429.10 -07.48
3463.39 -07.33
3498.03 -07.17
3533.01 -06.97
3568.34 -06.73
3604.02 -06.46
3640.06 -06.14
3676.46 -05.78
3713.22 -05.37
3750.36 -04.91
3787.86 -04.43
3825.74 -03.91
3864.00 -03.37
3902.64 -02.84
3941.66 -02.31
3981.08 -01.79
4020.89 -01.30
4061.10 -00.84
4101.71 -00.39
4142.73 00.03
4184.15 00.42
4226.00 00.76
4268.26 01.04
4310.94 01.27
4354.05 01.45
4397.59 01.58
4441.56 01.66
4485.98 01.68
4530.84 01.66
4576.15 01.59
4621.91 01.48
4668.13 01.30
4714.81 01.07
4761.96 00.80
4809.58 00.53
4857.67 00.26
4906.25 00.05
4955.31 -00.09
5004.87 -00.16
5054.91 -00.17
5105.46 -00.14
5156.52 -00.15
5208.08 -00.18
5260.16 -00.17
5312.77 -00.12
5365.89 -00.04
5419.55 00.10
5473.75 00.26
5528.49 00.42
5583.77 00.59
5639.61 00.74
5696.00 00.82
5752.96 00.84
5810.49 00.77
5868.60 00.61
5927.28 00.35
5986.56 -00.08
6046.42 -00.38
6106.89 -00.72
6167.96 -01.12
6229.64 -01.58
6291.93 -02.02
6354.85 -02.37
6418.40 -02.58
6482.58 -02.58
6547.41 -02.34
6612.88 -01.81
6679.01 -01.11
6745.80 -00.29
6813.26 00.60
6881.39 01.52
6950.21 02.43
7019.71 03.31
7089.91 04.13
7160.81 04.91
7232.41 05.61
7304.74 06.06
7377.79 06.42
7451.56 06.70
7526.08 06.90
7601.34 07.01
7677.35 07.04
7754.13 07.00
7831.67 06.91
7909.98 06.78
7989.08 06.61
8068.98 06.42
8149.67 06.24
8231.16 06.08
8313.47 05.94
8396.61 05.84
8480.57 05.78
8565.38 05.73
8651.03 05.70
8737.54 05.70
8824.92 05.74
8913.17 05.82
9002.30 05.96
9092.32 06.13
9183.25 06.33
9275.08 06.53
9367.83 06.69
9461.51 06.80
9556.12 06.86
9651.68 06.87
9748.20 06.80
9845.68 06.68
9944.14 06.51
10043.58 06.29
10144.02 06.01
10245.46 05.68
10347.91 05.40
10451.39 05.08
10555.91 04.74
10661.46 04.35
10768.08 03.93
10875.76 03.51
10984.52 03.12
11094.36 02.75
11205.31 02.44
11317.36 02.23
11430.53 02.09
11544.84 01.99
11660.29 01.93
11776.89 01.85
11894.66 01.76
12013.60 01.64
12133.74 01.52
12255.08 01.42
12377.63 01.37
12501.41 01.41
12626.42 01.55
12752.68 01.80
12880.21 02.13
13009.01 02.56
13139.10 03.03
13270.49 03.52
13403.20 04.00
13537.23 04.46
13672.60 04.91
13809.33 05.34
13947.42 05.75
14086.90 06.17
14227.77 06.57
14370.04 06.93
14513.74 07.14
14658.88 07.08
14805.47 06.85
14953.52 06.45
15103.06 05.82
15254.09 05.02
15406.63 04.10
15560.70 03.13
15716.30 02.17
15873.47 01.32
16032.20 00.61
16192.52 00.02
16354.45 -00.45
16517.99 -00.83
16683.17 -01.14
16850.01 -01.45
17018.51 -01.82
17188.69 -02.29
17360.58 -02.88
17534.18 -03.73
17709.53 -04.82
17886.62 -06.13
18065.49 -07.62
18246.14 -09.18
18428.60 -10.22
18612.89 -10.25
18799.02 -09.46
18987.01 -08.10
19176.88 -06.59
19368.65 -05.34
19562.33 -04.37
19757.96 -03.70
19955.54 -03.35
20000.00 -03.35
