20.00 -02.67
20.20 -02.65
20.40 -02.63
20.61 -02.62
20.81 -02.60
21.02 -02.59
21.23 -02.58
21.44 -02.57
21.66 -02.56
21.87 -02.55
22.09 -02.54
22.31 -02.54
22.54 -02.53
22.76 -02.52
22.99 -02.52
23.22 -02.51
23.45 -02.51
23.69 -02.50
23.92 -02.49
24.16 -02.49
24.40 -02.48
24.65 -02.48
24.89 -02.47
25.14 -02.47
25.39 -02.46
25.65 -02.46
25.91 -02.45
26.16 -02.45
26.43 -02.45
26.69 -02.44
26.96 -02.44
27.23 -02.43
27.50 -02.43
27.77 -02.43
28.05 -02.42
28.33 -02.42
28.62 -02.42
28.90 -02.42
29.19 -02.41
29.48 -02.41
29.78 -02.41
30.08 -02.41
30.38 -02.41
30.68 -02.41
30.99 -02.41
31.30 -02.41
31.61 -02.41
31.93 -02.41
32.24 -02.41
32.57 -02.40
32.89 -02.40
33.22 -02.40
33.55 -02.40
33.89 -02.40
34.23 -02.40
34.57 -02.40
34.92 -02.40
35.27 -02.40
35.62 -02.40
35.97 -02.40
36.33 -02.40
36.70 -02.40
37.06 -02.41
37.43 -02.41
37.81 -02.41
38.19 -02.41
38.57 -02.41
38.95 -02.42
39.34 -02.42
39.74 -02.42
40.14 -02.43
40.54 -02.43
40.94 -02.44
41.35 -02.44
41.76 -02.45
42.18 -02.45
42.60 -02.46
43.03 -02.46
43.46 -02.47
43.90 -02.48
44.33 -02.49
44.78 -02.50
45.23 -02.51
45.68 -02.52
46.13 -02.53
46.60 -02.55
47.06 -02.56
47.53 -02.58
48.01 -02.59
48.49 -02.61
48.97 -02.62
49.46 -02.64
49.96 -02.65
50.46 -02.67
50.96 -02.68
51.47 -02.69
51.99 -02.70
52.51 -02.71
53.03 -02.71
53.56 -02.71
54.10 -02.71
54.64 -02.70
55.18 -02.69
55.74 -02.67
56.29 -02.65
56.86 -02.63
57.42 -02.61
58.00 -02.58
58.58 -02.55
59.16 -02.53
59.76 -02.50
60.35 -02.47
60.96 -02.44
61.57 -02.42
62.18 -02.39
62.80 -02.37
63.43 -02.35
64.07 -02.33
64.71 -02.31
65.35 -02.29
66.01 -02.28
66.67 -02.26
67.33 -02.25
68.01 -02.24
68.69 -02.23
69.37 -02.22
70.07 -02.21
70.77 -02.20
71.48 -02.19
72.19 -02.19
72.91 -02.19
73.64 -02.19
74.38 -02.19
75.12 -02.19
75.87 -02.20
76.63 -02.20
77.40 -02.21
78.17 -02.22
78.95 -02.24
79.74 -02.25
80.54 -02.26
81.35 -02.28
82.16 -02.29
82.98 -02.31
83.81 -02.32
84.65 -02.33
85.50 -02.33
86.35 -02.34
87.22 -02.34
88.09 -02.34
88.97 -02.34
89.86 -02.33
90.76 -02.33
91.66 -02.32
92.58 -02.32
93.51 -02.31
94.44 -02.31
95.39 -02.31
96.34 -02.31
97.30 -02.31
98.28 -02.31
99.26 -02.31
100.25 -02.32
101.25 -02.33
102.27 -02.34
103.29 -02.35
104.32 -02.36
105.37 -02.38
106.42 -02.39
107.48 -02.40
108.56 -02.42
109.64 -02.44
110.74 -02.45
111.85 -02.47
112.97 -02.49
114.10 -02.51
115.24 -02.52
116.39 -02.54
117.55 -02.56
118.73 -02.58
119.92 -02.60
121.12 -02.62
122.33 -02.64
123.55 -02.65
124.79 -02.67
126.03 -02.69
127.29 -02.71
128.57 -02.73
129.85 -02.75
131.15 -02.77
132.46 -02.79
133.79 -02.81
135.12 -02.83
136.48 -02.85
137.84 -02.87
139.22 -02.89
140.61 -02.92
142.02 -02.95
143.44 -02.98
144.87 -03.01
146.32 -03.04
147.78 -03.07
149.26 -03.11
150.75 -03.15
152.26 -03.18
153.78 -03.22
155.32 -03.26
156.88 -03.30
158.44 -03.33
160.03 -03.37
161.63 -03.40
163.24 -03.42
164.88 -03.43
166.53 -03.45
168.19 -03.47
169.87 -03.49
171.57 -03.49
173.29 -03.50
175.02 -03.50
176.77 -03.50
178.54 -03.50
180.32 -03.51
182.13 -03.50
183.95 -03.51
185.79 -03.52
187.65 -03.52
189.52 -03.54
191.42 -03.55
193.33 -03.58
195.27 -03.59
197.22 -03.62
199.19 -03.64
201.18 -03.68
203.19 -03.70
205.23 -03.73
207.28 -03.74
209.35 -03.75
211.44 -03.75
213.56 -03.75
215.69 -03.73
217.85 -03.70
220.03 -03.67
222.23 -03.63
224.45 -03.58
226.70 -03.54
228.96 -03.50
231.25 -03.45
233.57 -03.41
235.90 -03.38
238.26 -03.35
240.64 -03.31
243.05 -03.29
245.48 -03.26
247.93 -03.24
250.41 -03.22
252.92 -03.21
255.45 -03.19
258.00 -03.18
260.58 -03.18
263.19 -03.16
265.82 -03.16
268.48 -03.15
271.16 -03.15
273.87 -03.15
276.61 -03.15
279.38 -03.15
282.17 -03.15
284.99 -03.16
287.84 -03.15
290.72 -03.16
293.63 -03.16
296.57 -03.16
299.53 -03.17
302.53 -03.17
305.55 -03.17
308.61 -03.17
311.69 -03.16
314.81 -03.16
317.96 -03.14
321.14 -03.14
324.35 -03.12
327.59 -03.11
330.87 -03.10
334.18 -03.09
337.52 -03.08
340.90 -03.07
344.30 -03.07
347.75 -03.08
351.23 -03.07
354.74 -03.08
358.28 -03.10
361.87 -03.10
365.49 -03.13
369.14 -03.14
372.83 -03.17
376.56 -03.20
380.33 -03.22
384.13 -03.26
387.97 -03.29
391.85 -03.34
395.77 -03.37
399.73 -03.41
403.72 -03.44
407.76 -03.47
411.84 -03.49
415.96 -03.51
420.12 -03.50
424.32 -03.50
428.56 -03.47
432.85 -03.43
437.18 -03.39
441.55 -03.32
445.96 -03.24
450.42 -03.16
454.93 -03.06
459.48 -02.96
464.07 -02.86
468.71 -02.75
473.40 -02.62
478.13 -02.51
482.91 -02.40
487.74 -02.29
492.62 -02.18
497.55 -02.08
502.52 -01.99
507.55 -01.90
512.62 -01.82
517.75 -01.75
522.93 -01.67
528.16 -01.60
533.44 -01.53
538.77 -01.47
544.16 -01.41
549.60 -01.33
555.10 -01.26
560.65 -01.19
566.25 -01.12
571.92 -01.05
577.64 -00.98
583.41 -00.91
589.25 -00.86
595.14 -00.80
601.09 -00.75
607.10 -00.71
613.17 -00.67
619.30 -00.66
625.50 -00.63
631.75 -00.62
638.07 -00.62
644.45 -00.63
650.89 -00.65
657.40 -00.68
663.98 -00.69
670.62 -00.70
677.32 -00.71
684.10 -00.71
690.94 -00.70
697.85 -00.68
704.83 -00.66
711.87 -00.64
718.99 -00.61
726.18 -00.59
733.44 -00.56
740.78 -00.54
748.19 -00.51
755.67 -00.49
763.23 -00.47
770.86 -00.44
778.57 -00.42
786.35 -00.40
794.22 -00.38
802.16 -00.34
810.18 -00.31
818.28 -00.28
826.46 -00.24
834.73 -00.20
843.08 -00.17
851.51 -00.15
860.02 -00.14
868.62 -00.13
877.31 -00.12
886.08 -00.13
894.94 -00.14
903.89 -00.16
912.93 -00.15
922.06 -00.16
931.28 -00.16
940.59 -00.17
950.00 -00.16
959.50 -00.14
969.09 -00.12
978.78 -00.09
988.57 -00.06
998.46 -00.03
1008.44 00.01
1018.53 00.05
1028.71 00.09
1039.00 00.13
1049.39 00.18
1059.88 00.22
1070.48 00.28
1081.19 00.34
1092.00 00.39
1102.92 00.46
1113.95 00.53
1125.09 00.60
1136.34 00.66
1147.70 00.74
1159.18 00.82
1170.77 00.89
1182.48 00.96
1194.30 01.04
1206.25 01.11
1218.31 01.18
1230.49 01.24
1242.80 01.31
1255.22 01.36
1267.78 01.42
1280.45 01.48
1293.26 01.55
1306.19 01.63
1319.25 01.70
1332.45 01.76
1345.77 01.83
1359.23 01.89
1372.82 01.95
1386.55 02.00
1400.41 02.04
1414.42 02.06
1428.56 02.06
1442.85 02.04
1457.28 02.02
1471.85 01.98
1486.57 01.94
1501.43 01.89
1516.45 01.86
1531.61 01.84
1546.93 01.82
1562.40 01.82
1578.02 01.82
1593.80 01.84
1609.74 01.88
1625.84 01.92
1642.10 01.96
1658.52 02.01
1675.10 02.03
1691.85 02.05
1708.77 02.08
1725.86 02.08
1743.12 02.09
1760.55 02.09
1778.15 02.09
1795.94 02.11
1813.90 02.13
1832.03 02.16
1850.36 02.20
1868.86 02.24
1887.55 02.30
1906.42 02.37
1925.49 02.44
1944.74 02.50
1964.19 02.57
1983.83 02.63
2003.67 02.68
2023.71 02.71
2043.94 02.74
2064.38 02.74
2085.03 02.73
2105.88 02.71
2126.94 02.66
2148.20 02.60
2169.69 02.52
2191.38 02.44
2213.30 02.34
2235.43 02.25
2257.78 02.13
2280.36 02.01
2303.17 01.86
2326.20 01.71
2349.46 01.55
2372.95 01.39
2396.68 01.24
2420.65 01.11
2444.86 00.98
2469.31 00.89
2494.00 00.80
2518.94 00.74
2544.13 00.70
2569.57 00.69
2595.27 00.70
2621.22 00.72
2647.43 00.76
2673.90 00.81
2700.64 00.88
2727.65 00.94
2754.93 01.00
2782.48 01.08
2810.30 01.16
2838.40 01.25
2866.79 01.34
2895.46 01.45
2924.41 01.54
2953.65 01.64
2983.19 01.72
3013.02 01.78
3043.15 01.83
3073.58 01.87
3104.32 01.91
3135.36 01.93
3166.72 01.95
3198.38 01.94
3230.37 01.93
3262.67 01.90
3295.30 01.89
3328.25 01.87
3361.53 01.86
3395.15 01.85
3429.10 01.85
3463.39 01.84
3498.03 01.82
3533.01 01.80
3568.34 01.79
3604.02 01.77
3640.06 01.75
3676.46 01.71
3713.22 01.66
3750.36 01.59
3787.86 01.50
3825.74 01.40
3864.00 01.29
3902.64 01.18
3941.66 01.05
3981.08 00.92
4020.89 00.76
4061.10 00.60
4101.71 00.41
4142.73 00.20
4184.15 -00.02
4226.00 -00.24
4268.26 -00.46
4310.94 -00.69
4354.05 -00.91
4397.59 -01.14
4441.56 -01.37
4485.98 -01.60
4530.84 -01.82
4576.15 -02.03
4621.91 -02.22
4668.13 -02.42
4714.81 -02.63
4761.96 -02.85
4809.58 -03.10
4857.67 -03.36
4906.25 -03.64
4955.31 -03.93
5004.87 -04.23
5054.91 -04.53
5105.46 -04.83
5156.52 -05.19
5208.08 -05.57
5260.16 -05.92
5312.77 -06.25
5365.89 -06.54
5419.55 -06.80
5473.75 -07.02
5528.49 -07.21
5583.77 -07.35
5639.61 -07.47
5696.00 -07.57
5752.96 -07.65
5810.49 -07.72
5868.60 -07.77
5927.28 -07.79
5986.56 -07.78
6046.42 -07.54
6106.89 -07.20
6167.96 -06.85
6229.64 -06.50
6291.93 -06.13
6354.85 -05.75
6418.40 -05.35
6482.58 -04.94
6547.41 -04.53
6612.88 -04.11
6679.01 -03.69
6745.80 -03.28
6813.26 -02.87
6881.39 -02.47
6950.21 -02.08
7019.71 -01.70
7089.91 -01.34
7160.81 -01.00
7232.41 -00.69
7304.74 -00.55
7377.79 -00.47
7451.56 -00.41
7526.08 -00.39
7601.34 -00.39
7677.35 -00.43
7754.13 -00.49
7831.67 -00.58
7909.98 -00.69
7989.08 -00.82
8068.98 -00.98
8149.67 -01.14
8231.16 -01.32
8313.47 -01.49
8396.61 -01.66
8480.57 -01.81
8565.38 -01.95
8651.03 -02.07
8737.54 -02.17
8824.92 -02.24
8913.17 -02.27
9002.30 -02.28
9092.32 -02.25
9183.25 -02.21
9275.08 -02.14
9367.83 -02.07
9461.51 -01.99
9556.12 -01.89
9651.68 -01.79
9748.20 -01.69
9845.68 -01.59
9944.14 -01.50
10043.58 -01.44
10144.02 -01.39
10245.46 -01.33
10347.91 -01.19
10451.39 -01.05
10555.91 -00.89
10661.46 -00.75
10768.08 -00.61
10875.76 -00.47
10984.52 -00.31
11094.36 -00.13
11205.31 00.06
11317.36 00.27
11430.53 00.48
11544.84 00.67
11660.29 00.85
11776.89 01.00
11894.66 01.14
12013.60 01.26
12133.74 01.38
12255.08 01.48
12377.63 01.55
12501.41 01.60
12626.42 01.63
12752.68 01.67
12880.21 01.72
13009.01 01.80
13139.10 01.91
13270.49 02.05
13403.20 02.20
13537.23 02.36
13672.60 02.53
13809.33 02.72
13947.42 02.91
14086.90 03.10
14227.77 03.28
14370.04 03.44
14513.74 03.52
14658.88 03.42
14805.47 03.26
14953.52 03.05
15103.06 02.80
15254.09 02.50
15406.63 02.14
15560.70 01.73
15716.30 01.29
15873.47 00.82
16032.20 00.33
16192.52 -00.16
16354.45 -00.64
16517.99 -01.10
16683.17 -01.55
16850.01 -01.98
17018.51 -02.40
17188.69 -02.81
17360.58 -03.21
17534.18 -03.62
17709.53 -04.08
17886.62 -04.60
18065.49 -05.21
18246.14 -05.89
18428.60 -06.65
18612.89 -07.45
18799.02 -08.29
18987.01 -09.18
19176.88 -10.11
19368.65 -11.10
19562.33 -12.16
19757.96 -13.26
19955.54 -14.36
20000.00 -14.60
