20.00 -02.15
20.20 -02.07
20.40 -01.99
20.61 -01.91
20.81 -01.83
21.02 -01.74
21.23 -01.66
21.44 -01.58
21.66 -01.49
21.87 -01.40
22.09 -01.32
22.31 -01.28
22.54 -01.27
22.76 -01.26
22.99 -01.25
23.22 -01.24
23.45 -01.22
23.69 -01.20
23.92 -01.18
24.16 -01.16
24.40 -01.14
24.65 -01.12
24.89 -01.09
25.14 -01.07
25.39 -01.05
25.65 -01.03
25.91 -01.01
26.16 -00.99
26.43 -00.96
26.69 -00.94
26.96 -00.92
27.23 -00.90
27.50 -00.87
27.77 -00.85
28.05 -00.83
28.33 -00.81
28.62 -00.79
28.90 -00.76
29.19 -00.74
29.48 -00.72
29.78 -00.70
30.08 -00.67
30.38 -00.65
30.68 -00.63
30.99 -00.61
31.30 -00.59
31.61 -00.57
31.93 -00.54
32.24 -00.52
32.57 -00.50
32.89 -00.48
33.22 -00.46
33.55 -00.44
33.89 -00.42
34.23 -00.40
34.57 -00.38
34.92 -00.36
35.27 -00.34
35.62 -00.32
35.97 -00.31
36.33 -00.29
36.70 -00.27
37.06 -00.25
37.43 -00.24
37.81 -00.22
38.19 -00.21
38.57 -00.19
38.95 -00.18
39.34 -00.16
39.74 -00.15
40.14 -00.14
40.54 -00.13
40.94 -00.12
41.35 -00.11
41.76 -00.10
42.18 -00.09
42.60 -00.08
43.03 -00.07
43.46 -00.07
43.90 -00.06
44.33 -00.06
44.78 -00.05
45.23 -00.05
45.68 -00.05
46.13 -00.05
46.60 -00.05
47.06 -00.05
47.53 -00.05
48.01 -00.05
48.49 -00.05
48.97 -00.05
49.46 -00.05
49.96 -00.05
50.46 -00.06
50.96 -00.06
51.47 -00.06
51.99 -00.07
52.51 -00.07
53.03 -00.07
53.56 -00.08
54.10 -00.08
54.64 -00.09
55.18 -00.09
55.74 -00.09
56.29 -00.10
56.86 -00.10
57.42 -00.10
58.00 -00.11
58.58 -00.11
59.16 -00.11
59.76 -00.11
60.35 -00.11
60.96 -00.11
61.57 -00.11
62.18 -00.11
62.80 -00.10
63.43 -00.10
64.07 -00.09
64.71 -00.09
65.35 -00.08
66.01 -00.07
66.67 -00.06
67.33 -00.05
68.01 -00.04
68.69 -00.03
69.37 -00.02
70.07 -00.01
70.77 00.01
71.48 00.02
72.19 00.03
72.91 00.05
73.64 00.07
74.38 00.08
75.12 00.10
75.87 00.12
76.63 00.13
77.40 00.15
78.17 00.17
78.95 00.18
79.74 00.20
80.54 00.21
81.35 00.23
82.16 00.24
82.98 00.25
83.81 00.26
84.65 00.27
85.50 00.28
86.35 00.28
87.22 00.29
88.09 00.29
88.97 00.29
89.86 00.29
90.76 00.28
91.66 00.28
92.58 00.28
93.51 00.27
94.44 00.26
95.39 00.26
96.34 00.25
97.30 00.24
98.28 00.24
99.26 00.23
100.25 00.23
101.25 00.22
102.27 00.22
103.29 00.21
104.32 00.21
105.37 00.21
106.42 00.21
107.48 00.21
108.56 00.21
109.64 00.21
110.74 00.21
111.85 00.22
112.97 00.22
114.10 00.23
115.24 00.24
116.39 00.24
117.55 00.25
118.73 00.26
119.92 00.27
121.12 00.27
122.33 00.28
123.55 00.29
124.79 00.29
126.03 00.30
127.29 00.30
128.57 00.30
129.85 00.30
131.15 00.30
132.46 00.30
133.79 00.29
135.12 00.29
136.48 00.29
137.84 00.28
139.22 00.28
140.61 00.27
142.02 00.26
143.44 00.26
144.87 00.25
146.32 00.24
147.78 00.23
149.26 00.23
150.75 00.22
152.26 00.21
153.78 00.20
155.32 00.19
156.88 00.18
158.44 00.17
160.03 00.16
161.63 00.16
163.24 00.16
164.88 00.17
166.53 00.17
168.19 00.17
169.87 00.17
171.57 00.19
173.29 00.19
175.02 00.19
176.77 00.20
178.54 00.21
180.32 00.21
182.13 00.23
183.95 00.23
185.79 00.24
187.65 00.25
189.52 00.25
191.42 00.26
193.33 00.26
195.27 00.26
197.22 00.26
199.19 00.26
201.18 00.25
203.19 00.24
205.23 00.23
207.28 00.23
209.35 00.22
211.44 00.22
213.56 00.21
215.69 00.21
217.85 00.22
220.03 00.22
222.23 00.24
224.45 00.26
226.70 00.27
228.96 00.29
231.25 00.32
233.57 00.35
235.90 00.38
238.26 00.41
240.64 00.46
243.05 00.50
245.48 00.55
247.93 00.61
250.41 00.65
252.92 00.70
255.45 00.76
258.00 00.80
260.58 00.85
263.19 00.90
265.82 00.94
268.48 00.98
271.16 01.02
273.87 01.05
276.61 01.09
279.38 01.11
282.17 01.15
284.99 01.17
287.84 01.20
290.72 01.22
293.63 01.24
296.57 01.26
299.53 01.27
302.53 01.28
305.55 01.28
308.61 01.29
311.69 01.29
314.81 01.27
317.96 01.26
321.14 01.23
324.35 01.20
327.59 01.15
330.87 01.10
334.18 01.04
337.52 00.99
340.90 00.91
344.30 00.84
347.75 00.76
351.23 00.70
354.74 00.62
358.28 00.56
361.87 00.51
365.49 00.46
369.14 00.43
372.83 00.40
376.56 00.38
380.33 00.38
384.13 00.39
387.97 00.41
391.85 00.43
395.77 00.47
399.73 00.49
403.72 00.53
407.76 00.57
411.84 00.61
415.96 00.65
420.12 00.69
424.32 00.73
428.56 00.78
432.85 00.82
437.18 00.85
441.55 00.88
445.96 00.91
450.42 00.91
454.93 00.92
459.48 00.90
464.07 00.88
468.71 00.84
473.40 00.81
478.13 00.76
482.91 00.72
487.74 00.67
492.62 00.64
497.55 00.60
502.52 00.57
507.55 00.56
512.62 00.55
517.75 00.55
522.93 00.56
528.16 00.57
533.44 00.59
538.77 00.60
544.16 00.63
549.60 00.66
555.10 00.70
560.65 00.74
566.25 00.79
571.92 00.85
577.64 00.91
583.41 00.98
589.25 01.05
595.14 01.13
601.09 01.21
607.10 01.28
613.17 01.35
619.30 01.41
625.50 01.48
631.75 01.55
638.07 01.60
644.45 01.64
650.89 01.67
657.40 01.69
663.98 01.72
670.62 01.73
677.32 01.74
684.10 01.75
690.94 01.74
697.85 01.74
704.83 01.72
711.87 01.69
718.99 01.66
726.18 01.62
733.44 01.57
740.78 01.51
748.19 01.47
755.67 01.41
763.23 01.35
770.86 01.29
778.57 01.23
786.35 01.16
794.22 01.09
802.16 01.03
810.18 00.96
818.28 00.89
826.46 00.82
834.73 00.77
843.08 00.72
851.51 00.67
860.02 00.62
868.62 00.57
877.31 00.52
886.08 00.46
894.94 00.41
903.89 00.35
912.93 00.31
922.06 00.26
931.28 00.22
940.59 00.16
950.00 00.10
959.50 00.05
969.09 -00.02
978.78 -00.07
988.57 -00.13
998.46 -00.20
1008.44 -00.27
1018.53 -00.34
1028.71 -00.44
1039.00 -00.53
1049.39 -00.64
1059.88 -00.76
1070.48 -00.88
1081.19 -01.00
1092.00 -01.12
1102.92 -01.23
1113.95 -01.33
1125.09 -01.43
1136.34 -01.53
1147.70 -01.61
1159.18 -01.68
1170.77 -01.73
1182.48 -01.79
1194.30 -01.81
1206.25 -01.83
1218.31 -01.83
1230.49 -01.83
1242.80 -01.83
1255.22 -01.85
1267.78 -01.86
1280.45 -01.88
1293.26 -01.89
1306.19 -01.92
1319.25 -01.95
1332.45 -02.01
1345.77 -02.06
1359.23 -02.12
1372.82 -02.19
1386.55 -02.26
1400.41 -02.33
1414.42 -02.41
1428.56 -02.47
1442.85 -02.52
1457.28 -02.56
1471.85 -02.57
1486.57 -02.57
1501.43 -02.56
1516.45 -02.55
1531.61 -02.51
1546.93 -02.48
1562.40 -02.45
1578.02 -02.41
1593.80 -02.37
1609.74 -02.34
1625.84 -02.33
1642.10 -02.35
1658.52 -02.36
1675.10 -02.40
1691.85 -02.43
1708.77 -02.47
1725.86 -02.52
1743.12 -02.56
1760.55 -02.63
1778.15 -02.69
1795.94 -02.74
1813.90 -02.79
1832.03 -02.83
1850.36 -02.87
1868.86 -02.91
1887.55 -02.95
1906.42 -02.98
1925.49 -03.01
1944.74 -03.04
1964.19 -03.07
1983.83 -03.09
2003.67 -03.11
2023.71 -03.13
2043.94 -03.15
2064.38 -03.16
2085.03 -03.18
2105.88 -03.19
2126.94 -03.21
2148.20 -03.22
2169.69 -03.24
2191.38 -03.27
2213.30 -03.29
2235.43 -03.31
2257.78 -03.35
2280.36 -03.40
2303.17 -03.46
2326.20 -03.51
2349.46 -03.58
2372.95 -03.65
2396.68 -03.70
2420.65 -03.77
2444.86 -03.85
2469.31 -03.92
2494.00 -04.01
2518.94 -04.11
2544.13 -04.22
2569.57 -04.34
2595.27 -04.48
2621.22 -04.64
2647.43 -04.82
2673.90 -05.02
2700.64 -05.23
2727.65 -05.46
2754.93 -05.70
2782.48 -05.94
2810.30 -06.16
2838.40 -06.40
2866.79 -06.63
2895.46 -06.85
2924.41 -07.07
2953.65 -07.27
2983.19 -07.46
3013.02 -07.63
3043.15 -07.78
3073.58 -07.92
3104.32 -08.04
3135.36 -08.14
3166.72 -08.22
3198.38 -08.29
3230.37 -08.34
3262.67 -08.39
3295.30 -08.43
3328.25 -08.46
3361.53 -08.48
3395.15 -08.50
3429.10 -08.49
3463.39 -08.49
3498.03 -08.47
3533.01 -08.42
3568.34 -08.35
3604.02 -08.25
3640.06 -08.13
3676.46 -07.97
3713.22 -07.78
3750.36 -07.54
3787.86 -07.25
3825.74 -06.92
3864.00 -06.55
3902.64 -06.16
3941.66 -05.77
3981.08 -05.36
4020.89 -04.94
4061.10 -04.52
4101.71 -04.08
4142.73 -03.68
4184.15 -03.34
4226.00 -03.10
4268.26 -02.94
4310.94 -02.87
4354.05 -02.85
4397.59 -02.88
4441.56 -02.93
4485.98 -03.02
4530.84 -03.15
4576.15 -03.32
4621.91 -03.54
4668.13 -03.80
4714.81 -04.09
4761.96 -04.37
4809.58 -04.62
4857.67 -04.86
4906.25 -05.08
4955.31 -05.31
5004.87 -05.53
5054.91 -05.76
5105.46 -05.98
5156.52 -06.23
5208.08 -06.47
5260.16 -06.64
5312.77 -06.75
5365.89 -06.83
5419.55 -06.92
5473.75 -07.02
5528.49 -07.17
5583.77 -07.31
5639.61 -07.48
5696.00 -07.65
5752.96 -07.82
5810.49 -07.99
5868.60 -08.15
5927.28 -08.30
5986.56 -08.43
6046.42 -08.30
6106.89 -08.05
6167.96 -07.76
6229.64 -07.44
6291.93 -07.10
6354.85 -06.72
6418.40 -06.33
6482.58 -05.90
6547.41 -05.47
6612.88 -05.02
6679.01 -04.57
6745.80 -04.10
6813.26 -03.63
6881.39 -03.16
6950.21 -02.70
7019.71 -02.24
7089.91 -01.79
7160.81 -01.34
7232.41 -00.88
7304.74 -00.55
7377.79 -00.22
7451.56 00.11
7526.08 00.42
7601.34 00.69
7677.35 00.89
7754.13 01.02
7831.67 01.07
7909.98 01.05
7989.08 00.93
8068.98 00.72
8149.67 00.41
8231.16 -00.01
8313.47 -00.57
8396.61 -01.26
8480.57 -02.09
8565.38 -03.07
8651.03 -04.18
8737.54 -05.41
8824.92 -06.73
8913.17 -08.10
9002.30 -09.39
9092.32 -10.46
9183.25 -11.16
9275.08 -11.40
9367.83 -11.26
9461.51 -10.85
9556.12 -10.31
9651.68 -09.72
9748.20 -09.13
9845.68 -08.55
9944.14 -08.00
10043.58 -07.47
10144.02 -06.97
10245.46 -06.48
10347.91 -05.92
10451.39 -05.38
10555.91 -04.84
10661.46 -04.35
10768.08 -03.89
10875.76 -03.49
10984.52 -03.14
11094.36 -02.86
11205.31 -02.67
11317.36 -02.53
11430.53 -02.45
11544.84 -02.44
11660.29 -02.47
11776.89 -02.56
11894.66 -02.68
12013.60 -02.83
12133.74 -02.97
12255.08 -03.07
12377.63 -03.10
12501.41 -03.06
12626.42 -02.94
12752.68 -02.74
12880.21 -02.51
13009.01 -02.26
13139.10 -02.02
13270.49 -01.81
13403.20 -01.63
13537.23 -01.47
13672.60 -01.35
13809.33 -01.23
13947.42 -01.15
14086.90 -01.09
14227.77 -01.03
14370.04 -00.98
14513.74 -00.95
14658.88 -01.02
14805.47 -01.06
14953.52 -01.07
15103.06 -01.07
15254.09 -01.07
15406.63 -01.13
15560.70 -01.22
15716.30 -01.34
15873.47 -01.47
16032.20 -01.58
16192.52 -01.66
16354.45 -01.71
16517.99 -01.73
16683.17 -01.73
16850.01 -01.71
17018.51 -01.65
17188.69 -01.58
17360.58 -01.48
17534.18 -01.36
17709.53 -01.27
17886.62 -01.20
18065.49 -01.19
18246.14 -01.22
18428.60 -01.32
18612.89 -01.46
18799.02 -01.65
18987.01 -01.88
19176.88 -02.14
19368.65 -02.43
19562.33 -02.73
19757.96 -02.99
19955.54 -03.14
20000.00 -03.15
