20.00 -00.23
20.20 -00.17
20.40 -00.11
20.61 -00.06
20.81 -00.01
21.02 00.04
21.23 00.09
21.44 00.13
21.66 00.17
21.87 00.21
22.09 00.25
22.31 00.28
22.54 00.32
22.76 00.36
22.99 00.39
23.22 00.43
23.45 00.46
23.69 00.50
23.92 00.53
24.16 00.57
24.40 00.60
24.65 00.64
24.89 00.67
25.14 00.71
25.39 00.74
25.65 00.77
25.91 00.81
26.16 00.84
26.43 00.88
26.69 00.91
26.96 00.94
27.23 00.98
27.50 01.01
27.77 01.04
28.05 01.07
28.33 01.10
28.62 01.14
28.90 01.17
29.19 01.20
29.48 01.23
29.78 01.26
30.08 01.29
30.38 01.32
30.68 01.35
30.99 01.38
31.30 01.41
31.61 01.43
31.93 01.46
32.24 01.49
32.57 01.52
32.89 01.55
33.22 01.58
33.55 01.60
33.89 01.63
34.23 01.66
34.57 01.69
34.92 01.71
35.27 01.74
35.62 01.77
35.97 01.79
36.33 01.82
36.70 01.84
37.06 01.87
37.43 01.90
37.81 01.92
38.19 01.95
38.57 01.98
38.95 02.00
39.34 02.03
39.74 02.06
40.14 02.09
40.54 02.12
40.94 02.16
41.35 02.19
41.76 02.22
42.18 02.26
42.60 02.30
43.03 02.34
43.46 02.38
43.90 02.43
44.33 02.47
44.78 02.52
45.23 02.57
45.68 02.62
46.13 02.66
46.60 02.72
47.06 02.77
47.53 02.82
48.01 02.87
48.49 02.92
48.97 02.98
49.46 03.03
49.96 03.09
50.46 03.14
50.96 03.19
51.47 03.25
51.99 03.31
52.51 03.36
53.03 03.42
53.56 03.47
54.10 03.53
54.64 03.59
55.18 03.64
55.74 03.70
56.29 03.76
56.86 03.82
57.42 03.88
58.00 03.94
58.58 04.00
59.16 04.06
59.76 04.12
60.35 04.18
60.96 04.24
61.57 04.30
62.18 04.35
62.80 04.41
63.43 04.46
64.07 04.51
64.71 04.56
65.35 04.60
66.01 04.64
66.67 04.67
67.33 04.71
68.01 04.73
68.69 04.76
69.37 04.79
70.07 04.81
70.77 04.83
71.48 04.85
72.19 04.87
72.91 04.89
73.64 04.90
74.38 04.92
75.12 04.93
75.87 04.95
76.63 04.96
77.40 04.97
78.17 04.98
78.95 04.99
79.74 05.00
80.54 05.00
81.35 05.01
82.16 05.01
82.98 05.02
83.81 05.02
84.65 05.02
85.50 05.02
86.35 05.01
87.22 05.01
88.09 05.00
88.97 04.99
89.86 04.98
90.76 04.97
91.66 04.96
92.58 04.95
93.51 04.94
94.44 04.92
95.39 04.91
96.34 04.89
97.30 04.88
98.28 04.86
99.26 04.85
100.25 04.83
101.25 04.81
102.27 04.79
103.29 04.77
104.32 04.75
105.37 04.73
106.42 04.71
107.48 04.68
108.56 04.66
109.64 04.64
110.74 04.61
111.85 04.58
112.97 04.55
114.10 04.52
115.24 04.49
116.39 04.46
117.55 04.42
118.73 04.38
119.92 04.33
121.12 04.28
122.33 04.23
123.55 04.18
124.79 04.12
126.03 04.06
127.29 04.00
128.57 03.93
129.85 03.86
131.15 03.79
132.46 03.72
133.79 03.64
135.12 03.56
136.48 03.48
137.84 03.39
139.22 03.30
140.61 03.22
142.02 03.12
143.44 03.03
144.87 02.94
146.32 02.85
147.78 02.76
149.26 02.67
150.75 02.58
152.26 02.50
153.78 02.41
155.32 02.32
156.88 02.23
158.44 02.13
160.03 02.03
161.63 01.93
163.24 01.83
164.88 01.73
166.53 01.62
168.19 01.51
169.87 01.40
171.57 01.30
173.29 01.19
175.02 01.09
176.77 01.01
178.54 00.92
180.32 00.83
182.13 00.76
183.95 00.68
185.79 00.59
187.65 00.52
189.52 00.43
191.42 00.34
193.33 00.25
195.27 00.16
197.22 00.06
199.19 -00.03
201.18 -00.13
203.19 -00.22
205.23 -00.33
207.28 -00.41
209.35 -00.50
211.44 -00.57
213.56 -00.64
215.69 -00.70
217.85 -00.76
220.03 -00.84
222.23 -00.92
224.45 -00.99
226.70 -01.07
228.96 -01.15
231.25 -01.20
233.57 -01.26
235.90 -01.31
238.26 -01.35
240.64 -01.36
243.05 -01.35
245.48 -01.32
247.93 -01.26
250.41 -01.19
252.92 -01.12
255.45 -01.04
258.00 -00.98
260.58 -00.91
263.19 -00.85
265.82 -00.79
268.48 -00.74
271.16 -00.69
273.87 -00.66
276.61 -00.61
279.38 -00.58
282.17 -00.54
284.99 -00.51
287.84 -00.49
290.72 -00.48
293.63 -00.47
296.57 -00.48
299.53 -00.51
302.53 -00.54
305.55 -00.60
308.61 -00.66
311.69 -00.73
314.81 -00.81
317.96 -00.89
321.14 -00.99
324.35 -01.07
327.59 -01.17
330.87 -01.27
334.18 -01.36
337.52 -01.44
340.90 -01.52
344.30 -01.60
347.75 -01.66
351.23 -01.71
354.74 -01.76
358.28 -01.80
361.87 -01.83
365.49 -01.86
369.14 -01.87
372.83 -01.91
376.56 -01.94
380.33 -01.97
384.13 -02.02
387.97 -02.07
391.85 -02.13
395.77 -02.19
399.73 -02.27
403.72 -02.32
407.76 -02.37
411.84 -02.39
415.96 -02.39
420.12 -02.34
424.32 -02.27
428.56 -02.15
432.85 -02.01
437.18 -01.85
441.55 -01.67
445.96 -01.48
450.42 -01.31
454.93 -01.14
459.48 -00.99
464.07 -00.86
468.71 -00.74
473.40 -00.62
478.13 -00.53
482.91 -00.45
487.74 -00.38
492.62 -00.31
497.55 -00.25
502.52 -00.19
507.55 -00.13
512.62 -00.09
517.75 -00.05
522.93 00.00
528.16 00.02
533.44 00.06
538.77 00.07
544.16 00.08
549.60 00.10
555.10 00.11
560.65 00.13
566.25 00.15
571.92 00.19
577.64 00.23
583.41 00.29
589.25 00.35
595.14 00.43
601.09 00.51
607.10 00.59
613.17 00.68
619.30 00.75
625.50 00.83
631.75 00.91
638.07 00.98
644.45 01.03
650.89 01.07
657.40 01.09
663.98 01.13
670.62 01.15
677.32 01.18
684.10 01.22
690.94 01.24
697.85 01.28
704.83 01.31
711.87 01.33
718.99 01.37
726.18 01.39
733.44 01.41
740.78 01.43
748.19 01.46
755.67 01.47
763.23 01.49
770.86 01.51
778.57 01.52
786.35 01.53
794.22 01.54
802.16 01.55
810.18 01.55
818.28 01.54
826.46 01.53
834.73 01.51
843.08 01.49
851.51 01.45
860.02 01.41
868.62 01.36
877.31 01.31
886.08 01.25
894.94 01.19
903.89 01.12
912.93 01.06
922.06 00.99
931.28 00.92
940.59 00.83
950.00 00.74
959.50 00.64
969.09 00.52
978.78 00.41
988.57 00.29
998.46 00.16
1008.44 00.04
1018.53 -00.08
1028.71 -00.21
1039.00 -00.32
1049.39 -00.42
1059.88 -00.52
1070.48 -00.60
1081.19 -00.67
1092.00 -00.74
1102.92 -00.80
1113.95 -00.85
1125.09 -00.90
1136.34 -00.97
1147.70 -01.02
1159.18 -01.07
1170.77 -01.12
1182.48 -01.19
1194.30 -01.26
1206.25 -01.33
1218.31 -01.41
1230.49 -01.49
1242.80 -01.59
1255.22 -01.69
1267.78 -01.80
1280.45 -01.90
1293.26 -02.00
1306.19 -02.09
1319.25 -02.17
1332.45 -02.26
1345.77 -02.34
1359.23 -02.40
1372.82 -02.45
1386.55 -02.50
1400.41 -02.54
1414.42 -02.59
1428.56 -02.64
1442.85 -02.70
1457.28 -02.79
1471.85 -02.89
1486.57 -03.03
1501.43 -03.20
1516.45 -03.42
1531.61 -03.67
1546.93 -03.98
1562.40 -04.35
1578.02 -04.77
1593.80 -05.23
1609.74 -05.71
1625.84 -06.21
1642.10 -06.69
1658.52 -07.09
1675.10 -07.41
1691.85 -07.60
1708.77 -07.63
1725.86 -07.52
1743.12 -07.28
1760.55 -06.95
1778.15 -06.58
1795.94 -06.17
1813.90 -05.78
1832.03 -05.41
1850.36 -05.06
1868.86 -04.75
1887.55 -04.46
1906.42 -04.21
1925.49 -03.97
1944.74 -03.77
1964.19 -03.58
1983.83 -03.40
2003.67 -03.24
2023.71 -03.10
2043.94 -02.97
2064.38 -02.85
2085.03 -02.75
2105.88 -02.65
2126.94 -02.56
2148.20 -02.49
2169.69 -02.43
2191.38 -02.38
2213.30 -02.34
2235.43 -02.30
2257.78 -02.29
2280.36 -02.29
2303.17 -02.29
2326.20 -02.30
2349.46 -02.34
2372.95 -02.38
2396.68 -02.42
2420.65 -02.48
2444.86 -02.55
2469.31 -02.61
2494.00 -02.69
2518.94 -02.76
2544.13 -02.84
2569.57 -02.92
2595.27 -03.01
2621.22 -03.10
2647.43 -03.21
2673.90 -03.31
2700.64 -03.41
2727.65 -03.53
2754.93 -03.66
2782.48 -03.79
2810.30 -03.91
2838.40 -04.05
2866.79 -04.18
2895.46 -04.31
2924.41 -04.45
2953.65 -04.57
2983.19 -04.71
3013.02 -04.84
3043.15 -04.96
3073.58 -05.10
3104.32 -05.22
3135.36 -05.36
3166.72 -05.49
3198.38 -05.64
3230.37 -05.79
3262.67 -05.97
3295.30 -06.14
3328.25 -06.33
3361.53 -06.52
3395.15 -06.73
3429.10 -06.93
3463.39 -07.12
3498.03 -07.33
3533.01 -07.52
3568.34 -07.72
3604.02 -07.93
3640.06 -08.14
3676.46 -08.37
3713.22 -08.61
3750.36 -08.87
3787.86 -09.15
3825.74 -09.46
3864.00 -09.79
3902.64 -10.13
3941.66 -10.48
3981.08 -10.80
4020.89 -11.05
4061.10 -11.21
4101.71 -11.25
4142.73 -11.17
4184.15 -10.98
4226.00 -10.71
4268.26 -10.37
4310.94 -09.95
4354.05 -09.47
4397.59 -08.94
4441.56 -08.40
4485.98 -07.87
4530.84 -07.38
4576.15 -06.92
4621.91 -06.50
4668.13 -06.11
4714.81 -05.73
4761.96 -05.36
4809.58 -04.99
4857.67 -04.62
4906.25 -04.25
4955.31 -03.86
5004.87 -03.46
5054.91 -03.03
5105.46 -02.58
5156.52 -02.20
5208.08 -01.87
5260.16 -01.56
5312.77 -01.27
5365.89 -01.01
5419.55 -00.78
5473.75 -00.58
5528.49 -00.43
5583.77 -00.29
5639.61 -00.20
5696.00 -00.15
5752.96 -00.15
5810.49 -00.20
5868.60 -00.30
5927.28 -00.46
5986.56 -00.69
6046.42 -00.76
6106.89 -00.82
6167.96 -00.95
6229.64 -01.15
6291.93 -01.43
6354.85 -01.78
6418.40 -02.21
6482.58 -02.70
6547.41 -03.27
6612.88 -03.88
6679.01 -04.53
6745.80 -05.21
6813.26 -05.91
6881.39 -06.65
6950.21 -07.40
7019.71 -08.14
7089.91 -08.86
7160.81 -09.48
7232.41 -09.87
7304.74 -10.07
7377.79 -09.89
7451.56 -09.37
7526.08 -08.63
7601.34 -07.81
7677.35 -06.98
7754.13 -06.19
7831.67 -05.46
7909.98 -04.81
7989.08 -04.23
8068.98 -03.74
8149.67 -03.32
8231.16 -02.98
8313.47 -02.72
8396.61 -02.52
8480.57 -02.37
8565.38 -02.28
8651.03 -02.22
8737.54 -02.20
8824.92 -02.20
8913.17 -02.23
9002.30 -02.28
9092.32 -02.35
9183.25 -02.45
9275.08 -02.58
9367.83 -02.73
9461.51 -02.90
9556.12 -03.09
9651.68 -03.30
9748.20 -03.55
9845.68 -03.81
9944.14 -04.10
10043.58 -04.42
10144.02 -04.75
10245.46 -05.08
10347.91 -05.32
10451.39 -05.52
10555.91 -05.68
10661.46 -05.82
10768.08 -05.92
10875.76 -06.00
10984.52 -06.06
11094.36 -06.10
11205.31 -06.14
11317.36 -06.15
11430.53 -06.16
11544.84 -06.15
11660.29 -06.13
11776.89 -06.11
11894.66 -06.07
12013.60 -06.01
12133.74 -05.89
12255.08 -05.73
12377.63 -05.53
12501.41 -05.34
12626.42 -05.17
12752.68 -05.04
12880.21 -04.98
13009.01 -04.97
13139.10 -05.03
13270.49 -05.15
13403.20 -05.34
13537.23 -05.61
13672.60 -05.96
13809.33 -06.40
13947.42 -06.92
14086.90 -07.48
14227.77 -08.04
14370.04 -08.53
14513.74 -08.95
14658.88 -09.38
14805.47 -09.70
14953.52 -09.93
15103.06 -10.09
15254.09 -10.20
15406.63 -10.27
15560.70 -10.32
15716.30 -10.34
15873.47 -10.35
16032.20 -10.36
16192.52 -10.34
16354.45 -10.30
16517.99 -10.24
16683.17 -10.17
16850.01 -10.11
17018.51 -10.10
17188.69 -10.13
17360.58 -10.19
17534.18 -10.27
17709.53 -10.41
17886.62 -10.59
18065.49 -10.87
18246.14 -11.23
18428.60 -11.71
18612.89 -12.27
18799.02 -12.89
18987.01 -13.56
19176.88 -14.24
19368.65 -14.98
19562.33 -15.79
19757.96 -16.69
19955.54 -17.68
20000.00 -17.91
