20.00 01.94
20.20 01.97
20.40 02.00
20.61 02.03
20.81 02.06
21.02 02.09
21.23 02.11
21.44 02.14
21.66 02.16
21.87 02.18
22.09 02.20
22.31 02.22
22.54 02.24
22.76 02.26
22.99 02.27
23.22 02.29
23.45 02.31
23.69 02.32
23.92 02.34
24.16 02.35
24.40 02.37
24.65 02.39
24.89 02.40
25.14 02.41
25.39 02.43
25.65 02.44
25.91 02.45
26.16 02.46
26.43 02.48
26.69 02.49
26.96 02.50
27.23 02.51
27.50 02.52
27.77 02.52
28.05 02.53
28.33 02.54
28.62 02.55
28.90 02.55
29.19 02.56
29.48 02.56
29.78 02.57
30.08 02.57
30.38 02.57
30.68 02.57
30.99 02.57
31.30 02.57
31.61 02.58
31.93 02.58
32.24 02.58
32.57 02.58
32.89 02.58
33.22 02.58
33.55 02.58
33.89 02.58
34.23 02.58
34.57 02.58
34.92 02.58
35.27 02.57
35.62 02.57
35.97 02.57
36.33 02.56
36.70 02.56
37.06 02.55
37.43 02.54
37.81 02.53
38.19 02.52
38.57 02.51
38.95 02.50
39.34 02.49
39.74 02.48
40.14 02.46
40.54 02.44
40.94 02.43
41.35 02.41
41.76 02.39
42.18 02.37
42.60 02.34
43.03 02.32
43.46 02.29
43.90 02.25
44.33 02.22
44.78 02.18
45.23 02.14
45.68 02.09
46.13 02.04
46.60 01.99
47.06 01.93
47.53 01.87
48.01 01.81
48.49 01.75
48.97 01.69
49.46 01.63
49.96 01.57
50.46 01.51
50.96 01.45
51.47 01.41
51.99 01.37
52.51 01.34
53.03 01.32
53.56 01.32
54.10 01.33
54.64 01.35
55.18 01.38
55.74 01.43
56.29 01.49
56.86 01.55
57.42 01.63
58.00 01.70
58.58 01.79
59.16 01.87
59.76 01.95
60.35 02.03
60.96 02.11
61.57 02.19
62.18 02.27
62.80 02.34
63.43 02.41
64.07 02.48
64.71 02.54
65.35 02.60
66.01 02.66
66.67 02.72
67.33 02.77
68.01 02.82
68.69 02.87
69.37 02.92
70.07 02.96
70.77 03.00
71.48 03.04
72.19 03.07
72.91 03.10
73.64 03.12
74.38 03.14
75.12 03.16
75.87 03.16
76.63 03.17
77.40 03.17
78.17 03.17
78.95 03.16
79.74 03.15
80.54 03.14
81.35 03.13
82.16 03.12
82.98 03.11
83.81 03.10
84.65 03.09
85.50 03.08
86.35 03.07
87.22 03.06
88.09 03.05
88.97 03.04
89.86 03.04
90.76 03.03
91.66 03.02
92.58 03.02
93.51 03.01
94.44 03.01
95.39 03.02
96.34 03.03
97.30 03.04
98.28 03.06
99.26 03.08
100.25 03.10
101.25 03.13
102.27 03.16
103.29 03.19
104.32 03.22
105.37 03.25
106.42 03.27
107.48 03.30
108.56 03.32
109.64 03.34
110.74 03.35
111.85 03.36
112.97 03.37
114.10 03.37
115.24 03.38
116.39 03.38
117.55 03.37
118.73 03.37
119.92 03.36
121.12 03.36
122.33 03.35
123.55 03.33
124.79 03.32
126.03 03.31
127.29 03.30
128.57 03.29
129.85 03.28
131.15 03.26
132.46 03.25
133.79 03.24
135.12 03.23
136.48 03.21
137.84 03.19
139.22 03.18
140.61 03.16
142.02 03.13
143.44 03.11
144.87 03.08
146.32 03.06
147.78 03.03
149.26 03.00
150.75 02.97
152.26 02.95
153.78 02.92
155.32 02.90
156.88 02.88
158.44 02.86
160.03 02.84
161.63 02.83
163.24 02.82
164.88 02.83
166.53 02.82
168.19 02.82
169.87 02.81
171.57 02.81
173.29 02.80
175.02 02.79
176.77 02.79
178.54 02.77
180.32 02.76
182.13 02.75
183.95 02.74
185.79 02.73
187.65 02.73
189.52 02.72
191.42 02.72
193.33 02.72
195.27 02.73
197.22 02.73
199.19 02.75
201.18 02.75
203.19 02.76
205.23 02.76
207.28 02.77
209.35 02.77
211.44 02.77
213.56 02.76
215.69 02.76
217.85 02.74
220.03 02.72
222.23 02.70
224.45 02.67
226.70 02.63
228.96 02.59
231.25 02.55
233.57 02.49
235.90 02.43
238.26 02.37
240.64 02.31
243.05 02.24
245.48 02.17
247.93 02.11
250.41 02.03
252.92 01.96
255.45 01.90
258.00 01.83
260.58 01.77
263.19 01.72
265.82 01.66
268.48 01.62
271.16 01.57
273.87 01.52
276.61 01.49
279.38 01.44
282.17 01.40
284.99 01.35
287.84 01.31
290.72 01.26
293.63 01.21
296.57 01.16
299.53 01.09
302.53 01.04
305.55 00.97
308.61 00.91
311.69 00.84
314.81 00.76
317.96 00.69
321.14 00.60
324.35 00.52
327.59 00.42
330.87 00.32
334.18 00.22
337.52 00.12
340.90 00.00
344.30 -00.11
347.75 -00.23
351.23 -00.34
354.74 -00.47
358.28 -00.60
361.87 -00.72
365.49 -00.86
369.14 -00.99
372.83 -01.13
376.56 -01.27
380.33 -01.41
384.13 -01.56
387.97 -01.69
391.85 -01.83
395.77 -01.96
399.73 -02.09
403.72 -02.21
407.76 -02.32
411.84 -02.42
415.96 -02.51
420.12 -02.58
424.32 -02.65
428.56 -02.70
432.85 -02.77
437.18 -02.86
441.55 -02.96
445.96 -03.07
450.42 -03.20
454.93 -03.32
459.48 -03.46
464.07 -03.60
468.71 -03.74
473.40 -03.88
478.13 -04.02
482.91 -04.14
487.74 -04.26
492.62 -04.34
497.55 -04.40
502.52 -04.45
507.55 -04.44
512.62 -04.41
517.75 -04.32
522.93 -04.17
528.16 -03.98
533.44 -03.73
538.77 -03.44
544.16 -03.11
549.60 -02.76
555.10 -02.41
560.65 -02.06
566.25 -01.74
571.92 -01.44
577.64 -01.18
583.41 -00.95
589.25 -00.75
595.14 -00.56
601.09 -00.41
607.10 -00.28
613.17 -00.15
619.30 -00.05
625.50 00.05
631.75 00.14
638.07 00.22
644.45 00.30
650.89 00.35
657.40 00.40
663.98 00.46
670.62 00.50
677.32 00.55
684.10 00.60
690.94 00.63
697.85 00.68
704.83 00.70
711.87 00.72
718.99 00.74
726.18 00.74
733.44 00.73
740.78 00.69
748.19 00.65
755.67 00.56
763.23 00.46
770.86 00.34
778.57 00.20
786.35 00.06
794.22 -00.07
802.16 -00.19
810.18 -00.30
818.28 -00.38
826.46 -00.45
834.73 -00.48
843.08 -00.50
851.51 -00.50
860.02 -00.48
868.62 -00.45
877.31 -00.41
886.08 -00.39
894.94 -00.37
903.89 -00.35
912.93 -00.32
922.06 -00.29
931.28 -00.26
940.59 -00.22
950.00 -00.17
959.50 -00.11
969.09 -00.06
978.78 00.00
988.57 00.06
998.46 00.10
1008.44 00.14
1018.53 00.18
1028.71 00.20
1039.00 00.23
1049.39 00.26
1059.88 00.27
1070.48 00.29
1081.19 00.32
1092.00 00.34
1102.92 00.37
1113.95 00.42
1125.09 00.49
1136.34 00.56
1147.70 00.65
1159.18 00.77
1170.77 00.90
1182.48 01.04
1194.30 01.19
1206.25 01.34
1218.31 01.48
1230.49 01.60
1242.80 01.70
1255.22 01.78
1267.78 01.85
1280.45 01.89
1293.26 01.93
1306.19 01.94
1319.25 01.93
1332.45 01.90
1345.77 01.86
1359.23 01.83
1372.82 01.79
1386.55 01.76
1400.41 01.73
1414.42 01.69
1428.56 01.65
1442.85 01.60
1457.28 01.55
1471.85 01.48
1486.57 01.41
1501.43 01.33
1516.45 01.23
1531.61 01.14
1546.93 01.02
1562.40 00.90
1578.02 00.77
1593.80 00.63
1609.74 00.51
1625.84 00.38
1642.10 00.26
1658.52 00.16
1675.10 00.04
1691.85 -00.07
1708.77 -00.17
1725.86 -00.28
1743.12 -00.37
1760.55 -00.47
1778.15 -00.56
1795.94 -00.64
1813.90 -00.73
1832.03 -00.82
1850.36 -00.90
1868.86 -00.97
1887.55 -01.05
1906.42 -01.11
1925.49 -01.18
1944.74 -01.26
1964.19 -01.32
1983.83 -01.39
2003.67 -01.46
2023.71 -01.53
2043.94 -01.60
2064.38 -01.67
2085.03 -01.73
2105.88 -01.78
2126.94 -01.83
2148.20 -01.88
2169.69 -01.91
2191.38 -01.94
2213.30 -01.96
2235.43 -01.97
2257.78 -01.98
2280.36 -01.98
2303.17 -01.98
2326.20 -01.96
2349.46 -01.96
2372.95 -01.96
2396.68 -01.94
2420.65 -01.94
2444.86 -01.93
2469.31 -01.91
2494.00 -01.89
2518.94 -01.87
2544.13 -01.84
2569.57 -01.81
2595.27 -01.78
2621.22 -01.73
2647.43 -01.67
2673.90 -01.58
2700.64 -01.47
2727.65 -01.36
2754.93 -01.26
2782.48 -01.19
2810.30 -01.12
2838.40 -01.08
2866.79 -01.04
2895.46 -01.01
2924.41 -00.98
2953.65 -00.96
2983.19 -00.95
3013.02 -00.94
3043.15 -00.92
3073.58 -00.89
3104.32 -00.81
3135.36 -00.72
3166.72 -00.59
3198.38 -00.44
3230.37 -00.26
3262.67 -00.06
3295.30 00.17
3328.25 00.43
3361.53 00.76
3395.15 01.13
3429.10 01.55
3463.39 01.96
3498.03 02.33
3533.01 02.65
3568.34 02.89
3604.02 03.04
3640.06 03.12
3676.46 03.11
3713.22 03.03
3750.36 02.87
3787.86 02.62
3825.74 02.27
3864.00 01.84
3902.64 01.33
3941.66 00.79
3981.08 00.26
4020.89 -00.21
4061.10 -00.57
4101.71 -00.79
4142.73 -00.88
4184.15 -00.87
4226.00 -00.78
4268.26 -00.63
4310.94 -00.42
4354.05 -00.18
4397.59 00.07
4441.56 00.32
4485.98 00.56
4530.84 00.80
4576.15 01.02
4621.91 01.23
4668.13 01.41
4714.81 01.56
4761.96 01.67
4809.58 01.75
4857.67 01.78
4906.25 01.77
4955.31 01.72
5004.87 01.64
5054.91 01.51
5105.46 01.34
5156.52 01.06
5208.08 00.72
5260.16 00.39
5312.77 00.08
5365.89 -00.18
5419.55 -00.39
5473.75 -00.53
5528.49 -00.61
5583.77 -00.63
5639.61 -00.61
5696.00 -00.55
5752.96 -00.48
5810.49 -00.38
5868.60 -00.28
5927.28 -00.19
5986.56 -00.12
6046.42 00.16
6106.89 00.49
6167.96 00.80
6229.64 01.10
6291.93 01.39
6354.85 01.68
6418.40 01.95
6482.58 02.23
6547.41 02.49
6612.88 02.75
6679.01 03.00
6745.80 03.24
6813.26 03.47
6881.39 03.69
6950.21 03.89
7019.71 04.09
7089.91 04.28
7160.81 04.45
7232.41 04.62
7304.74 04.63
7377.79 04.61
7451.56 04.59
7526.08 04.58
7601.34 04.56
7677.35 04.54
7754.13 04.53
7831.67 04.52
7909.98 04.51
7989.08 04.50
8068.98 04.49
8149.67 04.49
8231.16 04.49
8313.47 04.49
8396.61 04.48
8480.57 04.48
8565.38 04.48
8651.03 04.48
8737.54 04.48
8824.92 04.48
8913.17 04.47
9002.30 04.47
9092.32 04.46
9183.25 04.46
9275.08 04.46
9367.83 04.46
9461.51 04.46
9556.12 04.47
9651.68 04.47
9748.20 04.48
9845.68 04.48
9944.14 04.47
10043.58 04.45
10144.02 04.42
10245.46 04.37
10347.91 04.39
10451.39 04.38
10555.91 04.35
10661.46 04.26
10768.08 04.14
10875.76 03.98
10984.52 03.79
11094.36 03.56
11205.31 03.29
11317.36 03.00
11430.53 02.69
11544.84 02.38
11660.29 02.07
11776.89 01.77
11894.66 01.49
12013.60 01.24
12133.74 01.02
12255.08 00.85
12377.63 00.71
12501.41 00.59
12626.42 00.49
12752.68 00.41
12880.21 00.32
13009.01 00.26
13139.10 00.19
13270.49 00.12
13403.20 00.06
13537.23 00.00
13672.60 -00.05
13809.33 -00.09
13947.42 -00.14
14086.90 -00.17
14227.77 -00.19
14370.04 -00.21
14513.74 -00.25
14658.88 -00.43
14805.47 -00.62
14953.52 -00.80
15103.06 -00.98
15254.09 -01.14
15406.63 -01.30
15560.70 -01.45
15716.30 -01.57
15873.47 -01.65
16032.20 -01.71
16192.52 -01.75
16354.45 -01.79
16517.99 -01.86
16683.17 -01.96
16850.01 -02.11
17018.51 -02.30
17188.69 -02.55
17360.58 -02.84
17534.18 -03.21
17709.53 -03.66
17886.62 -04.20
18065.49 -04.85
18246.14 -05.58
18428.60 -06.39
18612.89 -07.25
18799.02 -08.16
18987.01 -09.13
19176.88 -10.13
19368.65 -11.18
19562.33 -12.26
19757.96 -13.38
19955.54 -14.53
20000.00 -14.78
