20.00 -07.91
20.20 -07.83
20.40 -07.75
20.61 -07.68
20.81 -07.61
21.02 -07.54
21.23 -07.47
21.44 -07.40
21.66 -07.33
21.87 -07.27
22.09 -07.21
22.31 -07.14
22.54 -07.08
22.76 -07.02
22.99 -06.96
23.22 -06.90
23.45 -06.84
23.69 -06.78
23.92 -06.72
24.16 -06.66
24.40 -06.60
24.65 -06.54
24.89 -06.48
25.14 -06.42
25.39 -06.36
25.65 -06.31
25.91 -06.25
26.16 -06.19
26.43 -06.14
26.69 -06.08
26.96 -06.03
27.23 -05.97
27.50 -05.92
27.77 -05.87
28.05 -05.81
28.33 -05.76
28.62 -05.71
28.90 -05.66
29.19 -05.61
29.48 -05.57
29.78 -05.52
30.08 -05.47
30.38 -05.43
30.68 -05.38
30.99 -05.34
31.30 -05.30
31.61 -05.26
31.93 -05.22
32.24 -05.18
32.57 -05.14
32.89 -05.10
33.22 -05.06
33.55 -05.03
33.89 -04.99
34.23 -04.96
34.57 -04.92
34.92 -04.88
35.27 -04.85
35.62 -04.81
35.97 -04.78
36.33 -04.74
36.70 -04.70
37.06 -04.67
37.43 -04.63
37.81 -04.60
38.19 -04.56
38.57 -04.53
38.95 -04.49
39.34 -04.46
39.74 -04.42
40.14 -04.39
40.54 -04.35
40.94 -04.32
41.35 -04.29
41.76 -04.25
42.18 -04.22
42.60 -04.19
43.03 -04.15
43.46 -04.12
43.90 -04.08
44.33 -04.05
44.78 -04.02
45.23 -03.98
45.68 -03.95
46.13 -03.92
46.60 -03.88
47.06 -03.85
47.53 -03.82
48.01 -03.78
48.49 -03.75
48.97 -03.71
49.46 -03.68
49.96 -03.64
50.46 -03.60
50.96 -03.57
51.47 -03.53
51.99 -03.49
52.51 -03.45
53.03 -03.41
53.56 -03.37
54.10 -03.33
54.64 -03.29
55.18 -03.25
55.74 -03.20
56.29 -03.16
56.86 -03.11
57.42 -03.07
58.00 -03.02
58.58 -02.97
59.16 -02.92
59.76 -02.87
60.35 -02.83
60.96 -02.78
61.57 -02.73
62.18 -02.69
62.80 -02.64
63.43 -02.61
64.07 -02.57
64.71 -02.54
65.35 -02.52
66.01 -02.50
66.67 -02.48
67.33 -02.47
68.01 -02.46
68.69 -02.45
69.37 -02.45
70.07 -02.44
70.77 -02.44
71.48 -02.43
72.19 -02.42
72.91 -02.42
73.64 -02.41
74.38 -02.40
75.12 -02.39
75.87 -02.38
76.63 -02.36
77.40 -02.35
78.17 -02.33
78.95 -02.31
79.74 -02.29
80.54 -02.27
81.35 -02.24
82.16 -02.22
82.98 -02.19
83.81 -02.16
84.65 -02.12
85.50 -02.08
86.35 -02.04
87.22 -02.00
88.09 -01.95
88.97 -01.89
89.86 -01.84
90.76 -01.78
91.66 -01.72
92.58 -01.66
93.51 -01.60
94.44 -01.55
95.39 -01.50
96.34 -01.45
97.30 -01.40
98.28 -01.35
99.26 -01.31
100.25 -01.27
101.25 -01.24
102.27 -01.21
103.29 -01.17
104.32 -01.14
105.37 -01.11
106.42 -01.08
107.48 -01.05
108.56 -01.03
109.64 -01.00
110.74 -00.97
111.85 -00.95
112.97 -00.92
114.10 -00.90
115.24 -00.88
116.39 -00.85
117.55 -00.83
118.73 -00.81
119.92 -00.80
121.12 -00.78
122.33 -00.76
123.55 -00.75
124.79 -00.74
126.03 -00.73
127.29 -00.72
128.57 -00.71
129.85 -00.71
131.15 -00.70
132.46 -00.70
133.79 -00.70
135.12 -00.71
136.48 -00.71
137.84 -00.72
139.22 -00.73
140.61 -00.74
142.02 -00.75
143.44 -00.77
144.87 -00.78
146.32 -00.80
147.78 -00.82
149.26 -00.84
150.75 -00.86
152.26 -00.88
153.78 -00.90
155.32 -00.93
156.88 -00.95
158.44 -00.98
160.03 -01.02
161.63 -01.04
163.24 -01.06
164.88 -01.07
166.53 -01.09
168.19 -01.11
169.87 -01.11
171.57 -01.11
173.29 -01.10
175.02 -01.09
176.77 -01.07
178.54 -01.04
180.32 -01.01
182.13 -00.96
183.95 -00.92
185.79 -00.89
187.65 -00.84
189.52 -00.81
191.42 -00.78
193.33 -00.76
195.27 -00.73
197.22 -00.72
199.19 -00.71
201.18 -00.71
203.19 -00.70
205.23 -00.71
207.28 -00.72
209.35 -00.73
211.44 -00.75
213.56 -00.77
215.69 -00.78
217.85 -00.80
220.03 -00.83
222.23 -00.84
224.45 -00.86
226.70 -00.89
228.96 -00.91
231.25 -00.92
233.57 -00.94
235.90 -00.95
238.26 -00.95
240.64 -00.93
243.05 -00.92
245.48 -00.90
247.93 -00.86
250.41 -00.83
252.92 -00.79
255.45 -00.74
258.00 -00.70
260.58 -00.65
263.19 -00.60
265.82 -00.56
268.48 -00.52
271.16 -00.49
273.87 -00.46
276.61 -00.43
279.38 -00.41
282.17 -00.38
284.99 -00.37
287.84 -00.34
290.72 -00.33
293.63 -00.31
296.57 -00.28
299.53 -00.27
302.53 -00.25
305.55 -00.24
308.61 -00.22
311.69 -00.20
314.81 -00.19
317.96 -00.18
321.14 -00.19
324.35 -00.19
327.59 -00.20
330.87 -00.22
334.18 -00.24
337.52 -00.25
340.90 -00.28
344.30 -00.31
347.75 -00.34
351.23 -00.36
354.74 -00.38
358.28 -00.41
361.87 -00.43
365.49 -00.47
369.14 -00.49
372.83 -00.54
376.56 -00.59
380.33 -00.64
384.13 -00.71
387.97 -00.79
391.85 -00.88
395.77 -00.96
399.73 -01.05
403.72 -01.12
407.76 -01.17
411.84 -01.19
415.96 -01.18
420.12 -01.12
424.32 -01.04
428.56 -00.91
432.85 -00.75
437.18 -00.59
441.55 -00.40
445.96 -00.21
450.42 -00.04
454.93 00.13
459.48 00.27
464.07 00.40
468.71 00.51
473.40 00.60
478.13 00.67
482.91 00.71
487.74 00.74
492.62 00.76
497.55 00.76
502.52 00.74
507.55 00.71
512.62 00.66
517.75 00.61
522.93 00.57
528.16 00.53
533.44 00.52
538.77 00.51
544.16 00.52
549.60 00.55
555.10 00.58
560.65 00.63
566.25 00.66
571.92 00.70
577.64 00.73
583.41 00.77
589.25 00.80
595.14 00.84
601.09 00.89
607.10 00.95
613.17 01.02
619.30 01.11
625.50 01.23
631.75 01.37
638.07 01.51
644.45 01.66
650.89 01.79
657.40 01.92
663.98 02.04
670.62 02.13
677.32 02.21
684.10 02.28
690.94 02.32
697.85 02.35
704.83 02.36
711.87 02.36
718.99 02.36
726.18 02.34
733.44 02.31
740.78 02.28
748.19 02.24
755.67 02.19
763.23 02.12
770.86 02.05
778.57 01.97
786.35 01.87
794.22 01.77
802.16 01.66
810.18 01.53
818.28 01.40
826.46 01.27
834.73 01.16
843.08 01.05
851.51 00.96
860.02 00.89
868.62 00.82
877.31 00.78
886.08 00.73
894.94 00.70
903.89 00.67
912.93 00.67
922.06 00.64
931.28 00.62
940.59 00.56
950.00 00.50
959.50 00.42
969.09 00.31
978.78 00.19
988.57 00.04
998.46 -00.14
1008.44 -00.32
1018.53 -00.52
1028.71 -00.74
1039.00 -00.94
1049.39 -01.14
1059.88 -01.35
1070.48 -01.55
1081.19 -01.74
1092.00 -01.93
1102.92 -02.11
1113.95 -02.28
1125.09 -02.44
1136.34 -02.61
1147.70 -02.77
1159.18 -02.90
1170.77 -03.01
1182.48 -03.08
1194.30 -03.09
1206.25 -03.05
1218.31 -02.97
1230.49 -02.85
1242.80 -02.71
1255.22 -02.57
1267.78 -02.41
1280.45 -02.26
1293.26 -02.12
1306.19 -02.02
1319.25 -01.96
1332.45 -01.94
1345.77 -01.95
1359.23 -01.97
1372.82 -02.01
1386.55 -02.04
1400.41 -02.07
1414.42 -02.11
1428.56 -02.14
1442.85 -02.16
1457.28 -02.19
1471.85 -02.22
1486.57 -02.26
1501.43 -02.30
1516.45 -02.36
1531.61 -02.42
1546.93 -02.51
1562.40 -02.61
1578.02 -02.72
1593.80 -02.83
1609.74 -02.93
1625.84 -03.04
1642.10 -03.13
1658.52 -03.20
1675.10 -03.28
1691.85 -03.36
1708.77 -03.43
1725.86 -03.53
1743.12 -03.63
1760.55 -03.73
1778.15 -03.84
1795.94 -03.94
1813.90 -04.04
1832.03 -04.15
1850.36 -04.26
1868.86 -04.35
1887.55 -04.42
1906.42 -04.47
1925.49 -04.48
1944.74 -04.49
1964.19 -04.47
1983.83 -04.46
2003.67 -04.46
2023.71 -04.47
2043.94 -04.49
2064.38 -04.52
2085.03 -04.56
2105.88 -04.59
2126.94 -04.64
2148.20 -04.70
2169.69 -04.76
2191.38 -04.83
2213.30 -04.88
2235.43 -04.92
2257.78 -04.96
2280.36 -04.98
2303.17 -04.99
2326.20 -04.98
2349.46 -04.97
2372.95 -04.95
2396.68 -04.92
2420.65 -04.88
2444.86 -04.85
2469.31 -04.82
2494.00 -04.81
2518.94 -04.80
2544.13 -04.81
2569.57 -04.82
2595.27 -04.84
2621.22 -04.85
2647.43 -04.86
2673.90 -04.85
2700.64 -04.83
2727.65 -04.79
2754.93 -04.74
2782.48 -04.68
2810.30 -04.58
2838.40 -04.49
2866.79 -04.39
2895.46 -04.29
2924.41 -04.20
2953.65 -04.12
2983.19 -04.05
3013.02 -03.99
3043.15 -03.93
3073.58 -03.89
3104.32 -03.84
3135.36 -03.80
3166.72 -03.77
3198.38 -03.75
3230.37 -03.72
3262.67 -03.72
3295.30 -03.71
3328.25 -03.72
3361.53 -03.72
3395.15 -03.73
3429.10 -03.71
3463.39 -03.69
3498.03 -03.66
3533.01 -03.60
3568.34 -03.54
3604.02 -03.47
3640.06 -03.39
3676.46 -03.32
3713.22 -03.24
3750.36 -03.16
3787.86 -03.07
3825.74 -02.99
3864.00 -02.91
3902.64 -02.82
3941.66 -02.71
3981.08 -02.58
4020.89 -02.43
4061.10 -02.24
4101.71 -02.04
4142.73 -01.82
4184.15 -01.60
4226.00 -01.39
4268.26 -01.18
4310.94 -00.98
4354.05 -00.79
4397.59 -00.61
4441.56 -00.45
4485.98 -00.32
4530.84 -00.21
4576.15 -00.13
4621.91 -00.07
4668.13 -00.04
4714.81 -00.03
4761.96 -00.06
4809.58 -00.12
4857.67 -00.22
4906.25 -00.36
4955.31 -00.54
5004.87 -00.76
5054.91 -01.03
5105.46 -01.33
5156.52 -01.76
5208.08 -02.27
5260.16 -02.81
5312.77 -03.39
5365.89 -03.99
5419.55 -04.61
5473.75 -05.25
5528.49 -05.93
5583.77 -06.63
5639.61 -07.37
5696.00 -08.15
5752.96 -08.97
5810.49 -09.84
5868.60 -10.75
5927.28 -11.73
5986.56 -12.77
6046.42 -13.67
6106.89 -14.55
6167.96 -15.42
6229.64 -16.14
6291.93 -16.50
6354.85 -16.32
6418.40 -15.56
6482.58 -14.38
6547.41 -13.02
6612.88 -11.63
6679.01 -10.31
6745.80 -09.10
6813.26 -08.02
6881.39 -07.07
6950.21 -06.24
7019.71 -05.54
7089.91 -04.94
7160.81 -04.44
7232.41 -04.04
7304.74 -03.87
7377.79 -03.80
7451.56 -03.80
7526.08 -03.88
7601.34 -04.03
7677.35 -04.24
7754.13 -04.50
7831.67 -04.80
7909.98 -05.13
7989.08 -05.48
8068.98 -05.83
8149.67 -06.19
8231.16 -06.52
8313.47 -06.82
8396.61 -07.07
8480.57 -07.25
8565.38 -07.34
8651.03 -07.37
8737.54 -07.33
8824.92 -07.25
8913.17 -07.15
9002.30 -07.06
9092.32 -06.98
9183.25 -06.93
9275.08 -06.92
9367.83 -06.94
9461.51 -06.99
9556.12 -07.08
9651.68 -07.19
9748.20 -07.33
9845.68 -07.49
9944.14 -07.66
10043.58 -07.84
10144.02 -08.02
10245.46 -08.19
10347.91 -08.29
10451.39 -08.39
10555.91 -08.51
10661.46 -08.68
10768.08 -08.89
10875.76 -09.15
10984.52 -09.45
11094.36 -09.81
11205.31 -10.24
11317.36 -10.71
11430.53 -11.22
11544.84 -11.78
11660.29 -12.35
11776.89 -12.95
11894.66 -13.56
12013.60 -14.20
12133.74 -14.86
12255.08 -15.56
12377.63 -16.30
12501.41 -17.12
12626.42 -18.01
12752.68 -18.98
12880.21 -20.03
13009.01 -21.14
13139.10 -22.25
13270.49 -23.21
13403.20 -23.85
13537.23 -24.01
13672.60 -23.67
13809.33 -22.97
13947.42 -22.14
14086.90 -21.32
14227.77 -20.60
14370.04 -20.02
14513.74 -19.62
14658.88 -19.52
14805.47 -19.58
14953.52 -19.79
15103.06 -20.16
15254.09 -20.67
15406.63 -21.34
15560.70 -22.16
15716.30 -23.15
15873.47 -24.32
16032.20 -25.68
16192.52 -27.24
16354.45 -28.99
16517.99 -30.86
16683.17 -32.65
16850.01 -34.06
17018.51 -34.77
17188.69 -34.83
17360.58 -34.46
17534.18 -33.98
17709.53 -33.53
17886.62 -33.15
18065.49 -32.89
18246.14 -32.74
18428.60 -32.73
18612.89 -32.85
18799.02 -33.10
18987.01 -33.46
19176.88 -33.92
19368.65 -34.46
19562.33 -35.06
19757.96 -35.70
19955.54 -36.38
20000.00 -36.54
