20.00 -06.52
20.20 -06.44
20.40 -06.37
20.61 -06.29
20.81 -06.22
21.02 -06.15
21.23 -06.08
21.44 -06.02
21.66 -05.95
21.87 -05.88
22.09 -05.82
22.31 -05.75
22.54 -05.69
22.76 -05.62
22.99 -05.56
23.22 -05.49
23.45 -05.43
23.69 -05.37
23.92 -05.30
24.16 -05.24
24.40 -05.18
24.65 -05.11
24.89 -05.05
25.14 -04.99
25.39 -04.93
25.65 -04.87
25.91 -04.80
26.16 -04.75
26.43 -04.68
26.69 -04.62
26.96 -04.56
27.23 -04.50
27.50 -04.45
27.77 -04.39
28.05 -04.33
28.33 -04.27
28.62 -04.22
28.90 -04.16
29.19 -04.11
29.48 -04.05
29.78 -04.00
30.08 -03.94
30.38 -03.89
30.68 -03.84
30.99 -03.79
31.30 -03.74
31.61 -03.69
31.93 -03.64
32.24 -03.59
32.57 -03.54
32.89 -03.50
33.22 -03.45
33.55 -03.40
33.89 -03.35
34.23 -03.31
34.57 -03.26
34.92 -03.21
35.27 -03.17
35.62 -03.12
35.97 -03.07
36.33 -03.03
36.70 -02.98
37.06 -02.94
37.43 -02.89
37.81 -02.84
38.19 -02.80
38.57 -02.75
38.95 -02.71
39.34 -02.66
39.74 -02.62
40.14 -02.57
40.54 -02.53
40.94 -02.48
41.35 -02.44
41.76 -02.39
42.18 -02.35
42.60 -02.30
43.03 -02.26
43.46 -02.21
43.90 -02.17
44.33 -02.12
44.78 -02.07
45.23 -02.03
45.68 -01.98
46.13 -01.94
46.60 -01.89
47.06 -01.85
47.53 -01.80
48.01 -01.75
48.49 -01.71
48.97 -01.67
49.46 -01.62
49.96 -01.58
50.46 -01.54
50.96 -01.50
51.47 -01.46
51.99 -01.42
52.51 -01.38
53.03 -01.34
53.56 -01.31
54.10 -01.28
54.64 -01.25
55.18 -01.22
55.74 -01.19
56.29 -01.17
56.86 -01.14
57.42 -01.12
58.00 -01.10
58.58 -01.08
59.16 -01.06
59.76 -01.04
60.35 -01.02
60.96 -01.00
61.57 -00.98
62.18 -00.97
62.80 -00.95
63.43 -00.94
64.07 -00.92
64.71 -00.91
65.35 -00.90
66.01 -00.89
66.67 -00.88
67.33 -00.87
68.01 -00.86
68.69 -00.85
69.37 -00.85
70.07 -00.84
70.77 -00.83
71.48 -00.82
72.19 -00.81
72.91 -00.80
73.64 -00.79
74.38 -00.78
75.12 -00.76
75.87 -00.74
76.63 -00.72
77.40 -00.69
78.17 -00.67
78.95 -00.64
79.74 -00.61
80.54 -00.58
81.35 -00.55
82.16 -00.52
82.98 -00.49
83.81 -00.46
84.65 -00.43
85.50 -00.41
86.35 -00.39
87.22 -00.37
88.09 -00.35
88.97 -00.34
89.86 -00.32
90.76 -00.31
91.66 -00.30
92.58 -00.29
93.51 -00.28
94.44 -00.28
95.39 -00.27
96.34 -00.26
97.30 -00.26
98.28 -00.25
99.26 -00.25
100.25 -00.24
101.25 -00.24
102.27 -00.23
103.29 -00.23
104.32 -00.23
105.37 -00.22
106.42 -00.22
107.48 -00.22
108.56 -00.22
109.64 -00.22
110.74 -00.22
111.85 -00.22
112.97 -00.22
114.10 -00.22
115.24 -00.22
116.39 -00.22
117.55 -00.22
118.73 -00.22
119.92 -00.22
121.12 -00.22
122.33 -00.23
123.55 -00.23
124.79 -00.24
126.03 -00.24
127.29 -00.25
128.57 -00.26
129.85 -00.27
131.15 -00.29
132.46 -00.30
133.79 -00.32
135.12 -00.33
136.48 -00.34
137.84 -00.35
139.22 -00.36
140.61 -00.37
142.02 -00.37
143.44 -00.37
144.87 -00.37
146.32 -00.38
147.78 -00.38
149.26 -00.39
150.75 -00.40
152.26 -00.41
153.78 -00.43
155.32 -00.45
156.88 -00.47
158.44 -00.50
160.03 -00.52
161.63 -00.54
163.24 -00.55
164.88 -00.55
166.53 -00.56
168.19 -00.58
169.87 -00.59
171.57 -00.59
173.29 -00.61
175.02 -00.62
176.77 -00.63
178.54 -00.66
180.32 -00.68
182.13 -00.70
183.95 -00.73
185.79 -00.76
187.65 -00.79
189.52 -00.83
191.42 -00.85
193.33 -00.89
195.27 -00.93
197.22 -00.97
199.19 -01.01
201.18 -01.06
203.19 -01.11
205.23 -01.17
207.28 -01.22
209.35 -01.29
211.44 -01.35
213.56 -01.43
215.69 -01.51
217.85 -01.58
220.03 -01.67
222.23 -01.74
224.45 -01.81
226.70 -01.89
228.96 -01.96
231.25 -02.02
233.57 -02.08
235.90 -02.13
238.26 -02.18
240.64 -02.21
243.05 -02.25
245.48 -02.29
247.93 -02.32
250.41 -02.36
252.92 -02.39
255.45 -02.43
258.00 -02.47
260.58 -02.52
263.19 -02.56
265.82 -02.61
268.48 -02.65
271.16 -02.71
273.87 -02.77
276.61 -02.81
279.38 -02.87
282.17 -02.92
284.99 -02.98
287.84 -03.02
290.72 -03.07
293.63 -03.10
296.57 -03.12
299.53 -03.14
302.53 -03.13
305.55 -03.13
308.61 -03.09
311.69 -03.04
314.81 -02.98
317.96 -02.89
321.14 -02.80
324.35 -02.68
327.59 -02.56
330.87 -02.43
334.18 -02.30
337.52 -02.16
340.90 -02.03
344.30 -01.90
347.75 -01.78
351.23 -01.66
354.74 -01.56
358.28 -01.48
361.87 -01.39
365.49 -01.33
369.14 -01.26
372.83 -01.22
376.56 -01.18
380.33 -01.15
384.13 -01.14
387.97 -01.13
391.85 -01.14
395.77 -01.14
399.73 -01.17
403.72 -01.19
407.76 -01.22
411.84 -01.26
415.96 -01.31
420.12 -01.35
424.32 -01.41
428.56 -01.45
432.85 -01.49
437.18 -01.54
441.55 -01.57
445.96 -01.59
450.42 -01.62
454.93 -01.64
459.48 -01.65
464.07 -01.66
468.71 -01.66
473.40 -01.65
478.13 -01.64
482.91 -01.64
487.74 -01.63
492.62 -01.61
497.55 -01.60
502.52 -01.58
507.55 -01.55
512.62 -01.53
517.75 -01.50
522.93 -01.46
528.16 -01.42
533.44 -01.37
538.77 -01.33
544.16 -01.29
549.60 -01.23
555.10 -01.18
560.65 -01.13
566.25 -01.08
571.92 -01.04
577.64 -01.00
583.41 -00.95
589.25 -00.92
595.14 -00.87
601.09 -00.83
607.10 -00.78
613.17 -00.73
619.30 -00.68
625.50 -00.62
631.75 -00.56
638.07 -00.50
644.45 -00.44
650.89 -00.40
657.40 -00.36
663.98 -00.30
670.62 -00.26
677.32 -00.21
684.10 -00.16
690.94 -00.11
697.85 -00.05
704.83 -00.01
711.87 00.04
718.99 00.09
726.18 00.14
733.44 00.18
740.78 00.22
748.19 00.26
755.67 00.30
763.23 00.33
770.86 00.38
778.57 00.41
786.35 00.44
794.22 00.46
802.16 00.50
810.18 00.53
818.28 00.55
826.46 00.58
834.73 00.62
843.08 00.65
851.51 00.67
860.02 00.70
868.62 00.73
877.31 00.78
886.08 00.81
894.94 00.84
903.89 00.86
912.93 00.91
922.06 00.94
931.28 00.97
940.59 01.00
950.00 01.02
959.50 01.04
969.09 01.04
978.78 01.05
988.57 01.04
998.46 01.02
1008.44 01.00
1018.53 00.96
1028.71 00.89
1039.00 00.83
1049.39 00.77
1059.88 00.71
1070.48 00.66
1081.19 00.63
1092.00 00.59
1102.92 00.57
1113.95 00.56
1125.09 00.55
1136.34 00.55
1147.70 00.56
1159.18 00.56
1170.77 00.55
1182.48 00.52
1194.30 00.48
1206.25 00.42
1218.31 00.36
1230.49 00.30
1242.80 00.23
1255.22 00.14
1267.78 00.07
1280.45 00.00
1293.26 -00.06
1306.19 -00.11
1319.25 -00.15
1332.45 -00.20
1345.77 -00.24
1359.23 -00.29
1372.82 -00.33
1386.55 -00.38
1400.41 -00.44
1414.42 -00.49
1428.56 -00.54
1442.85 -00.59
1457.28 -00.64
1471.85 -00.69
1486.57 -00.74
1501.43 -00.80
1516.45 -00.86
1531.61 -00.91
1546.93 -00.97
1562.40 -01.03
1578.02 -01.08
1593.80 -01.12
1609.74 -01.16
1625.84 -01.19
1642.10 -01.22
1658.52 -01.24
1675.10 -01.26
1691.85 -01.28
1708.77 -01.29
1725.86 -01.31
1743.12 -01.32
1760.55 -01.35
1778.15 -01.39
1795.94 -01.43
1813.90 -01.48
1832.03 -01.54
1850.36 -01.59
1868.86 -01.65
1887.55 -01.71
1906.42 -01.78
1925.49 -01.85
1944.74 -01.93
1964.19 -02.01
1983.83 -02.08
2003.67 -02.17
2023.71 -02.27
2043.94 -02.38
2064.38 -02.52
2085.03 -02.67
2105.88 -02.82
2126.94 -03.00
2148.20 -03.19
2169.69 -03.38
2191.38 -03.56
2213.30 -03.74
2235.43 -03.90
2257.78 -04.06
2280.36 -04.20
2303.17 -04.31
2326.20 -04.38
2349.46 -04.42
2372.95 -04.43
2396.68 -04.40
2420.65 -04.36
2444.86 -04.30
2469.31 -04.22
2494.00 -04.16
2518.94 -04.10
2544.13 -04.06
2569.57 -04.04
2595.27 -04.04
2621.22 -04.07
2647.43 -04.12
2673.90 -04.20
2700.64 -04.28
2727.65 -04.38
2754.93 -04.49
2782.48 -04.58
2810.30 -04.65
2838.40 -04.71
2866.79 -04.75
2895.46 -04.77
2924.41 -04.77
2953.65 -04.75
2983.19 -04.71
3013.02 -04.65
3043.15 -04.56
3073.58 -04.47
3104.32 -04.35
3135.36 -04.25
3166.72 -04.13
3198.38 -04.02
3230.37 -03.89
3262.67 -03.77
3295.30 -03.63
3328.25 -03.52
3361.53 -03.42
3395.15 -03.34
3429.10 -03.26
3463.39 -03.19
3498.03 -03.13
3533.01 -03.06
3568.34 -02.98
3604.02 -02.92
3640.06 -02.87
3676.46 -02.84
3713.22 -02.82
3750.36 -02.81
3787.86 -02.81
3825.74 -02.83
3864.00 -02.87
3902.64 -02.95
3941.66 -03.07
3981.08 -03.22
4020.89 -03.41
4061.10 -03.63
4101.71 -03.87
4142.73 -04.12
4184.15 -04.38
4226.00 -04.63
4268.26 -04.85
4310.94 -05.01
4354.05 -05.09
4397.59 -05.06
4441.56 -04.91
4485.98 -04.64
4530.84 -04.28
4576.15 -03.84
4621.91 -03.35
4668.13 -02.83
4714.81 -02.29
4761.96 -01.77
4809.58 -01.27
4857.67 -00.80
4906.25 -00.38
4955.31 00.00
5004.87 00.33
5054.91 00.60
5105.46 00.81
5156.52 00.87
5208.08 00.82
5260.16 00.71
5312.77 00.52
5365.89 00.26
5419.55 -00.07
5473.75 -00.47
5528.49 -00.95
5583.77 -01.49
5639.61 -02.10
5696.00 -02.77
5752.96 -03.49
5810.49 -04.23
5868.60 -04.99
5927.28 -05.71
5986.56 -06.38
6046.42 -06.73
6106.89 -06.88
6167.96 -06.89
6229.64 -06.73
6291.93 -06.44
6354.85 -06.02
6418.40 -05.52
6482.58 -04.95
6547.41 -04.38
6612.88 -03.79
6679.01 -03.22
6745.80 -02.66
6813.26 -02.12
6881.39 -01.62
6950.21 -01.12
7019.71 -00.65
7089.91 -00.20
7160.81 00.23
7232.41 00.64
7304.74 00.88
7377.79 01.07
7451.56 01.21
7526.08 01.32
7601.34 01.37
7677.35 01.36
7754.13 01.28
7831.67 01.14
7909.98 00.92
7989.08 00.64
8068.98 00.29
8149.67 -00.12
8231.16 -00.59
8313.47 -01.11
8396.61 -01.65
8480.57 -02.19
8565.38 -02.69
8651.03 -03.12
8737.54 -03.45
8824.92 -03.64
8913.17 -03.71
9002.30 -03.66
9092.32 -03.50
9183.25 -03.25
9275.08 -02.93
9367.83 -02.56
9461.51 -02.15
9556.12 -01.72
9651.68 -01.29
9748.20 -00.87
9845.68 -00.48
9944.14 -00.12
10043.58 00.17
10144.02 00.40
10245.46 00.57
10347.91 00.75
10451.39 00.85
10555.91 00.89
10661.46 00.82
10768.08 00.68
10875.76 00.46
10984.52 00.18
11094.36 -00.16
11205.31 -00.54
11317.36 -00.91
11430.53 -01.22
11544.84 -01.45
11660.29 -01.52
11776.89 -01.46
11894.66 -01.24
12013.60 -00.91
12133.74 -00.51
12255.08 -00.07
12377.63 00.37
12501.41 00.81
12626.42 01.25
12752.68 01.72
12880.21 02.22
13009.01 02.79
13139.10 03.44
13270.49 04.17
13403.20 04.98
13537.23 05.83
13672.60 06.63
13809.33 07.32
13947.42 07.85
14086.90 08.25
14227.77 08.52
14370.04 08.69
14513.74 08.72
14658.88 08.52
14805.47 08.20
14953.52 07.73
15103.06 07.09
15254.09 06.26
15406.63 05.25
15560.70 04.14
15716.30 03.02
15873.47 01.95
16032.20 00.94
16192.52 -00.05
16354.45 -01.05
16517.99 -02.08
16683.17 -03.14
16850.01 -04.16
17018.51 -05.01
17188.69 -05.58
17360.58 -05.81
17534.18 -05.77
17709.53 -05.63
17886.62 -05.46
18065.49 -05.35
18246.14 -05.30
18428.60 -05.35
18612.89 -05.48
18799.02 -05.76
18987.01 -06.20
19176.88 -06.84
19368.65 -07.70
19562.33 -08.78
19757.96 -10.03
19955.54 -11.39
20000.00 -11.70
