20.00 -02.78
20.20 -02.69
20.40 -02.60
20.61 -02.51
20.81 -02.44
21.02 -02.35
21.23 -02.28
21.44 -02.20
21.66 -02.13
21.87 -02.06
22.09 -01.99
22.31 -01.93
22.54 -01.86
22.76 -01.79
22.99 -01.73
23.22 -01.66
23.45 -01.60
23.69 -01.53
23.92 -01.47
24.16 -01.41
24.40 -01.34
24.65 -01.28
24.89 -01.22
25.14 -01.16
25.39 -01.10
25.65 -01.04
25.91 -00.98
26.16 -00.92
26.43 -00.86
26.69 -00.81
26.96 -00.75
27.23 -00.70
27.50 -00.64
27.77 -00.59
28.05 -00.54
28.33 -00.49
28.62 -00.44
28.90 -00.39
29.19 -00.34
29.48 -00.29
29.78 -00.25
30.08 -00.20
30.38 -00.16
30.68 -00.12
30.99 -00.08
31.30 -00.04
31.61 00.00
31.93 00.05
32.24 00.08
32.57 00.13
32.89 00.16
33.22 00.20
33.55 00.24
33.89 00.28
34.23 00.32
34.57 00.36
34.92 00.40
35.27 00.44
35.62 00.47
35.97 00.51
36.33 00.54
36.70 00.57
37.06 00.60
37.43 00.63
37.81 00.66
38.19 00.69
38.57 00.72
38.95 00.74
39.34 00.77
39.74 00.79
40.14 00.81
40.54 00.83
40.94 00.85
41.35 00.87
41.76 00.88
42.18 00.89
42.60 00.90
43.03 00.91
43.46 00.92
43.90 00.92
44.33 00.92
44.78 00.91
45.23 00.90
45.68 00.89
46.13 00.88
46.60 00.86
47.06 00.84
47.53 00.82
48.01 00.80
48.49 00.77
48.97 00.75
49.46 00.73
49.96 00.70
50.46 00.69
50.96 00.67
51.47 00.66
51.99 00.65
52.51 00.65
53.03 00.66
53.56 00.68
54.10 00.70
54.64 00.74
55.18 00.78
55.74 00.83
56.29 00.88
56.86 00.94
57.42 01.01
58.00 01.08
58.58 01.16
59.16 01.23
59.76 01.31
60.35 01.38
60.96 01.45
61.57 01.52
62.18 01.58
62.80 01.64
63.43 01.69
64.07 01.73
64.71 01.77
65.35 01.80
66.01 01.82
66.67 01.84
67.33 01.85
68.01 01.86
68.69 01.86
69.37 01.86
70.07 01.86
70.77 01.87
71.48 01.87
72.19 01.87
72.91 01.88
73.64 01.89
74.38 01.90
75.12 01.91
75.87 01.93
76.63 01.95
77.40 01.97
78.17 02.00
78.95 02.02
79.74 02.05
80.54 02.08
81.35 02.11
82.16 02.14
82.98 02.16
83.81 02.19
84.65 02.21
85.50 02.24
86.35 02.26
87.22 02.28
88.09 02.29
88.97 02.31
89.86 02.32
90.76 02.33
91.66 02.35
92.58 02.36
93.51 02.37
94.44 02.38
95.39 02.39
96.34 02.40
97.30 02.41
98.28 02.43
99.26 02.44
100.25 02.45
101.25 02.46
102.27 02.47
103.29 02.48
104.32 02.49
105.37 02.50
106.42 02.50
107.48 02.51
108.56 02.52
109.64 02.52
110.74 02.52
111.85 02.53
112.97 02.53
114.10 02.53
115.24 02.54
116.39 02.54
117.55 02.54
118.73 02.55
119.92 02.55
121.12 02.56
122.33 02.56
123.55 02.57
124.79 02.57
126.03 02.58
127.29 02.58
128.57 02.59
129.85 02.59
131.15 02.60
132.46 02.60
133.79 02.60
135.12 02.60
136.48 02.61
137.84 02.61
139.22 02.61
140.61 02.61
142.02 02.61
143.44 02.61
144.87 02.61
146.32 02.60
147.78 02.60
149.26 02.60
150.75 02.59
152.26 02.59
153.78 02.58
155.32 02.57
156.88 02.56
158.44 02.55
160.03 02.54
161.63 02.54
163.24 02.54
164.88 02.54
166.53 02.54
168.19 02.54
169.87 02.54
171.57 02.55
173.29 02.54
175.02 02.55
176.77 02.56
178.54 02.56
180.32 02.56
182.13 02.57
183.95 02.58
185.79 02.58
187.65 02.59
189.52 02.59
191.42 02.60
193.33 02.60
195.27 02.61
197.22 02.61
199.19 02.62
201.18 02.61
203.19 02.61
205.23 02.61
207.28 02.61
209.35 02.60
211.44 02.60
213.56 02.58
215.69 02.58
217.85 02.57
220.03 02.56
222.23 02.55
224.45 02.54
226.70 02.52
228.96 02.50
231.25 02.48
233.57 02.46
235.90 02.43
238.26 02.40
240.64 02.38
243.05 02.35
245.48 02.32
247.93 02.31
250.41 02.29
252.92 02.27
255.45 02.27
258.00 02.27
260.58 02.27
263.19 02.28
265.82 02.28
268.48 02.29
271.16 02.29
273.87 02.28
276.61 02.28
279.38 02.27
282.17 02.26
284.99 02.23
287.84 02.21
290.72 02.18
293.63 02.15
296.57 02.11
299.53 02.07
302.53 02.04
305.55 02.00
308.61 01.97
311.69 01.95
314.81 01.92
317.96 01.91
321.14 01.90
324.35 01.90
327.59 01.90
330.87 01.90
334.18 01.91
337.52 01.93
340.90 01.95
344.30 01.97
347.75 01.98
351.23 02.01
354.74 02.03
358.28 02.04
361.87 02.06
365.49 02.06
369.14 02.07
372.83 02.05
376.56 02.03
380.33 02.01
384.13 01.96
387.97 01.91
391.85 01.85
395.77 01.79
399.73 01.71
403.72 01.65
407.76 01.58
411.84 01.52
415.96 01.47
420.12 01.43
424.32 01.39
428.56 01.38
432.85 01.37
437.18 01.36
441.55 01.36
445.96 01.37
450.42 01.36
454.93 01.37
459.48 01.36
464.07 01.35
468.71 01.32
473.40 01.31
478.13 01.27
482.91 01.23
487.74 01.18
492.62 01.14
497.55 01.08
502.52 01.02
507.55 00.97
512.62 00.92
517.75 00.87
522.93 00.84
528.16 00.82
533.44 00.82
538.77 00.82
544.16 00.84
549.60 00.88
555.10 00.93
560.65 00.99
566.25 01.05
571.92 01.12
577.64 01.19
583.41 01.26
589.25 01.31
595.14 01.37
601.09 01.42
607.10 01.44
613.17 01.46
619.30 01.46
625.50 01.46
631.75 01.45
638.07 01.41
644.45 01.37
650.89 01.31
657.40 01.25
663.98 01.20
670.62 01.15
677.32 01.11
684.10 01.09
690.94 01.07
697.85 01.07
704.83 01.06
711.87 01.05
718.99 01.05
726.18 01.04
733.44 01.02
740.78 00.99
748.19 00.97
755.67 00.94
763.23 00.90
770.86 00.86
778.57 00.82
786.35 00.77
794.22 00.73
802.16 00.70
810.18 00.66
818.28 00.62
826.46 00.59
834.73 00.57
843.08 00.55
851.51 00.52
860.02 00.50
868.62 00.47
877.31 00.45
886.08 00.42
894.94 00.38
903.89 00.34
912.93 00.32
922.06 00.29
931.28 00.25
940.59 00.21
950.00 00.17
959.50 00.12
969.09 00.06
978.78 00.01
988.57 -00.04
998.46 -00.11
1008.44 -00.17
1018.53 -00.23
1028.71 -00.30
1039.00 -00.37
1049.39 -00.45
1059.88 -00.54
1070.48 -00.62
1081.19 -00.71
1092.00 -00.81
1102.92 -00.90
1113.95 -00.99
1125.09 -01.07
1136.34 -01.17
1147.70 -01.26
1159.18 -01.36
1170.77 -01.45
1182.48 -01.54
1194.30 -01.63
1206.25 -01.71
1218.31 -01.79
1230.49 -01.86
1242.80 -01.93
1255.22 -02.00
1267.78 -02.05
1280.45 -02.09
1293.26 -02.11
1306.19 -02.12
1319.25 -02.12
1332.45 -02.11
1345.77 -02.09
1359.23 -02.06
1372.82 -02.02
1386.55 -01.99
1400.41 -01.96
1414.42 -01.93
1428.56 -01.91
1442.85 -01.89
1457.28 -01.87
1471.85 -01.86
1486.57 -01.85
1501.43 -01.84
1516.45 -01.83
1531.61 -01.83
1546.93 -01.83
1562.40 -01.85
1578.02 -01.86
1593.80 -01.88
1609.74 -01.89
1625.84 -01.91
1642.10 -01.93
1658.52 -01.94
1675.10 -01.97
1691.85 -01.99
1708.77 -02.00
1725.86 -02.03
1743.12 -02.04
1760.55 -02.07
1778.15 -02.09
1795.94 -02.10
1813.90 -02.11
1832.03 -02.12
1850.36 -02.12
1868.86 -02.14
1887.55 -02.15
1906.42 -02.16
1925.49 -02.17
1944.74 -02.17
1964.19 -02.16
1983.83 -02.14
2003.67 -02.12
2023.71 -02.10
2043.94 -02.09
2064.38 -02.07
2085.03 -02.05
2105.88 -02.01
2126.94 -01.98
2148.20 -01.95
2169.69 -01.94
2191.38 -01.94
2213.30 -01.95
2235.43 -01.95
2257.78 -01.96
2280.36 -01.97
2303.17 -01.98
2326.20 -01.99
2349.46 -02.02
2372.95 -02.06
2396.68 -02.08
2420.65 -02.10
2444.86 -02.11
2469.31 -02.12
2494.00 -02.14
2518.94 -02.15
2544.13 -02.17
2569.57 -02.19
2595.27 -02.20
2621.22 -02.23
2647.43 -02.26
2673.90 -02.29
2700.64 -02.32
2727.65 -02.36
2754.93 -02.40
2782.48 -02.43
2810.30 -02.46
2838.40 -02.50
2866.79 -02.56
2895.46 -02.60
2924.41 -02.64
2953.65 -02.67
2983.19 -02.71
3013.02 -02.77
3043.15 -02.82
3073.58 -02.87
3104.32 -02.91
3135.36 -02.97
3166.72 -03.03
3198.38 -03.11
3230.37 -03.18
3262.67 -03.26
3295.30 -03.34
3328.25 -03.44
3361.53 -03.55
3395.15 -03.66
3429.10 -03.77
3463.39 -03.89
3498.03 -04.02
3533.01 -04.13
3568.34 -04.24
3604.02 -04.36
3640.06 -04.47
3676.46 -04.58
3713.22 -04.68
3750.36 -04.75
3787.86 -04.79
3825.74 -04.79
3864.00 -04.76
3902.64 -04.68
3941.66 -04.55
3981.08 -04.39
4020.89 -04.19
4061.10 -03.93
4101.71 -03.64
4142.73 -03.33
4184.15 -02.99
4226.00 -02.62
4268.26 -02.25
4310.94 -01.87
4354.05 -01.47
4397.59 -01.06
4441.56 -00.64
4485.98 -00.22
4530.84 00.19
4576.15 00.60
4621.91 01.00
4668.13 01.38
4714.81 01.74
4761.96 02.08
4809.58 02.39
4857.67 02.68
4906.25 02.95
4955.31 03.18
5004.87 03.39
5054.91 03.58
5105.46 03.75
5156.52 03.82
5208.08 03.82
5260.16 03.80
5312.77 03.76
5365.89 03.69
5419.55 03.59
5473.75 03.45
5528.49 03.27
5583.77 03.06
5639.61 02.81
5696.00 02.54
5752.96 02.25
5810.49 01.93
5868.60 01.62
5927.28 01.31
5986.56 01.01
6046.42 00.95
6106.89 01.00
6167.96 01.07
6229.64 01.18
6291.93 01.31
6354.85 01.48
6418.40 01.66
6482.58 01.86
6547.41 02.05
6612.88 02.26
6679.01 02.47
6745.80 02.68
6813.26 02.91
6881.39 03.14
6950.21 03.39
7019.71 03.63
7089.91 03.85
7160.81 04.05
7232.41 04.22
7304.74 04.22
7377.79 04.17
7451.56 04.09
7526.08 03.99
7601.34 03.86
7677.35 03.70
7754.13 03.52
7831.67 03.33
7909.98 03.14
7989.08 02.96
8068.98 02.82
8149.67 02.70
8231.16 02.61
8313.47 02.56
8396.61 02.53
8480.57 02.53
8565.38 02.54
8651.03 02.58
8737.54 02.63
8824.92 02.70
8913.17 02.78
9002.30 02.89
9092.32 03.01
9183.25 03.16
9275.08 03.35
9367.83 03.58
9461.51 03.84
9556.12 04.13
9651.68 04.44
9748.20 04.74
9845.68 05.03
9944.14 05.28
10043.58 05.49
10144.02 05.62
10245.46 05.69
10347.91 05.78
10451.39 05.81
10555.91 05.77
10661.46 05.65
10768.08 05.45
10875.76 05.18
10984.52 04.85
11094.36 04.46
11205.31 04.03
11317.36 03.62
11430.53 03.25
11544.84 02.95
11660.29 02.74
11776.89 02.59
11894.66 02.52
12013.60 02.48
12133.74 02.52
12255.08 02.62
12377.63 02.76
12501.41 02.94
12626.42 03.15
12752.68 03.38
12880.21 03.61
13009.01 03.88
13139.10 04.16
13270.49 04.44
13403.20 04.71
13537.23 04.94
13672.60 05.12
13809.33 05.25
13947.42 05.32
14086.90 05.33
14227.77 05.28
14370.04 05.16
14513.74 04.92
14658.88 04.47
14805.47 03.96
14953.52 03.42
15103.06 02.89
15254.09 02.41
15406.63 02.00
15560.70 01.65
15716.30 01.38
15873.47 01.16
16032.20 00.99
16192.52 00.86
16354.45 00.74
16517.99 00.63
16683.17 00.52
16850.01 00.38
17018.51 00.21
17188.69 -00.01
17360.58 -00.28
17534.18 -00.60
17709.53 -00.99
17886.62 -01.40
18065.49 -01.85
18246.14 -02.30
18428.60 -02.75
18612.89 -03.18
18799.02 -03.62
18987.01 -04.06
19176.88 -04.49
19368.65 -04.94
19562.33 -05.38
19757.96 -05.83
19955.54 -06.27
20000.00 -06.37
