20.00 07.75
20.20 07.76
20.40 07.76
20.61 07.76
20.81 07.76
21.02 07.76
21.23 07.76
21.44 07.76
21.66 07.76
21.87 07.75
22.09 07.75
22.31 07.74
22.54 07.73
22.76 07.73
22.99 07.72
23.22 07.71
23.45 07.70
23.69 07.69
23.92 07.68
24.16 07.67
24.40 07.66
24.65 07.65
24.89 07.64
25.14 07.63
25.39 07.62
25.65 07.61
25.91 07.59
26.16 07.58
26.43 07.57
26.69 07.55
26.96 07.54
27.23 07.52
27.50 07.51
27.77 07.49
28.05 07.47
28.33 07.46
28.62 07.44
28.90 07.42
29.19 07.40
29.48 07.38
29.78 07.36
30.08 07.34
30.38 07.32
30.68 07.29
30.99 07.27
31.30 07.25
31.61 07.22
31.93 07.20
32.24 07.18
32.57 07.15
32.89 07.13
33.22 07.10
33.55 07.08
33.89 07.05
34.23 07.03
34.57 07.00
34.92 06.98
35.27 06.95
35.62 06.92
35.97 06.89
36.33 06.86
36.70 06.83
37.06 06.80
37.43 06.77
37.81 06.73
38.19 06.70
38.57 06.67
38.95 06.63
39.34 06.59
39.74 06.56
40.14 06.52
40.54 06.48
40.94 06.44
41.35 06.39
41.76 06.35
42.18 06.31
42.60 06.26
43.03 06.21
43.46 06.16
43.90 06.11
44.33 06.05
44.78 05.99
45.23 05.93
45.68 05.86
46.13 05.79
46.60 05.72
47.06 05.65
47.53 05.57
48.01 05.49
48.49 05.41
48.97 05.33
49.46 05.25
49.96 05.17
50.46 05.09
50.96 05.01
51.47 04.94
51.99 04.87
52.51 04.81
53.03 04.76
53.56 04.72
54.10 04.69
54.64 04.66
55.18 04.66
55.74 04.66
56.29 04.67
56.86 04.70
57.42 04.73
58.00 04.77
58.58 04.82
59.16 04.86
59.76 04.91
60.35 04.95
60.96 04.99
61.57 05.02
62.18 05.04
62.80 05.04
63.43 05.03
64.07 05.00
64.71 04.95
65.35 04.88
66.01 04.79
66.67 04.69
67.33 04.57
68.01 04.43
68.69 04.28
69.37 04.12
70.07 03.95
70.77 03.78
71.48 03.61
72.19 03.45
72.91 03.30
73.64 03.16
74.38 03.03
75.12 02.92
75.87 02.82
76.63 02.74
77.40 02.66
78.17 02.61
78.95 02.56
79.74 02.52
80.54 02.50
81.35 02.48
82.16 02.47
82.98 02.46
83.81 02.47
84.65 02.48
85.50 02.51
86.35 02.54
87.22 02.57
88.09 02.62
88.97 02.67
89.86 02.72
90.76 02.77
91.66 02.83
92.58 02.89
93.51 02.95
94.44 03.01
95.39 03.07
96.34 03.13
97.30 03.19
98.28 03.24
99.26 03.30
100.25 03.36
101.25 03.41
102.27 03.46
103.29 03.51
104.32 03.56
105.37 03.60
106.42 03.64
107.48 03.67
108.56 03.70
109.64 03.72
110.74 03.73
111.85 03.74
112.97 03.74
114.10 03.73
115.24 03.71
116.39 03.69
117.55 03.65
118.73 03.61
119.92 03.56
121.12 03.50
122.33 03.43
123.55 03.36
124.79 03.27
126.03 03.18
127.29 03.08
128.57 02.97
129.85 02.85
131.15 02.73
132.46 02.60
133.79 02.47
135.12 02.34
136.48 02.20
137.84 02.06
139.22 01.92
140.61 01.78
142.02 01.64
143.44 01.51
144.87 01.38
146.32 01.26
147.78 01.15
149.26 01.05
150.75 00.96
152.26 00.87
153.78 00.80
155.32 00.74
156.88 00.69
158.44 00.64
160.03 00.61
161.63 00.59
163.24 00.57
164.88 00.57
166.53 00.56
168.19 00.55
169.87 00.55
171.57 00.55
173.29 00.55
175.02 00.54
176.77 00.54
178.54 00.52
180.32 00.50
182.13 00.48
183.95 00.44
185.79 00.39
187.65 00.34
189.52 00.28
191.42 00.21
193.33 00.13
195.27 00.05
197.22 -00.04
199.19 -00.12
201.18 -00.21
203.19 -00.30
205.23 -00.39
207.28 -00.47
209.35 -00.56
211.44 -00.64
213.56 -00.72
215.69 -00.78
217.85 -00.84
220.03 -00.90
222.23 -00.94
224.45 -00.97
226.70 -01.00
228.96 -01.02
231.25 -01.02
233.57 -01.02
235.90 -01.00
238.26 -00.97
240.64 -00.92
243.05 -00.87
245.48 -00.81
247.93 -00.74
250.41 -00.68
252.92 -00.61
255.45 -00.54
258.00 -00.48
260.58 -00.43
263.19 -00.37
265.82 -00.34
268.48 -00.30
271.16 -00.28
273.87 -00.27
276.61 -00.25
279.38 -00.24
282.17 -00.23
284.99 -00.23
287.84 -00.22
290.72 -00.23
293.63 -00.22
296.57 -00.22
299.53 -00.23
302.53 -00.24
305.55 -00.27
308.61 -00.29
311.69 -00.33
314.81 -00.38
317.96 -00.42
321.14 -00.48
324.35 -00.53
327.59 -00.60
330.87 -00.66
334.18 -00.73
337.52 -00.79
340.90 -00.86
344.30 -00.93
347.75 -01.00
351.23 -01.06
354.74 -01.14
358.28 -01.22
361.87 -01.30
365.49 -01.39
369.14 -01.47
372.83 -01.57
376.56 -01.66
380.33 -01.76
384.13 -01.86
387.97 -01.96
391.85 -02.07
395.77 -02.18
399.73 -02.29
403.72 -02.40
407.76 -02.51
411.84 -02.62
415.96 -02.75
420.12 -02.86
424.32 -02.99
428.56 -03.11
432.85 -03.23
437.18 -03.35
441.55 -03.45
445.96 -03.52
450.42 -03.58
454.93 -03.60
459.48 -03.57
464.07 -03.49
468.71 -03.35
473.40 -03.13
478.13 -02.87
482.91 -02.56
487.74 -02.22
492.62 -01.85
497.55 -01.49
502.52 -01.13
507.55 -00.79
512.62 -00.47
517.75 -00.19
522.93 00.07
528.16 00.30
533.44 00.49
538.77 00.65
544.16 00.77
549.60 00.87
555.10 00.94
560.65 01.00
566.25 01.03
571.92 01.06
577.64 01.07
583.41 01.08
589.25 01.08
595.14 01.08
601.09 01.07
607.10 01.06
613.17 01.05
619.30 01.03
625.50 01.02
631.75 01.00
638.07 00.98
644.45 00.95
650.89 00.90
657.40 00.84
663.98 00.80
670.62 00.74
677.32 00.68
684.10 00.62
690.94 00.55
697.85 00.49
704.83 00.42
711.87 00.35
718.99 00.29
726.18 00.22
733.44 00.15
740.78 00.09
748.19 00.04
755.67 -00.01
763.23 -00.06
770.86 -00.10
778.57 -00.15
786.35 -00.19
794.22 -00.23
802.16 -00.25
810.18 -00.29
818.28 -00.32
826.46 -00.35
834.73 -00.37
843.08 -00.40
851.51 -00.43
860.02 -00.45
868.62 -00.46
877.31 -00.46
886.08 -00.46
894.94 -00.46
903.89 -00.45
912.93 -00.40
922.06 -00.37
931.28 -00.31
940.59 -00.27
950.00 -00.21
959.50 -00.15
969.09 -00.11
978.78 -00.06
988.57 -00.01
998.46 00.02
1008.44 00.05
1018.53 00.08
1028.71 00.09
1039.00 00.10
1049.39 00.12
1059.88 00.11
1070.48 00.12
1081.19 00.13
1092.00 00.13
1102.92 00.14
1113.95 00.15
1125.09 00.16
1136.34 00.16
1147.70 00.16
1159.18 00.16
1170.77 00.16
1182.48 00.15
1194.30 00.13
1206.25 00.11
1218.31 00.08
1230.49 00.04
1242.80 -00.01
1255.22 -00.08
1267.78 -00.16
1280.45 -00.25
1293.26 -00.34
1306.19 -00.44
1319.25 -00.55
1332.45 -00.68
1345.77 -00.81
1359.23 -00.94
1372.82 -01.07
1386.55 -01.20
1400.41 -01.33
1414.42 -01.46
1428.56 -01.58
1442.85 -01.71
1457.28 -01.83
1471.85 -01.96
1486.57 -02.10
1501.43 -02.25
1516.45 -02.39
1531.61 -02.50
1546.93 -02.61
1562.40 -02.70
1578.02 -02.78
1593.80 -02.86
1609.74 -02.93
1625.84 -03.00
1642.10 -03.05
1658.52 -03.08
1675.10 -03.10
1691.85 -03.11
1708.77 -03.13
1725.86 -03.17
1743.12 -03.21
1760.55 -03.26
1778.15 -03.30
1795.94 -03.32
1813.90 -03.34
1832.03 -03.35
1850.36 -03.36
1868.86 -03.37
1887.55 -03.37
1906.42 -03.36
1925.49 -03.34
1944.74 -03.33
1964.19 -03.30
1983.83 -03.27
2003.67 -03.22
2023.71 -03.17
2043.94 -03.10
2064.38 -03.02
2085.03 -02.93
2105.88 -02.83
2126.94 -02.72
2148.20 -02.61
2169.69 -02.49
2191.38 -02.36
2213.30 -02.23
2235.43 -02.08
2257.78 -01.93
2280.36 -01.79
2303.17 -01.65
2326.20 -01.51
2349.46 -01.39
2372.95 -01.30
2396.68 -01.21
2420.65 -01.14
2444.86 -01.09
2469.31 -01.04
2494.00 -01.02
2518.94 -00.99
2544.13 -00.99
2569.57 -00.98
2595.27 -00.98
2621.22 -00.98
2647.43 -00.99
2673.90 -00.99
2700.64 -00.98
2727.65 -00.99
2754.93 -01.01
2782.48 -01.03
2810.30 -01.06
2838.40 -01.12
2866.79 -01.19
2895.46 -01.26
2924.41 -01.35
2953.65 -01.44
2983.19 -01.55
3013.02 -01.65
3043.15 -01.75
3073.58 -01.87
3104.32 -01.98
3135.36 -02.10
3166.72 -02.21
3198.38 -02.33
3230.37 -02.45
3262.67 -02.59
3295.30 -02.72
3328.25 -02.87
3361.53 -03.02
3395.15 -03.19
3429.10 -03.34
3463.39 -03.49
3498.03 -03.64
3533.01 -03.77
3568.34 -03.89
3604.02 -04.00
3640.06 -04.10
3676.46 -04.20
3713.22 -04.30
3750.36 -04.39
3787.86 -04.49
3825.74 -04.60
3864.00 -04.73
3902.64 -04.89
3941.66 -05.07
3981.08 -05.29
4020.89 -05.53
4061.10 -05.80
4101.71 -06.12
4142.73 -06.47
4184.15 -06.86
4226.00 -07.27
4268.26 -07.70
4310.94 -08.14
4354.05 -08.60
4397.59 -09.06
4441.56 -09.53
4485.98 -09.99
4530.84 -10.43
4576.15 -10.80
4621.91 -11.08
4668.13 -11.22
4714.81 -11.21
4761.96 -11.02
4809.58 -10.64
4857.67 -10.09
4906.25 -09.42
4955.31 -08.71
5004.87 -08.03
5054.91 -07.42
5105.46 -06.91
5156.52 -06.58
5208.08 -06.37
5260.16 -06.24
5312.77 -06.17
5365.89 -06.17
5419.55 -06.22
5473.75 -06.32
5528.49 -06.46
5583.77 -06.59
5639.61 -06.68
5696.00 -06.69
5752.96 -06.58
5810.49 -06.33
5868.60 -05.94
5927.28 -05.40
5986.56 -04.76
6046.42 -03.82
6106.89 -02.75
6167.96 -01.66
6229.64 -00.59
6291.93 00.44
6354.85 01.40
6418.40 02.29
6482.58 03.10
6547.41 03.81
6612.88 04.44
6679.01 05.00
6745.80 05.48
6813.26 05.90
6881.39 06.24
6950.21 06.52
7019.71 06.74
7089.91 06.89
7160.81 07.00
7232.41 07.06
7304.74 06.94
7377.79 06.78
7451.56 06.61
7526.08 06.44
7601.34 06.27
7677.35 06.10
7754.13 05.95
7831.67 05.82
7909.98 05.72
7989.08 05.66
8068.98 05.64
8149.67 05.66
8231.16 05.70
8313.47 05.73
8396.61 05.75
8480.57 05.72
8565.38 05.65
8651.03 05.53
8737.54 05.34
8824.92 05.09
8913.17 04.77
9002.30 04.36
9092.32 03.87
9183.25 03.28
9275.08 02.61
9367.83 01.86
9461.51 01.05
9556.12 00.20
9651.68 -00.65
9748.20 -01.47
9845.68 -02.25
9944.14 -02.97
10043.58 -03.62
10144.02 -04.20
10245.46 -04.70
10347.91 -05.07
10451.39 -05.36
10555.91 -05.59
10661.46 -05.77
10768.08 -05.89
10875.76 -05.96
10984.52 -05.95
11094.36 -05.89
11205.31 -05.78
11317.36 -05.61
11430.53 -05.39
11544.84 -05.12
11660.29 -04.83
11776.89 -04.52
11894.66 -04.21
12013.60 -03.93
12133.74 -03.68
12255.08 -03.47
12377.63 -03.30
12501.41 -03.18
12626.42 -03.11
12752.68 -03.08
12880.21 -03.11
13009.01 -03.18
13139.10 -03.33
13270.49 -03.55
13403.20 -03.86
13537.23 -04.23
13672.60 -04.66
13809.33 -05.13
13947.42 -05.69
14086.90 -06.30
14227.77 -07.02
14370.04 -07.89
14513.74 -08.98
14658.88 -10.42
14805.47 -12.06
14953.52 -13.83
15103.06 -15.62
15254.09 -17.28
15406.63 -18.65
15560.70 -19.63
15716.30 -20.28
15873.47 -20.69
16032.20 -20.98
16192.52 -21.23
16354.45 -21.51
16517.99 -21.88
16683.17 -22.38
16850.01 -23.05
17018.51 -23.90
17188.69 -24.99
17360.58 -26.31
17534.18 -27.90
17709.53 -29.73
17886.62 -31.74
18065.49 -33.72
18246.14 -35.23
18428.60 -35.83
18612.89 -35.59
18799.02 -34.98
18987.01 -34.38
19176.88 -33.91
19368.65 -33.56
19562.33 -33.26
19757.96 -32.96
19955.54 -32.67
20000.00 -32.62
