20.00 02.10
20.20 02.13
20.40 02.15
20.61 02.18
20.81 02.20
21.02 02.22
21.23 02.24
21.44 02.26
21.66 02.27
21.87 02.29
22.09 02.30
22.31 02.32
22.54 02.33
22.76 02.35
22.99 02.36
23.22 02.38
23.45 02.39
23.69 02.40
23.92 02.42
24.16 02.43
24.40 02.45
24.65 02.46
24.89 02.47
25.14 02.49
25.39 02.50
25.65 02.52
25.91 02.53
26.16 02.55
26.43 02.56
26.69 02.57
26.96 02.59
27.23 02.60
27.50 02.62
27.77 02.63
28.05 02.65
28.33 02.66
28.62 02.67
28.90 02.69
29.19 02.70
29.48 02.72
29.78 02.73
30.08 02.75
30.38 02.76
30.68 02.77
30.99 02.79
31.30 02.80
31.61 02.82
31.93 02.83
32.24 02.84
32.57 02.86
32.89 02.88
33.22 02.89
33.55 02.91
33.89 02.92
34.23 02.94
34.57 02.95
34.92 02.97
35.27 02.99
35.62 03.00
35.97 03.02
36.33 03.03
36.70 03.05
37.06 03.06
37.43 03.08
37.81 03.10
38.19 03.11
38.57 03.13
38.95 03.14
39.34 03.16
39.74 03.17
40.14 03.19
40.54 03.20
40.94 03.22
41.35 03.23
41.76 03.24
42.18 03.25
42.60 03.26
43.03 03.27
43.46 03.28
43.90 03.29
44.33 03.29
44.78 03.30
45.23 03.30
45.68 03.31
46.13 03.31
46.60 03.31
47.06 03.31
47.53 03.31
48.01 03.32
48.49 03.32
48.97 03.32
49.46 03.32
49.96 03.32
50.46 03.32
50.96 03.32
51.47 03.32
51.99 03.32
52.51 03.32
53.03 03.32
53.56 03.32
54.10 03.32
54.64 03.32
55.18 03.32
55.74 03.32
56.29 03.32
56.86 03.31
57.42 03.31
58.00 03.31
58.58 03.31
59.16 03.31
59.76 03.31
60.35 03.30
60.96 03.30
61.57 03.30
62.18 03.30
62.80 03.29
63.43 03.29
64.07 03.29
64.71 03.28
65.35 03.28
66.01 03.27
66.67 03.27
67.33 03.26
68.01 03.26
68.69 03.25
69.37 03.24
70.07 03.24
70.77 03.23
71.48 03.22
72.19 03.21
72.91 03.21
73.64 03.20
74.38 03.19
75.12 03.18
75.87 03.17
76.63 03.16
77.40 03.14
78.17 03.13
78.95 03.12
79.74 03.10
80.54 03.09
81.35 03.08
82.16 03.06
82.98 03.05
83.81 03.03
84.65 03.02
85.50 03.01
86.35 03.00
87.22 02.98
88.09 02.97
88.97 02.96
89.86 02.95
90.76 02.94
91.66 02.93
92.58 02.92
93.51 02.91
94.44 02.90
95.39 02.89
96.34 02.88
97.30 02.87
98.28 02.86
99.26 02.85
100.25 02.85
101.25 02.84
102.27 02.83
103.29 02.82
104.32 02.81
105.37 02.79
106.42 02.78
107.48 02.76
108.56 02.75
109.64 02.73
110.74 02.71
111.85 02.69
112.97 02.67
114.10 02.64
115.24 02.62
116.39 02.60
117.55 02.58
118.73 02.56
119.92 02.54
121.12 02.52
122.33 02.50
123.55 02.48
124.79 02.46
126.03 02.44
127.29 02.43
128.57 02.41
129.85 02.39
131.15 02.37
132.46 02.35
133.79 02.33
135.12 02.31
136.48 02.29
137.84 02.27
139.22 02.25
140.61 02.23
142.02 02.21
143.44 02.19
144.87 02.17
146.32 02.15
147.78 02.12
149.26 02.10
150.75 02.07
152.26 02.04
153.78 02.02
155.32 01.99
156.88 01.96
158.44 01.93
160.03 01.90
161.63 01.88
163.24 01.86
164.88 01.85
166.53 01.82
168.19 01.80
169.87 01.78
171.57 01.76
173.29 01.74
175.02 01.71
176.77 01.69
178.54 01.66
180.32 01.62
182.13 01.59
183.95 01.55
185.79 01.50
187.65 01.47
189.52 01.42
191.42 01.39
193.33 01.34
195.27 01.30
197.22 01.26
199.19 01.22
201.18 01.18
203.19 01.14
205.23 01.10
207.28 01.07
209.35 01.03
211.44 01.00
213.56 00.97
215.69 00.95
217.85 00.92
220.03 00.89
222.23 00.88
224.45 00.86
226.70 00.84
228.96 00.82
231.25 00.82
233.57 00.81
235.90 00.80
238.26 00.79
240.64 00.80
243.05 00.79
245.48 00.79
247.93 00.81
250.41 00.81
252.92 00.82
255.45 00.84
258.00 00.85
260.58 00.85
263.19 00.87
265.82 00.88
268.48 00.89
271.16 00.89
273.87 00.89
276.61 00.90
279.38 00.89
282.17 00.90
284.99 00.89
287.84 00.89
290.72 00.87
293.63 00.87
296.57 00.86
299.53 00.85
302.53 00.84
305.55 00.82
308.61 00.82
311.69 00.81
314.81 00.79
317.96 00.78
321.14 00.77
324.35 00.76
327.59 00.74
330.87 00.72
334.18 00.71
337.52 00.71
340.90 00.69
344.30 00.68
347.75 00.67
351.23 00.67
354.74 00.66
358.28 00.64
361.87 00.64
365.49 00.63
369.14 00.63
372.83 00.62
376.56 00.61
380.33 00.61
384.13 00.60
387.97 00.61
391.85 00.61
395.77 00.62
399.73 00.62
403.72 00.63
407.76 00.63
411.84 00.64
415.96 00.63
420.12 00.62
424.32 00.60
428.56 00.58
432.85 00.55
437.18 00.52
441.55 00.48
445.96 00.44
450.42 00.39
454.93 00.35
459.48 00.29
464.07 00.23
468.71 00.18
473.40 00.13
478.13 00.08
482.91 00.02
487.74 -00.04
492.62 -00.09
497.55 -00.15
502.52 -00.20
507.55 -00.24
512.62 -00.28
517.75 -00.32
522.93 -00.35
528.16 -00.37
533.44 -00.38
538.77 -00.40
544.16 -00.40
549.60 -00.39
555.10 -00.39
560.65 -00.37
566.25 -00.36
571.92 -00.34
577.64 -00.32
583.41 -00.29
589.25 -00.26
595.14 -00.23
601.09 -00.19
607.10 -00.16
613.17 -00.12
619.30 -00.08
625.50 -00.04
631.75 00.01
638.07 00.05
644.45 00.08
650.89 00.10
657.40 00.11
663.98 00.14
670.62 00.15
677.32 00.17
684.10 00.19
690.94 00.20
697.85 00.22
704.83 00.23
711.87 00.24
718.99 00.27
726.18 00.29
733.44 00.32
740.78 00.35
748.19 00.39
755.67 00.43
763.23 00.46
770.86 00.51
778.57 00.55
786.35 00.59
794.22 00.63
802.16 00.68
810.18 00.72
818.28 00.75
826.46 00.79
834.73 00.83
843.08 00.86
851.51 00.88
860.02 00.89
868.62 00.90
877.31 00.90
886.08 00.89
894.94 00.87
903.89 00.84
912.93 00.83
922.06 00.79
931.28 00.76
940.59 00.71
950.00 00.67
959.50 00.62
969.09 00.56
978.78 00.49
988.57 00.43
998.46 00.35
1008.44 00.27
1018.53 00.20
1028.71 00.10
1039.00 00.02
1049.39 -00.05
1059.88 -00.13
1070.48 -00.18
1081.19 -00.21
1092.00 -00.24
1102.92 -00.25
1113.95 -00.25
1125.09 -00.25
1136.34 -00.24
1147.70 -00.22
1159.18 -00.20
1170.77 -00.20
1182.48 -00.20
1194.30 -00.21
1206.25 -00.23
1218.31 -00.25
1230.49 -00.28
1242.80 -00.32
1255.22 -00.38
1267.78 -00.43
1280.45 -00.49
1293.26 -00.55
1306.19 -00.60
1319.25 -00.65
1332.45 -00.71
1345.77 -00.76
1359.23 -00.81
1372.82 -00.85
1386.55 -00.89
1400.41 -00.93
1414.42 -00.96
1428.56 -00.99
1442.85 -01.01
1457.28 -01.02
1471.85 -01.04
1486.57 -01.05
1501.43 -01.07
1516.45 -01.09
1531.61 -01.12
1546.93 -01.15
1562.40 -01.19
1578.02 -01.23
1593.80 -01.26
1609.74 -01.29
1625.84 -01.32
1642.10 -01.35
1658.52 -01.37
1675.10 -01.39
1691.85 -01.41
1708.77 -01.42
1725.86 -01.43
1743.12 -01.42
1760.55 -01.42
1778.15 -01.42
1795.94 -01.42
1813.90 -01.44
1832.03 -01.48
1850.36 -01.52
1868.86 -01.57
1887.55 -01.60
1906.42 -01.63
1925.49 -01.66
1944.74 -01.71
1964.19 -01.76
1983.83 -01.82
2003.67 -01.87
2023.71 -01.90
2043.94 -01.91
2064.38 -01.91
2085.03 -01.90
2105.88 -01.89
2126.94 -01.88
2148.20 -01.86
2169.69 -01.81
2191.38 -01.74
2213.30 -01.65
2235.43 -01.55
2257.78 -01.46
2280.36 -01.36
2303.17 -01.26
2326.20 -01.15
2349.46 -01.06
2372.95 -00.97
2396.68 -00.89
2420.65 -00.83
2444.86 -00.78
2469.31 -00.74
2494.00 -00.73
2518.94 -00.72
2544.13 -00.74
2569.57 -00.77
2595.27 -00.83
2621.22 -00.91
2647.43 -00.99
2673.90 -01.09
2700.64 -01.19
2727.65 -01.30
2754.93 -01.43
2782.48 -01.55
2810.30 -01.65
2838.40 -01.74
2866.79 -01.83
2895.46 -01.92
2924.41 -02.00
2953.65 -02.06
2983.19 -02.11
3013.02 -02.16
3043.15 -02.20
3073.58 -02.24
3104.32 -02.27
3135.36 -02.31
3166.72 -02.34
3198.38 -02.38
3230.37 -02.42
3262.67 -02.46
3295.30 -02.49
3328.25 -02.53
3361.53 -02.57
3395.15 -02.62
3429.10 -02.65
3463.39 -02.69
3498.03 -02.75
3533.01 -02.80
3568.34 -02.85
3604.02 -02.92
3640.06 -03.00
3676.46 -03.11
3713.22 -03.25
3750.36 -03.43
3787.86 -03.64
3825.74 -03.91
3864.00 -04.23
3902.64 -04.60
3941.66 -05.01
3981.08 -05.46
4020.89 -05.93
4061.10 -06.41
4101.71 -06.90
4142.73 -07.37
4184.15 -07.77
4226.00 -08.10
4268.26 -08.33
4310.94 -08.47
4354.05 -08.54
4397.59 -08.57
4441.56 -08.58
4485.98 -08.61
4530.84 -08.66
4576.15 -08.73
4621.91 -08.80
4668.13 -08.89
4714.81 -08.98
4761.96 -09.06
4809.58 -09.14
4857.67 -09.20
4906.25 -09.25
4955.31 -09.28
5004.87 -09.28
5054.91 -09.25
5105.46 -09.20
5156.52 -09.20
5208.08 -09.21
5260.16 -09.19
5312.77 -09.13
5365.89 -09.03
5419.55 -08.88
5473.75 -08.69
5528.49 -08.47
5583.77 -08.20
5639.61 -07.91
5696.00 -07.62
5752.96 -07.33
5810.49 -07.06
5868.60 -06.82
5927.28 -06.61
5986.56 -06.45
6046.42 -06.10
6106.89 -05.72
6167.96 -05.36
6229.64 -05.04
6291.93 -04.73
6354.85 -04.45
6418.40 -04.18
6482.58 -03.93
6547.41 -03.72
6612.88 -03.53
6679.01 -03.38
6745.80 -03.28
6813.26 -03.21
6881.39 -03.23
6950.21 -03.30
7019.71 -03.47
7089.91 -03.73
7160.81 -04.08
7232.41 -04.49
7304.74 -05.02
7377.79 -05.44
7451.56 -05.63
7526.08 -05.52
7601.34 -05.15
7677.35 -04.58
7754.13 -03.91
7831.67 -03.20
7909.98 -02.50
7989.08 -01.84
8068.98 -01.24
8149.67 -00.70
8231.16 -00.24
8313.47 00.15
8396.61 00.47
8480.57 00.72
8565.38 00.91
8651.03 01.05
8737.54 01.13
8824.92 01.17
8913.17 01.15
9002.30 01.08
9092.32 00.95
9183.25 00.76
9275.08 00.50
9367.83 00.17
9461.51 -00.22
9556.12 -00.65
9651.68 -01.13
9748.20 -01.62
9845.68 -02.13
9944.14 -02.62
10043.58 -03.09
10144.02 -03.50
10245.46 -03.81
10347.91 -03.95
10451.39 -03.98
10555.91 -03.95
10661.46 -03.88
10768.08 -03.79
10875.76 -03.69
10984.52 -03.55
11094.36 -03.38
11205.31 -03.19
11317.36 -02.94
11430.53 -02.66
11544.84 -02.32
11660.29 -01.91
11776.89 -01.44
11894.66 -00.86
12013.60 -00.22
12133.74 00.47
12255.08 01.09
12377.63 01.60
12501.41 01.96
12626.42 02.18
12752.68 02.29
12880.21 02.28
13009.01 02.19
13139.10 01.99
13270.49 01.67
13403.20 01.16
13537.23 00.43
13672.60 -00.55
13809.33 -01.77
13947.42 -03.16
14086.90 -04.53
14227.77 -05.67
14370.04 -06.40
14513.74 -06.76
14658.88 -06.93
14805.47 -06.98
14953.52 -07.01
15103.06 -07.05
15254.09 -07.09
15406.63 -07.13
15560.70 -07.16
15716.30 -07.19
15873.47 -07.27
16032.20 -07.41
16192.52 -07.58
16354.45 -07.76
16517.99 -07.88
16683.17 -07.91
16850.01 -07.85
17018.51 -07.72
17188.69 -07.61
17360.58 -07.53
17534.18 -07.45
17709.53 -07.30
17886.62 -06.96
18065.49 -06.43
18246.14 -05.80
18428.60 -05.20
18612.89 -04.71
18799.02 -04.36
18987.01 -04.09
19176.88 -03.80
19368.65 -03.49
19562.33 -03.17
19757.96 -02.96
19955.54 -02.94
20000.00 -02.97
