20.00 -01.12
20.20 -01.09
20.40 -01.05
20.61 -01.02
20.81 -00.99
21.02 -00.97
21.23 -00.94
21.44 -00.92
21.66 -00.90
21.87 -00.88
22.09 -00.86
22.31 -00.84
22.54 -00.82
22.76 -00.80
22.99 -00.78
23.22 -00.76
23.45 -00.75
23.69 -00.73
23.92 -00.71
24.16 -00.69
24.40 -00.67
24.65 -00.65
24.89 -00.63
25.14 -00.61
25.39 -00.59
25.65 -00.57
25.91 -00.55
26.16 -00.53
26.43 -00.51
26.69 -00.49
26.96 -00.47
27.23 -00.45
27.50 -00.43
27.77 -00.41
28.05 -00.39
28.33 -00.37
28.62 -00.34
28.90 -00.32
29.19 -00.30
29.48 -00.28
29.78 -00.25
30.08 -00.23
30.38 -00.21
30.68 -00.18
30.99 -00.16
31.30 -00.13
31.61 -00.11
31.93 -00.08
32.24 -00.06
32.57 -00.03
32.89 -00.01
33.22 00.02
33.55 00.05
33.89 00.07
34.23 00.10
34.57 00.13
34.92 00.16
35.27 00.18
35.62 00.21
35.97 00.24
36.33 00.27
36.70 00.30
37.06 00.33
37.43 00.36
37.81 00.39
38.19 00.42
38.57 00.45
38.95 00.48
39.34 00.51
39.74 00.55
40.14 00.58
40.54 00.61
40.94 00.64
41.35 00.67
41.76 00.71
42.18 00.74
42.60 00.77
43.03 00.80
43.46 00.83
43.90 00.87
44.33 00.90
44.78 00.93
45.23 00.96
45.68 00.98
46.13 01.01
46.60 01.04
47.06 01.07
47.53 01.10
48.01 01.12
48.49 01.15
48.97 01.18
49.46 01.21
49.96 01.24
50.46 01.27
50.96 01.30
51.47 01.33
51.99 01.37
52.51 01.41
53.03 01.46
53.56 01.51
54.10 01.57
54.64 01.63
55.18 01.70
55.74 01.77
56.29 01.85
56.86 01.94
57.42 02.03
58.00 02.12
58.58 02.21
59.16 02.31
59.76 02.41
60.35 02.51
60.96 02.60
61.57 02.69
62.18 02.78
62.80 02.87
63.43 02.94
64.07 03.02
64.71 03.09
65.35 03.15
66.01 03.21
66.67 03.27
67.33 03.32
68.01 03.37
68.69 03.41
69.37 03.45
70.07 03.49
70.77 03.53
71.48 03.57
72.19 03.61
72.91 03.64
73.64 03.67
74.38 03.70
75.12 03.73
75.87 03.75
76.63 03.78
77.40 03.80
78.17 03.83
78.95 03.85
79.74 03.87
80.54 03.89
81.35 03.91
82.16 03.93
82.98 03.94
83.81 03.96
84.65 03.97
85.50 03.98
86.35 04.00
87.22 04.01
88.09 04.02
88.97 04.03
89.86 04.04
90.76 04.05
91.66 04.05
92.58 04.06
93.51 04.06
94.44 04.06
95.39 04.06
96.34 04.06
97.30 04.06
98.28 04.06
99.26 04.05
100.25 04.05
101.25 04.04
102.27 04.03
103.29 04.02
104.32 04.01
105.37 04.00
106.42 03.99
107.48 03.98
108.56 03.96
109.64 03.95
110.74 03.94
111.85 03.92
112.97 03.90
114.10 03.89
115.24 03.87
116.39 03.84
117.55 03.82
118.73 03.79
119.92 03.76
121.12 03.72
122.33 03.68
123.55 03.64
124.79 03.60
126.03 03.55
127.29 03.50
128.57 03.44
129.85 03.38
131.15 03.32
132.46 03.26
133.79 03.19
135.12 03.13
136.48 03.06
137.84 02.99
139.22 02.91
140.61 02.84
142.02 02.76
143.44 02.69
144.87 02.61
146.32 02.54
147.78 02.47
149.26 02.40
150.75 02.33
152.26 02.27
153.78 02.20
155.32 02.13
156.88 02.06
158.44 01.99
160.03 01.91
161.63 01.83
163.24 01.75
164.88 01.67
166.53 01.58
168.19 01.48
169.87 01.38
171.57 01.29
173.29 01.20
175.02 01.12
176.77 01.05
178.54 00.99
180.32 00.94
182.13 00.92
183.95 00.89
185.79 00.86
187.65 00.85
189.52 00.83
191.42 00.82
193.33 00.80
195.27 00.78
197.22 00.75
199.19 00.73
201.18 00.69
203.19 00.66
205.23 00.61
207.28 00.57
209.35 00.52
211.44 00.48
213.56 00.43
215.69 00.39
217.85 00.34
220.03 00.26
222.23 00.19
224.45 00.11
226.70 00.02
228.96 -00.07
231.25 -00.16
233.57 -00.24
235.90 -00.33
238.26 -00.41
240.64 -00.46
243.05 -00.52
245.48 -00.55
247.93 -00.57
250.41 -00.58
252.92 -00.59
255.45 -00.60
258.00 -00.63
260.58 -00.65
263.19 -00.67
265.82 -00.70
268.48 -00.73
271.16 -00.75
273.87 -00.78
276.61 -00.79
279.38 -00.79
282.17 -00.78
284.99 -00.77
287.84 -00.75
290.72 -00.74
293.63 -00.72
296.57 -00.70
299.53 -00.70
302.53 -00.70
305.55 -00.72
308.61 -00.74
311.69 -00.77
314.81 -00.81
317.96 -00.84
321.14 -00.89
324.35 -00.92
327.59 -00.96
330.87 -01.00
334.18 -01.03
337.52 -01.05
340.90 -01.07
344.30 -01.08
347.75 -01.08
351.23 -01.06
354.74 -01.04
358.28 -01.01
361.87 -00.96
365.49 -00.91
369.14 -00.84
372.83 -00.78
376.56 -00.72
380.33 -00.64
384.13 -00.58
387.97 -00.51
391.85 -00.45
395.77 -00.39
399.73 -00.35
403.72 -00.30
407.76 -00.26
411.84 -00.21
415.96 -00.17
420.12 -00.11
424.32 -00.06
428.56 00.00
432.85 00.06
437.18 00.11
441.55 00.16
445.96 00.22
450.42 00.26
454.93 00.30
459.48 00.32
464.07 00.34
468.71 00.33
473.40 00.33
478.13 00.30
482.91 00.26
487.74 00.20
492.62 00.14
497.55 00.07
502.52 -00.02
507.55 -00.10
512.62 -00.20
517.75 -00.29
522.93 -00.38
528.16 -00.47
533.44 -00.53
538.77 -00.60
544.16 -00.65
549.60 -00.68
555.10 -00.70
560.65 -00.69
566.25 -00.68
571.92 -00.64
577.64 -00.59
583.41 -00.52
589.25 -00.44
595.14 -00.35
601.09 -00.24
607.10 -00.15
613.17 -00.05
619.30 00.04
625.50 00.14
631.75 00.22
638.07 00.28
644.45 00.33
650.89 00.35
657.40 00.36
663.98 00.38
670.62 00.38
677.32 00.38
684.10 00.40
690.94 00.41
697.85 00.44
704.83 00.46
711.87 00.50
718.99 00.54
726.18 00.59
733.44 00.63
740.78 00.68
748.19 00.73
755.67 00.78
763.23 00.82
770.86 00.87
778.57 00.90
786.35 00.94
794.22 00.97
802.16 01.01
810.18 01.03
818.28 01.06
826.46 01.08
834.73 01.11
843.08 01.13
851.51 01.15
860.02 01.17
868.62 01.19
877.31 01.22
886.08 01.23
894.94 01.23
903.89 01.23
912.93 01.24
922.06 01.22
931.28 01.21
940.59 01.17
950.00 01.13
959.50 01.08
969.09 01.01
978.78 00.94
988.57 00.86
998.46 00.77
1008.44 00.68
1018.53 00.58
1028.71 00.48
1039.00 00.39
1049.39 00.29
1059.88 00.19
1070.48 00.09
1081.19 -00.01
1092.00 -00.13
1102.92 -00.23
1113.95 -00.33
1125.09 -00.43
1136.34 -00.54
1147.70 -00.62
1159.18 -00.71
1170.77 -00.79
1182.48 -00.87
1194.30 -00.94
1206.25 -01.00
1218.31 -01.05
1230.49 -01.10
1242.80 -01.14
1255.22 -01.19
1267.78 -01.22
1280.45 -01.24
1293.26 -01.25
1306.19 -01.25
1319.25 -01.24
1332.45 -01.24
1345.77 -01.22
1359.23 -01.21
1372.82 -01.19
1386.55 -01.17
1400.41 -01.17
1414.42 -01.17
1428.56 -01.19
1442.85 -01.24
1457.28 -01.33
1471.85 -01.47
1486.57 -01.66
1501.43 -01.90
1516.45 -02.19
1531.61 -02.50
1546.93 -02.82
1562.40 -03.13
1578.02 -03.40
1593.80 -03.63
1609.74 -03.78
1625.84 -03.86
1642.10 -03.81
1658.52 -03.66
1675.10 -03.44
1691.85 -03.17
1708.77 -02.90
1725.86 -02.65
1743.12 -02.43
1760.55 -02.26
1778.15 -02.12
1795.94 -01.99
1813.90 -01.90
1832.03 -01.82
1850.36 -01.75
1868.86 -01.69
1887.55 -01.65
1906.42 -01.61
1925.49 -01.57
1944.74 -01.55
1964.19 -01.52
1983.83 -01.50
2003.67 -01.49
2023.71 -01.49
2043.94 -01.51
2064.38 -01.53
2085.03 -01.56
2105.88 -01.57
2126.94 -01.58
2148.20 -01.60
2169.69 -01.61
2191.38 -01.62
2213.30 -01.64
2235.43 -01.64
2257.78 -01.65
2280.36 -01.66
2303.17 -01.67
2326.20 -01.67
2349.46 -01.69
2372.95 -01.74
2396.68 -01.79
2420.65 -01.86
2444.86 -01.94
2469.31 -02.01
2494.00 -02.10
2518.94 -02.19
2544.13 -02.29
2569.57 -02.39
2595.27 -02.50
2621.22 -02.63
2647.43 -02.76
2673.90 -02.89
2700.64 -03.02
2727.65 -03.16
2754.93 -03.30
2782.48 -03.45
2810.30 -03.59
2838.40 -03.74
2866.79 -03.90
2895.46 -04.05
2924.41 -04.19
2953.65 -04.33
2983.19 -04.47
3013.02 -04.60
3043.15 -04.73
3073.58 -04.86
3104.32 -04.98
3135.36 -05.11
3166.72 -05.22
3198.38 -05.35
3230.37 -05.47
3262.67 -05.61
3295.30 -05.76
3328.25 -05.93
3361.53 -06.10
3395.15 -06.29
3429.10 -06.48
3463.39 -06.68
3498.03 -06.88
3533.01 -07.08
3568.34 -07.27
3604.02 -07.46
3640.06 -07.64
3676.46 -07.83
3713.22 -08.01
3750.36 -08.18
3787.86 -08.36
3825.74 -08.53
3864.00 -08.70
3902.64 -08.86
3941.66 -08.99
3981.08 -09.06
4020.89 -09.03
4061.10 -08.91
4101.71 -08.72
4142.73 -08.51
4184.15 -08.32
4226.00 -08.15
4268.26 -08.02
4310.94 -07.90
4354.05 -07.80
4397.59 -07.72
4441.56 -07.65
4485.98 -07.60
4530.84 -07.55
4576.15 -07.47
4621.91 -07.30
4668.13 -07.00
4714.81 -06.54
4761.96 -05.95
4809.58 -05.27
4857.67 -04.56
4906.25 -03.86
4955.31 -03.19
5004.87 -02.57
5054.91 -02.00
5105.46 -01.48
5156.52 -01.07
5208.08 -00.75
5260.16 -00.48
5312.77 -00.27
5365.89 -00.10
5419.55 00.01
5473.75 00.08
5528.49 00.10
5583.77 00.09
5639.61 00.03
5696.00 -00.06
5752.96 -00.20
5810.49 -00.39
5868.60 -00.64
5927.28 -00.94
5986.56 -01.31
6046.42 -01.51
6106.89 -01.68
6167.96 -01.89
6229.64 -02.15
6291.93 -02.45
6354.85 -02.78
6418.40 -03.15
6482.58 -03.53
6547.41 -03.92
6612.88 -04.30
6679.01 -04.66
6745.80 -04.99
6813.26 -05.30
6881.39 -05.62
6950.21 -05.95
7019.71 -06.34
7089.91 -06.78
7160.81 -07.29
7232.41 -07.86
7304.74 -08.62
7377.79 -09.42
7451.56 -10.17
7526.08 -10.80
7601.34 -11.20
7677.35 -11.30
7754.13 -11.07
7831.67 -10.59
7909.98 -09.93
7989.08 -09.18
8068.98 -08.41
8149.67 -07.63
8231.16 -06.90
8313.47 -06.24
8396.61 -05.65
8480.57 -05.15
8565.38 -04.73
8651.03 -04.38
8737.54 -04.09
8824.92 -03.85
8913.17 -03.65
9002.30 -03.51
9092.32 -03.43
9183.25 -03.41
9275.08 -03.44
9367.83 -03.53
9461.51 -03.66
9556.12 -03.84
9651.68 -04.06
9748.20 -04.31
9845.68 -04.59
9944.14 -04.90
10043.58 -05.23
10144.02 -05.55
10245.46 -05.86
10347.91 -06.05
10451.39 -06.18
10555.91 -06.24
10661.46 -06.24
10768.08 -06.18
10875.76 -06.05
10984.52 -05.86
11094.36 -05.67
11205.31 -05.49
11317.36 -05.33
11430.53 -05.20
11544.84 -05.10
11660.29 -05.04
11776.89 -05.02
11894.66 -05.04
12013.60 -05.11
12133.74 -05.20
12255.08 -05.32
12377.63 -05.42
12501.41 -05.49
12626.42 -05.54
12752.68 -05.55
12880.21 -05.58
13009.01 -05.62
13139.10 -05.70
13270.49 -05.82
13403.20 -05.98
13537.23 -06.17
13672.60 -06.42
13809.33 -06.73
13947.42 -07.11
14086.90 -07.53
14227.77 -07.96
14370.04 -08.33
14513.74 -08.62
14658.88 -08.87
14805.47 -08.95
14953.52 -08.91
15103.06 -08.78
15254.09 -08.61
15406.63 -08.45
15560.70 -08.33
15716.30 -08.28
15873.47 -08.29
16032.20 -08.37
16192.52 -08.50
16354.45 -08.65
16517.99 -08.82
16683.17 -09.00
16850.01 -09.22
17018.51 -09.45
17188.69 -09.69
17360.58 -09.89
17534.18 -10.05
17709.53 -10.21
17886.62 -10.38
18065.49 -10.61
18246.14 -10.90
18428.60 -11.27
18612.89 -11.64
18799.02 -12.02
18987.01 -12.39
19176.88 -12.76
19368.65 -13.19
19562.33 -13.72
19757.96 -14.33
19955.54 -14.98
20000.00 -15.13
