20.00 03.34
20.20 03.37
20.40 03.40
20.61 03.43
20.81 03.45
21.02 03.47
21.23 03.50
21.44 03.52
21.66 03.54
21.87 03.56
22.09 03.57
22.31 03.59
22.54 03.61
22.76 03.63
22.99 03.64
23.22 03.66
23.45 03.68
23.69 03.69
23.92 03.71
24.16 03.72
24.40 03.74
24.65 03.76
24.89 03.77
25.14 03.78
25.39 03.80
25.65 03.81
25.91 03.83
26.16 03.84
26.43 03.85
26.69 03.86
26.96 03.88
27.23 03.89
27.50 03.90
27.77 03.91
28.05 03.92
28.33 03.93
28.62 03.94
28.90 03.95
29.19 03.96
29.48 03.97
29.78 03.97
30.08 03.98
30.38 03.99
30.68 03.99
30.99 04.00
31.30 04.00
31.61 04.01
31.93 04.01
32.24 04.02
32.57 04.02
32.89 04.02
33.22 04.02
33.55 04.03
33.89 04.03
34.23 04.03
34.57 04.03
34.92 04.03
35.27 04.04
35.62 04.04
35.97 04.04
36.33 04.04
36.70 04.04
37.06 04.04
37.43 04.04
37.81 04.04
38.19 04.04
38.57 04.04
38.95 04.04
39.34 04.03
39.74 04.03
40.14 04.03
40.54 04.03
40.94 04.02
41.35 04.02
41.76 04.02
42.18 04.01
42.60 04.01
43.03 04.01
43.46 04.00
43.90 04.00
44.33 03.99
44.78 03.99
45.23 03.98
45.68 03.97
46.13 03.97
46.60 03.96
47.06 03.95
47.53 03.94
48.01 03.93
48.49 03.92
48.97 03.91
49.46 03.90
49.96 03.89
50.46 03.88
50.96 03.88
51.47 03.87
51.99 03.87
52.51 03.87
53.03 03.87
53.56 03.88
54.10 03.88
54.64 03.90
55.18 03.91
55.74 03.93
56.29 03.95
56.86 03.97
57.42 04.00
58.00 04.02
58.58 04.05
59.16 04.08
59.76 04.10
60.35 04.13
60.96 04.16
61.57 04.19
62.18 04.21
62.80 04.24
63.43 04.27
64.07 04.29
64.71 04.32
65.35 04.35
66.01 04.37
66.67 04.40
67.33 04.42
68.01 04.45
68.69 04.47
69.37 04.50
70.07 04.52
70.77 04.54
71.48 04.57
72.19 04.59
72.91 04.61
73.64 04.62
74.38 04.64
75.12 04.65
75.87 04.66
76.63 04.67
77.40 04.68
78.17 04.68
78.95 04.68
79.74 04.68
80.54 04.68
81.35 04.68
82.16 04.67
82.98 04.67
83.81 04.67
84.65 04.66
85.50 04.65
86.35 04.65
87.22 04.64
88.09 04.63
88.97 04.62
89.86 04.62
90.76 04.61
91.66 04.60
92.58 04.59
93.51 04.58
94.44 04.56
95.39 04.55
96.34 04.54
97.30 04.52
98.28 04.50
99.26 04.49
100.25 04.47
101.25 04.45
102.27 04.43
103.29 04.41
104.32 04.40
105.37 04.38
106.42 04.36
107.48 04.34
108.56 04.32
109.64 04.31
110.74 04.29
111.85 04.27
112.97 04.26
114.10 04.24
115.24 04.22
116.39 04.20
117.55 04.18
118.73 04.16
119.92 04.14
121.12 04.11
122.33 04.09
123.55 04.06
124.79 04.03
126.03 04.00
127.29 03.97
128.57 03.93
129.85 03.90
131.15 03.86
132.46 03.83
133.79 03.79
135.12 03.75
136.48 03.71
137.84 03.68
139.22 03.64
140.61 03.60
142.02 03.56
143.44 03.52
144.87 03.48
146.32 03.44
147.78 03.41
149.26 03.37
150.75 03.34
152.26 03.31
153.78 03.28
155.32 03.25
156.88 03.22
158.44 03.18
160.03 03.15
161.63 03.12
163.24 03.09
164.88 03.07
166.53 03.03
168.19 03.00
169.87 02.97
171.57 02.95
173.29 02.92
175.02 02.89
176.77 02.88
178.54 02.85
180.32 02.83
182.13 02.82
183.95 02.80
185.79 02.78
187.65 02.76
189.52 02.73
191.42 02.70
193.33 02.65
195.27 02.61
197.22 02.56
199.19 02.52
201.18 02.46
203.19 02.42
205.23 02.36
207.28 02.31
209.35 02.24
211.44 02.19
213.56 02.13
215.69 02.07
217.85 02.02
220.03 01.97
222.23 01.92
224.45 01.88
226.70 01.83
228.96 01.78
231.25 01.74
233.57 01.70
235.90 01.66
238.26 01.63
240.64 01.61
243.05 01.59
245.48 01.57
247.93 01.56
250.41 01.54
252.92 01.53
255.45 01.52
258.00 01.51
260.58 01.50
263.19 01.50
265.82 01.48
268.48 01.47
271.16 01.45
273.87 01.43
276.61 01.42
279.38 01.40
282.17 01.38
284.99 01.36
287.84 01.34
290.72 01.31
293.63 01.28
296.57 01.26
299.53 01.23
302.53 01.20
305.55 01.16
308.61 01.13
311.69 01.10
314.81 01.06
317.96 01.02
321.14 00.98
324.35 00.94
327.59 00.89
330.87 00.84
334.18 00.78
337.52 00.73
340.90 00.66
344.30 00.60
347.75 00.53
351.23 00.47
354.74 00.40
358.28 00.34
361.87 00.30
365.49 00.25
369.14 00.23
372.83 00.21
376.56 00.21
380.33 00.23
384.13 00.26
387.97 00.31
391.85 00.37
395.77 00.44
399.73 00.51
403.72 00.59
407.76 00.66
411.84 00.73
415.96 00.79
420.12 00.85
424.32 00.88
428.56 00.92
432.85 00.95
437.18 00.96
441.55 00.97
445.96 00.98
450.42 00.98
454.93 00.99
459.48 00.99
464.07 01.00
468.71 01.03
473.40 01.07
478.13 01.11
482.91 01.15
487.74 01.21
492.62 01.29
497.55 01.35
502.52 01.42
507.55 01.49
512.62 01.55
517.75 01.59
522.93 01.64
528.16 01.66
533.44 01.67
538.77 01.66
544.16 01.63
549.60 01.60
555.10 01.53
560.65 01.46
566.25 01.37
571.92 01.28
577.64 01.17
583.41 01.07
589.25 00.95
595.14 00.85
601.09 00.74
607.10 00.64
613.17 00.56
619.30 00.48
625.50 00.43
631.75 00.38
638.07 00.34
644.45 00.32
650.89 00.28
657.40 00.25
663.98 00.24
670.62 00.21
677.32 00.19
684.10 00.18
690.94 00.16
697.85 00.15
704.83 00.13
711.87 00.11
718.99 00.10
726.18 00.08
733.44 00.05
740.78 00.03
748.19 00.02
755.67 -00.01
763.23 -00.03
770.86 -00.05
778.57 -00.08
786.35 -00.11
794.22 -00.14
802.16 -00.17
810.18 -00.20
818.28 -00.24
826.46 -00.27
834.73 -00.29
843.08 -00.32
851.51 -00.33
860.02 -00.34
868.62 -00.33
877.31 -00.31
886.08 -00.30
894.94 -00.28
903.89 -00.26
912.93 -00.21
922.06 -00.18
931.28 -00.15
940.59 -00.12
950.00 -00.10
959.50 -00.08
969.09 -00.07
978.78 -00.07
988.57 -00.07
998.46 -00.08
1008.44 -00.09
1018.53 -00.10
1028.71 -00.13
1039.00 -00.15
1049.39 -00.18
1059.88 -00.22
1070.48 -00.26
1081.19 -00.30
1092.00 -00.35
1102.92 -00.40
1113.95 -00.44
1125.09 -00.49
1136.34 -00.54
1147.70 -00.59
1159.18 -00.63
1170.77 -00.67
1182.48 -00.71
1194.30 -00.74
1206.25 -00.77
1218.31 -00.79
1230.49 -00.80
1242.80 -00.81
1255.22 -00.83
1267.78 -00.84
1280.45 -00.84
1293.26 -00.83
1306.19 -00.82
1319.25 -00.81
1332.45 -00.82
1345.77 -00.82
1359.23 -00.82
1372.82 -00.83
1386.55 -00.85
1400.41 -00.88
1414.42 -00.92
1428.56 -00.98
1442.85 -01.05
1457.28 -01.14
1471.85 -01.26
1486.57 -01.41
1501.43 -01.61
1516.45 -01.84
1531.61 -02.11
1546.93 -02.45
1562.40 -02.83
1578.02 -03.27
1593.80 -03.76
1609.74 -04.29
1625.84 -04.87
1642.10 -05.49
1658.52 -06.10
1675.10 -06.71
1691.85 -07.26
1708.77 -07.72
1725.86 -08.07
1743.12 -08.29
1760.55 -08.40
1778.15 -08.40
1795.94 -08.32
1813.90 -08.18
1832.03 -08.00
1850.36 -07.80
1868.86 -07.57
1887.55 -07.33
1906.42 -07.08
1925.49 -06.83
1944.74 -06.59
1964.19 -06.35
1983.83 -06.11
2003.67 -05.88
2023.71 -05.67
2043.94 -05.46
2064.38 -05.28
2085.03 -05.11
2105.88 -04.94
2126.94 -04.81
2148.20 -04.70
2169.69 -04.60
2191.38 -04.51
2213.30 -04.44
2235.43 -04.35
2257.78 -04.28
2280.36 -04.21
2303.17 -04.13
2326.20 -04.04
2349.46 -03.95
2372.95 -03.85
2396.68 -03.74
2420.65 -03.63
2444.86 -03.53
2469.31 -03.42
2494.00 -03.32
2518.94 -03.23
2544.13 -03.16
2569.57 -03.09
2595.27 -03.05
2621.22 -03.02
2647.43 -03.01
2673.90 -03.00
2700.64 -03.00
2727.65 -03.02
2754.93 -03.04
2782.48 -03.08
2810.30 -03.11
2838.40 -03.16
2866.79 -03.21
2895.46 -03.26
2924.41 -03.31
2953.65 -03.36
2983.19 -03.42
3013.02 -03.48
3043.15 -03.53
3073.58 -03.60
3104.32 -03.66
3135.36 -03.74
3166.72 -03.82
3198.38 -03.91
3230.37 -04.00
3262.67 -04.11
3295.30 -04.21
3328.25 -04.33
3361.53 -04.43
3395.15 -04.52
3429.10 -04.58
3463.39 -04.60
3498.03 -04.57
3533.01 -04.47
3568.34 -04.29
3604.02 -04.06
3640.06 -03.77
3676.46 -03.45
3713.22 -03.12
3750.36 -02.79
3787.86 -02.48
3825.74 -02.20
3864.00 -01.96
3902.64 -01.76
3941.66 -01.61
3981.08 -01.51
4020.89 -01.46
4061.10 -01.46
4101.71 -01.51
4142.73 -01.59
4184.15 -01.70
4226.00 -01.83
4268.26 -01.98
4310.94 -02.12
4354.05 -02.27
4397.59 -02.40
4441.56 -02.52
4485.98 -02.62
4530.84 -02.70
4576.15 -02.74
4621.91 -02.75
4668.13 -02.71
4714.81 -02.63
4761.96 -02.50
4809.58 -02.32
4857.67 -02.10
4906.25 -01.82
4955.31 -01.51
5004.87 -01.18
5054.91 -00.83
5105.46 -00.48
5156.52 -00.22
5208.08 -00.04
5260.16 00.11
5312.77 00.21
5365.89 00.25
5419.55 00.25
5473.75 00.21
5528.49 00.11
5583.77 00.00
5639.61 -00.15
5696.00 -00.32
5752.96 -00.49
5810.49 -00.66
5868.60 -00.81
5927.28 -00.94
5986.56 -01.06
6046.42 -00.94
6106.89 -00.75
6167.96 -00.57
6229.64 -00.42
6291.93 -00.29
6354.85 -00.19
6418.40 -00.13
6482.58 -00.11
6547.41 -00.13
6612.88 -00.18
6679.01 -00.25
6745.80 -00.36
6813.26 -00.46
6881.39 -00.57
6950.21 -00.65
7019.71 -00.70
7089.91 -00.70
7160.81 -00.66
7232.41 -00.57
7304.74 -00.58
7377.79 -00.57
7451.56 -00.54
7526.08 -00.49
7601.34 -00.44
7677.35 -00.39
7754.13 -00.36
7831.67 -00.33
7909.98 -00.33
7989.08 -00.34
8068.98 -00.36
8149.67 -00.40
8231.16 -00.45
8313.47 -00.51
8396.61 -00.57
8480.57 -00.63
8565.38 -00.70
8651.03 -00.77
8737.54 -00.86
8824.92 -00.96
8913.17 -01.09
9002.30 -01.24
9092.32 -01.42
9183.25 -01.63
9275.08 -01.88
9367.83 -02.15
9461.51 -02.45
9556.12 -02.78
9651.68 -03.13
9748.20 -03.49
9845.68 -03.87
9944.14 -04.24
10043.58 -04.60
10144.02 -04.96
10245.46 -05.29
10347.91 -05.51
10451.39 -05.71
10555.91 -05.87
10661.46 -06.01
10768.08 -06.13
10875.76 -06.21
10984.52 -06.25
11094.36 -06.26
11205.31 -06.25
11317.36 -06.19
11430.53 -06.11
11544.84 -05.99
11660.29 -05.85
11776.89 -05.71
11894.66 -05.58
12013.60 -05.48
12133.74 -05.43
12255.08 -05.46
12377.63 -05.57
12501.41 -05.77
12626.42 -06.06
12752.68 -06.43
12880.21 -06.92
13009.01 -07.50
13139.10 -08.20
13270.49 -09.00
13403.20 -09.87
13537.23 -10.68
13672.60 -11.25
13809.33 -11.36
13947.42 -10.93
14086.90 -10.00
14227.77 -08.80
14370.04 -07.52
14513.74 -06.31
14658.88 -05.36
14805.47 -04.60
14953.52 -04.03
15103.06 -03.66
15254.09 -03.45
15406.63 -03.39
15560.70 -03.42
15716.30 -03.52
15873.47 -03.66
16032.20 -03.84
16192.52 -04.08
16354.45 -04.36
16517.99 -04.66
16683.17 -04.92
16850.01 -05.08
17018.51 -05.10
17188.69 -05.01
17360.58 -04.88
17534.18 -04.80
17709.53 -04.85
17886.62 -05.03
18065.49 -05.35
18246.14 -05.78
18428.60 -06.32
18612.89 -06.93
18799.02 -07.63
18987.01 -08.44
19176.88 -09.36
19368.65 -10.43
19562.33 -11.61
19757.96 -12.85
19955.54 -14.03
20000.00 -14.26
