20.00 -05.36
20.20 -05.27
20.40 -05.19
20.61 -05.10
20.81 -05.01
21.02 -04.93
21.23 -04.85
21.44 -04.77
21.66 -04.69
21.87 -04.61
22.09 -04.53
22.31 -04.46
22.54 -04.38
22.76 -04.30
22.99 -04.23
23.22 -04.15
23.45 -04.08
23.69 -04.00
23.92 -03.93
24.16 -03.85
24.40 -03.78
24.65 -03.71
24.89 -03.63
25.14 -03.56
25.39 -03.49
25.65 -03.42
25.91 -03.35
26.16 -03.28
26.43 -03.21
26.69 -03.14
26.96 -03.07
27.23 -03.00
27.50 -02.94
27.77 -02.87
28.05 -02.80
28.33 -02.74
28.62 -02.68
28.90 -02.61
29.19 -02.55
29.48 -02.49
29.78 -02.43
30.08 -02.37
30.38 -02.32
30.68 -02.26
30.99 -02.21
31.30 -02.15
31.61 -02.10
31.93 -02.05
32.24 -02.00
32.57 -01.95
32.89 -01.90
33.22 -01.86
33.55 -01.81
33.89 -01.76
34.23 -01.72
34.57 -01.67
34.92 -01.63
35.27 -01.58
35.62 -01.54
35.97 -01.49
36.33 -01.45
36.70 -01.40
37.06 -01.36
37.43 -01.32
37.81 -01.27
38.19 -01.23
38.57 -01.19
38.95 -01.15
39.34 -01.10
39.74 -01.06
40.14 -01.02
40.54 -00.98
40.94 -00.94
41.35 -00.90
41.76 -00.86
42.18 -00.81
42.60 -00.77
43.03 -00.73
43.46 -00.69
43.90 -00.65
44.33 -00.60
44.78 -00.56
45.23 -00.52
45.68 -00.48
46.13 -00.43
46.60 -00.39
47.06 -00.35
47.53 -00.31
48.01 -00.27
48.49 -00.23
48.97 -00.19
49.46 -00.15
49.96 -00.12
50.46 -00.08
50.96 -00.04
51.47 -00.01
51.99 00.02
52.51 00.05
53.03 00.07
53.56 00.09
54.10 00.11
54.64 00.12
55.18 00.13
55.74 00.14
56.29 00.13
56.86 00.13
57.42 00.12
58.00 00.11
58.58 00.10
59.16 00.08
59.76 00.07
60.35 00.06
60.96 00.04
61.57 00.04
62.18 00.03
62.80 00.03
63.43 00.04
64.07 00.06
64.71 00.08
65.35 00.10
66.01 00.14
66.67 00.18
67.33 00.22
68.01 00.27
68.69 00.32
69.37 00.37
70.07 00.43
70.77 00.49
71.48 00.54
72.19 00.59
72.91 00.64
73.64 00.69
74.38 00.73
75.12 00.78
75.87 00.81
76.63 00.85
77.40 00.88
78.17 00.91
78.95 00.94
79.74 00.96
80.54 00.98
81.35 01.01
82.16 01.03
82.98 01.05
83.81 01.06
84.65 01.08
85.50 01.10
86.35 01.11
87.22 01.13
88.09 01.14
88.97 01.15
89.86 01.16
90.76 01.17
91.66 01.18
92.58 01.19
93.51 01.20
94.44 01.21
95.39 01.22
96.34 01.23
97.30 01.23
98.28 01.24
99.26 01.25
100.25 01.25
101.25 01.26
102.27 01.26
103.29 01.27
104.32 01.27
105.37 01.28
106.42 01.28
107.48 01.29
108.56 01.29
109.64 01.30
110.74 01.30
111.85 01.31
112.97 01.31
114.10 01.31
115.24 01.32
116.39 01.32
117.55 01.33
118.73 01.33
119.92 01.33
121.12 01.33
122.33 01.33
123.55 01.33
124.79 01.33
126.03 01.33
127.29 01.33
128.57 01.32
129.85 01.32
131.15 01.31
132.46 01.31
133.79 01.30
135.12 01.29
136.48 01.28
137.84 01.27
139.22 01.25
140.61 01.23
142.02 01.21
143.44 01.19
144.87 01.17
146.32 01.14
147.78 01.12
149.26 01.11
150.75 01.09
152.26 01.08
153.78 01.07
155.32 01.06
156.88 01.05
158.44 01.04
160.03 01.04
161.63 01.04
163.24 01.05
164.88 01.06
166.53 01.06
168.19 01.06
169.87 01.06
171.57 01.07
173.29 01.06
175.02 01.06
176.77 01.07
178.54 01.06
180.32 01.06
182.13 01.07
183.95 01.06
185.79 01.05
187.65 01.05
189.52 01.04
191.42 01.03
193.33 01.01
195.27 00.99
197.22 00.96
199.19 00.94
201.18 00.90
203.19 00.87
205.23 00.82
207.28 00.78
209.35 00.74
211.44 00.70
213.56 00.66
215.69 00.64
217.85 00.62
220.03 00.60
222.23 00.60
224.45 00.61
226.70 00.61
228.96 00.62
231.25 00.63
233.57 00.64
235.90 00.64
238.26 00.64
240.64 00.65
243.05 00.64
245.48 00.64
247.93 00.64
250.41 00.62
252.92 00.61
255.45 00.61
258.00 00.60
260.58 00.59
263.19 00.58
265.82 00.57
268.48 00.57
271.16 00.55
273.87 00.54
276.61 00.53
279.38 00.52
282.17 00.51
284.99 00.49
287.84 00.48
290.72 00.46
293.63 00.46
296.57 00.45
299.53 00.43
302.53 00.43
305.55 00.41
308.61 00.40
311.69 00.39
314.81 00.38
317.96 00.38
321.14 00.36
324.35 00.36
327.59 00.36
330.87 00.35
334.18 00.35
337.52 00.36
340.90 00.35
344.30 00.35
347.75 00.34
351.23 00.34
354.74 00.33
358.28 00.32
361.87 00.31
365.49 00.29
369.14 00.28
372.83 00.25
376.56 00.22
380.33 00.19
384.13 00.15
387.97 00.11
391.85 00.06
395.77 00.01
399.73 -00.05
403.72 -00.10
407.76 -00.15
411.84 -00.20
415.96 -00.24
420.12 -00.27
424.32 -00.31
428.56 -00.32
432.85 -00.32
437.18 -00.33
441.55 -00.31
445.96 -00.29
450.42 -00.27
454.93 -00.24
459.48 -00.21
464.07 -00.18
468.71 -00.14
473.40 -00.10
478.13 -00.08
482.91 -00.05
487.74 -00.03
492.62 00.00
497.55 00.02
502.52 00.03
507.55 00.05
512.62 00.06
517.75 00.06
522.93 00.07
528.16 00.06
533.44 00.06
538.77 00.05
544.16 00.03
549.60 00.01
555.10 -00.01
560.65 -00.03
566.25 -00.06
571.92 -00.08
577.64 -00.12
583.41 -00.14
589.25 -00.17
595.14 -00.19
601.09 -00.20
607.10 -00.23
613.17 -00.24
619.30 -00.26
625.50 -00.28
631.75 -00.29
638.07 -00.31
644.45 -00.33
650.89 -00.37
657.40 -00.41
663.98 -00.44
670.62 -00.49
677.32 -00.53
684.10 -00.56
690.94 -00.60
697.85 -00.63
704.83 -00.66
711.87 -00.69
718.99 -00.71
726.18 -00.73
733.44 -00.74
740.78 -00.75
748.19 -00.74
755.67 -00.73
763.23 -00.71
770.86 -00.68
778.57 -00.66
786.35 -00.64
794.22 -00.62
802.16 -00.59
810.18 -00.58
818.28 -00.58
826.46 -00.58
834.73 -00.57
843.08 -00.57
851.51 -00.57
860.02 -00.56
868.62 -00.53
877.31 -00.49
886.08 -00.44
894.94 -00.39
903.89 -00.32
912.93 -00.23
922.06 -00.14
931.28 -00.04
940.59 00.04
950.00 00.13
959.50 00.21
969.09 00.27
978.78 00.34
988.57 00.40
998.46 00.45
1008.44 00.50
1018.53 00.54
1028.71 00.57
1039.00 00.60
1049.39 00.62
1059.88 00.63
1070.48 00.65
1081.19 00.67
1092.00 00.67
1102.92 00.68
1113.95 00.68
1125.09 00.67
1136.34 00.65
1147.70 00.63
1159.18 00.62
1170.77 00.61
1182.48 00.59
1194.30 00.59
1206.25 00.58
1218.31 00.56
1230.49 00.54
1242.80 00.52
1255.22 00.49
1267.78 00.49
1280.45 00.48
1293.26 00.49
1306.19 00.50
1319.25 00.50
1332.45 00.49
1345.77 00.48
1359.23 00.48
1372.82 00.47
1386.55 00.47
1400.41 00.47
1414.42 00.45
1428.56 00.43
1442.85 00.39
1457.28 00.35
1471.85 00.31
1486.57 00.26
1501.43 00.22
1516.45 00.16
1531.61 00.12
1546.93 00.06
1562.40 00.00
1578.02 -00.05
1593.80 -00.11
1609.74 -00.16
1625.84 -00.22
1642.10 -00.28
1658.52 -00.34
1675.10 -00.40
1691.85 -00.46
1708.77 -00.51
1725.86 -00.57
1743.12 -00.63
1760.55 -00.70
1778.15 -00.78
1795.94 -00.85
1813.90 -00.93
1832.03 -01.01
1850.36 -01.09
1868.86 -01.17
1887.55 -01.25
1906.42 -01.33
1925.49 -01.42
1944.74 -01.51
1964.19 -01.58
1983.83 -01.65
2003.67 -01.72
2023.71 -01.78
2043.94 -01.85
2064.38 -01.92
2085.03 -01.99
2105.88 -02.06
2126.94 -02.14
2148.20 -02.20
2169.69 -02.27
2191.38 -02.34
2213.30 -02.41
2235.43 -02.47
2257.78 -02.54
2280.36 -02.60
2303.17 -02.66
2326.20 -02.71
2349.46 -02.76
2372.95 -02.82
2396.68 -02.86
2420.65 -02.92
2444.86 -02.98
2469.31 -03.03
2494.00 -03.08
2518.94 -03.13
2544.13 -03.18
2569.57 -03.23
2595.27 -03.26
2621.22 -03.31
2647.43 -03.34
2673.90 -03.37
2700.64 -03.38
2727.65 -03.39
2754.93 -03.40
2782.48 -03.40
2810.30 -03.38
2838.40 -03.35
2866.79 -03.31
2895.46 -03.26
2924.41 -03.20
2953.65 -03.12
2983.19 -03.04
3013.02 -02.95
3043.15 -02.85
3073.58 -02.74
3104.32 -02.62
3135.36 -02.51
3166.72 -02.39
3198.38 -02.28
3230.37 -02.15
3262.67 -02.04
3295.30 -01.92
3328.25 -01.81
3361.53 -01.69
3395.15 -01.58
3429.10 -01.46
3463.39 -01.34
3498.03 -01.23
3533.01 -01.11
3568.34 -00.99
3604.02 -00.88
3640.06 -00.77
3676.46 -00.67
3713.22 -00.59
3750.36 -00.51
3787.86 -00.44
3825.74 -00.38
3864.00 -00.32
3902.64 -00.28
3941.66 -00.25
3981.08 -00.24
4020.89 -00.24
4061.10 -00.26
4101.71 -00.31
4142.73 -00.37
4184.15 -00.45
4226.00 -00.56
4268.26 -00.69
4310.94 -00.84
4354.05 -01.01
4397.59 -01.18
4441.56 -01.35
4485.98 -01.50
4530.84 -01.61
4576.15 -01.66
4621.91 -01.62
4668.13 -01.50
4714.81 -01.30
4761.96 -01.02
4809.58 -00.69
4857.67 -00.35
4906.25 -00.01
4955.31 00.31
5004.87 00.59
5054.91 00.82
5105.46 01.00
5156.52 01.05
5208.08 01.00
5260.16 00.90
5312.77 00.75
5365.89 00.55
5419.55 00.31
5473.75 00.04
5528.49 -00.26
5583.77 -00.56
5639.61 -00.89
5696.00 -01.22
5752.96 -01.56
5810.49 -01.90
5868.60 -02.25
5927.28 -02.61
5986.56 -02.99
6046.42 -03.16
6106.89 -03.28
6167.96 -03.42
6229.64 -03.58
6291.93 -03.76
6354.85 -03.95
6418.40 -04.15
6482.58 -04.32
6547.41 -04.49
6612.88 -04.62
6679.01 -04.71
6745.80 -04.76
6813.26 -04.75
6881.39 -04.70
6950.21 -04.60
7019.71 -04.47
7089.91 -04.31
7160.81 -04.15
7232.41 -03.97
7304.74 -03.95
7377.79 -03.94
7451.56 -03.91
7526.08 -03.88
7601.34 -03.83
7677.35 -03.77
7754.13 -03.69
7831.67 -03.61
7909.98 -03.53
7989.08 -03.46
8068.98 -03.40
8149.67 -03.36
8231.16 -03.33
8313.47 -03.34
8396.61 -03.36
8480.57 -03.42
8565.38 -03.49
8651.03 -03.59
8737.54 -03.71
8824.92 -03.85
8913.17 -03.99
9002.30 -04.14
9092.32 -04.29
9183.25 -04.45
9275.08 -04.60
9367.83 -04.77
9461.51 -04.94
9556.12 -05.12
9651.68 -05.31
9748.20 -05.50
9845.68 -05.70
9944.14 -05.90
10043.58 -06.09
10144.02 -06.28
10245.46 -06.44
10347.91 -06.48
10451.39 -06.49
10555.91 -06.45
10661.46 -06.38
10768.08 -06.28
10875.76 -06.15
10984.52 -05.97
11094.36 -05.78
11205.31 -05.59
11317.36 -05.40
11430.53 -05.21
11544.84 -05.05
11660.29 -04.90
11776.89 -04.79
11894.66 -04.69
12013.60 -04.62
12133.74 -04.57
12255.08 -04.55
12377.63 -04.55
12501.41 -04.57
12626.42 -04.60
12752.68 -04.63
12880.21 -04.68
13009.01 -04.73
13139.10 -04.79
13270.49 -04.86
13403.20 -04.95
13537.23 -05.05
13672.60 -05.17
13809.33 -05.30
13947.42 -05.47
14086.90 -05.66
14227.77 -05.87
14370.04 -06.09
14513.74 -06.36
14658.88 -06.74
14805.47 -07.07
14953.52 -07.31
15103.06 -07.43
15254.09 -07.38
15406.63 -07.19
15560.70 -06.89
15716.30 -06.50
15873.47 -06.06
16032.20 -05.60
16192.52 -05.16
16354.45 -04.74
16517.99 -04.37
16683.17 -04.04
16850.01 -03.78
17018.51 -03.58
17188.69 -03.47
17360.58 -03.42
17534.18 -03.44
17709.53 -03.54
17886.62 -03.69
18065.49 -03.90
18246.14 -04.15
18428.60 -04.45
18612.89 -04.77
18799.02 -05.11
18987.01 -05.46
19176.88 -05.78
19368.65 -06.09
19562.33 -06.39
19757.96 -06.68
19955.54 -06.98
20000.00 -07.05
