20.00 -12.22
20.20 -12.14
20.40 -12.05
20.61 -11.97
20.81 -11.89
21.02 -11.80
21.23 -11.72
21.44 -11.65
21.66 -11.56
21.87 -11.49
22.09 -11.41
22.31 -11.33
22.54 -11.25
22.76 -11.18
22.99 -11.10
23.22 -11.02
23.45 -10.94
23.69 -10.86
23.92 -10.79
24.16 -10.71
24.40 -10.63
24.65 -10.55
24.89 -10.48
25.14 -10.40
25.39 -10.32
25.65 -10.24
25.91 -10.16
26.16 -10.08
26.43 -10.00
26.69 -09.92
26.96 -09.85
27.23 -09.77
27.50 -09.69
27.77 -09.61
28.05 -09.53
28.33 -09.46
28.62 -09.38
28.90 -09.30
29.19 -09.22
29.48 -09.15
29.78 -09.07
30.08 -08.99
30.38 -08.92
30.68 -08.84
30.99 -08.77
31.30 -08.69
31.61 -08.62
31.93 -08.54
32.24 -08.47
32.57 -08.39
32.89 -08.31
33.22 -08.24
33.55 -08.16
33.89 -08.08
34.23 -08.01
34.57 -07.93
34.92 -07.85
35.27 -07.77
35.62 -07.70
35.97 -07.62
36.33 -07.54
36.70 -07.46
37.06 -07.38
37.43 -07.31
37.81 -07.23
38.19 -07.15
38.57 -07.07
38.95 -06.99
39.34 -06.91
39.74 -06.83
40.14 -06.75
40.54 -06.67
40.94 -06.59
41.35 -06.52
41.76 -06.44
42.18 -06.36
42.60 -06.28
43.03 -06.20
43.46 -06.12
43.90 -06.04
44.33 -05.97
44.78 -05.89
45.23 -05.81
45.68 -05.73
46.13 -05.65
46.60 -05.57
47.06 -05.49
47.53 -05.40
48.01 -05.32
48.49 -05.24
48.97 -05.16
49.46 -05.07
49.96 -04.99
50.46 -04.91
50.96 -04.82
51.47 -04.74
51.99 -04.65
52.51 -04.56
53.03 -04.48
53.56 -04.39
54.10 -04.30
54.64 -04.21
55.18 -04.13
55.74 -04.03
56.29 -03.94
56.86 -03.85
57.42 -03.76
58.00 -03.67
58.58 -03.57
59.16 -03.48
59.76 -03.39
60.35 -03.29
60.96 -03.20
61.57 -03.10
62.18 -03.01
62.80 -02.92
63.43 -02.82
64.07 -02.72
64.71 -02.63
65.35 -02.54
66.01 -02.44
66.67 -02.35
67.33 -02.25
68.01 -02.16
68.69 -02.06
69.37 -01.97
70.07 -01.88
70.77 -01.79
71.48 -01.69
72.19 -01.60
72.91 -01.51
73.64 -01.42
74.38 -01.33
75.12 -01.24
75.87 -01.16
76.63 -01.07
77.40 -00.98
78.17 -00.90
78.95 -00.82
79.74 -00.73
80.54 -00.65
81.35 -00.57
82.16 -00.49
82.98 -00.41
83.81 -00.34
84.65 -00.26
85.50 -00.19
86.35 -00.12
87.22 -00.05
88.09 00.02
88.97 00.09
89.86 00.15
90.76 00.22
91.66 00.28
92.58 00.34
93.51 00.41
94.44 00.47
95.39 00.53
96.34 00.59
97.30 00.65
98.28 00.71
99.26 00.77
100.25 00.82
101.25 00.88
102.27 00.94
103.29 01.00
104.32 01.05
105.37 01.11
106.42 01.17
107.48 01.22
108.56 01.28
109.64 01.33
110.74 01.38
111.85 01.44
112.97 01.49
114.10 01.55
115.24 01.60
116.39 01.66
117.55 01.71
118.73 01.77
119.92 01.82
121.12 01.88
122.33 01.93
123.55 01.99
124.79 02.04
126.03 02.09
127.29 02.14
128.57 02.19
129.85 02.24
131.15 02.29
132.46 02.33
133.79 02.37
135.12 02.41
136.48 02.45
137.84 02.49
139.22 02.53
140.61 02.57
142.02 02.60
143.44 02.64
144.87 02.67
146.32 02.70
147.78 02.73
149.26 02.75
150.75 02.78
152.26 02.80
153.78 02.81
155.32 02.82
156.88 02.83
158.44 02.84
160.03 02.84
161.63 02.86
163.24 02.87
164.88 02.89
166.53 02.89
168.19 02.90
169.87 02.91
171.57 02.92
173.29 02.93
175.02 02.93
176.77 02.94
178.54 02.95
180.32 02.95
182.13 02.96
183.95 02.96
185.79 02.96
187.65 02.97
189.52 02.97
191.42 02.97
193.33 02.97
195.27 02.98
197.22 02.97
199.19 02.98
201.18 02.97
203.19 02.98
205.23 02.97
207.28 02.98
209.35 02.97
211.44 02.97
213.56 02.96
215.69 02.96
217.85 02.96
220.03 02.95
222.23 02.95
224.45 02.94
226.70 02.93
228.96 02.92
231.25 02.91
233.57 02.90
235.90 02.88
238.26 02.86
240.64 02.86
243.05 02.84
245.48 02.82
247.93 02.82
250.41 02.80
252.92 02.78
255.45 02.77
258.00 02.75
260.58 02.73
263.19 02.72
265.82 02.70
268.48 02.69
271.16 02.67
273.87 02.65
276.61 02.64
279.38 02.61
282.17 02.60
284.99 02.58
287.84 02.56
290.72 02.54
293.63 02.53
296.57 02.52
299.53 02.50
302.53 02.49
305.55 02.47
308.61 02.46
311.69 02.45
314.81 02.42
317.96 02.41
321.14 02.38
324.35 02.37
327.59 02.34
330.87 02.31
334.18 02.29
337.52 02.28
340.90 02.26
344.30 02.24
347.75 02.23
351.23 02.24
354.74 02.24
358.28 02.24
361.87 02.25
365.49 02.26
369.14 02.28
372.83 02.28
376.56 02.28
380.33 02.29
384.13 02.29
387.97 02.29
391.85 02.28
395.77 02.27
399.73 02.25
403.72 02.23
407.76 02.21
411.84 02.19
415.96 02.16
420.12 02.14
424.32 02.11
428.56 02.09
432.85 02.07
437.18 02.05
441.55 02.03
445.96 02.02
450.42 02.00
454.93 01.99
459.48 01.98
464.07 01.96
468.71 01.95
473.40 01.95
478.13 01.94
482.91 01.92
487.74 01.91
492.62 01.91
497.55 01.90
502.52 01.88
507.55 01.88
512.62 01.86
517.75 01.84
522.93 01.82
528.16 01.78
533.44 01.72
538.77 01.62
544.16 01.48
549.60 01.31
555.10 01.07
560.65 00.80
566.25 00.47
571.92 00.11
577.64 -00.30
583.41 -00.71
589.25 -01.15
595.14 -01.55
601.09 -01.91
607.10 -02.20
613.17 -02.38
619.30 -02.45
625.50 -02.43
631.75 -02.32
638.07 -02.18
644.45 -02.02
650.89 -01.87
657.40 -01.73
663.98 -01.58
670.62 -01.47
677.32 -01.36
684.10 -01.26
690.94 -01.17
697.85 -01.08
704.83 -01.01
711.87 -00.95
718.99 -00.88
726.18 -00.83
733.44 -00.78
740.78 -00.74
748.19 -00.69
755.67 -00.65
763.23 -00.60
770.86 -00.55
778.57 -00.51
786.35 -00.46
794.22 -00.41
802.16 -00.35
810.18 -00.31
818.28 -00.27
826.46 -00.25
834.73 -00.23
843.08 -00.23
851.51 -00.24
860.02 -00.25
868.62 -00.26
877.31 -00.24
886.08 -00.22
894.94 -00.19
903.89 -00.13
912.93 -00.03
922.06 00.09
931.28 00.23
940.59 00.38
950.00 00.54
959.50 00.68
969.09 00.77
978.78 00.84
988.57 00.87
998.46 00.86
1008.44 00.84
1018.53 00.80
1028.71 00.74
1039.00 00.67
1049.39 00.60
1059.88 00.53
1070.48 00.47
1081.19 00.44
1092.00 00.41
1102.92 00.42
1113.95 00.43
1125.09 00.44
1136.34 00.43
1147.70 00.43
1159.18 00.42
1170.77 00.41
1182.48 00.39
1194.30 00.39
1206.25 00.38
1218.31 00.38
1230.49 00.40
1242.80 00.43
1255.22 00.46
1267.78 00.52
1280.45 00.58
1293.26 00.65
1306.19 00.70
1319.25 00.73
1332.45 00.73
1345.77 00.72
1359.23 00.69
1372.82 00.64
1386.55 00.59
1400.41 00.53
1414.42 00.48
1428.56 00.43
1442.85 00.38
1457.28 00.35
1471.85 00.32
1486.57 00.31
1501.43 00.31
1516.45 00.34
1531.61 00.39
1546.93 00.43
1562.40 00.47
1578.02 00.51
1593.80 00.54
1609.74 00.57
1625.84 00.61
1642.10 00.64
1658.52 00.68
1675.10 00.72
1691.85 00.76
1708.77 00.80
1725.86 00.83
1743.12 00.85
1760.55 00.87
1778.15 00.89
1795.94 00.91
1813.90 00.91
1832.03 00.91
1850.36 00.90
1868.86 00.88
1887.55 00.86
1906.42 00.83
1925.49 00.78
1944.74 00.70
1964.19 00.61
1983.83 00.47
2003.67 00.28
2023.71 00.03
2043.94 -00.24
2064.38 -00.53
2085.03 -00.82
2105.88 -01.08
2126.94 -01.36
2148.20 -01.64
2169.69 -01.90
2191.38 -02.14
2213.30 -02.31
2235.43 -02.39
2257.78 -02.39
2280.36 -02.34
2303.17 -02.27
2326.20 -02.22
2349.46 -02.21
2372.95 -02.22
2396.68 -02.21
2420.65 -02.22
2444.86 -02.25
2469.31 -02.28
2494.00 -02.34
2518.94 -02.41
2544.13 -02.52
2569.57 -02.66
2595.27 -02.84
2621.22 -03.04
2647.43 -03.25
2673.90 -03.46
2700.64 -03.65
2727.65 -03.84
2754.93 -04.03
2782.48 -04.21
2810.30 -04.37
2838.40 -04.52
2866.79 -04.61
2895.46 -04.61
2924.41 -04.58
2953.65 -04.53
2983.19 -04.50
3013.02 -04.48
3043.15 -04.44
3073.58 -04.38
3104.32 -04.28
3135.36 -04.15
3166.72 -04.00
3198.38 -03.84
3230.37 -03.67
3262.67 -03.50
3295.30 -03.29
3328.25 -03.07
3361.53 -02.83
3395.15 -02.61
3429.10 -02.37
3463.39 -02.13
3498.03 -01.91
3533.01 -01.66
3568.34 -01.41
3604.02 -01.20
3640.06 -01.01
3676.46 -00.87
3713.22 -00.75
3750.36 -00.64
3787.86 -00.53
3825.74 -00.43
3864.00 -00.35
3902.64 -00.29
3941.66 -00.26
3981.08 -00.25
4020.89 -00.25
4061.10 -00.27
4101.71 -00.29
4142.73 -00.31
4184.15 -00.35
4226.00 -00.42
4268.26 -00.52
4310.94 -00.65
4354.05 -00.81
4397.59 -00.98
4441.56 -01.17
4485.98 -01.38
4530.84 -01.58
4576.15 -01.80
4621.91 -02.04
4668.13 -02.28
4714.81 -02.52
4761.96 -02.75
4809.58 -02.96
4857.67 -03.15
4906.25 -03.31
4955.31 -03.40
5004.87 -03.45
5054.91 -03.49
5105.46 -03.52
5156.52 -03.64
5208.08 -03.81
5260.16 -04.00
5312.77 -04.21
5365.89 -04.42
5419.55 -04.64
5473.75 -04.86
5528.49 -05.09
5583.77 -05.31
5639.61 -05.53
5696.00 -05.69
5752.96 -05.74
5810.49 -05.66
5868.60 -05.50
5927.28 -05.26
5986.56 -05.01
6046.42 -04.53
6106.89 -03.97
6167.96 -03.42
6229.64 -02.88
6291.93 -02.35
6354.85 -01.82
6418.40 -01.31
6482.58 -00.79
6547.41 -00.29
6612.88 00.22
6679.01 00.73
6745.80 01.23
6813.26 01.75
6881.39 02.27
6950.21 02.79
7019.71 03.32
7089.91 03.85
7160.81 04.38
7232.41 04.91
7304.74 05.31
7377.79 05.68
7451.56 06.05
7526.08 06.41
7601.34 06.77
7677.35 07.11
7754.13 07.42
7831.67 07.70
7909.98 07.93
7989.08 08.11
8068.98 08.23
8149.67 08.29
8231.16 08.28
8313.47 08.20
8396.61 08.05
8480.57 07.84
8565.38 07.55
8651.03 07.20
8737.54 06.78
8824.92 06.30
8913.17 05.78
9002.30 05.23
9092.32 04.65
9183.25 04.08
9275.08 03.53
9367.83 03.00
9461.51 02.51
9556.12 02.06
9651.68 01.64
9748.20 01.24
9845.68 00.86
9944.14 00.49
10043.58 00.12
10144.02 -00.26
10245.46 -00.67
10347.91 -01.02
10451.39 -01.38
10555.91 -01.76
10661.46 -02.18
10768.08 -02.64
10875.76 -03.13
10984.52 -03.62
11094.36 -04.10
11205.31 -04.54
11317.36 -04.90
11430.53 -05.17
11544.84 -05.31
11660.29 -05.31
11776.89 -05.25
11894.66 -05.12
12013.60 -04.96
12133.74 -04.75
12255.08 -04.54
12377.63 -04.33
12501.41 -04.14
12626.42 -03.95
12752.68 -03.74
12880.21 -03.50
13009.01 -03.20
13139.10 -02.86
13270.49 -02.47
13403.20 -02.03
13537.23 -01.57
13672.60 -01.11
13809.33 -00.67
13947.42 -00.28
14086.90 00.07
14227.77 00.34
14370.04 00.55
14513.74 00.64
14658.88 00.49
14805.47 00.24
14953.52 -00.08
15103.06 -00.47
15254.09 -00.92
15406.63 -01.42
15560.70 -01.97
15716.30 -02.55
15873.47 -03.13
16032.20 -03.69
16192.52 -04.23
16354.45 -04.74
16517.99 -05.22
16683.17 -05.70
16850.01 -06.20
17018.51 -06.73
17188.69 -07.32
17360.58 -07.97
17534.18 -08.67
17709.53 -09.46
17886.62 -10.34
18065.49 -11.34
18246.14 -12.44
18428.60 -13.63
18612.89 -14.76
18799.02 -15.64
18987.01 -16.10
19176.88 -16.15
19368.65 -15.98
19562.33 -15.74
19757.96 -15.57
19955.54 -15.50
20000.00 -15.51
