20.00 -11.96
20.20 -11.83
20.40 -11.69
20.61 -11.56
20.81 -11.43
21.02 -11.30
21.23 -11.17
21.44 -11.05
21.66 -10.92
21.87 -10.80
22.09 -10.68
22.31 -10.55
22.54 -10.43
22.76 -10.31
22.99 -10.18
23.22 -10.06
23.45 -09.94
23.69 -09.81
23.92 -09.69
24.16 -09.56
24.40 -09.44
24.65 -09.31
24.89 -09.19
25.14 -09.07
25.39 -08.94
25.65 -08.82
25.91 -08.69
26.16 -08.57
26.43 -08.44
26.69 -08.32
26.96 -08.19
27.23 -08.07
27.50 -07.95
27.77 -07.82
28.05 -07.70
28.33 -07.58
28.62 -07.45
28.90 -07.33
29.19 -07.21
29.48 -07.09
29.78 -06.96
30.08 -06.84
30.38 -06.72
30.68 -06.60
30.99 -06.48
31.30 -06.36
31.61 -06.24
31.93 -06.12
32.24 -06.00
32.57 -05.87
32.89 -05.75
33.22 -05.62
33.55 -05.50
33.89 -05.37
34.23 -05.24
34.57 -05.12
34.92 -04.99
35.27 -04.86
35.62 -04.74
35.97 -04.61
36.33 -04.49
36.70 -04.36
37.06 -04.24
37.43 -04.11
37.81 -03.99
38.19 -03.86
38.57 -03.74
38.95 -03.61
39.34 -03.49
39.74 -03.37
40.14 -03.24
40.54 -03.12
40.94 -03.00
41.35 -02.88
41.76 -02.76
42.18 -02.64
42.60 -02.53
43.03 -02.41
43.46 -02.29
43.90 -02.17
44.33 -02.06
44.78 -01.94
45.23 -01.83
45.68 -01.71
46.13 -01.60
46.60 -01.49
47.06 -01.38
47.53 -01.27
48.01 -01.17
48.49 -01.06
48.97 -00.96
49.46 -00.86
49.96 -00.76
50.46 -00.66
50.96 -00.56
51.47 -00.47
51.99 -00.38
52.51 -00.29
53.03 -00.21
53.56 -00.12
54.10 -00.05
54.64 00.03
55.18 00.10
55.74 00.17
56.29 00.24
56.86 00.30
57.42 00.36
58.00 00.42
58.58 00.48
59.16 00.53
59.76 00.58
60.35 00.63
60.96 00.68
61.57 00.73
62.18 00.77
62.80 00.81
63.43 00.85
64.07 00.88
64.71 00.92
65.35 00.95
66.01 00.98
66.67 01.01
67.33 01.03
68.01 01.06
68.69 01.08
69.37 01.10
70.07 01.12
70.77 01.14
71.48 01.16
72.19 01.18
72.91 01.20
73.64 01.21
74.38 01.23
75.12 01.24
75.87 01.26
76.63 01.27
77.40 01.28
78.17 01.29
78.95 01.30
79.74 01.31
80.54 01.32
81.35 01.33
82.16 01.33
82.98 01.33
83.81 01.33
84.65 01.33
85.50 01.33
86.35 01.32
87.22 01.31
88.09 01.29
88.97 01.28
89.86 01.26
90.76 01.24
91.66 01.22
92.58 01.20
93.51 01.18
94.44 01.16
95.39 01.13
96.34 01.11
97.30 01.09
98.28 01.07
99.26 01.04
100.25 01.02
101.25 00.99
102.27 00.97
103.29 00.95
104.32 00.92
105.37 00.90
106.42 00.88
107.48 00.85
108.56 00.83
109.64 00.81
110.74 00.79
111.85 00.77
112.97 00.75
114.10 00.73
115.24 00.71
116.39 00.69
117.55 00.67
118.73 00.65
119.92 00.63
121.12 00.61
122.33 00.59
123.55 00.57
124.79 00.55
126.03 00.53
127.29 00.51
128.57 00.49
129.85 00.47
131.15 00.45
132.46 00.43
133.79 00.41
135.12 00.39
136.48 00.38
137.84 00.36
139.22 00.34
140.61 00.32
142.02 00.30
143.44 00.28
144.87 00.26
146.32 00.24
147.78 00.22
149.26 00.20
150.75 00.18
152.26 00.16
153.78 00.14
155.32 00.12
156.88 00.10
158.44 00.09
160.03 00.07
161.63 00.07
163.24 00.06
164.88 00.07
166.53 00.07
168.19 00.07
169.87 00.07
171.57 00.08
173.29 00.09
175.02 00.09
176.77 00.10
178.54 00.10
180.32 00.10
182.13 00.11
183.95 00.11
185.79 00.11
187.65 00.12
189.52 00.13
191.42 00.14
193.33 00.14
195.27 00.15
197.22 00.15
199.19 00.16
201.18 00.16
203.19 00.16
205.23 00.16
207.28 00.16
209.35 00.15
211.44 00.15
213.56 00.13
215.69 00.12
217.85 00.11
220.03 00.08
222.23 00.07
224.45 00.06
226.70 00.03
228.96 00.01
231.25 00.00
233.57 -00.02
235.90 -00.04
238.26 -00.06
240.64 -00.06
243.05 -00.07
245.48 -00.07
247.93 -00.07
250.41 -00.07
252.92 -00.07
255.45 -00.06
258.00 -00.06
260.58 -00.06
263.19 -00.04
265.82 -00.04
268.48 -00.03
271.16 -00.03
273.87 -00.03
276.61 -00.02
279.38 -00.01
282.17 00.00
284.99 00.00
287.84 00.01
290.72 00.00
293.63 00.01
296.57 00.02
299.53 00.02
302.53 00.03
305.55 00.03
308.61 00.04
311.69 00.04
314.81 00.04
317.96 00.04
321.14 00.04
324.35 00.04
327.59 00.04
330.87 00.03
334.18 00.03
337.52 00.03
340.90 00.03
344.30 00.03
347.75 00.04
351.23 00.05
354.74 00.06
358.28 00.07
361.87 00.09
365.49 00.10
369.14 00.12
372.83 00.12
376.56 00.13
380.33 00.15
384.13 00.15
387.97 00.16
391.85 00.17
395.77 00.18
399.73 00.18
403.72 00.20
407.76 00.21
411.84 00.22
415.96 00.23
420.12 00.26
424.32 00.28
428.56 00.31
432.85 00.34
437.18 00.37
441.55 00.41
445.96 00.45
450.42 00.47
454.93 00.51
459.48 00.54
464.07 00.57
468.71 00.60
473.40 00.64
478.13 00.66
482.91 00.67
487.74 00.68
492.62 00.68
497.55 00.67
502.52 00.64
507.55 00.62
512.62 00.57
517.75 00.50
522.93 00.43
528.16 00.34
533.44 00.23
538.77 00.09
544.16 -00.06
549.60 -00.22
555.10 -00.38
560.65 -00.54
566.25 -00.70
571.92 -00.84
577.64 -00.97
583.41 -01.07
589.25 -01.15
595.14 -01.18
601.09 -01.19
607.10 -01.17
613.17 -01.11
619.30 -01.05
625.50 -00.97
631.75 -00.88
638.07 -00.80
644.45 -00.72
650.89 -00.66
657.40 -00.60
663.98 -00.53
670.62 -00.46
677.32 -00.39
684.10 -00.31
690.94 -00.23
697.85 -00.14
704.83 -00.06
711.87 00.01
718.99 00.10
726.18 00.16
733.44 00.22
740.78 00.27
748.19 00.32
755.67 00.35
763.23 00.37
770.86 00.40
778.57 00.41
786.35 00.43
794.22 00.46
802.16 00.50
810.18 00.53
818.28 00.57
826.46 00.62
834.73 00.67
843.08 00.72
851.51 00.76
860.02 00.81
868.62 00.85
877.31 00.90
886.08 00.94
894.94 00.98
903.89 01.03
912.93 01.11
922.06 01.18
931.28 01.26
940.59 01.34
950.00 01.42
959.50 01.48
969.09 01.52
978.78 01.56
988.57 01.59
998.46 01.60
1008.44 01.60
1018.53 01.59
1028.71 01.54
1039.00 01.49
1049.39 01.42
1059.88 01.33
1070.48 01.24
1081.19 01.15
1092.00 01.04
1102.92 00.92
1113.95 00.79
1125.09 00.66
1136.34 00.51
1147.70 00.38
1159.18 00.26
1170.77 00.14
1182.48 00.03
1194.30 -00.07
1206.25 -00.16
1218.31 -00.24
1230.49 -00.33
1242.80 -00.42
1255.22 -00.51
1267.78 -00.59
1280.45 -00.68
1293.26 -00.76
1306.19 -00.86
1319.25 -00.97
1332.45 -01.09
1345.77 -01.21
1359.23 -01.33
1372.82 -01.46
1386.55 -01.60
1400.41 -01.75
1414.42 -01.92
1428.56 -02.10
1442.85 -02.29
1457.28 -02.49
1471.85 -02.69
1486.57 -02.89
1501.43 -03.08
1516.45 -03.26
1531.61 -03.43
1546.93 -03.61
1562.40 -03.78
1578.02 -03.94
1593.80 -04.11
1609.74 -04.26
1625.84 -04.43
1642.10 -04.60
1658.52 -04.77
1675.10 -04.95
1691.85 -05.13
1708.77 -05.28
1725.86 -05.45
1743.12 -05.61
1760.55 -05.77
1778.15 -05.92
1795.94 -06.04
1813.90 -06.14
1832.03 -06.21
1850.36 -06.25
1868.86 -06.28
1887.55 -06.30
1906.42 -06.32
1925.49 -06.32
1944.74 -06.31
1964.19 -06.27
1983.83 -06.22
2003.67 -06.17
2023.71 -06.13
2043.94 -06.09
2064.38 -06.06
2085.03 -06.02
2105.88 -05.97
2126.94 -05.92
2148.20 -05.87
2169.69 -05.82
2191.38 -05.78
2213.30 -05.75
2235.43 -05.72
2257.78 -05.69
2280.36 -05.66
2303.17 -05.65
2326.20 -05.65
2349.46 -05.69
2372.95 -05.73
2396.68 -05.74
2420.65 -05.74
2444.86 -05.70
2469.31 -05.62
2494.00 -05.51
2518.94 -05.37
2544.13 -05.21
2569.57 -05.02
2595.27 -04.80
2621.22 -04.56
2647.43 -04.30
2673.90 -04.04
2700.64 -03.77
2727.65 -03.51
2754.93 -03.27
2782.48 -03.04
2810.30 -02.81
2838.40 -02.60
2866.79 -02.42
2895.46 -02.26
2924.41 -02.16
2953.65 -02.07
2983.19 -02.01
3013.02 -01.96
3043.15 -01.90
3073.58 -01.84
3104.32 -01.76
3135.36 -01.69
3166.72 -01.59
3198.38 -01.49
3230.37 -01.35
3262.67 -01.21
3295.30 -01.04
3328.25 -00.87
3361.53 -00.71
3395.15 -00.57
3429.10 -00.45
3463.39 -00.33
3498.03 -00.24
3533.01 -00.16
3568.34 -00.10
3604.02 -00.07
3640.06 -00.06
3676.46 -00.07
3713.22 -00.08
3750.36 -00.10
3787.86 -00.13
3825.74 -00.17
3864.00 -00.22
3902.64 -00.29
3941.66 -00.36
3981.08 -00.42
4020.89 -00.47
4061.10 -00.52
4101.71 -00.57
4142.73 -00.62
4184.15 -00.69
4226.00 -00.74
4268.26 -00.78
4310.94 -00.78
4354.05 -00.77
4397.59 -00.75
4441.56 -00.73
4485.98 -00.73
4530.84 -00.77
4576.15 -00.85
4621.91 -00.97
4668.13 -01.11
4714.81 -01.29
4761.96 -01.50
4809.58 -01.76
4857.67 -02.07
4906.25 -02.43
4955.31 -02.82
5004.87 -03.13
5054.91 -03.35
5105.46 -03.46
5156.52 -03.58
5208.08 -03.74
5260.16 -03.94
5312.77 -04.20
5365.89 -04.49
5419.55 -04.81
5473.75 -05.13
5528.49 -05.48
5583.77 -05.83
5639.61 -06.23
5696.00 -06.64
5752.96 -07.02
5810.49 -07.26
5868.60 -07.27
5927.28 -07.06
5986.56 -06.67
6046.42 -05.96
6106.89 -05.09
6167.96 -04.34
6229.64 -03.76
6291.93 -03.36
6354.85 -03.10
6418.40 -02.91
6482.58 -02.74
6547.41 -02.59
6612.88 -02.44
6679.01 -02.33
6745.80 -02.27
6813.26 -02.26
6881.39 -02.27
6950.21 -02.17
7019.71 -01.92
7089.91 -01.47
7160.81 -00.96
7232.41 -00.47
7304.74 -00.18
7377.79 00.07
7451.56 00.31
7526.08 00.56
7601.34 00.81
7677.35 01.07
7754.13 01.33
7831.67 01.59
7909.98 01.83
7989.08 02.06
8068.98 02.26
8149.67 02.43
8231.16 02.59
8313.47 02.70
8396.61 02.78
8480.57 02.80
8565.38 02.77
8651.03 02.69
8737.54 02.57
8824.92 02.38
8913.17 02.13
9002.30 01.83
9092.32 01.48
9183.25 01.09
9275.08 00.66
9367.83 00.20
9461.51 -00.29
9556.12 -00.80
9651.68 -01.34
9748.20 -01.88
9845.68 -02.40
9944.14 -02.86
10043.58 -03.26
10144.02 -03.61
10245.46 -03.90
10347.91 -04.07
10451.39 -04.20
10555.91 -04.31
10661.46 -04.42
10768.08 -04.54
10875.76 -04.67
10984.52 -04.80
11094.36 -04.93
11205.31 -05.11
11317.36 -05.29
11430.53 -05.48
11544.84 -05.64
11660.29 -05.76
11776.89 -05.86
11894.66 -05.95
12013.60 -06.05
12133.74 -06.10
12255.08 -06.08
12377.63 -05.97
12501.41 -05.81
12626.42 -05.64
12752.68 -05.50
12880.21 -05.45
13009.01 -05.48
13139.10 -05.59
13270.49 -05.69
13403.20 -05.70
13537.23 -05.53
13672.60 -05.11
13809.33 -04.58
13947.42 -04.04
14086.90 -03.56
14227.77 -03.14
14370.04 -02.82
14513.74 -02.60
14658.88 -02.60
14805.47 -02.67
14953.52 -02.84
15103.06 -03.15
15254.09 -03.70
15406.63 -04.52
15560.70 -05.66
15716.30 -07.05
15873.47 -08.58
16032.20 -10.15
16192.52 -11.71
16354.45 -13.03
16517.99 -13.90
16683.17 -14.47
16850.01 -14.89
17018.51 -15.28
17188.69 -15.68
17360.58 -16.02
17534.18 -16.16
17709.53 -16.03
17886.62 -15.44
18065.49 -14.31
18246.14 -12.81
18428.60 -11.29
18612.89 -09.88
18799.02 -08.65
18987.01 -07.60
19176.88 -06.73
19368.65 -06.05
19562.33 -05.55
19757.96 -05.23
19955.54 -05.09
20000.00 -05.08
