20.00 -03.62
20.20 -03.53
20.40 -03.43
20.61 -03.34
20.81 -03.26
21.02 -03.17
21.23 -03.09
21.44 -03.00
21.66 -02.92
21.87 -02.84
22.09 -02.77
22.31 -02.69
22.54 -02.61
22.76 -02.54
22.99 -02.46
23.22 -02.38
23.45 -02.31
23.69 -02.23
23.92 -02.16
24.16 -02.09
24.40 -02.01
24.65 -01.94
24.89 -01.87
25.14 -01.80
25.39 -01.73
25.65 -01.66
25.91 -01.58
26.16 -01.52
26.43 -01.45
26.69 -01.38
26.96 -01.31
27.23 -01.25
27.50 -01.18
27.77 -01.12
28.05 -01.05
28.33 -00.99
28.62 -00.93
28.90 -00.87
29.19 -00.81
29.48 -00.75
29.78 -00.69
30.08 -00.64
30.38 -00.58
30.68 -00.53
30.99 -00.48
31.30 -00.43
31.61 -00.38
31.93 -00.33
32.24 -00.28
32.57 -00.23
32.89 -00.18
33.22 -00.14
33.55 -00.09
33.89 -00.04
34.23 00.00
34.57 00.05
34.92 00.09
35.27 00.14
35.62 00.18
35.97 00.22
36.33 00.26
36.70 00.31
37.06 00.35
37.43 00.39
37.81 00.43
38.19 00.47
38.57 00.51
38.95 00.54
39.34 00.58
39.74 00.62
40.14 00.65
40.54 00.69
40.94 00.72
41.35 00.76
41.76 00.79
42.18 00.82
42.60 00.85
43.03 00.88
43.46 00.92
43.90 00.95
44.33 00.98
44.78 01.01
45.23 01.04
45.68 01.07
46.13 01.10
46.60 01.12
47.06 01.15
47.53 01.18
48.01 01.20
48.49 01.23
48.97 01.25
49.46 01.27
49.96 01.29
50.46 01.31
50.96 01.33
51.47 01.35
51.99 01.36
52.51 01.38
53.03 01.39
53.56 01.40
54.10 01.40
54.64 01.41
55.18 01.41
55.74 01.41
56.29 01.41
56.86 01.40
57.42 01.39
58.00 01.38
58.58 01.37
59.16 01.36
59.76 01.35
60.35 01.34
60.96 01.33
61.57 01.32
62.18 01.32
62.80 01.32
63.43 01.32
64.07 01.33
64.71 01.35
65.35 01.37
66.01 01.40
66.67 01.43
67.33 01.47
68.01 01.51
68.69 01.56
69.37 01.60
70.07 01.65
70.77 01.70
71.48 01.74
72.19 01.79
72.91 01.83
73.64 01.87
74.38 01.91
75.12 01.94
75.87 01.97
76.63 02.00
77.40 02.02
78.17 02.04
78.95 02.06
79.74 02.08
80.54 02.09
81.35 02.11
82.16 02.12
82.98 02.13
83.81 02.14
84.65 02.15
85.50 02.16
86.35 02.17
87.22 02.18
88.09 02.19
88.97 02.19
89.86 02.20
90.76 02.20
91.66 02.21
92.58 02.21
93.51 02.21
94.44 02.21
95.39 02.21
96.34 02.20
97.30 02.20
98.28 02.19
99.26 02.18
100.25 02.17
101.25 02.16
102.27 02.15
103.29 02.14
104.32 02.12
105.37 02.11
106.42 02.10
107.48 02.09
108.56 02.09
109.64 02.08
110.74 02.07
111.85 02.07
112.97 02.06
114.10 02.06
115.24 02.05
116.39 02.04
117.55 02.04
118.73 02.03
119.92 02.02
121.12 02.01
122.33 02.00
123.55 01.99
124.79 01.98
126.03 01.96
127.29 01.95
128.57 01.94
129.85 01.92
131.15 01.91
132.46 01.89
133.79 01.88
135.12 01.86
136.48 01.85
137.84 01.83
139.22 01.81
140.61 01.79
142.02 01.77
143.44 01.75
144.87 01.73
146.32 01.71
147.78 01.68
149.26 01.66
150.75 01.63
152.26 01.61
153.78 01.58
155.32 01.55
156.88 01.52
158.44 01.49
160.03 01.46
161.63 01.44
163.24 01.42
164.88 01.40
166.53 01.38
168.19 01.36
169.87 01.34
171.57 01.33
173.29 01.31
175.02 01.29
176.77 01.28
178.54 01.26
180.32 01.25
182.13 01.24
183.95 01.23
185.79 01.21
187.65 01.20
189.52 01.18
191.42 01.16
193.33 01.14
195.27 01.12
197.22 01.09
199.19 01.07
201.18 01.03
203.19 01.01
205.23 00.97
207.28 00.93
209.35 00.88
211.44 00.84
213.56 00.78
215.69 00.73
217.85 00.68
220.03 00.61
222.23 00.56
224.45 00.51
226.70 00.46
228.96 00.42
231.25 00.39
233.57 00.36
235.90 00.35
238.26 00.34
240.64 00.35
243.05 00.36
245.48 00.38
247.93 00.41
250.41 00.43
252.92 00.45
255.45 00.48
258.00 00.49
260.58 00.50
263.19 00.51
265.82 00.51
268.48 00.51
271.16 00.50
273.87 00.49
276.61 00.48
279.38 00.46
282.17 00.45
284.99 00.43
287.84 00.42
290.72 00.40
293.63 00.40
296.57 00.40
299.53 00.39
302.53 00.40
305.55 00.39
308.61 00.40
311.69 00.40
314.81 00.39
317.96 00.40
321.14 00.39
324.35 00.40
327.59 00.39
330.87 00.37
334.18 00.36
337.52 00.35
340.90 00.33
344.30 00.31
347.75 00.29
351.23 00.28
354.74 00.26
358.28 00.24
361.87 00.23
365.49 00.21
369.14 00.20
372.83 00.18
376.56 00.15
380.33 00.13
384.13 00.10
387.97 00.08
391.85 00.05
395.77 00.01
399.73 -00.03
403.72 -00.06
407.76 -00.11
411.84 -00.14
415.96 -00.18
420.12 -00.20
424.32 -00.23
428.56 -00.25
432.85 -00.26
437.18 -00.28
441.55 -00.29
445.96 -00.29
450.42 -00.30
454.93 -00.30
459.48 -00.30
464.07 -00.30
468.71 -00.29
473.40 -00.26
478.13 -00.25
482.91 -00.22
487.74 -00.19
492.62 -00.15
497.55 -00.11
502.52 -00.07
507.55 -00.03
512.62 00.01
517.75 00.04
522.93 00.08
528.16 00.10
533.44 00.13
538.77 00.14
544.16 00.16
549.60 00.17
555.10 00.18
560.65 00.19
566.25 00.19
571.92 00.20
577.64 00.20
583.41 00.22
589.25 00.22
595.14 00.23
601.09 00.24
607.10 00.25
613.17 00.27
619.30 00.27
625.50 00.29
631.75 00.31
638.07 00.31
644.45 00.32
650.89 00.30
657.40 00.28
663.98 00.27
670.62 00.25
677.32 00.22
684.10 00.21
690.94 00.18
697.85 00.16
704.83 00.13
711.87 00.09
718.99 00.06
726.18 00.02
733.44 -00.03
740.78 -00.08
748.19 -00.12
755.67 -00.18
763.23 -00.24
770.86 -00.29
778.57 -00.35
786.35 -00.41
794.22 -00.47
802.16 -00.53
810.18 -00.61
818.28 -00.69
826.46 -00.78
834.73 -00.85
843.08 -00.93
851.51 -00.99
860.02 -01.05
868.62 -01.08
877.31 -01.10
886.08 -01.11
894.94 -01.10
903.89 -01.06
912.93 -00.99
922.06 -00.92
931.28 -00.83
940.59 -00.75
950.00 -00.66
959.50 -00.58
969.09 -00.50
978.78 -00.41
988.57 -00.32
998.46 -00.24
1008.44 -00.15
1018.53 -00.06
1028.71 00.02
1039.00 00.10
1049.39 00.18
1059.88 00.25
1070.48 00.31
1081.19 00.38
1092.00 00.42
1102.92 00.46
1113.95 00.49
1125.09 00.51
1136.34 00.51
1147.70 00.51
1159.18 00.51
1170.77 00.52
1182.48 00.51
1194.30 00.50
1206.25 00.49
1218.31 00.48
1230.49 00.47
1242.80 00.45
1255.22 00.43
1267.78 00.43
1280.45 00.42
1293.26 00.43
1306.19 00.42
1319.25 00.41
1332.45 00.39
1345.77 00.38
1359.23 00.36
1372.82 00.34
1386.55 00.33
1400.41 00.31
1414.42 00.28
1428.56 00.24
1442.85 00.21
1457.28 00.17
1471.85 00.13
1486.57 00.09
1501.43 00.04
1516.45 -00.01
1531.61 -00.06
1546.93 -00.12
1562.40 -00.18
1578.02 -00.25
1593.80 -00.32
1609.74 -00.38
1625.84 -00.46
1642.10 -00.53
1658.52 -00.59
1675.10 -00.66
1691.85 -00.73
1708.77 -00.78
1725.86 -00.83
1743.12 -00.86
1760.55 -00.90
1778.15 -00.92
1795.94 -00.95
1813.90 -00.98
1832.03 -01.02
1850.36 -01.07
1868.86 -01.12
1887.55 -01.18
1906.42 -01.24
1925.49 -01.31
1944.74 -01.39
1964.19 -01.46
1983.83 -01.54
2003.67 -01.61
2023.71 -01.67
2043.94 -01.72
2064.38 -01.76
2085.03 -01.81
2105.88 -01.84
2126.94 -01.89
2148.20 -01.94
2169.69 -02.00
2191.38 -02.08
2213.30 -02.17
2235.43 -02.26
2257.78 -02.37
2280.36 -02.48
2303.17 -02.60
2326.20 -02.71
2349.46 -02.83
2372.95 -02.93
2396.68 -03.01
2420.65 -03.09
2444.86 -03.16
2469.31 -03.20
2494.00 -03.23
2518.94 -03.24
2544.13 -03.25
2569.57 -03.25
2595.27 -03.24
2621.22 -03.23
2647.43 -03.21
2673.90 -03.19
2700.64 -03.15
2727.65 -03.10
2754.93 -03.06
2782.48 -03.00
2810.30 -02.92
2838.40 -02.85
2866.79 -02.77
2895.46 -02.66
2924.41 -02.56
2953.65 -02.43
2983.19 -02.31
3013.02 -02.17
3043.15 -02.02
3073.58 -01.87
3104.32 -01.71
3135.36 -01.55
3166.72 -01.39
3198.38 -01.24
3230.37 -01.08
3262.67 -00.94
3295.30 -00.79
3328.25 -00.67
3361.53 -00.54
3395.15 -00.44
3429.10 -00.34
3463.39 -00.24
3498.03 -00.16
3533.01 -00.09
3568.34 -00.02
3604.02 00.03
3640.06 00.07
3676.46 00.08
3713.22 00.09
3750.36 00.08
3787.86 00.05
3825.74 00.00
3864.00 -00.06
3902.64 -00.14
3941.66 -00.23
3981.08 -00.35
4020.89 -00.49
4061.10 -00.64
4101.71 -00.82
4142.73 -01.01
4184.15 -01.21
4226.00 -01.41
4268.26 -01.62
4310.94 -01.81
4354.05 -01.97
4397.59 -02.08
4441.56 -02.13
4485.98 -02.09
4530.84 -01.97
4576.15 -01.76
4621.91 -01.47
4668.13 -01.12
4714.81 -00.74
4761.96 -00.34
4809.58 00.04
4857.67 00.40
4906.25 00.71
4955.31 00.97
5004.87 01.18
5054.91 01.35
5105.46 01.47
5156.52 01.46
5208.08 01.37
5260.16 01.23
5312.77 01.07
5365.89 00.87
5419.55 00.66
5473.75 00.44
5528.49 00.20
5583.77 -00.03
5639.61 -00.28
5696.00 -00.52
5752.96 -00.77
5810.49 -01.02
5868.60 -01.26
5927.28 -01.49
5986.56 -01.74
6046.42 -01.76
6106.89 -01.71
6167.96 -01.66
6229.64 -01.61
6291.93 -01.56
6354.85 -01.52
6418.40 -01.49
6482.58 -01.46
6547.41 -01.45
6612.88 -01.45
6679.01 -01.47
6745.80 -01.51
6813.26 -01.56
6881.39 -01.65
6950.21 -01.75
7019.71 -01.88
7089.91 -02.02
7160.81 -02.18
7232.41 -02.34
7304.74 -02.65
7377.79 -02.97
7451.56 -03.26
7526.08 -03.50
7601.34 -03.70
7677.35 -03.83
7754.13 -03.90
7831.67 -03.91
7909.98 -03.87
7989.08 -03.77
8068.98 -03.65
8149.67 -03.50
8231.16 -03.35
8313.47 -03.21
8396.61 -03.08
8480.57 -02.98
8565.38 -02.89
8651.03 -02.83
8737.54 -02.79
8824.92 -02.77
8913.17 -02.78
9002.30 -02.81
9092.32 -02.85
9183.25 -02.92
9275.08 -02.99
9367.83 -03.07
9461.51 -03.16
9556.12 -03.25
9651.68 -03.35
9748.20 -03.44
9845.68 -03.54
9944.14 -03.66
10043.58 -03.79
10144.02 -03.94
10245.46 -04.10
10347.91 -04.19
10451.39 -04.29
10555.91 -04.40
10661.46 -04.56
10768.08 -04.74
10875.76 -04.94
10984.52 -05.15
11094.36 -05.37
11205.31 -05.61
11317.36 -05.83
11430.53 -06.04
11544.84 -06.23
11660.29 -06.38
11776.89 -06.50
11894.66 -06.58
12013.60 -06.62
12133.74 -06.60
12255.08 -06.55
12377.63 -06.46
12501.41 -06.36
12626.42 -06.25
12752.68 -06.13
12880.21 -06.05
13009.01 -05.98
13139.10 -05.95
13270.49 -05.94
13403.20 -05.96
13537.23 -05.98
13672.60 -06.00
13809.33 -05.99
13947.42 -05.95
14086.90 -05.84
14227.77 -05.69
14370.04 -05.48
14513.74 -05.26
14658.88 -05.15
14805.47 -05.04
14953.52 -04.94
15103.06 -04.85
15254.09 -04.78
15406.63 -04.75
15560.70 -04.75
15716.30 -04.77
15873.47 -04.80
16032.20 -04.83
16192.52 -04.84
16354.45 -04.84
16517.99 -04.80
16683.17 -04.72
16850.01 -04.61
17018.51 -04.47
17188.69 -04.31
17360.58 -04.13
17534.18 -03.95
17709.53 -03.79
17886.62 -03.64
18065.49 -03.54
18246.14 -03.45
18428.60 -03.41
18612.89 -03.41
18799.02 -03.47
18987.01 -03.57
19176.88 -03.73
19368.65 -03.95
19562.33 -04.24
19757.96 -04.60
19955.54 -05.03
20000.00 -05.14
