20.00 08.17
20.20 08.18
20.40 08.19
20.61 08.20
20.81 08.21
21.02 08.22
21.23 08.22
21.44 08.23
21.66 08.23
21.87 08.23
22.09 08.24
22.31 08.24
22.54 08.24
22.76 08.24
22.99 08.24
23.22 08.24
23.45 08.24
23.69 08.23
23.92 08.23
24.16 08.23
24.40 08.22
24.65 08.22
24.89 08.21
25.14 08.21
25.39 08.20
25.65 08.19
25.91 08.18
26.16 08.17
26.43 08.16
26.69 08.15
26.96 08.14
27.23 08.13
27.50 08.12
27.77 08.10
28.05 08.09
28.33 08.07
28.62 08.05
28.90 08.03
29.19 08.01
29.48 07.99
29.78 07.97
30.08 07.95
30.38 07.92
30.68 07.90
30.99 07.87
31.30 07.84
31.61 07.81
31.93 07.78
32.24 07.75
32.57 07.71
32.89 07.67
33.22 07.63
33.55 07.59
33.89 07.55
34.23 07.51
34.57 07.47
34.92 07.42
35.27 07.38
35.62 07.33
35.97 07.29
36.33 07.25
36.70 07.20
37.06 07.15
37.43 07.11
37.81 07.06
38.19 07.01
38.57 06.96
38.95 06.91
39.34 06.86
39.74 06.81
40.14 06.76
40.54 06.71
40.94 06.66
41.35 06.61
41.76 06.56
42.18 06.51
42.60 06.45
43.03 06.40
43.46 06.34
43.90 06.29
44.33 06.23
44.78 06.18
45.23 06.12
45.68 06.06
46.13 06.01
46.60 05.95
47.06 05.89
47.53 05.83
48.01 05.77
48.49 05.71
48.97 05.65
49.46 05.59
49.96 05.53
50.46 05.46
50.96 05.40
51.47 05.34
51.99 05.27
52.51 05.20
53.03 05.13
53.56 05.06
54.10 04.98
54.64 04.90
55.18 04.82
55.74 04.73
56.29 04.64
56.86 04.54
57.42 04.44
58.00 04.34
58.58 04.23
59.16 04.13
59.76 04.02
60.35 03.91
60.96 03.80
61.57 03.70
62.18 03.60
62.80 03.51
63.43 03.42
64.07 03.35
64.71 03.29
65.35 03.24
66.01 03.20
66.67 03.17
67.33 03.16
68.01 03.15
68.69 03.15
69.37 03.16
70.07 03.17
70.77 03.18
71.48 03.19
72.19 03.19
72.91 03.18
73.64 03.16
74.38 03.12
75.12 03.08
75.87 03.03
76.63 02.96
77.40 02.88
78.17 02.80
78.95 02.70
79.74 02.60
80.54 02.49
81.35 02.38
82.16 02.27
82.98 02.16
83.81 02.05
84.65 01.94
85.50 01.84
86.35 01.74
87.22 01.64
88.09 01.54
88.97 01.45
89.86 01.36
90.76 01.28
91.66 01.20
92.58 01.13
93.51 01.08
94.44 01.04
95.39 01.02
96.34 01.02
97.30 01.03
98.28 01.06
99.26 01.11
100.25 01.17
101.25 01.25
102.27 01.34
103.29 01.43
104.32 01.53
105.37 01.63
106.42 01.73
107.48 01.83
108.56 01.92
109.64 02.02
110.74 02.11
111.85 02.20
112.97 02.28
114.10 02.34
115.24 02.40
116.39 02.43
117.55 02.46
118.73 02.46
119.92 02.46
121.12 02.43
122.33 02.40
123.55 02.35
124.79 02.29
126.03 02.22
127.29 02.14
128.57 02.07
129.85 01.99
131.15 01.92
132.46 01.85
133.79 01.78
135.12 01.71
136.48 01.64
137.84 01.56
139.22 01.48
140.61 01.40
142.02 01.32
143.44 01.23
144.87 01.15
146.32 01.07
147.78 00.99
149.26 00.91
150.75 00.84
152.26 00.78
153.78 00.72
155.32 00.67
156.88 00.63
158.44 00.60
160.03 00.57
161.63 00.55
163.24 00.53
164.88 00.53
166.53 00.51
168.19 00.50
169.87 00.48
171.57 00.48
173.29 00.46
175.02 00.45
176.77 00.44
178.54 00.42
180.32 00.40
182.13 00.39
183.95 00.37
185.79 00.34
187.65 00.33
189.52 00.30
191.42 00.29
193.33 00.26
195.27 00.25
197.22 00.23
199.19 00.22
201.18 00.21
203.19 00.21
205.23 00.21
207.28 00.22
209.35 00.23
211.44 00.25
213.56 00.26
215.69 00.29
217.85 00.31
220.03 00.32
222.23 00.34
224.45 00.35
226.70 00.35
228.96 00.36
231.25 00.38
233.57 00.39
235.90 00.40
238.26 00.42
240.64 00.46
243.05 00.50
245.48 00.54
247.93 00.60
250.41 00.65
252.92 00.70
255.45 00.76
258.00 00.80
260.58 00.83
263.19 00.87
265.82 00.89
268.48 00.91
271.16 00.92
273.87 00.92
276.61 00.93
279.38 00.93
282.17 00.93
284.99 00.93
287.84 00.92
290.72 00.91
293.63 00.90
296.57 00.89
299.53 00.86
302.53 00.84
305.55 00.80
308.61 00.77
311.69 00.73
314.81 00.69
317.96 00.65
321.14 00.60
324.35 00.56
327.59 00.51
330.87 00.45
334.18 00.40
337.52 00.35
340.90 00.29
344.30 00.23
347.75 00.16
351.23 00.10
354.74 00.02
358.28 -00.07
361.87 -00.14
365.49 -00.23
369.14 -00.31
372.83 -00.40
376.56 -00.49
380.33 -00.57
384.13 -00.66
387.97 -00.74
391.85 -00.83
395.77 -00.91
399.73 -01.00
403.72 -01.08
407.76 -01.17
411.84 -01.25
415.96 -01.34
420.12 -01.41
424.32 -01.49
428.56 -01.56
432.85 -01.62
437.18 -01.68
441.55 -01.74
445.96 -01.78
450.42 -01.83
454.93 -01.86
459.48 -01.88
464.07 -01.90
468.71 -01.90
473.40 -01.89
478.13 -01.87
482.91 -01.85
487.74 -01.81
492.62 -01.75
497.55 -01.68
502.52 -01.60
507.55 -01.49
512.62 -01.38
517.75 -01.24
522.93 -01.08
528.16 -00.91
533.44 -00.71
538.77 -00.50
544.16 -00.29
549.60 -00.07
555.10 00.13
560.65 00.34
566.25 00.52
571.92 00.70
577.64 00.85
583.41 00.99
589.25 01.10
595.14 01.21
601.09 01.29
607.10 01.36
613.17 01.42
619.30 01.46
625.50 01.50
631.75 01.53
638.07 01.55
644.45 01.55
650.89 01.53
657.40 01.51
663.98 01.49
670.62 01.46
677.32 01.43
684.10 01.40
690.94 01.37
697.85 01.34
704.83 01.30
711.87 01.26
718.99 01.23
726.18 01.18
733.44 01.14
740.78 01.09
748.19 01.05
755.67 01.00
763.23 00.95
770.86 00.91
778.57 00.87
786.35 00.83
794.22 00.80
802.16 00.78
810.18 00.75
818.28 00.73
826.46 00.71
834.73 00.69
843.08 00.66
851.51 00.63
860.02 00.60
868.62 00.56
877.31 00.52
886.08 00.47
894.94 00.42
903.89 00.36
912.93 00.32
922.06 00.26
931.28 00.21
940.59 00.15
950.00 00.10
959.50 00.05
969.09 -00.01
978.78 -00.05
988.57 -00.09
998.46 -00.13
1008.44 -00.15
1018.53 -00.16
1028.71 -00.18
1039.00 -00.19
1049.39 -00.19
1059.88 -00.20
1070.48 -00.21
1081.19 -00.22
1092.00 -00.24
1102.92 -00.27
1113.95 -00.30
1125.09 -00.34
1136.34 -00.40
1147.70 -00.46
1159.18 -00.51
1170.77 -00.58
1182.48 -00.65
1194.30 -00.72
1206.25 -00.79
1218.31 -00.86
1230.49 -00.93
1242.80 -01.01
1255.22 -01.10
1267.78 -01.18
1280.45 -01.26
1293.26 -01.33
1306.19 -01.41
1319.25 -01.49
1332.45 -01.59
1345.77 -01.68
1359.23 -01.77
1372.82 -01.86
1386.55 -01.95
1400.41 -02.05
1414.42 -02.14
1428.56 -02.22
1442.85 -02.30
1457.28 -02.37
1471.85 -02.43
1486.57 -02.48
1501.43 -02.52
1516.45 -02.55
1531.61 -02.57
1546.93 -02.59
1562.40 -02.62
1578.02 -02.64
1593.80 -02.67
1609.74 -02.71
1625.84 -02.76
1642.10 -02.83
1658.52 -02.90
1675.10 -02.99
1691.85 -03.08
1708.77 -03.15
1725.86 -03.21
1743.12 -03.25
1760.55 -03.29
1778.15 -03.32
1795.94 -03.34
1813.90 -03.35
1832.03 -03.36
1850.36 -03.35
1868.86 -03.33
1887.55 -03.32
1906.42 -03.31
1925.49 -03.30
1944.74 -03.32
1964.19 -03.33
1983.83 -03.33
2003.67 -03.32
2023.71 -03.31
2043.94 -03.29
2064.38 -03.27
2085.03 -03.25
2105.88 -03.21
2126.94 -03.17
2148.20 -03.13
2169.69 -03.08
2191.38 -03.02
2213.30 -02.97
2235.43 -02.91
2257.78 -02.87
2280.36 -02.84
2303.17 -02.82
2326.20 -02.80
2349.46 -02.80
2372.95 -02.80
2396.68 -02.80
2420.65 -02.81
2444.86 -02.82
2469.31 -02.83
2494.00 -02.84
2518.94 -02.83
2544.13 -02.82
2569.57 -02.80
2595.27 -02.78
2621.22 -02.76
2647.43 -02.75
2673.90 -02.74
2700.64 -02.73
2727.65 -02.73
2754.93 -02.74
2782.48 -02.76
2810.30 -02.78
2838.40 -02.81
2866.79 -02.84
2895.46 -02.87
2924.41 -02.91
2953.65 -02.94
2983.19 -02.99
3013.02 -03.03
3043.15 -03.07
3073.58 -03.12
3104.32 -03.16
3135.36 -03.20
3166.72 -03.24
3198.38 -03.29
3230.37 -03.33
3262.67 -03.39
3295.30 -03.44
3328.25 -03.50
3361.53 -03.55
3395.15 -03.61
3429.10 -03.67
3463.39 -03.72
3498.03 -03.77
3533.01 -03.82
3568.34 -03.85
3604.02 -03.89
3640.06 -03.94
3676.46 -04.00
3713.22 -04.07
3750.36 -04.15
3787.86 -04.25
3825.74 -04.38
3864.00 -04.52
3902.64 -04.69
3941.66 -04.89
3981.08 -05.13
4020.89 -05.41
4061.10 -05.73
4101.71 -06.09
4142.73 -06.48
4184.15 -06.89
4226.00 -07.32
4268.26 -07.78
4310.94 -08.24
4354.05 -08.71
4397.59 -09.16
4441.56 -09.57
4485.98 -09.93
4530.84 -10.20
4576.15 -10.36
4621.91 -10.38
4668.13 -10.22
4714.81 -09.89
4761.96 -09.42
4809.58 -08.86
4857.67 -08.27
4906.25 -07.70
4955.31 -07.20
5004.87 -06.77
5054.91 -06.43
5105.46 -06.16
5156.52 -06.03
5208.08 -06.02
5260.16 -06.07
5312.77 -06.18
5365.89 -06.34
5419.55 -06.54
5473.75 -06.75
5528.49 -06.95
5583.77 -07.08
5639.61 -07.14
5696.00 -07.10
5752.96 -06.96
5810.49 -06.71
5868.60 -06.36
5927.28 -05.92
5986.56 -05.42
6046.42 -04.66
6106.89 -03.80
6167.96 -02.94
6229.64 -02.10
6291.93 -01.29
6354.85 -00.54
6418.40 00.14
6482.58 00.75
6547.41 01.27
6612.88 01.73
6679.01 02.13
6745.80 02.48
6813.26 02.80
6881.39 03.08
6950.21 03.34
7019.71 03.58
7089.91 03.80
7160.81 04.01
7232.41 04.23
7304.74 04.31
7377.79 04.39
7451.56 04.50
7526.08 04.61
7601.34 04.72
7677.35 04.84
7754.13 04.96
7831.67 05.08
7909.98 05.20
7989.08 05.33
8068.98 05.45
8149.67 05.55
8231.16 05.63
8313.47 05.67
8396.61 05.67
8480.57 05.60
8565.38 05.47
8651.03 05.28
8737.54 05.02
8824.92 04.68
8913.17 04.26
9002.30 03.77
9092.32 03.19
9183.25 02.53
9275.08 01.80
9367.83 01.01
9461.51 00.17
9556.12 -00.72
9651.68 -01.62
9748.20 -02.53
9845.68 -03.43
9944.14 -04.32
10043.58 -05.19
10144.02 -06.04
10245.46 -06.83
10347.91 -07.45
10451.39 -07.93
10555.91 -08.23
10661.46 -08.37
10768.08 -08.35
10875.76 -08.21
10984.52 -07.97
11094.36 -07.66
11205.31 -07.33
11317.36 -06.98
11430.53 -06.65
11544.84 -06.37
11660.29 -06.15
11776.89 -06.01
11894.66 -05.92
12013.60 -05.90
12133.74 -05.92
12255.08 -05.98
12377.63 -06.09
12501.41 -06.23
12626.42 -06.40
12752.68 -06.57
12880.21 -06.76
13009.01 -06.95
13139.10 -07.15
13270.49 -07.36
13403.20 -07.59
13537.23 -07.83
13672.60 -08.10
13809.33 -08.40
13947.42 -08.77
14086.90 -09.22
14227.77 -09.79
14370.04 -10.54
14513.74 -11.52
14658.88 -12.83
14805.47 -14.32
14953.52 -15.95
15103.06 -17.71
15254.09 -19.57
15406.63 -21.51
15560.70 -23.45
15716.30 -25.34
15873.47 -27.10
16032.20 -28.59
16192.52 -29.65
16354.45 -30.22
16517.99 -30.47
16683.17 -30.60
16850.01 -30.72
17018.51 -30.82
17188.69 -30.84
17360.58 -30.70
17534.18 -30.38
17709.53 -29.99
17886.62 -29.59
18065.49 -29.28
18246.14 -29.10
18428.60 -29.08
18612.89 -29.19
18799.02 -29.43
18987.01 -29.77
19176.88 -30.16
19368.65 -30.58
19562.33 -30.98
19757.96 -31.37
19955.54 -31.76
20000.00 -31.85
