20.00 00.85
20.20 00.92
20.40 00.99
20.61 01.07
20.81 01.14
21.02 01.22
21.23 01.29
21.44 01.37
21.66 01.45
21.87 01.53
22.09 01.61
22.31 01.69
22.54 01.77
22.76 01.85
22.99 01.93
23.22 02.01
23.45 02.10
23.69 02.18
23.92 02.27
24.16 02.34
24.40 02.35
24.65 02.35
24.89 02.36
25.14 02.37
25.39 02.37
25.65 02.38
25.91 02.40
26.16 02.41
26.43 02.42
26.69 02.43
26.96 02.44
27.23 02.46
27.50 02.47
27.77 02.48
28.05 02.49
28.33 02.51
28.62 02.52
28.90 02.53
29.19 02.54
29.48 02.56
29.78 02.57
30.08 02.58
30.38 02.59
30.68 02.61
30.99 02.62
31.30 02.63
31.61 02.64
31.93 02.66
32.24 02.67
32.57 02.68
32.89 02.69
33.22 02.70
33.55 02.72
33.89 02.73
34.23 02.74
34.57 02.75
34.92 02.77
35.27 02.78
35.62 02.79
35.97 02.80
36.33 02.81
36.70 02.82
37.06 02.83
37.43 02.85
37.81 02.86
38.19 02.87
38.57 02.88
38.95 02.89
39.34 02.90
39.74 02.91
40.14 02.92
40.54 02.93
40.94 02.94
41.35 02.94
41.76 02.95
42.18 02.96
42.60 02.97
43.03 02.98
43.46 02.98
43.90 02.99
44.33 03.00
44.78 03.00
45.23 03.01
45.68 03.01
46.13 03.02
46.60 03.02
47.06 03.03
47.53 03.03
48.01 03.03
48.49 03.03
48.97 03.03
49.46 03.04
49.96 03.04
50.46 03.04
50.96 03.04
51.47 03.04
51.99 03.04
52.51 03.03
53.03 03.03
53.56 03.03
54.10 03.03
54.64 03.03
55.18 03.02
55.74 03.02
56.29 03.02
56.86 03.01
57.42 03.01
58.00 03.01
58.58 03.00
59.16 03.00
59.76 03.00
60.35 02.99
60.96 02.99
61.57 02.99
62.18 02.98
62.80 02.98
63.43 02.98
64.07 02.98
64.71 02.97
65.35 02.97
66.01 02.97
66.67 02.97
67.33 02.97
68.01 02.97
68.69 02.98
69.37 02.98
70.07 02.98
70.77 02.99
71.48 02.99
72.19 02.99
72.91 03.00
73.64 03.01
74.38 03.01
75.12 03.02
75.87 03.03
76.63 03.04
77.40 03.05
78.17 03.06
78.95 03.07
79.74 03.08
80.54 03.09
81.35 03.10
82.16 03.11
82.98 03.12
83.81 03.13
84.65 03.14
85.50 03.16
86.35 03.17
87.22 03.18
88.09 03.19
88.97 03.19
89.86 03.20
90.76 03.21
91.66 03.21
92.58 03.22
93.51 03.22
94.44 03.22
95.39 03.22
96.34 03.22
97.30 03.21
98.28 03.21
99.26 03.20
100.25 03.20
101.25 03.19
102.27 03.18
103.29 03.17
104.32 03.17
105.37 03.16
106.42 03.15
107.48 03.14
108.56 03.13
109.64 03.13
110.74 03.12
111.85 03.11
112.97 03.10
114.10 03.09
115.24 03.08
116.39 03.07
117.55 03.06
118.73 03.04
119.92 03.03
121.12 03.02
122.33 03.01
123.55 03.00
124.79 02.99
126.03 02.97
127.29 02.96
128.57 02.95
129.85 02.94
131.15 02.92
132.46 02.91
133.79 02.90
135.12 02.88
136.48 02.87
137.84 02.85
139.22 02.84
140.61 02.82
142.02 02.80
143.44 02.79
144.87 02.77
146.32 02.75
147.78 02.74
149.26 02.72
150.75 02.70
152.26 02.68
153.78 02.66
155.32 02.65
156.88 02.63
158.44 02.61
160.03 02.59
161.63 02.57
163.24 02.56
164.88 02.56
166.53 02.55
168.19 02.54
169.87 02.52
171.57 02.52
173.29 02.50
175.02 02.49
176.77 02.48
178.54 02.47
180.32 02.46
182.13 02.45
183.95 02.44
185.79 02.42
187.65 02.42
189.52 02.41
191.42 02.41
193.33 02.40
195.27 02.40
197.22 02.39
199.19 02.39
201.18 02.38
203.19 02.38
205.23 02.37
207.28 02.36
209.35 02.35
211.44 02.34
213.56 02.32
215.69 02.31
217.85 02.30
220.03 02.27
222.23 02.26
224.45 02.24
226.70 02.22
228.96 02.19
231.25 02.17
233.57 02.15
235.90 02.13
238.26 02.11
240.64 02.10
243.05 02.08
245.48 02.06
247.93 02.06
250.41 02.05
252.92 02.04
255.45 02.04
258.00 02.03
260.58 02.03
263.19 02.03
265.82 02.03
268.48 02.03
271.16 02.03
273.87 02.03
276.61 02.04
279.38 02.03
282.17 02.04
284.99 02.03
287.84 02.03
290.72 02.03
293.63 02.03
296.57 02.02
299.53 02.01
302.53 02.00
305.55 01.99
308.61 01.98
311.69 01.97
314.81 01.94
317.96 01.93
321.14 01.89
324.35 01.87
327.59 01.83
330.87 01.78
334.18 01.74
337.52 01.70
340.90 01.66
344.30 01.61
347.75 01.57
351.23 01.54
354.74 01.51
358.28 01.48
361.87 01.47
365.49 01.46
369.14 01.47
372.83 01.47
376.56 01.48
380.33 01.50
384.13 01.52
387.97 01.54
391.85 01.56
395.77 01.58
399.73 01.60
403.72 01.62
407.76 01.63
411.84 01.65
415.96 01.66
420.12 01.67
424.32 01.68
428.56 01.69
432.85 01.69
437.18 01.69
441.55 01.69
445.96 01.69
450.42 01.68
454.93 01.68
459.48 01.67
464.07 01.65
468.71 01.64
473.40 01.63
478.13 01.61
482.91 01.60
487.74 01.58
492.62 01.58
497.55 01.56
502.52 01.54
507.55 01.54
512.62 01.52
517.75 01.50
522.93 01.49
528.16 01.47
533.44 01.47
538.77 01.45
544.16 01.44
549.60 01.43
555.10 01.42
560.65 01.42
566.25 01.42
571.92 01.42
577.64 01.42
583.41 01.43
589.25 01.42
595.14 01.42
601.09 01.41
607.10 01.40
613.17 01.39
619.30 01.37
625.50 01.36
631.75 01.34
638.07 01.31
644.45 01.27
650.89 01.21
657.40 01.16
663.98 01.11
670.62 01.06
677.32 01.00
684.10 00.96
690.94 00.91
697.85 00.87
704.83 00.82
711.87 00.77
718.99 00.74
726.18 00.69
733.44 00.64
740.78 00.59
748.19 00.54
755.67 00.48
763.23 00.41
770.86 00.35
778.57 00.28
786.35 00.21
794.22 00.14
802.16 00.08
810.18 00.02
818.28 -00.04
826.46 -00.10
834.73 -00.14
843.08 -00.17
851.51 -00.21
860.02 -00.24
868.62 -00.27
877.31 -00.29
886.08 -00.32
894.94 -00.36
903.89 -00.40
912.93 -00.42
922.06 -00.46
931.28 -00.49
940.59 -00.54
950.00 -00.58
959.50 -00.64
969.09 -00.70
978.78 -00.75
988.57 -00.79
998.46 -00.83
1008.44 -00.85
1018.53 -00.86
1028.71 -00.89
1039.00 -00.90
1049.39 -00.91
1059.88 -00.93
1070.48 -00.94
1081.19 -00.94
1092.00 -00.96
1102.92 -00.97
1113.95 -00.99
1125.09 -01.01
1136.34 -01.05
1147.70 -01.07
1159.18 -01.08
1170.77 -01.09
1182.48 -01.12
1194.30 -01.14
1206.25 -01.17
1218.31 -01.20
1230.49 -01.23
1242.80 -01.25
1255.22 -01.28
1267.78 -01.29
1280.45 -01.29
1293.26 -01.28
1306.19 -01.27
1319.25 -01.24
1332.45 -01.21
1345.77 -01.17
1359.23 -01.13
1372.82 -01.08
1386.55 -01.05
1400.41 -01.03
1414.42 -01.02
1428.56 -01.02
1442.85 -01.03
1457.28 -01.05
1471.85 -01.08
1486.57 -01.12
1501.43 -01.16
1516.45 -01.21
1531.61 -01.26
1546.93 -01.32
1562.40 -01.39
1578.02 -01.46
1593.80 -01.53
1609.74 -01.58
1625.84 -01.64
1642.10 -01.70
1658.52 -01.76
1675.10 -01.82
1691.85 -01.88
1708.77 -01.92
1725.86 -01.97
1743.12 -02.00
1760.55 -02.04
1778.15 -02.08
1795.94 -02.11
1813.90 -02.15
1832.03 -02.17
1850.36 -02.19
1868.86 -02.19
1887.55 -02.19
1906.42 -02.18
1925.49 -02.16
1944.74 -02.15
1964.19 -02.12
1983.83 -02.08
2003.67 -02.06
2023.71 -02.03
2043.94 -02.01
2064.38 -01.98
2085.03 -01.96
2105.88 -01.95
2126.94 -01.96
2148.20 -01.99
2169.69 -02.04
2191.38 -02.10
2213.30 -02.18
2235.43 -02.26
2257.78 -02.37
2280.36 -02.51
2303.17 -02.67
2326.20 -02.84
2349.46 -03.03
2372.95 -03.20
2396.68 -03.34
2420.65 -03.45
2444.86 -03.50
2469.31 -03.48
2494.00 -03.37
2518.94 -03.17
2544.13 -02.92
2569.57 -02.61
2595.27 -02.27
2621.22 -01.91
2647.43 -01.55
2673.90 -01.21
2700.64 -00.88
2727.65 -00.60
2754.93 -00.35
2782.48 -00.13
2810.30 00.07
2838.40 00.24
2866.79 00.40
2895.46 00.55
2924.41 00.67
2953.65 00.79
2983.19 00.87
3013.02 00.94
3043.15 01.00
3073.58 01.04
3104.32 01.07
3135.36 01.08
3166.72 01.07
3198.38 01.02
3230.37 00.96
3262.67 00.86
3295.30 00.76
3328.25 00.64
3361.53 00.53
3395.15 00.43
3429.10 00.36
3463.39 00.31
3498.03 00.27
3533.01 00.24
3568.34 00.22
3604.02 00.18
3640.06 00.13
3676.46 00.04
3713.22 -00.08
3750.36 -00.26
3787.86 -00.49
3825.74 -00.78
3864.00 -01.13
3902.64 -01.55
3941.66 -02.04
3981.08 -02.59
4020.89 -03.19
4061.10 -03.85
4101.71 -04.56
4142.73 -05.26
4184.15 -05.96
4226.00 -06.66
4268.26 -07.35
4310.94 -08.04
4354.05 -08.74
4397.59 -09.34
4441.56 -09.84
4485.98 -10.19
4530.84 -10.31
4576.15 -10.19
4621.91 -09.88
4668.13 -09.41
4714.81 -08.83
4761.96 -08.17
4809.58 -07.43
4857.67 -06.59
4906.25 -05.62
4955.31 -04.57
5004.87 -03.48
5054.91 -02.42
5105.46 -01.39
5156.52 -00.53
5208.08 00.20
5260.16 00.84
5312.77 01.39
5365.89 01.86
5419.55 02.24
5473.75 02.55
5528.49 02.76
5583.77 02.92
5639.61 03.00
5696.00 03.02
5752.96 03.01
5810.49 02.96
5868.60 02.90
5927.28 02.83
5986.56 02.77
6046.42 02.94
6106.89 03.20
6167.96 03.48
6229.64 03.77
6291.93 04.08
6354.85 04.39
6418.40 04.70
6482.58 05.01
6547.41 05.29
6612.88 05.56
6679.01 05.79
6745.80 05.98
6813.26 06.14
6881.39 06.25
6950.21 06.32
7019.71 06.35
7089.91 06.34
7160.81 06.30
7232.41 06.21
7304.74 05.95
7377.79 05.63
7451.56 05.30
7526.08 04.94
7601.34 04.58
7677.35 04.20
7754.13 03.81
7831.67 03.41
7909.98 02.99
7989.08 02.55
8068.98 02.09
8149.67 01.62
8231.16 01.15
8313.47 00.68
8396.61 00.22
8480.57 -00.22
8565.38 -00.60
8651.03 -00.92
8737.54 -01.15
8824.92 -01.31
8913.17 -01.41
9002.30 -01.46
9092.32 -01.48
9183.25 -01.49
9275.08 -01.48
9367.83 -01.44
9461.51 -01.37
9556.12 -01.23
9651.68 -01.00
9748.20 -00.67
9845.68 -00.22
9944.14 00.33
10043.58 00.95
10144.02 01.58
10245.46 02.18
10347.91 02.76
10451.39 03.25
10555.91 03.62
10661.46 03.86
10768.08 03.98
10875.76 03.99
10984.52 03.90
11094.36 03.68
11205.31 03.32
11317.36 02.83
11430.53 02.18
11544.84 01.40
11660.29 00.49
11776.89 -00.51
11894.66 -01.54
12013.60 -02.55
12133.74 -03.46
12255.08 -04.27
12377.63 -05.01
12501.41 -05.78
12626.42 -06.68
12752.68 -07.76
12880.21 -09.08
13009.01 -10.51
13139.10 -11.73
13270.49 -12.10
13403.20 -11.25
13537.23 -09.46
13672.60 -07.27
13809.33 -05.05
13947.42 -03.00
14086.90 -01.20
14227.77 00.33
14370.04 01.60
14513.74 02.58
14658.88 03.22
14805.47 03.67
14953.52 03.95
15103.06 04.10
15254.09 04.13
15406.63 04.03
15560.70 03.78
15716.30 03.37
15873.47 02.79
16032.20 02.04
16192.52 01.14
16354.45 00.10
16517.99 -01.02
16683.17 -02.20
16850.01 -03.39
17018.51 -04.58
17188.69 -05.77
17360.58 -06.96
17534.18 -08.16
17709.53 -09.32
17886.62 -10.27
18065.49 -11.02
18246.14 -11.65
18428.60 -12.33
18612.89 -13.05
18799.02 -13.72
18987.01 -14.16
19176.88 -14.34
19368.65 -14.31
19562.33 -14.18
19757.96 -14.05
19955.54 -13.97
20000.00 -13.96
