20.00 -05.32
20.20 -05.20
20.40 -05.07
20.61 -04.95
20.81 -04.83
21.02 -04.71
21.23 -04.59
21.44 -04.48
21.66 -04.36
21.87 -04.25
22.09 -04.14
22.31 -04.02
22.54 -03.91
22.76 -03.80
22.99 -03.68
23.22 -03.57
23.45 -03.46
23.69 -03.35
23.92 -03.24
24.16 -03.13
24.40 -03.02
24.65 -02.91
24.89 -02.80
25.14 -02.69
25.39 -02.58
25.65 -02.47
25.91 -02.36
26.16 -02.26
26.43 -02.15
26.69 -02.04
26.96 -01.93
27.23 -01.83
27.50 -01.73
27.77 -01.63
28.05 -01.52
28.33 -01.42
28.62 -01.32
28.90 -01.22
29.19 -01.12
29.48 -01.03
29.78 -00.93
30.08 -00.83
30.38 -00.74
30.68 -00.65
30.99 -00.56
31.30 -00.47
31.61 -00.38
31.93 -00.29
32.24 -00.21
32.57 -00.13
32.89 -00.05
33.22 00.04
33.55 00.12
33.89 00.20
34.23 00.28
34.57 00.36
34.92 00.44
35.27 00.52
35.62 00.59
35.97 00.67
36.33 00.75
36.70 00.83
37.06 00.91
37.43 00.98
37.81 01.06
38.19 01.14
38.57 01.22
38.95 01.29
39.34 01.37
39.74 01.44
40.14 01.52
40.54 01.59
40.94 01.67
41.35 01.74
41.76 01.82
42.18 01.89
42.60 01.97
43.03 02.05
43.46 02.12
43.90 02.20
44.33 02.27
44.78 02.35
45.23 02.43
45.68 02.51
46.13 02.58
46.60 02.66
47.06 02.74
47.53 02.81
48.01 02.89
48.49 02.96
48.97 03.04
49.46 03.11
49.96 03.18
50.46 03.26
50.96 03.33
51.47 03.40
51.99 03.47
52.51 03.53
53.03 03.60
53.56 03.66
54.10 03.72
54.64 03.78
55.18 03.84
55.74 03.89
56.29 03.95
56.86 04.00
57.42 04.05
58.00 04.10
58.58 04.14
59.16 04.19
59.76 04.23
60.35 04.27
60.96 04.31
61.57 04.35
62.18 04.38
62.80 04.42
63.43 04.45
64.07 04.48
64.71 04.51
65.35 04.54
66.01 04.56
66.67 04.59
67.33 04.61
68.01 04.63
68.69 04.64
69.37 04.66
70.07 04.68
70.77 04.69
71.48 04.70
72.19 04.71
72.91 04.71
73.64 04.71
74.38 04.71
75.12 04.71
75.87 04.71
76.63 04.70
77.40 04.69
78.17 04.68
78.95 04.67
79.74 04.65
80.54 04.64
81.35 04.62
82.16 04.61
82.98 04.59
83.81 04.58
84.65 04.56
85.50 04.55
86.35 04.53
87.22 04.51
88.09 04.50
88.97 04.48
89.86 04.46
90.76 04.45
91.66 04.43
92.58 04.41
93.51 04.39
94.44 04.37
95.39 04.36
96.34 04.34
97.30 04.32
98.28 04.30
99.26 04.28
100.25 04.26
101.25 04.24
102.27 04.22
103.29 04.20
104.32 04.18
105.37 04.16
106.42 04.14
107.48 04.12
108.56 04.10
109.64 04.09
110.74 04.07
111.85 04.05
112.97 04.03
114.10 04.01
115.24 04.00
116.39 03.98
117.55 03.97
118.73 03.96
119.92 03.94
121.12 03.93
122.33 03.92
123.55 03.91
124.79 03.90
126.03 03.89
127.29 03.89
128.57 03.88
129.85 03.87
131.15 03.87
132.46 03.86
133.79 03.85
135.12 03.85
136.48 03.84
137.84 03.84
139.22 03.83
140.61 03.82
142.02 03.82
143.44 03.82
144.87 03.81
146.32 03.81
147.78 03.80
149.26 03.80
150.75 03.79
152.26 03.79
153.78 03.79
155.32 03.78
156.88 03.78
158.44 03.77
160.03 03.76
161.63 03.77
163.24 03.77
164.88 03.78
166.53 03.78
168.19 03.78
169.87 03.78
171.57 03.80
173.29 03.80
175.02 03.80
176.77 03.82
178.54 03.82
180.32 03.83
182.13 03.85
183.95 03.86
185.79 03.87
187.65 03.89
189.52 03.89
191.42 03.91
193.33 03.91
195.27 03.92
197.22 03.92
199.19 03.93
201.18 03.92
203.19 03.92
205.23 03.90
207.28 03.89
209.35 03.87
211.44 03.85
213.56 03.82
215.69 03.80
217.85 03.78
220.03 03.75
222.23 03.73
224.45 03.71
226.70 03.69
228.96 03.67
231.25 03.66
233.57 03.65
235.90 03.63
238.26 03.62
240.64 03.61
243.05 03.58
245.48 03.54
247.93 03.50
250.41 03.44
252.92 03.36
255.45 03.29
258.00 03.19
260.58 03.09
263.19 02.99
265.82 02.89
268.48 02.80
271.16 02.71
273.87 02.63
276.61 02.58
279.38 02.53
282.17 02.51
284.99 02.49
287.84 02.50
290.72 02.52
293.63 02.55
296.57 02.59
299.53 02.63
302.53 02.68
305.55 02.72
308.61 02.77
311.69 02.82
314.81 02.86
317.96 02.91
321.14 02.95
324.35 03.00
327.59 03.04
330.87 03.07
334.18 03.11
337.52 03.16
340.90 03.19
344.30 03.23
347.75 03.26
351.23 03.31
354.74 03.35
358.28 03.40
361.87 03.45
365.49 03.50
369.14 03.56
372.83 03.60
376.56 03.65
380.33 03.71
384.13 03.76
387.97 03.81
391.85 03.86
395.77 03.91
399.73 03.95
403.72 04.00
407.76 04.03
411.84 04.07
415.96 04.11
420.12 04.15
424.32 04.18
428.56 04.22
432.85 04.26
437.18 04.28
441.55 04.32
445.96 04.34
450.42 04.35
454.93 04.36
459.48 04.33
464.07 04.28
468.71 04.19
473.40 04.09
478.13 03.95
482.91 03.77
487.74 03.57
492.62 03.35
497.55 03.09
502.52 02.82
507.55 02.55
512.62 02.28
517.75 02.03
522.93 01.82
528.16 01.64
533.44 01.51
538.77 01.41
544.16 01.35
549.60 01.33
555.10 01.33
560.65 01.34
566.25 01.36
571.92 01.38
577.64 01.40
583.41 01.42
589.25 01.43
595.14 01.43
601.09 01.43
607.10 01.41
613.17 01.40
619.30 01.38
625.50 01.37
631.75 01.35
638.07 01.33
644.45 01.30
650.89 01.26
657.40 01.22
663.98 01.21
670.62 01.20
677.32 01.20
684.10 01.22
690.94 01.23
697.85 01.26
704.83 01.27
711.87 01.29
718.99 01.32
726.18 01.33
733.44 01.33
740.78 01.32
748.19 01.31
755.67 01.29
763.23 01.25
770.86 01.21
778.57 01.17
786.35 01.12
794.22 01.08
802.16 01.04
810.18 01.01
818.28 00.97
826.46 00.94
834.73 00.93
843.08 00.90
851.51 00.87
860.02 00.84
868.62 00.80
877.31 00.76
886.08 00.71
894.94 00.65
903.89 00.59
912.93 00.54
922.06 00.48
931.28 00.43
940.59 00.37
950.00 00.32
959.50 00.27
969.09 00.21
978.78 00.15
988.57 00.09
998.46 00.01
1008.44 -00.05
1018.53 -00.12
1028.71 -00.20
1039.00 -00.28
1049.39 -00.36
1059.88 -00.45
1070.48 -00.54
1081.19 -00.63
1092.00 -00.72
1102.92 -00.80
1113.95 -00.88
1125.09 -00.96
1136.34 -01.06
1147.70 -01.14
1159.18 -01.22
1170.77 -01.29
1182.48 -01.38
1194.30 -01.46
1206.25 -01.54
1218.31 -01.65
1230.49 -01.76
1242.80 -01.90
1255.22 -02.06
1267.78 -02.21
1280.45 -02.37
1293.26 -02.53
1306.19 -02.70
1319.25 -02.88
1332.45 -03.06
1345.77 -03.23
1359.23 -03.39
1372.82 -03.54
1386.55 -03.66
1400.41 -03.76
1414.42 -03.85
1428.56 -03.94
1442.85 -04.04
1457.28 -04.14
1471.85 -04.24
1486.57 -04.34
1501.43 -04.45
1516.45 -04.56
1531.61 -04.67
1546.93 -04.79
1562.40 -04.90
1578.02 -05.01
1593.80 -05.11
1609.74 -05.19
1625.84 -05.27
1642.10 -05.34
1658.52 -05.39
1675.10 -05.42
1691.85 -05.44
1708.77 -05.43
1725.86 -05.42
1743.12 -05.41
1760.55 -05.41
1778.15 -05.42
1795.94 -05.42
1813.90 -05.44
1832.03 -05.46
1850.36 -05.49
1868.86 -05.53
1887.55 -05.58
1906.42 -05.64
1925.49 -05.73
1944.74 -05.84
1964.19 -05.96
1983.83 -06.07
2003.67 -06.16
2023.71 -06.23
2043.94 -06.26
2064.38 -06.28
2085.03 -06.26
2105.88 -06.22
2126.94 -06.17
2148.20 -06.09
2169.69 -05.96
2191.38 -05.79
2213.30 -05.59
2235.43 -05.36
2257.78 -05.14
2280.36 -04.90
2303.17 -04.65
2326.20 -04.38
2349.46 -04.12
2372.95 -03.85
2396.68 -03.57
2420.65 -03.30
2444.86 -03.04
2469.31 -02.79
2494.00 -02.55
2518.94 -02.32
2544.13 -02.11
2569.57 -01.93
2595.27 -01.75
2621.22 -01.60
2647.43 -01.45
2673.90 -01.30
2700.64 -01.16
2727.65 -01.04
2754.93 -00.92
2782.48 -00.81
2810.30 -00.67
2838.40 -00.53
2866.79 -00.38
2895.46 -00.21
2924.41 -00.05
2953.65 00.12
2983.19 00.29
3013.02 00.46
3043.15 00.62
3073.58 00.77
3104.32 00.90
3135.36 01.00
3166.72 01.10
3198.38 01.18
3230.37 01.26
3262.67 01.31
3295.30 01.37
3328.25 01.39
3361.53 01.41
3395.15 01.42
3429.10 01.43
3463.39 01.43
3498.03 01.42
3533.01 01.41
3568.34 01.39
3604.02 01.35
3640.06 01.30
3676.46 01.23
3713.22 01.17
3750.36 01.10
3787.86 01.04
3825.74 00.97
3864.00 00.89
3902.64 00.81
3941.66 00.70
3981.08 00.58
4020.89 00.43
4061.10 00.24
4101.71 00.01
4142.73 -00.24
4184.15 -00.52
4226.00 -00.83
4268.26 -01.15
4310.94 -01.49
4354.05 -01.84
4397.59 -02.22
4441.56 -02.62
4485.98 -03.03
4530.84 -03.42
4576.15 -03.78
4621.91 -04.10
4668.13 -04.41
4714.81 -04.72
4761.96 -05.01
4809.58 -05.30
4857.67 -05.57
4906.25 -05.82
4955.31 -06.03
5004.87 -06.20
5054.91 -06.32
5105.46 -06.43
5156.52 -06.58
5208.08 -06.71
5260.16 -06.76
5312.77 -06.73
5365.89 -06.63
5419.55 -06.50
5473.75 -06.34
5528.49 -06.16
5583.77 -05.95
5639.61 -05.70
5696.00 -05.42
5752.96 -05.12
5810.49 -04.83
5868.60 -04.58
5927.28 -04.35
5986.56 -04.13
6046.42 -03.67
6106.89 -03.12
6167.96 -02.57
6229.64 -02.03
6291.93 -01.51
6354.85 -01.03
6418.40 -00.59
6482.58 -00.15
6547.41 00.25
6612.88 00.65
6679.01 01.03
6745.80 01.38
6813.26 01.71
6881.39 02.01
6950.21 02.31
7019.71 02.59
7089.91 02.86
7160.81 03.12
7232.41 03.37
7304.74 03.46
7377.79 03.52
7451.56 03.58
7526.08 03.63
7601.34 03.68
7677.35 03.72
7754.13 03.78
7831.67 03.83
7909.98 03.89
7989.08 03.96
8068.98 04.02
8149.67 04.08
8231.16 04.14
8313.47 04.18
8396.61 04.20
8480.57 04.19
8565.38 04.16
8651.03 04.08
8737.54 03.97
8824.92 03.82
8913.17 03.64
9002.30 03.42
9092.32 03.18
9183.25 02.91
9275.08 02.62
9367.83 02.32
9461.51 02.01
9556.12 01.71
9651.68 01.40
9748.20 01.10
9845.68 00.80
9944.14 00.51
10043.58 00.22
10144.02 -00.08
10245.46 -00.38
10347.91 -00.59
10451.39 -00.80
10555.91 -00.99
10661.46 -01.19
10768.08 -01.37
10875.76 -01.55
10984.52 -01.71
11094.36 -01.86
11205.31 -02.00
11317.36 -02.11
11430.53 -02.20
11544.84 -02.28
11660.29 -02.34
11776.89 -02.43
11894.66 -02.52
12013.60 -02.60
12133.74 -02.66
12255.08 -02.75
12377.63 -02.85
12501.41 -02.97
12626.42 -03.12
12752.68 -03.26
12880.21 -03.41
13009.01 -03.52
13139.10 -03.59
13270.49 -03.59
13403.20 -03.50
13537.23 -03.32
13672.60 -03.05
13809.33 -02.71
13947.42 -02.38
14086.90 -02.07
14227.77 -01.81
14370.04 -01.59
14513.74 -01.46
14658.88 -01.54
14805.47 -01.68
14953.52 -01.88
15103.06 -02.13
15254.09 -02.41
15406.63 -02.71
15560.70 -02.97
15716.30 -03.15
15873.47 -03.22
16032.20 -03.16
16192.52 -02.98
16354.45 -02.70
16517.99 -02.33
16683.17 -01.91
16850.01 -01.51
17018.51 -01.17
17188.69 -00.91
17360.58 -00.71
17534.18 -00.59
17709.53 -00.55
17886.62 -00.54
18065.49 -00.60
18246.14 -00.71
18428.60 -00.88
18612.89 -01.12
18799.02 -01.42
18987.01 -01.77
19176.88 -02.13
19368.65 -02.53
19562.33 -02.96
19757.96 -03.43
19955.54 -03.97
20000.00 -04.10
