20.00 -00.08
20.20 -00.03
20.40 00.01
20.61 00.05
20.81 00.08
21.02 00.12
21.23 00.16
21.44 00.19
21.66 00.22
21.87 00.25
22.09 00.27
22.31 00.30
22.54 00.32
22.76 00.33
22.99 00.35
23.22 00.36
23.45 00.38
23.69 00.39
23.92 00.39
24.16 00.40
24.40 00.41
24.65 00.41
24.89 00.41
25.14 00.42
25.39 00.42
25.65 00.42
25.91 00.42
26.16 00.42
26.43 00.42
26.69 00.41
26.96 00.41
27.23 00.41
27.50 00.41
27.77 00.40
28.05 00.40
28.33 00.39
28.62 00.39
28.90 00.38
29.19 00.38
29.48 00.37
29.78 00.37
30.08 00.36
30.38 00.36
30.68 00.35
30.99 00.35
31.30 00.34
31.61 00.34
31.93 00.34
32.24 00.33
32.57 00.33
32.89 00.33
33.22 00.34
33.55 00.34
33.89 00.34
34.23 00.35
34.57 00.35
34.92 00.36
35.27 00.37
35.62 00.38
35.97 00.39
36.33 00.40
36.70 00.41
37.06 00.43
37.43 00.44
37.81 00.45
38.19 00.47
38.57 00.48
38.95 00.50
39.34 00.52
39.74 00.53
40.14 00.55
40.54 00.57
40.94 00.59
41.35 00.61
41.76 00.62
42.18 00.64
42.60 00.66
43.03 00.68
43.46 00.70
43.90 00.72
44.33 00.73
44.78 00.75
45.23 00.76
45.68 00.78
46.13 00.79
46.60 00.80
47.06 00.82
47.53 00.83
48.01 00.84
48.49 00.85
48.97 00.86
49.46 00.86
49.96 00.87
50.46 00.88
50.96 00.89
51.47 00.90
51.99 00.90
52.51 00.91
53.03 00.92
53.56 00.93
54.10 00.93
54.64 00.94
55.18 00.95
55.74 00.96
56.29 00.97
56.86 00.98
57.42 00.99
58.00 01.00
58.58 01.01
59.16 01.02
59.76 01.04
60.35 01.05
60.96 01.07
61.57 01.08
62.18 01.10
62.80 01.11
63.43 01.13
64.07 01.15
64.71 01.17
65.35 01.18
66.01 01.20
66.67 01.22
67.33 01.23
68.01 01.25
68.69 01.26
69.37 01.27
70.07 01.28
70.77 01.28
71.48 01.29
72.19 01.29
72.91 01.29
73.64 01.28
74.38 01.28
75.12 01.27
75.87 01.27
76.63 01.26
77.40 01.25
78.17 01.25
78.95 01.24
79.74 01.23
80.54 01.22
81.35 01.21
82.16 01.20
82.98 01.19
83.81 01.18
84.65 01.16
85.50 01.15
86.35 01.14
87.22 01.12
88.09 01.11
88.97 01.10
89.86 01.08
90.76 01.07
91.66 01.06
92.58 01.05
93.51 01.03
94.44 01.02
95.39 01.01
96.34 01.00
97.30 00.99
98.28 00.99
99.26 00.98
100.25 00.97
101.25 00.96
102.27 00.95
103.29 00.94
104.32 00.93
105.37 00.92
106.42 00.91
107.48 00.90
108.56 00.89
109.64 00.87
110.74 00.86
111.85 00.85
112.97 00.83
114.10 00.82
115.24 00.80
116.39 00.79
117.55 00.77
118.73 00.75
119.92 00.74
121.12 00.72
122.33 00.70
123.55 00.68
124.79 00.66
126.03 00.64
127.29 00.62
128.57 00.61
129.85 00.59
131.15 00.57
132.46 00.55
133.79 00.53
135.12 00.52
136.48 00.50
137.84 00.48
139.22 00.46
140.61 00.44
142.02 00.42
143.44 00.39
144.87 00.37
146.32 00.35
147.78 00.33
149.26 00.32
150.75 00.31
152.26 00.31
153.78 00.31
155.32 00.31
156.88 00.31
158.44 00.31
160.03 00.31
161.63 00.32
163.24 00.32
164.88 00.33
166.53 00.32
168.19 00.30
169.87 00.28
171.57 00.27
173.29 00.24
175.02 00.21
176.77 00.19
178.54 00.16
180.32 00.14
182.13 00.14
183.95 00.13
185.79 00.12
187.65 00.13
189.52 00.13
191.42 00.14
193.33 00.13
195.27 00.13
197.22 00.11
199.19 00.09
201.18 00.06
203.19 00.02
205.23 -00.04
207.28 -00.10
209.35 -00.18
211.44 -00.25
213.56 -00.34
215.69 -00.42
217.85 -00.49
220.03 -00.57
222.23 -00.63
224.45 -00.68
226.70 -00.72
228.96 -00.75
231.25 -00.76
233.57 -00.76
235.90 -00.76
238.26 -00.74
240.64 -00.72
243.05 -00.70
245.48 -00.68
247.93 -00.66
250.41 -00.64
252.92 -00.63
255.45 -00.61
258.00 -00.61
260.58 -00.61
263.19 -00.61
265.82 -00.62
268.48 -00.61
271.16 -00.61
273.87 -00.61
276.61 -00.60
279.38 -00.60
282.17 -00.58
284.99 -00.57
287.84 -00.55
290.72 -00.54
293.63 -00.51
296.57 -00.49
299.53 -00.48
302.53 -00.45
305.55 -00.44
308.61 -00.43
311.69 -00.41
314.81 -00.41
317.96 -00.40
321.14 -00.40
324.35 -00.38
327.59 -00.37
330.87 -00.36
334.18 -00.34
337.52 -00.30
340.90 -00.27
344.30 -00.25
347.75 -00.22
351.23 -00.18
354.74 -00.16
358.28 -00.14
361.87 -00.12
365.49 -00.12
369.14 -00.11
372.83 -00.12
376.56 -00.13
380.33 -00.14
384.13 -00.16
387.97 -00.17
391.85 -00.18
395.77 -00.18
399.73 -00.17
403.72 -00.15
407.76 -00.13
411.84 -00.09
415.96 -00.06
420.12 00.00
424.32 00.05
428.56 00.12
432.85 00.20
437.18 00.26
441.55 00.34
445.96 00.42
450.42 00.48
454.93 00.56
459.48 00.61
464.07 00.67
468.71 00.72
473.40 00.77
478.13 00.82
482.91 00.86
487.74 00.89
492.62 00.94
497.55 00.97
502.52 01.00
507.55 01.04
512.62 01.06
517.75 01.09
522.93 01.13
528.16 01.16
533.44 01.19
538.77 01.22
544.16 01.25
549.60 01.29
555.10 01.32
560.65 01.36
566.25 01.39
571.92 01.43
577.64 01.46
583.41 01.49
589.25 01.52
595.14 01.56
601.09 01.59
607.10 01.60
613.17 01.62
619.30 01.62
625.50 01.63
631.75 01.62
638.07 01.61
644.45 01.58
650.89 01.53
657.40 01.47
663.98 01.40
670.62 01.32
677.32 01.23
684.10 01.14
690.94 01.05
697.85 00.96
704.83 00.86
711.87 00.76
718.99 00.68
726.18 00.61
733.44 00.54
740.78 00.50
748.19 00.47
755.67 00.45
763.23 00.44
770.86 00.44
778.57 00.44
786.35 00.42
794.22 00.40
802.16 00.38
810.18 00.33
818.28 00.27
826.46 00.20
834.73 00.14
843.08 00.06
851.51 -00.03
860.02 -00.12
868.62 -00.21
877.31 -00.28
886.08 -00.35
894.94 -00.42
903.89 -00.48
912.93 -00.51
922.06 -00.55
931.28 -00.57
940.59 -00.59
950.00 -00.60
959.50 -00.60
969.09 -00.61
978.78 -00.60
988.57 -00.60
998.46 -00.60
1008.44 -00.59
1018.53 -00.59
1028.71 -00.60
1039.00 -00.60
1049.39 -00.62
1059.88 -00.64
1070.48 -00.67
1081.19 -00.69
1092.00 -00.73
1102.92 -00.75
1113.95 -00.79
1125.09 -00.82
1136.34 -00.86
1147.70 -00.88
1159.18 -00.90
1170.77 -00.91
1182.48 -00.93
1194.30 -00.95
1206.25 -00.96
1218.31 -00.97
1230.49 -00.99
1242.80 -01.01
1255.22 -01.05
1267.78 -01.10
1280.45 -01.15
1293.26 -01.20
1306.19 -01.25
1319.25 -01.32
1332.45 -01.40
1345.77 -01.47
1359.23 -01.54
1372.82 -01.63
1386.55 -01.71
1400.41 -01.80
1414.42 -01.88
1428.56 -01.96
1442.85 -02.05
1457.28 -02.13
1471.85 -02.22
1486.57 -02.31
1501.43 -02.41
1516.45 -02.51
1531.61 -02.61
1546.93 -02.72
1562.40 -02.83
1578.02 -02.93
1593.80 -03.04
1609.74 -03.13
1625.84 -03.24
1642.10 -03.34
1658.52 -03.43
1675.10 -03.53
1691.85 -03.62
1708.77 -03.70
1725.86 -03.77
1743.12 -03.82
1760.55 -03.90
1778.15 -03.97
1795.94 -04.05
1813.90 -04.14
1832.03 -04.23
1850.36 -04.31
1868.86 -04.39
1887.55 -04.47
1906.42 -04.56
1925.49 -04.65
1944.74 -04.75
1964.19 -04.82
1983.83 -04.89
2003.67 -04.95
2023.71 -05.00
2043.94 -05.06
2064.38 -05.13
2085.03 -05.19
2105.88 -05.24
2126.94 -05.29
2148.20 -05.34
2169.69 -05.38
2191.38 -05.42
2213.30 -05.45
2235.43 -05.47
2257.78 -05.48
2280.36 -05.47
2303.17 -05.46
2326.20 -05.42
2349.46 -05.39
2372.95 -05.35
2396.68 -05.30
2420.65 -05.25
2444.86 -05.19
2469.31 -05.13
2494.00 -05.07
2518.94 -05.00
2544.13 -04.94
2569.57 -04.89
2595.27 -04.83
2621.22 -04.78
2647.43 -04.74
2673.90 -04.71
2700.64 -04.66
2727.65 -04.62
2754.93 -04.59
2782.48 -04.55
2810.30 -04.51
2838.40 -04.47
2866.79 -04.44
2895.46 -04.39
2924.41 -04.35
2953.65 -04.31
2983.19 -04.28
3013.02 -04.26
3043.15 -04.23
3073.58 -04.21
3104.32 -04.20
3135.36 -04.20
3166.72 -04.19
3198.38 -04.20
3230.37 -04.21
3262.67 -04.23
3295.30 -04.25
3328.25 -04.28
3361.53 -04.31
3395.15 -04.35
3429.10 -04.39
3463.39 -04.43
3498.03 -04.49
3533.01 -04.54
3568.34 -04.60
3604.02 -04.67
3640.06 -04.74
3676.46 -04.83
3713.22 -04.92
3750.36 -05.00
3787.86 -05.09
3825.74 -05.18
3864.00 -05.28
3902.64 -05.37
3941.66 -05.47
3981.08 -05.56
4020.89 -05.65
4061.10 -05.75
4101.71 -05.84
4142.73 -05.93
4184.15 -06.03
4226.00 -06.12
4268.26 -06.22
4310.94 -06.32
4354.05 -06.41
4397.59 -06.51
4441.56 -06.62
4485.98 -06.73
4530.84 -06.83
4576.15 -06.94
4621.91 -07.05
4668.13 -07.15
4714.81 -07.24
4761.96 -07.33
4809.58 -07.40
4857.67 -07.45
4906.25 -07.48
4955.31 -07.48
5004.87 -07.46
5054.91 -07.41
5105.46 -07.32
5156.52 -07.29
5208.08 -07.26
5260.16 -07.19
5312.77 -07.09
5365.89 -06.95
5419.55 -06.78
5473.75 -06.58
5528.49 -06.36
5583.77 -06.11
5639.61 -05.86
5696.00 -05.62
5752.96 -05.38
5810.49 -05.16
5868.60 -04.96
5927.28 -04.78
5986.56 -04.63
6046.42 -04.28
6106.89 -03.89
6167.96 -03.51
6229.64 -03.16
6291.93 -02.82
6354.85 -02.50
6418.40 -02.19
6482.58 -01.89
6547.41 -01.61
6612.88 -01.33
6679.01 -01.06
6745.80 -00.80
6813.26 -00.55
6881.39 -00.32
6950.21 -00.10
7019.71 00.11
7089.91 00.31
7160.81 00.50
7232.41 00.69
7304.74 00.73
7377.79 00.74
7451.56 00.76
7526.08 00.78
7601.34 00.82
7677.35 00.87
7754.13 00.94
7831.67 01.03
7909.98 01.13
7989.08 01.26
8068.98 01.40
8149.67 01.54
8231.16 01.68
8313.47 01.82
8396.61 01.93
8480.57 02.02
8565.38 02.07
8651.03 02.07
8737.54 02.02
8824.92 01.91
8913.17 01.75
9002.30 01.52
9092.32 01.22
9183.25 00.85
9275.08 00.42
9367.83 -00.09
9461.51 -00.65
9556.12 -01.27
9651.68 -01.95
9748.20 -02.66
9845.68 -03.41
9944.14 -04.18
10043.58 -04.96
10144.02 -05.73
10245.46 -06.50
10347.91 -07.17
10451.39 -07.83
10555.91 -08.50
10661.46 -09.18
10768.08 -09.86
10875.76 -10.53
10984.52 -11.15
11094.36 -11.69
11205.31 -12.11
11317.36 -12.34
11430.53 -12.38
11544.84 -12.21
11660.29 -11.86
11776.89 -11.40
11894.66 -10.87
12013.60 -10.33
12133.74 -09.79
12255.08 -09.28
12377.63 -08.80
12501.41 -08.36
12626.42 -07.94
12752.68 -07.56
12880.21 -07.22
13009.01 -06.91
13139.10 -06.66
13270.49 -06.46
13403.20 -06.34
13537.23 -06.29
13672.60 -06.31
13809.33 -06.40
13947.42 -06.56
14086.90 -06.78
14227.77 -07.05
14370.04 -07.37
14513.74 -07.73
14658.88 -08.18
14805.47 -08.55
14953.52 -08.78
15103.06 -08.90
15254.09 -08.93
15406.63 -08.94
15560.70 -08.95
15716.30 -08.99
15873.47 -09.08
16032.20 -09.23
16192.52 -09.48
16354.45 -09.83
16517.99 -10.31
16683.17 -10.92
16850.01 -11.64
17018.51 -12.41
17188.69 -13.20
17360.58 -13.90
17534.18 -14.52
17709.53 -15.04
17886.62 -15.45
18065.49 -15.77
18246.14 -15.99
18428.60 -16.15
18612.89 -16.25
18799.02 -16.33
18987.01 -16.38
19176.88 -16.41
19368.65 -16.45
19562.33 -16.49
19757.96 -16.54
19955.54 -16.61
20000.00 -16.63
