20.00 -00.66
20.20 -00.60
20.40 -00.53
20.61 -00.46
20.81 -00.39
21.02 -00.32
21.23 -00.26
21.44 -00.19
21.66 -00.12
21.87 -00.06
22.09 00.01
22.31 00.07
22.54 00.14
22.76 00.20
22.99 00.27
23.22 00.33
23.45 00.39
23.69 00.45
23.92 00.51
24.16 00.57
24.40 00.63
24.65 00.69
24.89 00.74
25.14 00.79
25.39 00.85
25.65 00.90
25.91 00.95
26.16 01.00
26.43 01.05
26.69 01.09
26.96 01.13
27.23 01.17
27.50 01.21
27.77 01.25
28.05 01.28
28.33 01.32
28.62 01.36
28.90 01.39
29.19 01.43
29.48 01.47
29.78 01.51
30.08 01.55
30.38 01.59
30.68 01.64
30.99 01.68
31.30 01.72
31.61 01.76
31.93 01.81
32.24 01.85
32.57 01.89
32.89 01.93
33.22 01.98
33.55 02.02
33.89 02.06
34.23 02.11
34.57 02.15
34.92 02.19
35.27 02.23
35.62 02.27
35.97 02.30
36.33 02.34
36.70 02.37
37.06 02.41
37.43 02.44
37.81 02.47
38.19 02.50
38.57 02.53
38.95 02.56
39.34 02.59
39.74 02.62
40.14 02.65
40.54 02.68
40.94 02.70
41.35 02.73
41.76 02.75
42.18 02.78
42.60 02.80
43.03 02.82
43.46 02.84
43.90 02.86
44.33 02.87
44.78 02.89
45.23 02.90
45.68 02.91
46.13 02.92
46.60 02.93
47.06 02.94
47.53 02.95
48.01 02.95
48.49 02.96
48.97 02.96
49.46 02.97
49.96 02.97
50.46 02.97
50.96 02.98
51.47 02.98
51.99 02.98
52.51 02.98
53.03 02.99
53.56 02.99
54.10 02.98
54.64 02.98
55.18 02.98
55.74 02.97
56.29 02.96
56.86 02.95
57.42 02.93
58.00 02.90
58.58 02.87
59.16 02.83
59.76 02.77
60.35 02.72
60.96 02.66
61.57 02.61
62.18 02.57
62.80 02.54
63.43 02.54
64.07 02.55
64.71 02.56
65.35 02.59
66.01 02.63
66.67 02.66
67.33 02.70
68.01 02.73
68.69 02.76
69.37 02.78
70.07 02.80
70.77 02.82
71.48 02.84
72.19 02.86
72.91 02.87
73.64 02.89
74.38 02.90
75.12 02.90
75.87 02.91
76.63 02.92
77.40 02.92
78.17 02.92
78.95 02.92
79.74 02.91
80.54 02.91
81.35 02.90
82.16 02.90
82.98 02.90
83.81 02.89
84.65 02.88
85.50 02.88
86.35 02.87
87.22 02.86
88.09 02.85
88.97 02.84
89.86 02.83
90.76 02.82
91.66 02.81
92.58 02.80
93.51 02.79
94.44 02.77
95.39 02.76
96.34 02.75
97.30 02.74
98.28 02.72
99.26 02.71
100.25 02.70
101.25 02.68
102.27 02.67
103.29 02.65
104.32 02.63
105.37 02.60
106.42 02.58
107.48 02.56
108.56 02.54
109.64 02.52
110.74 02.51
111.85 02.50
112.97 02.49
114.10 02.48
115.24 02.46
116.39 02.45
117.55 02.43
118.73 02.41
119.92 02.39
121.12 02.37
122.33 02.36
123.55 02.34
124.79 02.32
126.03 02.30
127.29 02.29
128.57 02.27
129.85 02.26
131.15 02.24
132.46 02.22
133.79 02.21
135.12 02.19
136.48 02.17
137.84 02.15
139.22 02.13
140.61 02.11
142.02 02.09
143.44 02.07
144.87 02.05
146.32 02.03
147.78 02.00
149.26 01.98
150.75 01.96
152.26 01.94
153.78 01.91
155.32 01.89
156.88 01.86
158.44 01.83
160.03 01.80
161.63 01.77
163.24 01.74
164.88 01.71
166.53 01.67
168.19 01.62
169.87 01.57
171.57 01.53
173.29 01.48
175.02 01.45
176.77 01.46
178.54 01.47
180.32 01.49
182.13 01.53
183.95 01.56
185.79 01.58
187.65 01.60
189.52 01.59
191.42 01.58
193.33 01.55
195.27 01.50
197.22 01.43
199.19 01.36
201.18 01.29
203.19 01.23
205.23 01.20
207.28 01.20
209.35 01.21
211.44 01.24
213.56 01.27
215.69 01.31
217.85 01.33
220.03 01.33
222.23 01.31
224.45 01.28
226.70 01.23
228.96 01.18
231.25 01.15
233.57 01.14
235.90 01.15
238.26 01.18
240.64 01.22
243.05 01.24
245.48 01.26
247.93 01.28
250.41 01.28
252.92 01.27
255.45 01.26
258.00 01.23
260.58 01.20
263.19 01.17
265.82 01.11
268.48 01.05
271.16 00.97
273.87 00.89
276.61 00.83
279.38 00.77
282.17 00.75
284.99 00.73
287.84 00.73
290.72 00.70
293.63 00.69
296.57 00.67
299.53 00.65
302.53 00.66
305.55 00.68
308.61 00.69
311.69 00.69
314.81 00.67
317.96 00.65
321.14 00.61
324.35 00.59
327.59 00.57
330.87 00.57
334.18 00.57
337.52 00.57
340.90 00.57
344.30 00.56
347.75 00.55
351.23 00.55
354.74 00.55
358.28 00.55
361.87 00.55
365.49 00.55
369.14 00.55
372.83 00.53
376.56 00.51
380.33 00.48
384.13 00.45
387.97 00.41
391.85 00.35
395.77 00.30
399.73 00.22
403.72 00.15
407.76 00.06
411.84 -00.01
415.96 -00.10
420.12 -00.17
424.32 -00.26
428.56 -00.34
432.85 -00.43
437.18 -00.53
441.55 -00.64
445.96 -00.75
450.42 -00.87
454.93 -00.98
459.48 -01.11
464.07 -01.22
468.71 -01.34
473.40 -01.43
478.13 -01.53
482.91 -01.62
487.74 -01.71
492.62 -01.78
497.55 -01.85
502.52 -01.91
507.55 -01.96
512.62 -02.00
517.75 -02.03
522.93 -02.03
528.16 -02.03
533.44 -02.01
538.77 -01.99
544.16 -01.96
549.60 -01.90
555.10 -01.85
560.65 -01.78
566.25 -01.72
571.92 -01.64
577.64 -01.56
583.41 -01.47
589.25 -01.39
595.14 -01.29
601.09 -01.20
607.10 -01.11
613.17 -01.02
619.30 -00.94
625.50 -00.85
631.75 -00.75
638.07 -00.66
644.45 -00.57
650.89 -00.51
657.40 -00.44
663.98 -00.37
670.62 -00.32
677.32 -00.28
684.10 -00.23
690.94 -00.19
697.85 -00.16
704.83 -00.14
711.87 -00.13
718.99 -00.11
726.18 -00.10
733.44 -00.10
740.78 -00.09
748.19 -00.08
755.67 -00.08
763.23 -00.07
770.86 -00.05
778.57 -00.03
786.35 00.00
794.22 00.03
802.16 00.07
810.18 00.10
818.28 00.13
826.46 00.16
834.73 00.20
843.08 00.24
851.51 00.28
860.02 00.33
868.62 00.38
877.31 00.44
886.08 00.49
894.94 00.54
903.89 00.60
912.93 00.68
922.06 00.74
931.28 00.81
940.59 00.87
950.00 00.94
959.50 01.01
969.09 01.07
978.78 01.14
988.57 01.21
998.46 01.26
1008.44 01.33
1018.53 01.39
1028.71 01.43
1039.00 01.47
1049.39 01.49
1059.88 01.49
1070.48 01.47
1081.19 01.43
1092.00 01.36
1102.92 01.29
1113.95 01.21
1125.09 01.12
1136.34 01.00
1147.70 00.88
1159.18 00.75
1170.77 00.60
1182.48 00.44
1194.30 00.31
1206.25 00.21
1218.31 00.15
1230.49 00.13
1242.80 00.14
1255.22 00.18
1267.78 00.23
1280.45 00.28
1293.26 00.33
1306.19 00.38
1319.25 00.42
1332.45 00.44
1345.77 00.47
1359.23 00.50
1372.82 00.52
1386.55 00.54
1400.41 00.57
1414.42 00.59
1428.56 00.60
1442.85 00.61
1457.28 00.63
1471.85 00.64
1486.57 00.63
1501.43 00.61
1516.45 00.58
1531.61 00.53
1546.93 00.46
1562.40 00.38
1578.02 00.30
1593.80 00.22
1609.74 00.13
1625.84 00.04
1642.10 -00.06
1658.52 -00.15
1675.10 -00.24
1691.85 -00.31
1708.77 -00.36
1725.86 -00.41
1743.12 -00.45
1760.55 -00.51
1778.15 -00.59
1795.94 -00.68
1813.90 -00.80
1832.03 -00.94
1850.36 -01.08
1868.86 -01.22
1887.55 -01.36
1906.42 -01.48
1925.49 -01.59
1944.74 -01.69
1964.19 -01.78
1983.83 -01.86
2003.67 -01.96
2023.71 -02.06
2043.94 -02.16
2064.38 -02.27
2085.03 -02.38
2105.88 -02.50
2126.94 -02.62
2148.20 -02.77
2169.69 -02.93
2191.38 -03.10
2213.30 -03.27
2235.43 -03.44
2257.78 -03.62
2280.36 -03.80
2303.17 -03.97
2326.20 -04.14
2349.46 -04.32
2372.95 -04.50
2396.68 -04.67
2420.65 -04.84
2444.86 -05.01
2469.31 -05.17
2494.00 -05.32
2518.94 -05.47
2544.13 -05.62
2569.57 -05.76
2595.27 -05.91
2621.22 -06.08
2647.43 -06.26
2673.90 -06.47
2700.64 -06.69
2727.65 -06.94
2754.93 -07.20
2782.48 -07.45
2810.30 -07.68
2838.40 -07.89
2866.79 -08.06
2895.46 -08.19
2924.41 -08.31
2953.65 -08.40
2983.19 -08.50
3013.02 -08.58
3043.15 -08.63
3073.58 -08.66
3104.32 -08.67
3135.36 -08.67
3166.72 -08.62
3198.38 -08.56
3230.37 -08.46
3262.67 -08.34
3295.30 -08.18
3328.25 -08.01
3361.53 -07.81
3395.15 -07.63
3429.10 -07.43
3463.39 -07.24
3498.03 -07.05
3533.01 -06.83
3568.34 -06.60
3604.02 -06.35
3640.06 -06.07
3676.46 -05.75
3713.22 -05.41
3750.36 -05.05
3787.86 -04.66
3825.74 -04.23
3864.00 -03.77
3902.64 -03.29
3941.66 -02.78
3981.08 -02.26
4020.89 -01.75
4061.10 -01.26
4101.71 -00.79
4142.73 -00.34
4184.15 00.08
4226.00 00.47
4268.26 00.80
4310.94 01.08
4354.05 01.30
4397.59 01.47
4441.56 01.57
4485.98 01.60
4530.84 01.58
4576.15 01.50
4621.91 01.37
4668.13 01.18
4714.81 00.93
4761.96 00.66
4809.58 00.36
4857.67 00.07
4906.25 -00.19
4955.31 -00.39
5004.87 -00.54
5054.91 -00.62
5105.46 -00.64
5156.52 -00.66
5208.08 -00.65
5260.16 -00.58
5312.77 -00.45
5365.89 -00.29
5419.55 -00.09
5473.75 00.11
5528.49 00.29
5583.77 00.47
5639.61 00.60
5696.00 00.68
5752.96 00.69
5810.49 00.63
5868.60 00.48
5927.28 00.22
5986.56 -00.19
6046.42 -00.48
6106.89 -00.81
6167.96 -01.21
6229.64 -01.66
6291.93 -02.07
6354.85 -02.35
6418.40 -02.47
6482.58 -02.38
6547.41 -02.06
6612.88 -01.50
6679.01 -00.83
6745.80 -00.07
6813.26 00.77
6881.39 01.64
6950.21 02.53
7019.71 03.42
7089.91 04.29
7160.81 05.13
7232.41 05.90
7304.74 06.45
7377.79 06.90
7451.56 07.27
7526.08 07.57
7601.34 07.78
7677.35 07.89
7754.13 07.93
7831.67 07.91
7909.98 07.82
7989.08 07.67
8068.98 07.50
8149.67 07.30
8231.16 07.12
8313.47 06.94
8396.61 06.82
8480.57 06.74
8565.38 06.73
8651.03 06.78
8737.54 06.90
8824.92 07.11
8913.17 07.37
9002.30 07.64
9092.32 07.91
9183.25 08.15
9275.08 08.30
9367.83 08.38
9461.51 08.38
9556.12 08.30
9651.68 08.15
9748.20 07.92
9845.68 07.63
9944.14 07.29
10043.58 06.91
10144.02 06.51
10245.46 06.09
10347.91 05.76
10451.39 05.42
10555.91 05.08
10661.46 04.72
10768.08 04.34
10875.76 03.96
10984.52 03.59
11094.36 03.25
11205.31 02.93
11317.36 02.68
11430.53 02.44
11544.84 02.21
11660.29 01.99
11776.89 01.74
11894.66 01.49
12013.60 01.25
12133.74 01.08
12255.08 00.98
12377.63 01.01
12501.41 01.21
12626.42 01.54
12752.68 02.00
12880.21 02.52
13009.01 03.10
13139.10 03.69
13270.49 04.25
13403.20 04.79
13537.23 05.31
13672.60 05.81
13809.33 06.32
13947.42 06.84
14086.90 07.37
14227.77 07.87
14370.04 08.29
14513.74 08.51
14658.88 08.42
14805.47 08.12
14953.52 07.64
15103.06 06.92
15254.09 06.05
15406.63 05.10
15560.70 04.14
15716.30 03.24
15873.47 02.46
16032.20 01.80
16192.52 01.22
16354.45 00.72
16517.99 00.28
16683.17 -00.13
16850.01 -00.54
17018.51 -00.98
17188.69 -01.51
17360.58 -02.14
17534.18 -02.96
17709.53 -03.97
17886.62 -05.12
18065.49 -06.39
18246.14 -07.66
18428.60 -08.57
18612.89 -08.79
18799.02 -08.29
18987.01 -07.21
19176.88 -05.85
19368.65 -04.68
19562.33 -03.81
19757.96 -03.25
19955.54 -03.03
20000.00 -03.06
