20.00 -17.64
20.20 -17.51
20.40 -17.39
20.61 -17.27
20.81 -17.16
21.02 -17.04
21.23 -16.92
21.44 -16.81
21.66 -16.69
21.87 -16.58
22.09 -16.47
22.31 -16.36
22.54 -16.24
22.76 -16.13
22.99 -16.02
23.22 -15.90
23.45 -15.79
23.69 -15.67
23.92 -15.56
24.16 -15.45
24.40 -15.33
24.65 -15.22
24.89 -15.10
25.14 -14.99
25.39 -14.87
25.65 -14.76
25.91 -14.64
26.16 -14.53
26.43 -14.41
26.69 -14.30
26.96 -14.18
27.23 -14.07
27.50 -13.95
27.77 -13.84
28.05 -13.73
28.33 -13.61
28.62 -13.50
28.90 -13.38
29.19 -13.27
29.48 -13.16
29.78 -13.04
30.08 -12.93
30.38 -12.82
30.68 -12.71
30.99 -12.60
31.30 -12.49
31.61 -12.38
31.93 -12.26
32.24 -12.16
32.57 -12.04
32.89 -11.93
33.22 -11.82
33.55 -11.71
33.89 -11.59
34.23 -11.48
34.57 -11.37
34.92 -11.25
35.27 -11.14
35.62 -11.03
35.97 -10.91
36.33 -10.80
36.70 -10.68
37.06 -10.57
37.43 -10.46
37.81 -10.34
38.19 -10.23
38.57 -10.11
38.95 -10.00
39.34 -09.88
39.74 -09.77
40.14 -09.65
40.54 -09.54
40.94 -09.42
41.35 -09.31
41.76 -09.19
42.18 -09.08
42.60 -08.96
43.03 -08.85
43.46 -08.73
43.90 -08.61
44.33 -08.50
44.78 -08.38
45.23 -08.26
45.68 -08.14
46.13 -08.02
46.60 -07.90
47.06 -07.79
47.53 -07.67
48.01 -07.55
48.49 -07.43
48.97 -07.32
49.46 -07.20
49.96 -07.08
50.46 -06.96
50.96 -06.85
51.47 -06.73
51.99 -06.62
52.51 -06.50
53.03 -06.39
53.56 -06.28
54.10 -06.17
54.64 -06.07
55.18 -05.96
55.74 -05.85
56.29 -05.75
56.86 -05.65
57.42 -05.55
58.00 -05.44
58.58 -05.34
59.16 -05.23
59.76 -05.13
60.35 -05.02
60.96 -04.91
61.57 -04.80
62.18 -04.68
62.80 -04.57
63.43 -04.45
64.07 -04.33
64.71 -04.20
65.35 -04.08
66.01 -03.95
66.67 -03.81
67.33 -03.68
68.01 -03.55
68.69 -03.41
69.37 -03.27
70.07 -03.13
70.77 -02.99
71.48 -02.85
72.19 -02.70
72.91 -02.56
73.64 -02.41
74.38 -02.26
75.12 -02.11
75.87 -01.96
76.63 -01.81
77.40 -01.66
78.17 -01.51
78.95 -01.35
79.74 -01.20
80.54 -01.04
81.35 -00.88
82.16 -00.72
82.98 -00.57
83.81 -00.41
84.65 -00.25
85.50 -00.10
86.35 00.05
87.22 00.21
88.09 00.36
88.97 00.51
89.86 00.66
90.76 00.80
91.66 00.95
92.58 01.10
93.51 01.24
94.44 01.39
95.39 01.54
96.34 01.68
97.30 01.83
98.28 01.98
99.26 02.13
100.25 02.27
101.25 02.42
102.27 02.57
103.29 02.71
104.32 02.86
105.37 03.00
106.42 03.14
107.48 03.28
108.56 03.41
109.64 03.54
110.74 03.67
111.85 03.80
112.97 03.92
114.10 04.04
115.24 04.15
116.39 04.26
117.55 04.37
118.73 04.48
119.92 04.58
121.12 04.67
122.33 04.76
123.55 04.85
124.79 04.93
126.03 05.01
127.29 05.08
128.57 05.15
129.85 05.21
131.15 05.27
132.46 05.32
133.79 05.37
135.12 05.41
136.48 05.45
137.84 05.49
139.22 05.53
140.61 05.56
142.02 05.59
143.44 05.61
144.87 05.63
146.32 05.65
147.78 05.66
149.26 05.67
150.75 05.67
152.26 05.67
153.78 05.67
155.32 05.65
156.88 05.64
158.44 05.62
160.03 05.59
161.63 05.57
163.24 05.54
164.88 05.52
166.53 05.49
168.19 05.46
169.87 05.42
171.57 05.39
173.29 05.34
175.02 05.30
176.77 05.26
178.54 05.21
180.32 05.16
182.13 05.11
183.95 05.06
185.79 05.00
187.65 04.96
189.52 04.90
191.42 04.85
193.33 04.78
195.27 04.73
197.22 04.67
199.19 04.61
201.18 04.55
203.19 04.49
205.23 04.42
207.28 04.36
209.35 04.28
211.44 04.22
213.56 04.14
215.69 04.07
217.85 04.00
220.03 03.92
222.23 03.85
224.45 03.78
226.70 03.70
228.96 03.62
231.25 03.56
233.57 03.50
235.90 03.44
238.26 03.38
240.64 03.34
243.05 03.29
245.48 03.25
247.93 03.22
250.41 03.18
252.92 03.14
255.45 03.11
258.00 03.06
260.58 03.02
263.19 02.98
265.82 02.93
268.48 02.89
271.16 02.84
273.87 02.79
276.61 02.75
279.38 02.69
282.17 02.65
284.99 02.60
287.84 02.55
290.72 02.50
293.63 02.46
296.57 02.41
299.53 02.36
302.53 02.32
305.55 02.27
308.61 02.23
311.69 02.19
314.81 02.14
317.96 02.10
321.14 02.05
324.35 02.02
327.59 01.98
330.87 01.94
334.18 01.90
337.52 01.87
340.90 01.84
344.30 01.80
347.75 01.77
351.23 01.75
354.74 01.72
358.28 01.69
361.87 01.67
365.49 01.64
369.14 01.62
372.83 01.59
376.56 01.56
380.33 01.54
384.13 01.52
387.97 01.50
391.85 01.47
395.77 01.45
399.73 01.43
403.72 01.41
407.76 01.39
411.84 01.37
415.96 01.34
420.12 01.32
424.32 01.29
428.56 01.28
432.85 01.26
437.18 01.23
441.55 01.20
445.96 01.18
450.42 01.16
454.93 01.14
459.48 01.11
464.07 01.08
468.71 01.06
473.40 01.05
478.13 01.03
482.91 01.01
487.74 00.99
492.62 00.98
497.55 00.96
502.52 00.94
507.55 00.93
512.62 00.92
517.75 00.90
522.93 00.89
528.16 00.87
533.44 00.86
538.77 00.84
544.16 00.83
549.60 00.82
555.10 00.81
560.65 00.80
566.25 00.79
571.92 00.79
577.64 00.78
583.41 00.78
589.25 00.77
595.14 00.77
601.09 00.77
607.10 00.76
613.17 00.76
619.30 00.75
625.50 00.75
631.75 00.75
638.07 00.74
644.45 00.73
650.89 00.69
657.40 00.66
663.98 00.64
670.62 00.60
677.32 00.56
684.10 00.53
690.94 00.50
697.85 00.47
704.83 00.43
711.87 00.40
718.99 00.37
726.18 00.34
733.44 00.30
740.78 00.27
748.19 00.24
755.67 00.20
763.23 00.16
770.86 00.13
778.57 00.08
786.35 00.03
794.22 -00.02
802.16 -00.06
810.18 -00.12
818.28 -00.17
826.46 -00.22
834.73 -00.26
843.08 -00.31
851.51 -00.35
860.02 -00.39
868.62 -00.42
877.31 -00.44
886.08 -00.47
894.94 -00.49
903.89 -00.50
912.93 -00.49
922.06 -00.49
931.28 -00.48
940.59 -00.48
950.00 -00.47
959.50 -00.45
969.09 -00.44
978.78 -00.42
988.57 -00.40
998.46 -00.40
1008.44 -00.38
1018.53 -00.37
1028.71 -00.37
1039.00 -00.37
1049.39 -00.36
1059.88 -00.36
1070.48 -00.36
1081.19 -00.36
1092.00 -00.38
1102.92 -00.40
1113.95 -00.42
1125.09 -00.44
1136.34 -00.48
1147.70 -00.50
1159.18 -00.53
1170.77 -00.57
1182.48 -00.62
1194.30 -00.66
1206.25 -00.70
1218.31 -00.74
1230.49 -00.77
1242.80 -00.79
1255.22 -00.81
1267.78 -00.82
1280.45 -00.82
1293.26 -00.80
1306.19 -00.78
1319.25 -00.74
1332.45 -00.71
1345.77 -00.66
1359.23 -00.61
1372.82 -00.55
1386.55 -00.49
1400.41 -00.43
1414.42 -00.36
1428.56 -00.29
1442.85 -00.20
1457.28 -00.10
1471.85 00.02
1486.57 00.15
1501.43 00.30
1516.45 00.48
1531.61 00.69
1546.93 00.93
1562.40 01.19
1578.02 01.49
1593.80 01.81
1609.74 02.18
1625.84 02.58
1642.10 03.04
1658.52 03.54
1675.10 04.07
1691.85 04.61
1708.77 05.16
1725.86 05.68
1743.12 06.19
1760.55 06.67
1778.15 07.10
1795.94 07.50
1813.90 07.84
1832.03 08.12
1850.36 08.35
1868.86 08.53
1887.55 08.65
1906.42 08.74
1925.49 08.78
1944.74 08.78
1964.19 08.77
1983.83 08.73
2003.67 08.68
2023.71 08.61
2043.94 08.55
2064.38 08.48
2085.03 08.40
2105.88 08.34
2126.94 08.25
2148.20 08.16
2169.69 08.06
2191.38 07.95
2213.30 07.83
2235.43 07.72
2257.78 07.59
2280.36 07.45
2303.17 07.32
2326.20 07.19
2349.46 07.05
2372.95 06.91
2396.68 06.78
2420.65 06.64
2444.86 06.50
2469.31 06.38
2494.00 06.25
2518.94 06.13
2544.13 05.99
2569.57 05.86
2595.27 05.73
2621.22 05.60
2647.43 05.47
2673.90 05.35
2700.64 05.25
2727.65 05.14
2754.93 05.03
2782.48 04.92
2810.30 04.83
2838.40 04.73
2866.79 04.65
2895.46 04.58
2924.41 04.52
2953.65 04.48
2983.19 04.44
3013.02 04.41
3043.15 04.40
3073.58 04.39
3104.32 04.38
3135.36 04.36
3166.72 04.34
3198.38 04.31
3230.37 04.28
3262.67 04.25
3295.30 04.23
3328.25 04.19
3361.53 04.16
3395.15 04.12
3429.10 04.09
3463.39 04.06
3498.03 04.01
3533.01 03.96
3568.34 03.90
3604.02 03.82
3640.06 03.73
3676.46 03.62
3713.22 03.49
3750.36 03.35
3787.86 03.19
3825.74 03.02
3864.00 02.84
3902.64 02.66
3941.66 02.48
3981.08 02.30
4020.89 02.10
4061.10 01.89
4101.71 01.67
4142.73 01.43
4184.15 01.18
4226.00 00.91
4268.26 00.61
4310.94 00.28
4354.05 -00.07
4397.59 -00.43
4441.56 -00.76
4485.98 -01.01
4530.84 -01.14
4576.15 -01.11
4621.91 -00.88
4668.13 -00.45
4714.81 00.15
4761.96 00.83
4809.58 01.52
4857.67 02.16
4906.25 02.73
4955.31 03.21
5004.87 03.59
5054.91 03.90
5105.46 04.13
5156.52 04.21
5208.08 04.19
5260.16 04.11
5312.77 03.98
5365.89 03.81
5419.55 03.60
5473.75 03.38
5528.49 03.14
5583.77 02.92
5639.61 02.69
5696.00 02.47
5752.96 02.26
5810.49 02.04
5868.60 01.82
5927.28 01.59
5986.56 01.35
6046.42 01.34
6106.89 01.40
6167.96 01.47
6229.64 01.55
6291.93 01.64
6354.85 01.76
6418.40 01.91
6482.58 02.10
6547.41 02.31
6612.88 02.58
6679.01 02.90
6745.80 03.27
6813.26 03.69
6881.39 04.13
6950.21 04.58
7019.71 05.01
7089.91 05.43
7160.81 05.84
7232.41 06.23
7304.74 06.48
7377.79 06.70
7451.56 06.91
7526.08 07.13
7601.34 07.34
7677.35 07.57
7754.13 07.81
7831.67 08.07
7909.98 08.34
7989.08 08.60
8068.98 08.84
8149.67 09.03
8231.16 09.18
8313.47 09.31
8396.61 09.40
8480.57 09.44
8565.38 09.39
8651.03 09.24
8737.54 08.99
8824.92 08.62
8913.17 08.15
9002.30 07.57
9092.32 06.90
9183.25 06.12
9275.08 05.20
9367.83 04.09
9461.51 02.73
9556.12 01.20
9651.68 -00.29
9748.20 -01.50
9845.68 -02.19
9944.14 -02.33
10043.58 -02.07
10144.02 -01.63
10245.46 -01.17
10347.91 -00.67
10451.39 -00.27
10555.91 00.02
10661.46 00.17
10768.08 00.19
10875.76 00.09
10984.52 -00.10
11094.36 -00.36
11205.31 -00.69
11317.36 -01.03
11430.53 -01.39
11544.84 -01.79
11660.29 -02.19
11776.89 -02.62
11894.66 -03.02
12013.60 -03.38
12133.74 -03.63
12255.08 -03.73
12377.63 -03.68
12501.41 -03.46
12626.42 -03.10
12752.68 -02.63
12880.21 -02.11
13009.01 -01.58
13139.10 -01.06
13270.49 -00.56
13403.20 -00.09
13537.23 00.34
13672.60 00.74
13809.33 01.11
13947.42 01.43
14086.90 01.74
14227.77 02.04
14370.04 02.31
14513.74 02.50
14658.88 02.49
14805.47 02.41
14953.52 02.26
15103.06 02.03
15254.09 01.73
15406.63 01.34
15560.70 00.86
15716.30 00.26
15873.47 -00.47
16032.20 -01.38
16192.52 -02.45
16354.45 -03.69
16517.99 -05.03
16683.17 -06.39
16850.01 -07.66
17018.51 -08.63
17188.69 -09.08
17360.58 -08.92
17534.18 -08.38
17709.53 -07.73
17886.62 -07.10
18065.49 -06.56
18246.14 -06.09
18428.60 -05.71
18612.89 -05.42
18799.02 -05.27
18987.01 -05.26
19176.88 -05.40
19368.65 -05.71
19562.33 -06.17
19757.96 -06.78
19955.54 -07.50
20000.00 -07.68
