20.00 -02.85
20.20 -02.80
20.40 -02.75
20.61 -02.69
20.81 -02.64
21.02 -02.59
21.23 -02.54
21.44 -02.49
21.66 -02.43
21.87 -02.38
22.09 -02.33
22.31 -02.27
22.54 -02.22
22.76 -02.16
22.99 -02.11
23.22 -02.05
23.45 -02.00
23.69 -01.94
23.92 -01.89
24.16 -01.83
24.40 -01.78
24.65 -01.72
24.89 -01.66
25.14 -01.60
25.39 -01.55
25.65 -01.49
25.91 -01.43
26.16 -01.37
26.43 -01.31
26.69 -01.26
26.96 -01.20
27.23 -01.14
27.50 -01.08
27.77 -01.02
28.05 -00.96
28.33 -00.90
28.62 -00.84
28.90 -00.79
29.19 -00.73
29.48 -00.67
29.78 -00.60
30.08 -00.54
30.38 -00.48
30.68 -00.43
30.99 -00.37
31.30 -00.32
31.61 -00.27
31.93 -00.23
32.24 -00.19
32.57 -00.16
32.89 -00.13
33.22 -00.11
33.55 -00.09
33.89 -00.08
34.23 -00.07
34.57 -00.07
34.92 -00.08
35.27 -00.08
35.62 -00.09
35.97 -00.10
36.33 -00.11
36.70 -00.12
37.06 -00.13
37.43 -00.15
37.81 -00.16
38.19 -00.18
38.57 -00.19
38.95 -00.20
39.34 -00.21
39.74 -00.22
40.14 -00.23
40.54 -00.23
40.94 -00.23
41.35 -00.23
41.76 -00.22
42.18 -00.21
42.60 -00.20
43.03 -00.18
43.46 -00.15
43.90 -00.12
44.33 -00.09
44.78 -00.05
45.23 -00.01
45.68 00.03
46.13 00.08
46.60 00.13
47.06 00.19
47.53 00.24
48.01 00.30
48.49 00.36
48.97 00.42
49.46 00.48
49.96 00.54
50.46 00.59
50.96 00.65
51.47 00.69
51.99 00.74
52.51 00.77
53.03 00.80
53.56 00.82
54.10 00.84
54.64 00.85
55.18 00.85
55.74 00.85
56.29 00.84
56.86 00.83
57.42 00.81
58.00 00.80
58.58 00.78
59.16 00.76
59.76 00.74
60.35 00.72
60.96 00.70
61.57 00.68
62.18 00.66
62.80 00.65
63.43 00.64
64.07 00.63
64.71 00.63
65.35 00.63
66.01 00.63
66.67 00.63
67.33 00.64
68.01 00.65
68.69 00.65
69.37 00.66
70.07 00.67
70.77 00.68
71.48 00.69
72.19 00.70
72.91 00.70
73.64 00.71
74.38 00.71
75.12 00.71
75.87 00.71
76.63 00.70
77.40 00.70
78.17 00.69
78.95 00.68
79.74 00.67
80.54 00.66
81.35 00.65
82.16 00.64
82.98 00.63
83.81 00.62
84.65 00.61
85.50 00.59
86.35 00.58
87.22 00.57
88.09 00.56
88.97 00.55
89.86 00.53
90.76 00.52
91.66 00.51
92.58 00.50
93.51 00.49
94.44 00.48
95.39 00.47
96.34 00.47
97.30 00.47
98.28 00.47
99.26 00.47
100.25 00.47
101.25 00.48
102.27 00.49
103.29 00.50
104.32 00.50
105.37 00.51
106.42 00.51
107.48 00.51
108.56 00.51
109.64 00.50
110.74 00.49
111.85 00.48
112.97 00.47
114.10 00.46
115.24 00.44
116.39 00.43
117.55 00.41
118.73 00.40
119.92 00.39
121.12 00.37
122.33 00.36
123.55 00.35
124.79 00.34
126.03 00.33
127.29 00.32
128.57 00.32
129.85 00.32
131.15 00.32
132.46 00.33
133.79 00.33
135.12 00.34
136.48 00.35
137.84 00.35
139.22 00.36
140.61 00.37
142.02 00.37
143.44 00.38
144.87 00.38
146.32 00.38
147.78 00.38
149.26 00.38
150.75 00.38
152.26 00.39
153.78 00.39
155.32 00.38
156.88 00.38
158.44 00.38
160.03 00.37
161.63 00.37
163.24 00.37
164.88 00.38
166.53 00.38
168.19 00.38
169.87 00.37
171.57 00.38
173.29 00.38
175.02 00.37
176.77 00.39
178.54 00.39
180.32 00.40
182.13 00.41
183.95 00.43
185.79 00.44
187.65 00.46
189.52 00.48
191.42 00.50
193.33 00.52
195.27 00.54
197.22 00.55
199.19 00.57
201.18 00.57
203.19 00.58
205.23 00.58
207.28 00.58
209.35 00.57
211.44 00.57
213.56 00.56
215.69 00.56
217.85 00.55
220.03 00.54
222.23 00.54
224.45 00.55
226.70 00.55
228.96 00.55
231.25 00.57
233.57 00.58
235.90 00.59
238.26 00.61
240.64 00.63
243.05 00.64
245.48 00.65
247.93 00.66
250.41 00.66
252.92 00.66
255.45 00.66
258.00 00.64
260.58 00.61
263.19 00.59
265.82 00.55
268.48 00.51
271.16 00.46
273.87 00.40
276.61 00.35
279.38 00.28
282.17 00.22
284.99 00.15
287.84 00.10
290.72 00.03
293.63 -00.01
296.57 -00.04
299.53 -00.08
302.53 -00.09
305.55 -00.09
308.61 -00.07
311.69 -00.04
314.81 00.00
317.96 00.06
321.14 00.11
324.35 00.19
327.59 00.26
330.87 00.33
334.18 00.40
337.52 00.48
340.90 00.55
344.30 00.62
347.75 00.68
351.23 00.75
354.74 00.79
358.28 00.83
361.87 00.87
365.49 00.89
369.14 00.91
372.83 00.92
376.56 00.91
380.33 00.91
384.13 00.89
387.97 00.88
391.85 00.86
395.77 00.85
399.73 00.83
403.72 00.82
407.76 00.80
411.84 00.80
415.96 00.79
420.12 00.79
424.32 00.78
428.56 00.78
432.85 00.78
437.18 00.77
441.55 00.78
445.96 00.78
450.42 00.77
454.93 00.76
459.48 00.75
464.07 00.73
468.71 00.71
473.40 00.69
478.13 00.67
482.91 00.65
487.74 00.62
492.62 00.61
497.55 00.59
502.52 00.57
507.55 00.56
512.62 00.55
517.75 00.53
522.93 00.52
528.16 00.50
533.44 00.48
538.77 00.45
544.16 00.42
549.60 00.39
555.10 00.34
560.65 00.30
566.25 00.25
571.92 00.22
577.64 00.18
583.41 00.16
589.25 00.15
595.14 00.16
601.09 00.18
607.10 00.21
613.17 00.27
619.30 00.32
625.50 00.40
631.75 00.48
638.07 00.55
644.45 00.63
650.89 00.68
657.40 00.73
663.98 00.80
670.62 00.85
677.32 00.90
684.10 00.96
690.94 01.00
697.85 01.05
704.83 01.09
711.87 01.14
718.99 01.19
726.18 01.22
733.44 01.25
740.78 01.27
748.19 01.29
755.67 01.30
763.23 01.30
770.86 01.31
778.57 01.30
786.35 01.29
794.22 01.27
802.16 01.26
810.18 01.24
818.28 01.21
826.46 01.19
834.73 01.17
843.08 01.13
851.51 01.09
860.02 01.05
868.62 01.00
877.31 00.95
886.08 00.88
894.94 00.80
903.89 00.71
912.93 00.63
922.06 00.55
931.28 00.47
940.59 00.37
950.00 00.28
959.50 00.18
969.09 00.06
978.78 -00.04
988.57 -00.15
998.46 -00.27
1008.44 -00.37
1018.53 -00.47
1028.71 -00.58
1039.00 -00.68
1049.39 -00.77
1059.88 -00.86
1070.48 -00.93
1081.19 -00.99
1092.00 -01.06
1102.92 -01.11
1113.95 -01.15
1125.09 -01.19
1136.34 -01.23
1147.70 -01.26
1159.18 -01.28
1170.77 -01.30
1182.48 -01.32
1194.30 -01.34
1206.25 -01.35
1218.31 -01.36
1230.49 -01.36
1242.80 -01.37
1255.22 -01.38
1267.78 -01.39
1280.45 -01.40
1293.26 -01.40
1306.19 -01.40
1319.25 -01.40
1332.45 -01.41
1345.77 -01.40
1359.23 -01.39
1372.82 -01.38
1386.55 -01.37
1400.41 -01.36
1414.42 -01.35
1428.56 -01.34
1442.85 -01.34
1457.28 -01.35
1471.85 -01.37
1486.57 -01.40
1501.43 -01.43
1516.45 -01.48
1531.61 -01.52
1546.93 -01.58
1562.40 -01.65
1578.02 -01.71
1593.80 -01.77
1609.74 -01.82
1625.84 -01.87
1642.10 -01.92
1658.52 -01.95
1675.10 -01.99
1691.85 -02.03
1708.77 -02.05
1725.86 -02.09
1743.12 -02.11
1760.55 -02.15
1778.15 -02.20
1795.94 -02.24
1813.90 -02.30
1832.03 -02.37
1850.36 -02.45
1868.86 -02.52
1887.55 -02.59
1906.42 -02.66
1925.49 -02.74
1944.74 -02.84
1964.19 -02.93
1983.83 -03.03
2003.67 -03.12
2023.71 -03.21
2043.94 -03.29
2064.38 -03.37
2085.03 -03.44
2105.88 -03.51
2126.94 -03.58
2148.20 -03.64
2169.69 -03.68
2191.38 -03.72
2213.30 -03.75
2235.43 -03.77
2257.78 -03.81
2280.36 -03.85
2303.17 -03.89
2326.20 -03.93
2349.46 -03.98
2372.95 -04.04
2396.68 -04.10
2420.65 -04.18
2444.86 -04.27
2469.31 -04.34
2494.00 -04.43
2518.94 -04.51
2544.13 -04.61
2569.57 -04.72
2595.27 -04.82
2621.22 -04.94
2647.43 -05.06
2673.90 -05.18
2700.64 -05.28
2727.65 -05.40
2754.93 -05.51
2782.48 -05.62
2810.30 -05.70
2838.40 -05.78
2866.79 -05.87
2895.46 -05.94
2924.41 -06.01
2953.65 -06.07
2983.19 -06.14
3013.02 -06.22
3043.15 -06.29
3073.58 -06.38
3104.32 -06.46
3135.36 -06.56
3166.72 -06.66
3198.38 -06.77
3230.37 -06.88
3262.67 -06.99
3295.30 -07.10
3328.25 -07.22
3361.53 -07.32
3395.15 -07.43
3429.10 -07.52
3463.39 -07.60
3498.03 -07.68
3533.01 -07.74
3568.34 -07.79
3604.02 -07.84
3640.06 -07.90
3676.46 -07.97
3713.22 -08.04
3750.36 -08.12
3787.86 -08.22
3825.74 -08.34
3864.00 -08.49
3902.64 -08.67
3941.66 -08.87
3981.08 -09.11
4020.89 -09.35
4061.10 -09.58
4101.71 -09.78
4142.73 -09.92
4184.15 -09.98
4226.00 -09.95
4268.26 -09.83
4310.94 -09.63
4354.05 -09.35
4397.59 -09.01
4441.56 -08.63
4485.98 -08.22
4530.84 -07.81
4576.15 -07.40
4621.91 -07.02
4668.13 -06.66
4714.81 -06.32
4761.96 -06.00
4809.58 -05.69
4857.67 -05.39
4906.25 -05.14
4955.31 -04.92
5004.87 -04.75
5054.91 -04.60
5105.46 -04.48
5156.52 -04.47
5208.08 -04.55
5260.16 -04.70
5312.77 -04.94
5365.89 -05.26
5419.55 -05.68
5473.75 -06.17
5528.49 -06.74
5583.77 -07.36
5639.61 -08.04
5696.00 -08.80
5752.96 -09.61
5810.49 -10.44
5868.60 -11.17
5927.28 -11.66
5986.56 -11.85
6046.42 -11.52
6106.89 -10.93
6167.96 -10.23
6229.64 -09.48
6291.93 -08.73
6354.85 -07.99
6418.40 -07.29
6482.58 -06.62
6547.41 -06.01
6612.88 -05.43
6679.01 -04.89
6745.80 -04.38
6813.26 -03.89
6881.39 -03.43
6950.21 -02.99
7019.71 -02.54
7089.91 -02.08
7160.81 -01.60
7232.41 -01.11
7304.74 -00.76
7377.79 -00.44
7451.56 -00.13
7526.08 00.16
7601.34 00.43
7677.35 00.66
7754.13 00.85
7831.67 01.00
7909.98 01.08
7989.08 01.09
8068.98 01.03
8149.67 00.89
8231.16 00.69
8313.47 00.42
8396.61 00.08
8480.57 -00.33
8565.38 -00.82
8651.03 -01.40
8737.54 -02.04
8824.92 -02.77
8913.17 -03.56
9002.30 -04.43
9092.32 -05.36
9183.25 -06.37
9275.08 -07.47
9367.83 -08.67
9461.51 -09.98
9556.12 -11.37
9651.68 -12.78
9748.20 -14.11
9845.68 -15.17
9944.14 -15.75
10043.58 -15.71
10144.02 -15.10
10245.46 -14.22
10347.91 -13.19
10451.39 -12.17
10555.91 -11.22
10661.46 -10.39
10768.08 -09.66
10875.76 -09.05
10984.52 -08.53
11094.36 -08.11
11205.31 -07.77
11317.36 -07.50
11430.53 -07.27
11544.84 -07.08
11660.29 -06.90
11776.89 -06.76
11894.66 -06.62
12013.60 -06.50
12133.74 -06.37
12255.08 -06.23
12377.63 -06.08
12501.41 -05.92
12626.42 -05.78
12752.68 -05.64
12880.21 -05.55
13009.01 -05.49
13139.10 -05.46
13270.49 -05.46
13403.20 -05.50
13537.23 -05.55
13672.60 -05.62
13809.33 -05.70
13947.42 -05.80
14086.90 -05.90
14227.77 -06.00
14370.04 -06.11
14513.74 -06.24
14658.88 -06.51
14805.47 -06.80
14953.52 -07.11
15103.06 -07.46
15254.09 -07.83
15406.63 -08.24
15560.70 -08.64
15716.30 -08.97
15873.47 -09.20
16032.20 -09.31
16192.52 -09.32
16354.45 -09.25
16517.99 -09.13
16683.17 -08.94
16850.01 -08.69
17018.51 -08.41
17188.69 -08.13
17360.58 -07.89
17534.18 -07.75
17709.53 -07.75
17886.62 -07.86
18065.49 -08.08
18246.14 -08.37
18428.60 -08.75
18612.89 -09.19
18799.02 -09.72
18987.01 -10.34
19176.88 -11.05
19368.65 -11.85
19562.33 -12.72
19757.96 -13.64
19955.54 -14.58
20000.00 -14.80
