20.00 -04.78
20.20 -04.63
20.40 -04.48
20.61 -04.32
20.81 -04.18
21.02 -04.03
21.23 -03.89
21.44 -03.75
21.66 -03.60
21.87 -03.47
22.09 -03.33
22.31 -03.19
22.54 -03.05
22.76 -02.92
22.99 -02.79
23.22 -02.65
23.45 -02.52
23.69 -02.39
23.92 -02.26
24.16 -02.13
24.40 -02.00
24.65 -01.87
24.89 -01.75
25.14 -01.62
25.39 -01.50
25.65 -01.37
25.91 -01.25
26.16 -01.13
26.43 -01.01
26.69 -00.90
26.96 -00.78
27.23 -00.67
27.50 -00.56
27.77 -00.45
28.05 -00.34
28.33 -00.23
28.62 -00.13
28.90 -00.03
29.19 00.07
29.48 00.17
29.78 00.26
30.08 00.36
30.38 00.45
30.68 00.53
30.99 00.62
31.30 00.70
31.61 00.77
31.93 00.85
32.24 00.92
32.57 00.98
32.89 01.05
33.22 01.11
33.55 01.17
33.89 01.23
34.23 01.29
34.57 01.35
34.92 01.40
35.27 01.46
35.62 01.51
35.97 01.56
36.33 01.61
36.70 01.66
37.06 01.70
37.43 01.75
37.81 01.79
38.19 01.84
38.57 01.88
38.95 01.92
39.34 01.96
39.74 01.99
40.14 02.03
40.54 02.06
40.94 02.09
41.35 02.12
41.76 02.15
42.18 02.17
42.60 02.20
43.03 02.22
43.46 02.24
43.90 02.26
44.33 02.28
44.78 02.30
45.23 02.31
45.68 02.33
46.13 02.34
46.60 02.36
47.06 02.37
47.53 02.39
48.01 02.40
48.49 02.41
48.97 02.42
49.46 02.43
49.96 02.43
50.46 02.44
50.96 02.45
51.47 02.45
51.99 02.45
52.51 02.46
53.03 02.46
53.56 02.46
54.10 02.46
54.64 02.46
55.18 02.45
55.74 02.45
56.29 02.45
56.86 02.44
57.42 02.44
58.00 02.43
58.58 02.42
59.16 02.42
59.76 02.41
60.35 02.40
60.96 02.39
61.57 02.38
62.18 02.37
62.80 02.36
63.43 02.34
64.07 02.33
64.71 02.32
65.35 02.30
66.01 02.29
66.67 02.27
67.33 02.26
68.01 02.24
68.69 02.22
69.37 02.21
70.07 02.19
70.77 02.17
71.48 02.15
72.19 02.12
72.91 02.10
73.64 02.07
74.38 02.05
75.12 02.02
75.87 01.99
76.63 01.96
77.40 01.92
78.17 01.89
78.95 01.85
79.74 01.81
80.54 01.77
81.35 01.73
82.16 01.69
82.98 01.65
83.81 01.62
84.65 01.58
85.50 01.54
86.35 01.51
87.22 01.48
88.09 01.45
88.97 01.42
89.86 01.39
90.76 01.37
91.66 01.34
92.58 01.32
93.51 01.30
94.44 01.28
95.39 01.26
96.34 01.24
97.30 01.22
98.28 01.20
99.26 01.18
100.25 01.16
101.25 01.14
102.27 01.12
103.29 01.11
104.32 01.09
105.37 01.07
106.42 01.05
107.48 01.03
108.56 01.01
109.64 00.99
110.74 00.98
111.85 00.96
112.97 00.94
114.10 00.92
115.24 00.90
116.39 00.88
117.55 00.86
118.73 00.84
119.92 00.82
121.12 00.80
122.33 00.78
123.55 00.76
124.79 00.75
126.03 00.73
127.29 00.71
128.57 00.69
129.85 00.67
131.15 00.65
132.46 00.62
133.79 00.60
135.12 00.58
136.48 00.56
137.84 00.53
139.22 00.51
140.61 00.49
142.02 00.46
143.44 00.44
144.87 00.42
146.32 00.40
147.78 00.38
149.26 00.36
150.75 00.34
152.26 00.32
153.78 00.30
155.32 00.28
156.88 00.26
158.44 00.23
160.03 00.21
161.63 00.20
163.24 00.18
164.88 00.18
166.53 00.16
168.19 00.15
169.87 00.13
171.57 00.12
173.29 00.11
175.02 00.09
176.77 00.08
178.54 00.07
180.32 00.05
182.13 00.04
183.95 00.02
185.79 00.00
187.65 -00.01
189.52 -00.03
191.42 -00.03
193.33 -00.05
195.27 -00.06
197.22 -00.08
199.19 -00.09
201.18 -00.12
203.19 -00.13
205.23 -00.16
207.28 -00.18
209.35 -00.21
211.44 -00.24
213.56 -00.27
215.69 -00.30
217.85 -00.34
220.03 -00.38
222.23 -00.41
224.45 -00.44
226.70 -00.49
228.96 -00.53
231.25 -00.57
233.57 -00.61
235.90 -00.66
238.26 -00.71
240.64 -00.75
243.05 -00.80
245.48 -00.85
247.93 -00.88
250.41 -00.92
252.92 -00.96
255.45 -00.99
258.00 -01.02
260.58 -01.05
263.19 -01.06
265.82 -01.07
268.48 -01.08
271.16 -01.09
273.87 -01.10
276.61 -01.09
279.38 -01.10
282.17 -01.10
284.99 -01.11
287.84 -01.11
290.72 -01.13
293.63 -01.13
296.57 -01.15
299.53 -01.17
302.53 -01.19
305.55 -01.23
308.61 -01.26
311.69 -01.29
314.81 -01.33
317.96 -01.36
321.14 -01.40
324.35 -01.42
327.59 -01.45
330.87 -01.48
334.18 -01.51
337.52 -01.52
340.90 -01.54
344.30 -01.56
347.75 -01.59
351.23 -01.60
354.74 -01.63
358.28 -01.67
361.87 -01.69
365.49 -01.72
369.14 -01.73
372.83 -01.75
376.56 -01.76
380.33 -01.75
384.13 -01.74
387.97 -01.72
391.85 -01.70
395.77 -01.67
399.73 -01.65
403.72 -01.62
407.76 -01.62
411.84 -01.61
415.96 -01.63
420.12 -01.66
424.32 -01.70
428.56 -01.75
432.85 -01.80
437.18 -01.88
441.55 -01.94
445.96 -02.02
450.42 -02.10
454.93 -02.17
459.48 -02.25
464.07 -02.33
468.71 -02.41
473.40 -02.47
478.13 -02.54
482.91 -02.59
487.74 -02.63
492.62 -02.64
497.55 -02.63
502.52 -02.59
507.55 -02.51
512.62 -02.41
517.75 -02.27
522.93 -02.08
528.16 -01.87
533.44 -01.63
538.77 -01.39
544.16 -01.14
549.60 -00.89
555.10 -00.66
560.65 -00.45
566.25 -00.28
571.92 -00.14
577.64 -00.05
583.41 00.02
589.25 00.03
595.14 00.01
601.09 -00.05
607.10 -00.15
613.17 -00.27
619.30 -00.43
625.50 -00.60
631.75 -00.78
638.07 -00.97
644.45 -01.15
650.89 -01.33
657.40 -01.50
663.98 -01.63
670.62 -01.74
677.32 -01.83
684.10 -01.88
690.94 -01.91
697.85 -01.90
704.83 -01.88
711.87 -01.83
718.99 -01.75
726.18 -01.66
733.44 -01.55
740.78 -01.42
748.19 -01.26
755.67 -01.10
763.23 -00.94
770.86 -00.77
778.57 -00.61
786.35 -00.45
794.22 -00.29
802.16 -00.14
810.18 00.00
818.28 00.12
826.46 00.23
834.73 00.34
843.08 00.42
851.51 00.49
860.02 00.55
868.62 00.60
877.31 00.66
886.08 00.69
894.94 00.72
903.89 00.75
912.93 00.79
922.06 00.82
931.28 00.86
940.59 00.89
950.00 00.93
959.50 00.96
969.09 00.99
978.78 01.02
988.57 01.06
998.46 01.08
1008.44 01.11
1018.53 01.14
1028.71 01.16
1039.00 01.18
1049.39 01.20
1059.88 01.20
1070.48 01.21
1081.19 01.22
1092.00 01.21
1102.92 01.22
1113.95 01.21
1125.09 01.20
1136.34 01.18
1147.70 01.17
1159.18 01.15
1170.77 01.13
1182.48 01.09
1194.30 01.07
1206.25 01.04
1218.31 01.01
1230.49 00.97
1242.80 00.94
1255.22 00.90
1267.78 00.87
1280.45 00.84
1293.26 00.82
1306.19 00.81
1319.25 00.79
1332.45 00.77
1345.77 00.77
1359.23 00.77
1372.82 00.77
1386.55 00.77
1400.41 00.78
1414.42 00.79
1428.56 00.80
1442.85 00.81
1457.28 00.82
1471.85 00.82
1486.57 00.83
1501.43 00.83
1516.45 00.83
1531.61 00.84
1546.93 00.83
1562.40 00.82
1578.02 00.80
1593.80 00.78
1609.74 00.77
1625.84 00.73
1642.10 00.69
1658.52 00.65
1675.10 00.60
1691.85 00.55
1708.77 00.51
1725.86 00.46
1743.12 00.42
1760.55 00.37
1778.15 00.32
1795.94 00.28
1813.90 00.24
1832.03 00.21
1850.36 00.18
1868.86 00.16
1887.55 00.12
1906.42 00.09
1925.49 00.06
1944.74 00.02
1964.19 -00.01
1983.83 -00.04
2003.67 -00.08
2023.71 -00.11
2043.94 -00.15
2064.38 -00.19
2085.03 -00.23
2105.88 -00.27
2126.94 -00.33
2148.20 -00.38
2169.69 -00.44
2191.38 -00.50
2213.30 -00.56
2235.43 -00.61
2257.78 -00.67
2280.36 -00.73
2303.17 -00.78
2326.20 -00.83
2349.46 -00.88
2372.95 -00.93
2396.68 -00.97
2420.65 -01.01
2444.86 -01.06
2469.31 -01.09
2494.00 -01.13
2518.94 -01.16
2544.13 -01.20
2569.57 -01.23
2595.27 -01.27
2621.22 -01.31
2647.43 -01.35
2673.90 -01.40
2700.64 -01.43
2727.65 -01.47
2754.93 -01.51
2782.48 -01.56
2810.30 -01.59
2838.40 -01.64
2866.79 -01.69
2895.46 -01.73
2924.41 -01.78
2953.65 -01.82
2983.19 -01.87
3013.02 -01.92
3043.15 -01.96
3073.58 -02.00
3104.32 -02.02
3135.36 -02.06
3166.72 -02.09
3198.38 -02.14
3230.37 -02.21
3262.67 -02.30
3295.30 -02.40
3328.25 -02.55
3361.53 -02.71
3395.15 -02.93
3429.10 -03.21
3463.39 -03.54
3498.03 -03.97
3533.01 -04.45
3568.34 -04.99
3604.02 -05.59
3640.06 -06.21
3676.46 -06.86
3713.22 -07.49
3750.36 -08.07
3787.86 -08.56
3825.74 -08.90
3864.00 -09.06
3902.64 -09.02
3941.66 -08.82
3981.08 -08.50
4020.89 -08.10
4061.10 -07.69
4101.71 -07.29
4142.73 -06.93
4184.15 -06.61
4226.00 -06.30
4268.26 -05.99
4310.94 -05.69
4354.05 -05.40
4397.59 -05.14
4441.56 -04.91
4485.98 -04.71
4530.84 -04.57
4576.15 -04.48
4621.91 -04.42
4668.13 -04.39
4714.81 -04.39
4761.96 -04.43
4809.58 -04.50
4857.67 -04.60
4906.25 -04.71
4955.31 -04.82
5004.87 -04.93
5054.91 -05.03
5105.46 -05.09
5156.52 -05.21
5208.08 -05.33
5260.16 -05.43
5312.77 -05.50
5365.89 -05.54
5419.55 -05.56
5473.75 -05.56
5528.49 -05.55
5583.77 -05.52
5639.61 -05.49
5696.00 -05.47
5752.96 -05.47
5810.49 -05.50
5868.60 -05.56
5927.28 -05.65
5986.56 -05.77
6046.42 -05.70
6106.89 -05.58
6167.96 -05.48
6229.64 -05.40
6291.93 -05.32
6354.85 -05.23
6418.40 -05.10
6482.58 -04.93
6547.41 -04.71
6612.88 -04.44
6679.01 -04.12
6745.80 -03.78
6813.26 -03.40
6881.39 -03.01
6950.21 -02.60
7019.71 -02.19
7089.91 -01.78
7160.81 -01.39
7232.41 -01.01
7304.74 -00.81
7377.79 -00.65
7451.56 -00.52
7526.08 -00.43
7601.34 -00.36
7677.35 -00.33
7754.13 -00.34
7831.67 -00.38
7909.98 -00.46
7989.08 -00.57
8068.98 -00.71
8149.67 -00.88
8231.16 -01.09
8313.47 -01.33
8396.61 -01.61
8480.57 -01.93
8565.38 -02.29
8651.03 -02.66
8737.54 -03.05
8824.92 -03.45
8913.17 -03.85
9002.30 -04.25
9092.32 -04.65
9183.25 -05.03
9275.08 -05.36
9367.83 -05.61
9461.51 -05.79
9556.12 -05.88
9651.68 -05.91
9748.20 -05.87
9845.68 -05.79
9944.14 -05.66
10043.58 -05.49
10144.02 -05.26
10245.46 -04.99
10347.91 -04.58
10451.39 -04.14
10555.91 -03.69
10661.46 -03.26
10768.08 -02.89
10875.76 -02.58
10984.52 -02.36
11094.36 -02.24
11205.31 -02.23
11317.36 -02.32
11430.53 -02.51
11544.84 -02.80
11660.29 -03.19
11776.89 -03.70
11894.66 -04.32
12013.60 -05.07
12133.74 -05.88
12255.08 -06.66
12377.63 -07.28
12501.41 -07.62
12626.42 -07.67
12752.68 -07.47
12880.21 -07.17
13009.01 -06.82
13139.10 -06.49
13270.49 -06.21
13403.20 -05.99
13537.23 -05.82
13672.60 -05.70
13809.33 -05.61
13947.42 -05.56
14086.90 -05.52
14227.77 -05.51
14370.04 -05.50
14513.74 -05.52
14658.88 -05.66
14805.47 -05.79
14953.52 -05.91
15103.06 -06.05
15254.09 -06.21
15406.63 -06.42
15560.70 -06.71
15716.30 -07.08
15873.47 -07.55
16032.20 -08.11
16192.52 -08.76
16354.45 -09.49
16517.99 -10.26
16683.17 -11.03
16850.01 -11.67
17018.51 -12.00
17188.69 -11.88
17360.58 -11.27
17534.18 -10.36
17709.53 -09.39
17886.62 -08.48
18065.49 -07.73
18246.14 -07.09
18428.60 -06.59
18612.89 -06.15
18799.02 -05.80
18987.01 -05.49
19176.88 -05.23
19368.65 -05.04
19562.33 -04.92
19757.96 -04.90
19955.54 -04.97
20000.00 -05.00
