20.00 -07.79
20.20 -07.66
20.40 -07.54
20.61 -07.42
20.81 -07.30
21.02 -07.18
21.23 -07.07
21.44 -06.95
21.66 -06.84
21.87 -06.73
22.09 -06.62
22.31 -06.50
22.54 -06.39
22.76 -06.28
22.99 -06.17
23.22 -06.06
23.45 -05.95
23.69 -05.84
23.92 -05.73
24.16 -05.62
24.40 -05.52
24.65 -05.40
24.89 -05.30
25.14 -05.19
25.39 -05.08
25.65 -04.97
25.91 -04.86
26.16 -04.76
26.43 -04.65
26.69 -04.55
26.96 -04.44
27.23 -04.34
27.50 -04.23
27.77 -04.13
28.05 -04.03
28.33 -03.93
28.62 -03.83
28.90 -03.73
29.19 -03.63
29.48 -03.53
29.78 -03.43
30.08 -03.34
30.38 -03.24
30.68 -03.15
30.99 -03.06
31.30 -02.96
31.61 -02.87
31.93 -02.78
32.24 -02.69
32.57 -02.60
32.89 -02.51
33.22 -02.42
33.55 -02.33
33.89 -02.24
34.23 -02.15
34.57 -02.07
34.92 -01.98
35.27 -01.89
35.62 -01.80
35.97 -01.72
36.33 -01.63
36.70 -01.54
37.06 -01.46
37.43 -01.37
37.81 -01.29
38.19 -01.21
38.57 -01.12
38.95 -01.04
39.34 -00.96
39.74 -00.88
40.14 -00.80
40.54 -00.73
40.94 -00.65
41.35 -00.58
41.76 -00.50
42.18 -00.43
42.60 -00.35
43.03 -00.28
43.46 -00.21
43.90 -00.14
44.33 -00.07
44.78 00.00
45.23 00.07
45.68 00.14
46.13 00.20
46.60 00.27
47.06 00.34
47.53 00.40
48.01 00.47
48.49 00.53
48.97 00.59
49.46 00.65
49.96 00.71
50.46 00.77
50.96 00.83
51.47 00.88
51.99 00.94
52.51 00.99
53.03 01.04
53.56 01.09
54.10 01.14
54.64 01.19
55.18 01.23
55.74 01.28
56.29 01.32
56.86 01.37
57.42 01.41
58.00 01.45
58.58 01.49
59.16 01.53
59.76 01.57
60.35 01.61
60.96 01.65
61.57 01.68
62.18 01.72
62.80 01.75
63.43 01.79
64.07 01.82
64.71 01.86
65.35 01.89
66.01 01.92
66.67 01.95
67.33 01.98
68.01 02.01
68.69 02.04
69.37 02.07
70.07 02.10
70.77 02.12
71.48 02.15
72.19 02.17
72.91 02.19
73.64 02.21
74.38 02.22
75.12 02.23
75.87 02.24
76.63 02.25
77.40 02.25
78.17 02.25
78.95 02.25
79.74 02.24
80.54 02.24
81.35 02.24
82.16 02.23
82.98 02.23
83.81 02.23
84.65 02.23
85.50 02.23
86.35 02.23
87.22 02.23
88.09 02.24
88.97 02.24
89.86 02.25
90.76 02.26
91.66 02.27
92.58 02.28
93.51 02.28
94.44 02.29
95.39 02.30
96.34 02.31
97.30 02.32
98.28 02.33
99.26 02.33
100.25 02.34
101.25 02.35
102.27 02.36
103.29 02.37
104.32 02.37
105.37 02.38
106.42 02.38
107.48 02.39
108.56 02.39
109.64 02.39
110.74 02.39
111.85 02.39
112.97 02.39
114.10 02.38
115.24 02.38
116.39 02.37
117.55 02.36
118.73 02.35
119.92 02.34
121.12 02.33
122.33 02.32
123.55 02.31
124.79 02.29
126.03 02.28
127.29 02.27
128.57 02.26
129.85 02.24
131.15 02.23
132.46 02.22
133.79 02.20
135.12 02.19
136.48 02.18
137.84 02.17
139.22 02.15
140.61 02.14
142.02 02.12
143.44 02.11
144.87 02.09
146.32 02.08
147.78 02.06
149.26 02.04
150.75 02.02
152.26 02.00
153.78 01.99
155.32 01.97
156.88 01.95
158.44 01.93
160.03 01.91
161.63 01.90
163.24 01.89
164.88 01.89
166.53 01.89
168.19 01.89
169.87 01.89
171.57 01.91
173.29 01.92
175.02 01.93
176.77 01.95
178.54 01.96
180.32 01.97
182.13 01.99
183.95 02.00
185.79 02.00
187.65 02.01
189.52 02.00
191.42 02.00
193.33 01.98
195.27 01.97
197.22 01.94
199.19 01.92
201.18 01.88
203.19 01.86
205.23 01.82
207.28 01.80
209.35 01.76
211.44 01.74
213.56 01.70
215.69 01.68
217.85 01.65
220.03 01.61
222.23 01.59
224.45 01.56
226.70 01.52
228.96 01.48
231.25 01.45
233.57 01.40
235.90 01.35
238.26 01.29
240.64 01.24
243.05 01.18
245.48 01.11
247.93 01.04
250.41 00.96
252.92 00.87
255.45 00.79
258.00 00.69
260.58 00.59
263.19 00.51
265.82 00.44
268.48 00.41
271.16 00.42
273.87 00.48
276.61 00.61
279.38 00.77
282.17 00.97
284.99 01.17
287.84 01.40
290.72 01.62
293.63 01.83
296.57 02.02
299.53 02.18
302.53 02.32
305.55 02.40
308.61 02.47
311.69 02.50
314.81 02.51
317.96 02.50
321.14 02.47
324.35 02.45
327.59 02.41
330.87 02.37
334.18 02.33
337.52 02.30
340.90 02.27
344.30 02.23
347.75 02.20
351.23 02.18
354.74 02.15
358.28 02.12
361.87 02.10
365.49 02.08
369.14 02.06
372.83 02.04
376.56 02.01
380.33 02.00
384.13 01.97
387.97 01.96
391.85 01.94
395.77 01.92
399.73 01.90
403.72 01.89
407.76 01.87
411.84 01.86
415.96 01.84
420.12 01.83
424.32 01.81
428.56 01.80
432.85 01.79
437.18 01.77
441.55 01.76
445.96 01.75
450.42 01.73
454.93 01.71
459.48 01.69
464.07 01.67
468.71 01.65
473.40 01.64
478.13 01.61
482.91 01.59
487.74 01.57
492.62 01.56
497.55 01.53
502.52 01.51
507.55 01.50
512.62 01.47
517.75 01.45
522.93 01.43
528.16 01.41
533.44 01.39
538.77 01.37
544.16 01.34
549.60 01.33
555.10 01.31
560.65 01.30
566.25 01.28
571.92 01.27
577.64 01.25
583.41 01.23
589.25 01.21
595.14 01.21
601.09 01.20
607.10 01.18
613.17 01.17
619.30 01.16
625.50 01.16
631.75 01.15
638.07 01.14
644.45 01.13
650.89 01.10
657.40 01.07
663.98 01.05
670.62 01.02
677.32 00.99
684.10 00.96
690.94 00.93
697.85 00.91
704.83 00.87
711.87 00.84
718.99 00.82
726.18 00.79
733.44 00.76
740.78 00.73
748.19 00.71
755.67 00.68
763.23 00.64
770.86 00.61
778.57 00.57
786.35 00.53
794.22 00.48
802.16 00.43
810.18 00.38
818.28 00.32
826.46 00.26
834.73 00.21
843.08 00.15
851.51 00.09
860.02 00.04
868.62 -00.01
877.31 -00.05
886.08 -00.10
894.94 -00.15
903.89 -00.20
912.93 -00.22
922.06 -00.26
931.28 -00.29
940.59 -00.32
950.00 -00.35
959.50 -00.38
969.09 -00.42
978.78 -00.44
988.57 -00.46
998.46 -00.50
1008.44 -00.52
1018.53 -00.55
1028.71 -00.59
1039.00 -00.62
1049.39 -00.65
1059.88 -00.70
1070.48 -00.74
1081.19 -00.78
1092.00 -00.84
1102.92 -00.89
1113.95 -00.95
1125.09 -01.01
1136.34 -01.07
1147.70 -01.13
1159.18 -01.19
1170.77 -01.24
1182.48 -01.31
1194.30 -01.36
1206.25 -01.40
1218.31 -01.44
1230.49 -01.48
1242.80 -01.50
1255.22 -01.53
1267.78 -01.54
1280.45 -01.55
1293.26 -01.54
1306.19 -01.54
1319.25 -01.52
1332.45 -01.52
1345.77 -01.50
1359.23 -01.49
1372.82 -01.47
1386.55 -01.45
1400.41 -01.43
1414.42 -01.41
1428.56 -01.39
1442.85 -01.36
1457.28 -01.32
1471.85 -01.28
1486.57 -01.24
1501.43 -01.19
1516.45 -01.14
1531.61 -01.08
1546.93 -01.03
1562.40 -00.97
1578.02 -00.91
1593.80 -00.85
1609.74 -00.78
1625.84 -00.72
1642.10 -00.67
1658.52 -00.60
1675.10 -00.54
1691.85 -00.48
1708.77 -00.40
1725.86 -00.34
1743.12 -00.26
1760.55 -00.19
1778.15 -00.12
1795.94 -00.03
1813.90 00.07
1832.03 00.20
1850.36 00.35
1868.86 00.53
1887.55 00.75
1906.42 01.02
1925.49 01.31
1944.74 01.63
1964.19 01.99
1983.83 02.37
2003.67 02.76
2023.71 03.17
2043.94 03.56
2064.38 03.94
2085.03 04.30
2105.88 04.63
2126.94 04.92
2148.20 05.16
2169.69 05.37
2191.38 05.53
2213.30 05.65
2235.43 05.73
2257.78 05.76
2280.36 05.74
2303.17 05.69
2326.20 05.61
2349.46 05.49
2372.95 05.34
2396.68 05.17
2420.65 04.96
2444.86 04.73
2469.31 04.50
2494.00 04.24
2518.94 03.98
2544.13 03.70
2569.57 03.41
2595.27 03.11
2621.22 02.79
2647.43 02.47
2673.90 02.16
2700.64 01.87
2727.65 01.58
2754.93 01.29
2782.48 01.01
2810.30 00.74
2838.40 00.48
2866.79 00.21
2895.46 -00.04
2924.41 -00.29
2953.65 -00.53
2983.19 -00.77
3013.02 -00.99
3043.15 -01.19
3073.58 -01.38
3104.32 -01.53
3135.36 -01.66
3166.72 -01.75
3198.38 -01.82
3230.37 -01.84
3262.67 -01.84
3295.30 -01.79
3328.25 -01.70
3361.53 -01.54
3395.15 -01.32
3429.10 -01.01
3463.39 -00.63
3498.03 -00.20
3533.01 00.30
3568.34 00.83
3604.02 01.34
3640.06 01.83
3676.46 02.26
3713.22 02.62
3750.36 02.90
3787.86 03.09
3825.74 03.19
3864.00 03.22
3902.64 03.19
3941.66 03.11
3981.08 02.98
4020.89 02.80
4061.10 02.60
4101.71 02.37
4142.73 02.14
4184.15 01.92
4226.00 01.72
4268.26 01.56
4310.94 01.42
4354.05 01.28
4397.59 01.13
4441.56 00.94
4485.98 00.69
4530.84 00.39
4576.15 00.04
4621.91 -00.37
4668.13 -00.82
4714.81 -01.31
4761.96 -01.83
4809.58 -02.36
4857.67 -02.91
4906.25 -03.44
4955.31 -03.95
5004.87 -04.39
5054.91 -04.71
5105.46 -04.89
5156.52 -04.99
5208.08 -05.02
5260.16 -04.97
5312.77 -04.91
5365.89 -04.87
5419.55 -04.88
5473.75 -04.94
5528.49 -05.06
5583.77 -05.21
5639.61 -05.42
5696.00 -05.67
5752.96 -05.96
5810.49 -06.29
5868.60 -06.63
5927.28 -06.95
5986.56 -07.25
6046.42 -07.29
6106.89 -07.23
6167.96 -07.14
6229.64 -07.03
6291.93 -06.92
6354.85 -06.80
6418.40 -06.67
6482.58 -06.53
6547.41 -06.37
6612.88 -06.19
6679.01 -06.01
6745.80 -05.80
6813.26 -05.58
6881.39 -05.33
6950.21 -05.04
7019.71 -04.72
7089.91 -04.35
7160.81 -03.95
7232.41 -03.52
7304.74 -03.20
7377.79 -02.89
7451.56 -02.55
7526.08 -02.19
7601.34 -01.81
7677.35 -01.42
7754.13 -01.04
7831.67 -00.67
7909.98 -00.30
7989.08 00.06
8068.98 00.42
8149.67 00.76
8231.16 01.10
8313.47 01.42
8396.61 01.73
8480.57 02.02
8565.38 02.29
8651.03 02.55
8737.54 02.80
8824.92 03.04
8913.17 03.27
9002.30 03.49
9092.32 03.71
9183.25 03.92
9275.08 04.13
9367.83 04.34
9461.51 04.54
9556.12 04.74
9651.68 04.94
9748.20 05.14
9845.68 05.34
9944.14 05.53
10043.58 05.72
10144.02 05.90
10245.46 06.05
10347.91 06.23
10451.39 06.36
10555.91 06.41
10661.46 06.38
10768.08 06.27
10875.76 06.10
10984.52 05.86
11094.36 05.53
11205.31 05.07
11317.36 04.51
11430.53 03.81
11544.84 02.99
11660.29 02.09
11776.89 01.13
11894.66 00.18
12013.60 -00.78
12133.74 -01.74
12255.08 -02.69
12377.63 -03.57
12501.41 -04.26
12626.42 -04.67
12752.68 -04.77
12880.21 -04.63
13009.01 -04.30
13139.10 -03.87
13270.49 -03.38
13403.20 -02.88
13537.23 -02.41
13672.60 -01.98
13809.33 -01.58
13947.42 -01.25
14086.90 -00.97
14227.77 -00.75
14370.04 -00.58
14513.74 -00.52
14658.88 -00.66
14805.47 -00.86
14953.52 -01.12
15103.06 -01.43
15254.09 -01.78
15406.63 -02.19
15560.70 -02.63
15716.30 -03.05
15873.47 -03.40
16032.20 -03.63
16192.52 -03.73
16354.45 -03.73
16517.99 -03.70
16683.17 -03.69
16850.01 -03.74
17018.51 -03.86
17188.69 -04.07
17360.58 -04.33
17534.18 -04.70
17709.53 -05.21
17886.62 -05.91
18065.49 -06.87
18246.14 -08.13
18428.60 -09.71
18612.89 -11.52
18799.02 -13.41
18987.01 -15.15
19176.88 -16.58
19368.65 -17.66
19562.33 -18.37
19757.96 -18.76
19955.54 -18.91
20000.00 -18.92
