20.00 01.55
20.20 01.64
20.40 01.73
20.61 01.82
20.81 01.90
21.02 01.98
21.23 02.06
21.44 02.14
21.66 02.22
21.87 02.29
22.09 02.37
22.31 02.44
22.54 02.51
22.76 02.57
22.99 02.64
23.22 02.70
23.45 02.76
23.69 02.82
23.92 02.88
24.16 02.94
24.40 03.00
24.65 03.05
24.89 03.11
25.14 03.16
25.39 03.22
25.65 03.28
25.91 03.33
26.16 03.38
26.43 03.44
26.69 03.49
26.96 03.55
27.23 03.60
27.50 03.65
27.77 03.70
28.05 03.75
28.33 03.80
28.62 03.86
28.90 03.90
29.19 03.95
29.48 04.00
29.78 04.05
30.08 04.10
30.38 04.14
30.68 04.19
30.99 04.23
31.30 04.28
31.61 04.32
31.93 04.36
32.24 04.40
32.57 04.44
32.89 04.48
33.22 04.52
33.55 04.56
33.89 04.59
34.23 04.63
34.57 04.66
34.92 04.70
35.27 04.73
35.62 04.76
35.97 04.80
36.33 04.83
36.70 04.86
37.06 04.89
37.43 04.92
37.81 04.96
38.19 04.99
38.57 05.02
38.95 05.05
39.34 05.08
39.74 05.10
40.14 05.13
40.54 05.16
40.94 05.19
41.35 05.21
41.76 05.24
42.18 05.26
42.60 05.29
43.03 05.31
43.46 05.34
43.90 05.36
44.33 05.38
44.78 05.40
45.23 05.42
45.68 05.44
46.13 05.46
46.60 05.47
47.06 05.49
47.53 05.51
48.01 05.52
48.49 05.54
48.97 05.55
49.46 05.56
49.96 05.58
50.46 05.59
50.96 05.60
51.47 05.61
51.99 05.62
52.51 05.63
53.03 05.65
53.56 05.66
54.10 05.67
54.64 05.67
55.18 05.68
55.74 05.69
56.29 05.70
56.86 05.71
57.42 05.71
58.00 05.72
58.58 05.72
59.16 05.73
59.76 05.73
60.35 05.74
60.96 05.74
61.57 05.75
62.18 05.75
62.80 05.75
63.43 05.76
64.07 05.76
64.71 05.76
65.35 05.77
66.01 05.77
66.67 05.78
67.33 05.78
68.01 05.78
68.69 05.79
69.37 05.79
70.07 05.80
70.77 05.80
71.48 05.80
72.19 05.81
72.91 05.81
73.64 05.82
74.38 05.82
75.12 05.83
75.87 05.83
76.63 05.83
77.40 05.84
78.17 05.84
78.95 05.85
79.74 05.86
80.54 05.86
81.35 05.87
82.16 05.88
82.98 05.89
83.81 05.90
84.65 05.91
85.50 05.92
86.35 05.93
87.22 05.94
88.09 05.96
88.97 05.97
89.86 05.98
90.76 05.99
91.66 06.00
92.58 06.01
93.51 06.02
94.44 06.02
95.39 06.02
96.34 06.02
97.30 06.02
98.28 06.02
99.26 06.01
100.25 06.01
101.25 06.00
102.27 06.00
103.29 05.99
104.32 05.98
105.37 05.97
106.42 05.96
107.48 05.95
108.56 05.94
109.64 05.93
110.74 05.92
111.85 05.91
112.97 05.90
114.10 05.89
115.24 05.88
116.39 05.87
117.55 05.87
118.73 05.86
119.92 05.85
121.12 05.85
122.33 05.84
123.55 05.84
124.79 05.83
126.03 05.83
127.29 05.82
128.57 05.81
129.85 05.80
131.15 05.79
132.46 05.78
133.79 05.76
135.12 05.75
136.48 05.73
137.84 05.72
139.22 05.70
140.61 05.69
142.02 05.67
143.44 05.65
144.87 05.63
146.32 05.61
147.78 05.59
149.26 05.57
150.75 05.55
152.26 05.53
153.78 05.51
155.32 05.49
156.88 05.47
158.44 05.44
160.03 05.42
161.63 05.41
163.24 05.39
164.88 05.39
166.53 05.38
168.19 05.36
169.87 05.35
171.57 05.35
173.29 05.33
175.02 05.31
176.77 05.31
178.54 05.29
180.32 05.27
182.13 05.26
183.95 05.25
185.79 05.23
187.65 05.22
189.52 05.20
191.42 05.19
193.33 05.17
195.27 05.16
197.22 05.15
199.19 05.14
201.18 05.13
203.19 05.12
205.23 05.11
207.28 05.10
209.35 05.08
211.44 05.08
213.56 05.06
215.69 05.04
217.85 05.03
220.03 05.00
222.23 04.98
224.45 04.96
226.70 04.93
228.96 04.89
231.25 04.87
233.57 04.83
235.90 04.79
238.26 04.76
240.64 04.73
243.05 04.69
245.48 04.65
247.93 04.61
250.41 04.57
252.92 04.53
255.45 04.50
258.00 04.45
260.58 04.41
263.19 04.38
265.82 04.33
268.48 04.30
271.16 04.26
273.87 04.22
276.61 04.19
279.38 04.14
282.17 04.12
284.99 04.08
287.84 04.06
290.72 04.03
293.63 04.01
296.57 04.00
299.53 03.97
302.53 03.95
305.55 03.92
308.61 03.91
311.69 03.89
314.81 03.86
317.96 03.83
321.14 03.79
324.35 03.75
327.59 03.70
330.87 03.65
334.18 03.60
337.52 03.55
340.90 03.49
344.30 03.43
347.75 03.38
351.23 03.34
354.74 03.29
358.28 03.25
361.87 03.22
365.49 03.19
369.14 03.17
372.83 03.15
376.56 03.13
380.33 03.12
384.13 03.10
387.97 03.09
391.85 03.06
395.77 03.03
399.73 02.99
403.72 02.95
407.76 02.89
411.84 02.84
415.96 02.78
420.12 02.72
424.32 02.65
428.56 02.59
432.85 02.54
437.18 02.49
441.55 02.46
445.96 02.43
450.42 02.41
454.93 02.41
459.48 02.40
464.07 02.41
468.71 02.42
473.40 02.44
478.13 02.46
482.91 02.48
487.74 02.49
492.62 02.51
497.55 02.51
502.52 02.51
507.55 02.51
512.62 02.49
517.75 02.46
522.93 02.44
528.16 02.39
533.44 02.36
538.77 02.30
544.16 02.25
549.60 02.20
555.10 02.14
560.65 02.09
566.25 02.02
571.92 01.97
577.64 01.92
583.41 01.87
589.25 01.83
595.14 01.80
601.09 01.79
607.10 01.77
613.17 01.77
619.30 01.77
625.50 01.79
631.75 01.80
638.07 01.81
644.45 01.81
650.89 01.79
657.40 01.76
663.98 01.73
670.62 01.68
677.32 01.62
684.10 01.56
690.94 01.49
697.85 01.43
704.83 01.36
711.87 01.28
718.99 01.22
726.18 01.15
733.44 01.08
740.78 01.01
748.19 00.96
755.67 00.89
763.23 00.83
770.86 00.78
778.57 00.73
786.35 00.67
794.22 00.62
802.16 00.58
810.18 00.52
818.28 00.47
826.46 00.40
834.73 00.35
843.08 00.28
851.51 00.20
860.02 00.13
868.62 00.05
877.31 -00.01
886.08 -00.09
894.94 -00.16
903.89 -00.23
912.93 -00.27
922.06 -00.32
931.28 -00.36
940.59 -00.41
950.00 -00.45
959.50 -00.50
969.09 -00.56
978.78 -00.62
988.57 -00.69
998.46 -00.78
1008.44 -00.85
1018.53 -00.93
1028.71 -01.02
1039.00 -01.10
1049.39 -01.17
1059.88 -01.25
1070.48 -01.32
1081.19 -01.40
1092.00 -01.48
1102.92 -01.56
1113.95 -01.62
1125.09 -01.68
1136.34 -01.75
1147.70 -01.82
1159.18 -01.88
1170.77 -01.94
1182.48 -02.00
1194.30 -02.05
1206.25 -02.10
1218.31 -02.13
1230.49 -02.17
1242.80 -02.20
1255.22 -02.25
1267.78 -02.30
1280.45 -02.34
1293.26 -02.38
1306.19 -02.41
1319.25 -02.44
1332.45 -02.46
1345.77 -02.47
1359.23 -02.47
1372.82 -02.47
1386.55 -02.46
1400.41 -02.43
1414.42 -02.39
1428.56 -02.32
1442.85 -02.21
1457.28 -02.05
1471.85 -01.83
1486.57 -01.59
1501.43 -01.33
1516.45 -01.08
1531.61 -00.82
1546.93 -00.59
1562.40 -00.35
1578.02 -00.12
1593.80 00.09
1609.74 00.30
1625.84 00.46
1642.10 00.58
1658.52 00.69
1675.10 00.77
1691.85 00.85
1708.77 00.95
1725.86 01.04
1743.12 01.14
1760.55 01.25
1778.15 01.36
1795.94 01.48
1813.90 01.59
1832.03 01.71
1850.36 01.83
1868.86 01.96
1887.55 02.09
1906.42 02.20
1925.49 02.31
1944.74 02.39
1964.19 02.46
1983.83 02.52
2003.67 02.56
2023.71 02.59
2043.94 02.61
2064.38 02.61
2085.03 02.60
2105.88 02.59
2126.94 02.56
2148.20 02.52
2169.69 02.46
2191.38 02.38
2213.30 02.28
2235.43 02.17
2257.78 02.04
2280.36 01.89
2303.17 01.71
2326.20 01.51
2349.46 01.28
2372.95 01.02
2396.68 00.74
2420.65 00.45
2444.86 00.14
2469.31 -00.18
2494.00 -00.53
2518.94 -00.88
2544.13 -01.27
2569.57 -01.66
2595.27 -02.07
2621.22 -02.50
2647.43 -02.95
2673.90 -03.42
2700.64 -03.89
2727.65 -04.40
2754.93 -04.92
2782.48 -05.48
2810.30 -06.04
2838.40 -06.64
2866.79 -07.25
2895.46 -07.85
2924.41 -08.46
2953.65 -09.06
2983.19 -09.68
3013.02 -10.29
3043.15 -10.87
3073.58 -11.42
3104.32 -11.91
3135.36 -12.36
3166.72 -12.74
3198.38 -13.08
3230.37 -13.36
3262.67 -13.59
3295.30 -13.76
3328.25 -13.88
3361.53 -13.93
3395.15 -13.91
3429.10 -13.81
3463.39 -13.65
3498.03 -13.44
3533.01 -13.21
3568.34 -12.97
3604.02 -12.75
3640.06 -12.53
3676.46 -12.32
3713.22 -12.11
3750.36 -11.88
3787.86 -11.65
3825.74 -11.40
3864.00 -11.14
3902.64 -10.86
3941.66 -10.57
3981.08 -10.26
4020.89 -09.94
4061.10 -09.61
4101.71 -09.26
4142.73 -08.91
4184.15 -08.54
4226.00 -08.17
4268.26 -07.78
4310.94 -07.39
4354.05 -06.99
4397.59 -06.57
4441.56 -06.14
4485.98 -05.69
4530.84 -05.21
4576.15 -04.72
4621.91 -04.19
4668.13 -03.66
4714.81 -03.12
4761.96 -02.57
4809.58 -02.04
4857.67 -01.51
4906.25 -01.00
4955.31 -00.49
5004.87 00.02
5054.91 00.52
5105.46 01.00
5156.52 01.40
5208.08 01.74
5260.16 02.05
5312.77 02.35
5365.89 02.61
5419.55 02.85
5473.75 03.06
5528.49 03.22
5583.77 03.36
5639.61 03.46
5696.00 03.53
5752.96 03.58
5810.49 03.61
5868.60 03.61
5927.28 03.61
5986.56 03.60
6046.42 03.80
6106.89 04.08
6167.96 04.37
6229.64 04.66
6291.93 04.96
6354.85 05.27
6418.40 05.57
6482.58 05.88
6547.41 06.18
6612.88 06.48
6679.01 06.78
6745.80 07.06
6813.26 07.36
6881.39 07.63
6950.21 07.89
7019.71 08.14
7089.91 08.36
7160.81 08.56
7232.41 08.72
7304.74 08.69
7377.79 08.59
7451.56 08.46
7526.08 08.27
7601.34 08.03
7677.35 07.73
7754.13 07.38
7831.67 06.97
7909.98 06.51
7989.08 06.01
8068.98 05.46
8149.67 04.89
8231.16 04.29
8313.47 03.68
8396.61 03.06
8480.57 02.44
8565.38 01.83
8651.03 01.21
8737.54 00.60
8824.92 00.00
8913.17 -00.59
9002.30 -01.17
9092.32 -01.75
9183.25 -02.31
9275.08 -02.85
9367.83 -03.36
9461.51 -03.85
9556.12 -04.30
9651.68 -04.73
9748.20 -05.14
9845.68 -05.52
9944.14 -05.88
10043.58 -06.19
10144.02 -06.44
10245.46 -06.62
10347.91 -06.61
10451.39 -06.50
10555.91 -06.28
10661.46 -05.95
10768.08 -05.50
10875.76 -04.94
10984.52 -04.28
11094.36 -03.54
11205.31 -02.77
11317.36 -01.97
11430.53 -01.19
11544.84 -00.44
11660.29 00.23
11776.89 00.77
11894.66 01.19
12013.60 01.47
12133.74 01.62
12255.08 01.65
12377.63 01.57
12501.41 01.37
12626.42 01.05
12752.68 00.58
12880.21 -00.08
13009.01 -00.93
13139.10 -01.98
13270.49 -03.21
13403.20 -04.53
13537.23 -05.84
13672.60 -06.98
13809.33 -07.85
13947.42 -08.36
14086.90 -08.47
14227.77 -08.20
14370.04 -07.59
14513.74 -06.75
14658.88 -05.88
14805.47 -04.96
14953.52 -04.05
15103.06 -03.19
15254.09 -02.41
15406.63 -01.73
15560.70 -01.17
15716.30 -00.73
15873.47 -00.40
16032.20 -00.17
16192.52 -00.04
16354.45 00.02
16517.99 00.01
16683.17 -00.08
16850.01 -00.26
17018.51 -00.54
17188.69 -00.94
17360.58 -01.43
17534.18 -02.01
17709.53 -02.65
17886.62 -03.34
18065.49 -04.10
18246.14 -04.95
18428.60 -05.97
18612.89 -07.19
18799.02 -08.67
18987.01 -10.36
19176.88 -12.14
19368.65 -13.87
19562.33 -15.39
19757.96 -16.66
19955.54 -17.76
20000.00 -17.98
