20.00 03.38
20.20 03.43
20.40 03.47
20.61 03.51
20.81 03.55
21.02 03.58
21.23 03.62
21.44 03.65
21.66 03.68
21.87 03.71
22.09 03.74
22.31 03.77
22.54 03.80
22.76 03.82
22.99 03.85
23.22 03.88
23.45 03.90
23.69 03.93
23.92 03.95
24.16 03.98
24.40 04.00
24.65 04.03
24.89 04.05
25.14 04.07
25.39 04.09
25.65 04.11
25.91 04.13
26.16 04.15
26.43 04.17
26.69 04.19
26.96 04.21
27.23 04.22
27.50 04.24
27.77 04.26
28.05 04.27
28.33 04.28
28.62 04.30
28.90 04.31
29.19 04.32
29.48 04.33
29.78 04.33
30.08 04.34
30.38 04.35
30.68 04.35
30.99 04.36
31.30 04.36
31.61 04.36
31.93 04.36
32.24 04.36
32.57 04.36
32.89 04.35
33.22 04.35
33.55 04.34
33.89 04.33
34.23 04.33
34.57 04.32
34.92 04.31
35.27 04.30
35.62 04.29
35.97 04.28
36.33 04.26
36.70 04.25
37.06 04.24
37.43 04.22
37.81 04.21
38.19 04.20
38.57 04.18
38.95 04.17
39.34 04.16
39.74 04.15
40.14 04.13
40.54 04.12
40.94 04.11
41.35 04.10
41.76 04.09
42.18 04.08
42.60 04.07
43.03 04.07
43.46 04.06
43.90 04.05
44.33 04.04
44.78 04.04
45.23 04.03
45.68 04.03
46.13 04.02
46.60 04.02
47.06 04.01
47.53 04.01
48.01 04.00
48.49 04.00
48.97 04.00
49.46 04.00
49.96 04.00
50.46 04.00
50.96 04.00
51.47 04.00
51.99 04.01
52.51 04.01
53.03 04.02
53.56 04.03
54.10 04.05
54.64 04.06
55.18 04.08
55.74 04.10
56.29 04.12
56.86 04.14
57.42 04.17
58.00 04.19
58.58 04.21
59.16 04.24
59.76 04.27
60.35 04.29
60.96 04.32
61.57 04.34
62.18 04.37
62.80 04.39
63.43 04.42
64.07 04.45
64.71 04.47
65.35 04.50
66.01 04.53
66.67 04.55
67.33 04.58
68.01 04.61
68.69 04.63
69.37 04.66
70.07 04.69
70.77 04.71
71.48 04.74
72.19 04.76
72.91 04.79
73.64 04.80
74.38 04.82
75.12 04.83
75.87 04.84
76.63 04.84
77.40 04.84
78.17 04.84
78.95 04.83
79.74 04.82
80.54 04.80
81.35 04.79
82.16 04.77
82.98 04.75
83.81 04.72
84.65 04.70
85.50 04.67
86.35 04.64
87.22 04.61
88.09 04.58
88.97 04.55
89.86 04.52
90.76 04.48
91.66 04.45
92.58 04.41
93.51 04.37
94.44 04.33
95.39 04.30
96.34 04.26
97.30 04.22
98.28 04.18
99.26 04.13
100.25 04.09
101.25 04.05
102.27 04.01
103.29 03.96
104.32 03.92
105.37 03.88
106.42 03.83
107.48 03.79
108.56 03.74
109.64 03.70
110.74 03.65
111.85 03.60
112.97 03.55
114.10 03.51
115.24 03.46
116.39 03.40
117.55 03.35
118.73 03.30
119.92 03.24
121.12 03.18
122.33 03.12
123.55 03.06
124.79 03.00
126.03 02.93
127.29 02.86
128.57 02.79
129.85 02.72
131.15 02.65
132.46 02.57
133.79 02.50
135.12 02.42
136.48 02.34
137.84 02.26
139.22 02.18
140.61 02.10
142.02 02.02
143.44 01.94
144.87 01.87
146.32 01.79
147.78 01.72
149.26 01.65
150.75 01.58
152.26 01.51
153.78 01.45
155.32 01.39
156.88 01.32
158.44 01.25
160.03 01.18
161.63 01.11
163.24 01.04
164.88 00.97
166.53 00.90
168.19 00.83
169.87 00.76
171.57 00.71
173.29 00.66
175.02 00.61
176.77 00.58
178.54 00.54
180.32 00.51
182.13 00.48
183.95 00.44
185.79 00.40
187.65 00.34
189.52 00.27
191.42 00.19
193.33 00.09
195.27 -00.01
197.22 -00.13
199.19 -00.23
201.18 -00.35
203.19 -00.46
205.23 -00.57
207.28 -00.66
209.35 -00.74
211.44 -00.80
213.56 -00.85
215.69 -00.87
217.85 -00.89
220.03 -00.92
222.23 -00.92
224.45 -00.93
226.70 -00.92
228.96 -00.91
231.25 -00.87
233.57 -00.82
235.90 -00.77
238.26 -00.71
240.64 -00.62
243.05 -00.54
245.48 -00.44
247.93 -00.33
250.41 -00.22
252.92 -00.12
255.45 -00.01
258.00 00.06
260.58 00.13
263.19 00.18
265.82 00.22
268.48 00.27
271.16 00.29
273.87 00.32
276.61 00.36
279.38 00.38
282.17 00.41
284.99 00.43
287.84 00.46
290.72 00.48
293.63 00.52
296.57 00.55
299.53 00.58
302.53 00.62
305.55 00.64
308.61 00.68
311.69 00.71
314.81 00.72
317.96 00.75
321.14 00.75
324.35 00.77
327.59 00.76
330.87 00.75
334.18 00.73
337.52 00.71
340.90 00.67
344.30 00.63
347.75 00.59
351.23 00.56
354.74 00.51
358.28 00.47
361.87 00.44
365.49 00.40
369.14 00.38
372.83 00.35
376.56 00.32
380.33 00.31
384.13 00.28
387.97 00.27
391.85 00.25
395.77 00.23
399.73 00.21
403.72 00.20
407.76 00.18
411.84 00.16
415.96 00.13
420.12 00.12
424.32 00.10
428.56 00.09
432.85 00.09
437.18 00.08
441.55 00.08
445.96 00.09
450.42 00.10
454.93 00.11
459.48 00.12
464.07 00.14
468.71 00.16
473.40 00.20
478.13 00.23
482.91 00.27
487.74 00.31
492.62 00.37
497.55 00.41
502.52 00.46
507.55 00.51
512.62 00.55
517.75 00.58
522.93 00.62
528.16 00.63
533.44 00.64
538.77 00.64
544.16 00.62
549.60 00.61
555.10 00.58
560.65 00.57
566.25 00.55
571.92 00.54
577.64 00.53
583.41 00.54
589.25 00.54
595.14 00.56
601.09 00.58
607.10 00.59
613.17 00.62
619.30 00.63
625.50 00.65
631.75 00.66
638.07 00.67
644.45 00.67
650.89 00.65
657.40 00.63
663.98 00.62
670.62 00.60
677.32 00.58
684.10 00.57
690.94 00.55
697.85 00.55
704.83 00.54
711.87 00.53
718.99 00.53
726.18 00.52
733.44 00.52
740.78 00.53
748.19 00.54
755.67 00.55
763.23 00.56
770.86 00.58
778.57 00.60
786.35 00.61
794.22 00.62
802.16 00.63
810.18 00.64
818.28 00.64
826.46 00.64
834.73 00.64
843.08 00.62
851.51 00.61
860.02 00.59
868.62 00.56
877.31 00.54
886.08 00.51
894.94 00.48
903.89 00.45
912.93 00.44
922.06 00.42
931.28 00.41
940.59 00.39
950.00 00.37
959.50 00.36
969.09 00.32
978.78 00.30
988.57 00.27
998.46 00.23
1008.44 00.19
1018.53 00.15
1028.71 00.09
1039.00 00.04
1049.39 -00.02
1059.88 -00.09
1070.48 -00.15
1081.19 -00.22
1092.00 -00.29
1102.92 -00.36
1113.95 -00.42
1125.09 -00.49
1136.34 -00.57
1147.70 -00.64
1159.18 -00.71
1170.77 -00.78
1182.48 -00.85
1194.30 -00.92
1206.25 -00.99
1218.31 -01.05
1230.49 -01.12
1242.80 -01.18
1255.22 -01.25
1267.78 -01.31
1280.45 -01.37
1293.26 -01.41
1306.19 -01.46
1319.25 -01.50
1332.45 -01.54
1345.77 -01.58
1359.23 -01.61
1372.82 -01.64
1386.55 -01.66
1400.41 -01.68
1414.42 -01.69
1428.56 -01.70
1442.85 -01.70
1457.28 -01.70
1471.85 -01.69
1486.57 -01.68
1501.43 -01.66
1516.45 -01.64
1531.61 -01.60
1546.93 -01.57
1562.40 -01.54
1578.02 -01.50
1593.80 -01.46
1609.74 -01.40
1625.84 -01.36
1642.10 -01.31
1658.52 -01.24
1675.10 -01.18
1691.85 -01.12
1708.77 -01.05
1725.86 -00.99
1743.12 -00.92
1760.55 -00.86
1778.15 -00.81
1795.94 -00.75
1813.90 -00.70
1832.03 -00.65
1850.36 -00.61
1868.86 -00.56
1887.55 -00.52
1906.42 -00.48
1925.49 -00.44
1944.74 -00.41
1964.19 -00.38
1983.83 -00.35
2003.67 -00.32
2023.71 -00.30
2043.94 -00.29
2064.38 -00.29
2085.03 -00.31
2105.88 -00.33
2126.94 -00.37
2148.20 -00.43
2169.69 -00.48
2191.38 -00.54
2213.30 -00.59
2235.43 -00.64
2257.78 -00.70
2280.36 -00.76
2303.17 -00.82
2326.20 -00.87
2349.46 -00.93
2372.95 -01.00
2396.68 -01.07
2420.65 -01.17
2444.86 -01.29
2469.31 -01.43
2494.00 -01.60
2518.94 -01.79
2544.13 -02.01
2569.57 -02.26
2595.27 -02.53
2621.22 -02.83
2647.43 -03.15
2673.90 -03.48
2700.64 -03.82
2727.65 -04.17
2754.93 -04.51
2782.48 -04.86
2810.30 -05.17
2838.40 -05.46
2866.79 -05.68
2895.46 -05.77
2924.41 -05.69
2953.65 -05.38
2983.19 -04.85
3013.02 -04.16
3043.15 -03.41
3073.58 -02.69
3104.32 -02.04
3135.36 -01.49
3166.72 -01.03
3198.38 -00.67
3230.37 -00.40
3262.67 -00.23
3295.30 -00.15
3328.25 -00.20
3361.53 -00.35
3395.15 -00.64
3429.10 -01.03
3463.39 -01.52
3498.03 -02.09
3533.01 -02.70
3568.34 -03.34
3604.02 -04.01
3640.06 -04.66
3676.46 -05.29
3713.22 -05.85
3750.36 -06.33
3787.86 -06.69
3825.74 -06.94
3864.00 -07.08
3902.64 -07.14
3941.66 -07.14
3981.08 -07.14
4020.89 -07.14
4061.10 -07.18
4101.71 -07.25
4142.73 -07.35
4184.15 -07.47
4226.00 -07.61
4268.26 -07.75
4310.94 -07.88
4354.05 -07.99
4397.59 -08.07
4441.56 -08.14
4485.98 -08.19
4530.84 -08.23
4576.15 -08.26
4621.91 -08.27
4668.13 -08.28
4714.81 -08.28
4761.96 -08.27
4809.58 -08.24
4857.67 -08.20
4906.25 -08.15
4955.31 -08.07
5004.87 -07.96
5054.91 -07.83
5105.46 -07.68
5156.52 -07.60
5208.08 -07.55
5260.16 -07.51
5312.77 -07.49
5365.89 -07.48
5419.55 -07.50
5473.75 -07.55
5528.49 -07.64
5583.77 -07.75
5639.61 -07.91
5696.00 -08.09
5752.96 -08.31
5810.49 -08.55
5868.60 -08.81
5927.28 -09.07
5986.56 -09.33
6046.42 -09.36
6106.89 -09.27
6167.96 -09.12
6229.64 -08.87
6291.93 -08.50
6354.85 -08.00
6418.40 -07.37
6482.58 -06.63
6547.41 -05.83
6612.88 -04.97
6679.01 -04.11
6745.80 -03.27
6813.26 -02.44
6881.39 -01.65
6950.21 -00.89
7019.71 -00.17
7089.91 00.49
7160.81 01.09
7232.41 01.63
7304.74 01.94
7377.79 02.17
7451.56 02.34
7526.08 02.43
7601.34 02.45
7677.35 02.39
7754.13 02.26
7831.67 02.05
7909.98 01.77
7989.08 01.42
8068.98 01.02
8149.67 00.62
8231.16 00.24
8313.47 -00.04
8396.61 -00.16
8480.57 -00.06
8565.38 00.24
8651.03 00.68
8737.54 01.21
8824.92 01.75
8913.17 02.29
9002.30 02.79
9092.32 03.26
9183.25 03.68
9275.08 04.07
9367.83 04.41
9461.51 04.68
9556.12 04.86
9651.68 04.92
9748.20 04.86
9845.68 04.70
9944.14 04.45
10043.58 04.13
10144.02 03.74
10245.46 03.27
10347.91 02.79
10451.39 02.17
10555.91 01.39
10661.46 00.44
10768.08 -00.60
10875.76 -01.61
10984.52 -02.49
11094.36 -03.26
11205.31 -03.96
11317.36 -04.66
11430.53 -05.41
11544.84 -06.25
11660.29 -07.16
11776.89 -08.14
11894.66 -09.12
12013.60 -10.02
12133.74 -10.71
12255.08 -11.01
12377.63 -10.88
12501.41 -10.50
12626.42 -10.09
12752.68 -09.75
12880.21 -09.52
13009.01 -09.38
13139.10 -09.26
13270.49 -09.00
13403.20 -08.41
13537.23 -07.53
13672.60 -06.56
13809.33 -05.64
13947.42 -04.94
14086.90 -04.41
14227.77 -03.95
14370.04 -03.47
14513.74 -03.01
14658.88 -02.75
14805.47 -02.66
14953.52 -02.79
15103.06 -03.15
15254.09 -03.69
15406.63 -04.36
15560.70 -04.98
15716.30 -05.47
15873.47 -05.86
16032.20 -06.27
16192.52 -06.82
16354.45 -07.53
16517.99 -08.20
16683.17 -08.52
16850.01 -08.42
17018.51 -08.08
17188.69 -07.81
17360.58 -07.68
17534.18 -07.70
17709.53 -07.84
17886.62 -08.01
18065.49 -08.18
18246.14 -08.35
18428.60 -08.57
18612.89 -08.87
18799.02 -09.32
18987.01 -09.92
19176.88 -10.62
19368.65 -11.41
19562.33 -12.23
19757.96 -13.11
19955.54 -14.14
20000.00 -14.40
