20.00 00.10
20.20 00.19
20.40 00.27
20.61 00.36
20.81 00.43
21.02 00.51
21.23 00.58
21.44 00.65
21.66 00.72
21.87 00.78
22.09 00.84
22.31 00.91
22.54 00.97
22.76 01.03
22.99 01.09
23.22 01.15
23.45 01.21
23.69 01.27
23.92 01.32
24.16 01.38
24.40 01.44
24.65 01.49
24.89 01.55
25.14 01.60
25.39 01.65
25.65 01.71
25.91 01.76
26.16 01.81
26.43 01.87
26.69 01.91
26.96 01.96
27.23 02.01
27.50 02.06
27.77 02.10
28.05 02.15
28.33 02.19
28.62 02.24
28.90 02.28
29.19 02.32
29.48 02.36
29.78 02.40
30.08 02.43
30.38 02.47
30.68 02.50
30.99 02.53
31.30 02.57
31.61 02.59
31.93 02.62
32.24 02.65
32.57 02.67
32.89 02.70
33.22 02.72
33.55 02.74
33.89 02.76
34.23 02.78
34.57 02.80
34.92 02.83
35.27 02.85
35.62 02.87
35.97 02.89
36.33 02.91
36.70 02.93
37.06 02.95
37.43 02.97
37.81 02.99
38.19 03.01
38.57 03.02
38.95 03.04
39.34 03.06
39.74 03.08
40.14 03.10
40.54 03.12
40.94 03.14
41.35 03.15
41.76 03.17
42.18 03.19
42.60 03.21
43.03 03.23
43.46 03.25
43.90 03.26
44.33 03.28
44.78 03.30
45.23 03.32
45.68 03.34
46.13 03.36
46.60 03.38
47.06 03.40
47.53 03.42
48.01 03.43
48.49 03.45
48.97 03.47
49.46 03.49
49.96 03.50
50.46 03.52
50.96 03.54
51.47 03.55
51.99 03.57
52.51 03.58
53.03 03.59
53.56 03.60
54.10 03.61
54.64 03.61
55.18 03.62
55.74 03.62
56.29 03.62
56.86 03.62
57.42 03.62
58.00 03.62
58.58 03.62
59.16 03.62
59.76 03.62
60.35 03.61
60.96 03.61
61.57 03.61
62.18 03.61
62.80 03.61
63.43 03.61
64.07 03.62
64.71 03.62
65.35 03.62
66.01 03.63
66.67 03.64
67.33 03.64
68.01 03.65
68.69 03.66
69.37 03.67
70.07 03.68
70.77 03.70
71.48 03.71
72.19 03.73
72.91 03.74
73.64 03.76
74.38 03.78
75.12 03.80
75.87 03.83
76.63 03.85
77.40 03.88
78.17 03.91
78.95 03.94
79.74 03.97
80.54 04.01
81.35 04.04
82.16 04.07
82.98 04.11
83.81 04.14
84.65 04.17
85.50 04.20
86.35 04.22
87.22 04.25
88.09 04.27
88.97 04.29
89.86 04.31
90.76 04.32
91.66 04.34
92.58 04.35
93.51 04.37
94.44 04.38
95.39 04.39
96.34 04.40
97.30 04.41
98.28 04.42
99.26 04.42
100.25 04.43
101.25 04.44
102.27 04.44
103.29 04.44
104.32 04.45
105.37 04.45
106.42 04.45
107.48 04.45
108.56 04.45
109.64 04.45
110.74 04.45
111.85 04.45
112.97 04.45
114.10 04.44
115.24 04.44
116.39 04.44
117.55 04.44
118.73 04.44
119.92 04.44
121.12 04.43
122.33 04.43
123.55 04.43
124.79 04.43
126.03 04.42
127.29 04.42
128.57 04.42
129.85 04.41
131.15 04.41
132.46 04.40
133.79 04.39
135.12 04.39
136.48 04.38
137.84 04.37
139.22 04.37
140.61 04.36
142.02 04.36
143.44 04.35
144.87 04.34
146.32 04.34
147.78 04.33
149.26 04.33
150.75 04.32
152.26 04.31
153.78 04.30
155.32 04.29
156.88 04.28
158.44 04.27
160.03 04.25
161.63 04.24
163.24 04.23
164.88 04.23
166.53 04.22
168.19 04.20
169.87 04.19
171.57 04.18
173.29 04.16
175.02 04.14
176.77 04.13
178.54 04.11
180.32 04.09
182.13 04.09
183.95 04.08
185.79 04.07
187.65 04.07
189.52 04.06
191.42 04.07
193.33 04.06
195.27 04.07
197.22 04.06
199.19 04.07
201.18 04.06
203.19 04.05
205.23 04.03
207.28 04.02
209.35 03.99
211.44 03.97
213.56 03.93
215.69 03.90
217.85 03.86
220.03 03.80
222.23 03.75
224.45 03.70
226.70 03.64
228.96 03.57
231.25 03.51
233.57 03.44
235.90 03.38
238.26 03.31
240.64 03.26
243.05 03.21
245.48 03.16
247.93 03.14
250.41 03.11
252.92 03.09
255.45 03.09
258.00 03.09
260.58 03.09
263.19 03.10
265.82 03.10
268.48 03.11
271.16 03.12
273.87 03.12
276.61 03.13
279.38 03.13
282.17 03.14
284.99 03.13
287.84 03.14
290.72 03.15
293.63 03.18
296.57 03.21
299.53 03.24
302.53 03.29
305.55 03.32
308.61 03.37
311.69 03.42
314.81 03.45
317.96 03.49
321.14 03.52
324.35 03.55
327.59 03.56
330.87 03.57
334.18 03.58
337.52 03.58
340.90 03.57
344.30 03.56
347.75 03.54
351.23 03.53
354.74 03.51
358.28 03.48
361.87 03.46
365.49 03.43
369.14 03.40
372.83 03.35
376.56 03.30
380.33 03.26
384.13 03.20
387.97 03.14
391.85 03.06
395.77 02.99
399.73 02.90
403.72 02.81
407.76 02.71
411.84 02.61
415.96 02.51
420.12 02.41
424.32 02.32
428.56 02.24
432.85 02.16
437.18 02.09
441.55 02.03
445.96 01.99
450.42 01.94
454.93 01.91
459.48 01.88
464.07 01.86
468.71 01.84
473.40 01.83
478.13 01.82
482.91 01.80
487.74 01.79
492.62 01.78
497.55 01.75
502.52 01.72
507.55 01.69
512.62 01.64
517.75 01.58
522.93 01.51
528.16 01.42
533.44 01.34
538.77 01.23
544.16 01.11
549.60 01.00
555.10 00.88
560.65 00.76
566.25 00.64
571.92 00.53
577.64 00.42
583.41 00.33
589.25 00.23
595.14 00.16
601.09 00.10
607.10 00.04
613.17 00.01
619.30 -00.02
625.50 -00.02
631.75 -00.01
638.07 00.00
644.45 00.03
650.89 00.05
657.40 00.07
663.98 00.12
670.62 00.15
677.32 00.19
684.10 00.24
690.94 00.29
697.85 00.35
704.83 00.39
711.87 00.44
718.99 00.50
726.18 00.54
733.44 00.58
740.78 00.62
748.19 00.66
755.67 00.69
763.23 00.72
770.86 00.76
778.57 00.78
786.35 00.80
794.22 00.83
802.16 00.86
810.18 00.88
818.28 00.90
826.46 00.93
834.73 00.96
843.08 00.97
851.51 00.98
860.02 00.98
868.62 00.98
877.31 00.97
886.08 00.94
894.94 00.90
903.89 00.86
912.93 00.82
922.06 00.77
931.28 00.72
940.59 00.65
950.00 00.59
959.50 00.53
969.09 00.46
978.78 00.40
988.57 00.33
998.46 00.25
1008.44 00.18
1018.53 00.11
1028.71 00.03
1039.00 -00.04
1049.39 -00.10
1059.88 -00.17
1070.48 -00.23
1081.19 -00.27
1092.00 -00.33
1102.92 -00.37
1113.95 -00.41
1125.09 -00.45
1136.34 -00.51
1147.70 -00.57
1159.18 -00.63
1170.77 -00.71
1182.48 -00.79
1194.30 -00.88
1206.25 -00.97
1218.31 -01.07
1230.49 -01.17
1242.80 -01.27
1255.22 -01.38
1267.78 -01.48
1280.45 -01.56
1293.26 -01.62
1306.19 -01.67
1319.25 -01.72
1332.45 -01.78
1345.77 -01.84
1359.23 -01.90
1372.82 -01.96
1386.55 -02.03
1400.41 -02.09
1414.42 -02.14
1428.56 -02.21
1442.85 -02.28
1457.28 -02.36
1471.85 -02.45
1486.57 -02.53
1501.43 -02.61
1516.45 -02.68
1531.61 -02.72
1546.93 -02.77
1562.40 -02.80
1578.02 -02.81
1593.80 -02.81
1609.74 -02.79
1625.84 -02.76
1642.10 -02.73
1658.52 -02.67
1675.10 -02.62
1691.85 -02.56
1708.77 -02.49
1725.86 -02.43
1743.12 -02.36
1760.55 -02.30
1778.15 -02.25
1795.94 -02.19
1813.90 -02.14
1832.03 -02.09
1850.36 -02.05
1868.86 -02.01
1887.55 -01.96
1906.42 -01.93
1925.49 -01.89
1944.74 -01.87
1964.19 -01.84
1983.83 -01.80
2003.67 -01.77
2023.71 -01.73
2043.94 -01.69
2064.38 -01.65
2085.03 -01.59
2105.88 -01.53
2126.94 -01.47
2148.20 -01.40
2169.69 -01.33
2191.38 -01.26
2213.30 -01.20
2235.43 -01.13
2257.78 -01.08
2280.36 -01.03
2303.17 -00.99
2326.20 -00.94
2349.46 -00.92
2372.95 -00.90
2396.68 -00.88
2420.65 -00.88
2444.86 -00.88
2469.31 -00.86
2494.00 -00.86
2518.94 -00.85
2544.13 -00.86
2569.57 -00.86
2595.27 -00.87
2621.22 -00.90
2647.43 -00.92
2673.90 -00.95
2700.64 -00.98
2727.65 -01.02
2754.93 -01.06
2782.48 -01.12
2810.30 -01.17
2838.40 -01.23
2866.79 -01.31
2895.46 -01.37
2924.41 -01.44
2953.65 -01.51
2983.19 -01.58
3013.02 -01.64
3043.15 -01.69
3073.58 -01.75
3104.32 -01.79
3135.36 -01.84
3166.72 -01.88
3198.38 -01.92
3230.37 -01.96
3262.67 -02.01
3295.30 -02.06
3328.25 -02.14
3361.53 -02.22
3395.15 -02.34
3429.10 -02.45
3463.39 -02.57
3498.03 -02.70
3533.01 -02.82
3568.34 -02.94
3604.02 -03.07
3640.06 -03.21
3676.46 -03.35
3713.22 -03.50
3750.36 -03.64
3787.86 -03.77
3825.74 -03.91
3864.00 -04.07
3902.64 -04.26
3941.66 -04.47
3981.08 -04.72
4020.89 -04.99
4061.10 -05.28
4101.71 -05.59
4142.73 -05.90
4184.15 -06.17
4226.00 -06.34
4268.26 -06.27
4310.94 -05.86
4354.05 -05.12
4397.59 -04.23
4441.56 -03.34
4485.98 -02.56
4530.84 -01.92
4576.15 -01.41
4621.91 -01.00
4668.13 -00.67
4714.81 -00.42
4761.96 -00.26
4809.58 -00.18
4857.67 -00.21
4906.25 -00.33
4955.31 -00.50
5004.87 -00.67
5054.91 -00.76
5105.46 -00.75
5156.52 -00.69
5208.08 -00.56
5260.16 -00.33
5312.77 -00.02
5365.89 00.32
5419.55 00.66
5473.75 00.96
5528.49 01.21
5583.77 01.41
5639.61 01.53
5696.00 01.58
5752.96 01.55
5810.49 01.45
5868.60 01.26
5927.28 00.98
5986.56 00.58
6046.42 00.33
6106.89 00.05
6167.96 -00.30
6229.64 -00.73
6291.93 -01.24
6354.85 -01.83
6418.40 -02.50
6482.58 -03.25
6547.41 -04.09
6612.88 -05.00
6679.01 -05.98
6745.80 -07.02
6813.26 -08.07
6881.39 -09.09
6950.21 -09.90
7019.71 -10.27
7089.91 -10.00
7160.81 -09.18
7232.41 -08.07
7304.74 -07.02
7377.79 -06.03
7451.56 -05.14
7526.08 -04.37
7601.34 -03.70
7677.35 -03.14
7754.13 -02.64
7831.67 -02.20
7909.98 -01.79
7989.08 -01.42
8068.98 -01.05
8149.67 -00.69
8231.16 -00.33
8313.47 00.05
8396.61 00.42
8480.57 00.79
8565.38 01.15
8651.03 01.47
8737.54 01.74
8824.92 01.98
8913.17 02.16
9002.30 02.28
9092.32 02.36
9183.25 02.37
9275.08 02.34
9367.83 02.25
9461.51 02.11
9556.12 01.94
9651.68 01.74
9748.20 01.52
9845.68 01.27
9944.14 01.01
10043.58 00.73
10144.02 00.44
10245.46 00.14
10347.91 -00.09
10451.39 -00.31
10555.91 -00.54
10661.46 -00.78
10768.08 -01.03
10875.76 -01.28
10984.52 -01.52
11094.36 -01.74
11205.31 -01.94
11317.36 -02.09
11430.53 -02.18
11544.84 -02.21
11660.29 -02.19
11776.89 -02.15
11894.66 -02.08
12013.60 -02.01
12133.74 -01.91
12255.08 -01.79
12377.63 -01.65
12501.41 -01.49
12626.42 -01.32
12752.68 -01.17
12880.21 -01.07
13009.01 -01.00
13139.10 -00.97
13270.49 -00.95
13403.20 -00.95
13537.23 -00.95
13672.60 -00.97
13809.33 -01.00
13947.42 -01.07
14086.90 -01.15
14227.77 -01.23
14370.04 -01.28
14513.74 -01.33
14658.88 -01.48
14805.47 -01.61
14953.52 -01.74
15103.06 -01.86
15254.09 -01.98
15406.63 -02.12
15560.70 -02.27
15716.30 -02.42
15873.47 -02.58
16032.20 -02.73
16192.52 -02.87
16354.45 -03.01
16517.99 -03.16
16683.17 -03.33
16850.01 -03.54
17018.51 -03.78
17188.69 -04.07
17360.58 -04.39
17534.18 -04.72
17709.53 -05.10
17886.62 -05.50
18065.49 -05.95
18246.14 -06.44
18428.60 -06.97
18612.89 -07.52
18799.02 -08.12
18987.01 -08.76
19176.88 -09.47
19368.65 -10.29
19562.33 -11.22
19757.96 -12.27
19955.54 -13.45
20000.00 -13.73
