20.00 04.46
20.20 04.42
20.40 04.38
20.61 04.34
20.81 04.30
21.02 04.26
21.23 04.21
21.44 04.17
21.66 04.13
21.87 04.08
22.09 04.04
22.31 04.00
22.54 03.95
22.76 03.91
22.99 03.86
23.22 03.81
23.45 03.77
23.69 03.72
23.92 03.67
24.16 03.63
24.40 03.63
24.65 03.63
24.89 03.63
25.14 03.63
25.39 03.63
25.65 03.63
25.91 03.62
26.16 03.62
26.43 03.62
26.69 03.62
26.96 03.62
27.23 03.61
27.50 03.61
27.77 03.61
28.05 03.61
28.33 03.61
28.62 03.60
28.90 03.60
29.19 03.60
29.48 03.60
29.78 03.60
30.08 03.59
30.38 03.59
30.68 03.59
30.99 03.59
31.30 03.59
31.61 03.58
31.93 03.58
32.24 03.58
32.57 03.58
32.89 03.57
33.22 03.57
33.55 03.57
33.89 03.57
34.23 03.56
34.57 03.56
34.92 03.56
35.27 03.56
35.62 03.55
35.97 03.55
36.33 03.55
36.70 03.54
37.06 03.54
37.43 03.54
37.81 03.54
38.19 03.53
38.57 03.53
38.95 03.53
39.34 03.52
39.74 03.52
40.14 03.52
40.54 03.51
40.94 03.51
41.35 03.51
41.76 03.51
42.18 03.50
42.60 03.50
43.03 03.50
43.46 03.49
43.90 03.49
44.33 03.49
44.78 03.48
45.23 03.48
45.68 03.47
46.13 03.47
46.60 03.47
47.06 03.46
47.53 03.46
48.01 03.46
48.49 03.45
48.97 03.45
49.46 03.44
49.96 03.44
50.46 03.44
50.96 03.43
51.47 03.43
51.99 03.42
52.51 03.42
53.03 03.41
53.56 03.41
54.10 03.40
54.64 03.40
55.18 03.39
55.74 03.39
56.29 03.38
56.86 03.37
57.42 03.37
58.00 03.36
58.58 03.36
59.16 03.35
59.76 03.35
60.35 03.34
60.96 03.33
61.57 03.33
62.18 03.32
62.80 03.32
63.43 03.31
64.07 03.30
64.71 03.30
65.35 03.29
66.01 03.29
66.67 03.28
67.33 03.28
68.01 03.27
68.69 03.27
69.37 03.26
70.07 03.26
70.77 03.26
71.48 03.25
72.19 03.25
72.91 03.25
73.64 03.25
74.38 03.25
75.12 03.25
75.87 03.26
76.63 03.26
77.40 03.26
78.17 03.26
78.95 03.26
79.74 03.27
80.54 03.27
81.35 03.27
82.16 03.27
82.98 03.28
83.81 03.28
84.65 03.28
85.50 03.29
86.35 03.29
87.22 03.29
88.09 03.29
88.97 03.29
89.86 03.30
90.76 03.30
91.66 03.30
92.58 03.30
93.51 03.30
94.44 03.30
95.39 03.30
96.34 03.29
97.30 03.29
98.28 03.29
99.26 03.29
100.25 03.29
101.25 03.28
102.27 03.28
103.29 03.28
104.32 03.27
105.37 03.27
106.42 03.27
107.48 03.26
108.56 03.26
109.64 03.25
110.74 03.25
111.85 03.25
112.97 03.25
114.10 03.25
115.24 03.25
116.39 03.25
117.55 03.25
118.73 03.25
119.92 03.26
121.12 03.26
122.33 03.27
123.55 03.28
124.79 03.28
126.03 03.29
127.29 03.30
128.57 03.31
129.85 03.32
131.15 03.33
132.46 03.34
133.79 03.35
135.12 03.36
136.48 03.37
137.84 03.38
139.22 03.39
140.61 03.40
142.02 03.41
143.44 03.43
144.87 03.44
146.32 03.45
147.78 03.47
149.26 03.48
150.75 03.50
152.26 03.51
153.78 03.53
155.32 03.54
156.88 03.55
158.44 03.57
160.03 03.58
161.63 03.60
163.24 03.62
164.88 03.65
166.53 03.67
168.19 03.69
169.87 03.70
171.57 03.73
173.29 03.74
175.02 03.75
176.77 03.78
178.54 03.79
180.32 03.79
182.13 03.81
183.95 03.82
185.79 03.82
187.65 03.84
189.52 03.84
191.42 03.85
193.33 03.85
195.27 03.86
197.22 03.85
199.19 03.86
201.18 03.85
203.19 03.86
205.23 03.85
207.28 03.85
209.35 03.84
211.44 03.84
213.56 03.83
215.69 03.82
217.85 03.82
220.03 03.80
222.23 03.79
224.45 03.78
226.70 03.75
228.96 03.71
231.25 03.67
233.57 03.62
235.90 03.57
238.26 03.50
240.64 03.44
243.05 03.37
245.48 03.28
247.93 03.21
250.41 03.12
252.92 03.02
255.45 02.94
258.00 02.84
260.58 02.75
263.19 02.66
265.82 02.56
268.48 02.48
271.16 02.39
273.87 02.30
276.61 02.22
279.38 02.14
282.17 02.08
284.99 02.02
287.84 01.97
290.72 01.92
293.63 01.89
296.57 01.87
299.53 01.85
302.53 01.85
305.55 01.84
308.61 01.85
311.69 01.87
314.81 01.89
317.96 01.92
321.14 01.94
324.35 01.98
327.59 02.01
330.87 02.04
334.18 02.08
337.52 02.11
340.90 02.13
344.30 02.14
347.75 02.14
351.23 02.14
354.74 02.12
358.28 02.09
361.87 02.06
365.49 02.01
369.14 01.96
372.83 01.90
376.56 01.82
380.33 01.76
384.13 01.70
387.97 01.64
391.85 01.58
395.77 01.54
399.73 01.50
403.72 01.47
407.76 01.44
411.84 01.42
415.96 01.41
420.12 01.41
424.32 01.42
428.56 01.44
432.85 01.47
437.18 01.49
441.55 01.54
445.96 01.59
450.42 01.63
454.93 01.69
459.48 01.75
464.07 01.82
468.71 01.88
473.40 01.96
478.13 02.03
482.91 02.10
487.74 02.17
492.62 02.24
497.55 02.29
502.52 02.32
507.55 02.35
512.62 02.35
517.75 02.31
522.93 02.26
528.16 02.16
533.44 02.05
538.77 01.89
544.16 01.70
549.60 01.49
555.10 01.25
560.65 01.00
566.25 00.73
571.92 00.48
577.64 00.22
583.41 00.01
589.25 -00.20
595.14 -00.36
601.09 -00.49
607.10 -00.60
613.17 -00.67
619.30 -00.72
625.50 -00.74
631.75 -00.74
638.07 -00.74
644.45 -00.72
650.89 -00.71
657.40 -00.70
663.98 -00.65
670.62 -00.61
677.32 -00.56
684.10 -00.49
690.94 -00.43
697.85 -00.36
704.83 -00.29
711.87 -00.22
718.99 -00.14
726.18 -00.06
733.44 00.01
740.78 00.08
748.19 00.16
755.67 00.22
763.23 00.28
770.86 00.34
778.57 00.38
786.35 00.43
794.22 00.47
802.16 00.52
810.18 00.55
818.28 00.58
826.46 00.61
834.73 00.64
843.08 00.65
851.51 00.65
860.02 00.64
868.62 00.61
877.31 00.58
886.08 00.52
894.94 00.45
903.89 00.37
912.93 00.31
922.06 00.25
931.28 00.20
940.59 00.15
950.00 00.12
959.50 00.10
969.09 00.08
978.78 00.10
988.57 00.14
998.46 00.18
1008.44 00.25
1018.53 00.30
1028.71 00.33
1039.00 00.35
1049.39 00.35
1059.88 00.32
1070.48 00.28
1081.19 00.23
1092.00 00.15
1102.92 00.05
1113.95 -00.07
1125.09 -00.20
1136.34 -00.34
1147.70 -00.47
1159.18 -00.57
1170.77 -00.66
1182.48 -00.74
1194.30 -00.80
1206.25 -00.85
1218.31 -00.89
1230.49 -00.91
1242.80 -00.92
1255.22 -00.93
1267.78 -00.94
1280.45 -00.97
1293.26 -00.98
1306.19 -01.01
1319.25 -01.04
1332.45 -01.07
1345.77 -01.09
1359.23 -01.10
1372.82 -01.12
1386.55 -01.14
1400.41 -01.17
1414.42 -01.19
1428.56 -01.21
1442.85 -01.22
1457.28 -01.23
1471.85 -01.23
1486.57 -01.23
1501.43 -01.23
1516.45 -01.23
1531.61 -01.23
1546.93 -01.25
1562.40 -01.27
1578.02 -01.29
1593.80 -01.31
1609.74 -01.32
1625.84 -01.37
1642.10 -01.45
1658.52 -01.59
1675.10 -01.77
1691.85 -01.96
1708.77 -02.15
1725.86 -02.34
1743.12 -02.52
1760.55 -02.71
1778.15 -02.91
1795.94 -03.10
1813.90 -03.26
1832.03 -03.37
1850.36 -03.42
1868.86 -03.44
1887.55 -03.47
1906.42 -03.53
1925.49 -03.61
1944.74 -03.70
1964.19 -03.78
1983.83 -03.85
2003.67 -03.91
2023.71 -03.93
2043.94 -03.92
2064.38 -03.86
2085.03 -03.73
2105.88 -03.52
2126.94 -03.25
2148.20 -02.94
2169.69 -02.66
2191.38 -02.42
2213.30 -02.25
2235.43 -02.11
2257.78 -02.02
2280.36 -01.96
2303.17 -01.92
2326.20 -01.91
2349.46 -01.93
2372.95 -01.98
2396.68 -02.05
2420.65 -02.15
2444.86 -02.23
2469.31 -02.26
2494.00 -02.25
2518.94 -02.21
2544.13 -02.17
2569.57 -02.13
2595.27 -02.07
2621.22 -02.01
2647.43 -01.94
2673.90 -01.86
2700.64 -01.76
2727.65 -01.66
2754.93 -01.55
2782.48 -01.44
2810.30 -01.31
2838.40 -01.20
2866.79 -01.08
2895.46 -00.95
2924.41 -00.84
2953.65 -00.71
2983.19 -00.61
3013.02 -00.50
3043.15 -00.38
3073.58 -00.27
3104.32 -00.14
3135.36 -00.01
3166.72 00.15
3198.38 00.30
3230.37 00.47
3262.67 00.63
3295.30 00.81
3328.25 00.97
3361.53 01.14
3395.15 01.30
3429.10 01.42
3463.39 01.51
3498.03 01.55
3533.01 01.61
3568.34 01.67
3604.02 01.75
3640.06 01.87
3676.46 01.99
3713.22 02.13
3750.36 02.27
3787.86 02.42
3825.74 02.59
3864.00 02.78
3902.64 02.98
3941.66 03.18
3981.08 03.33
4020.89 03.40
4061.10 03.37
4101.71 03.25
4142.73 03.08
4184.15 02.86
4226.00 02.61
4268.26 02.33
4310.94 02.04
4354.05 01.75
4397.59 01.47
4441.56 01.24
4485.98 01.09
4530.84 01.09
4576.15 01.28
4621.91 01.65
4668.13 02.14
4714.81 02.62
4761.96 03.04
4809.58 03.36
4857.67 03.55
4906.25 03.63
4955.31 03.66
5004.87 03.64
5054.91 03.59
5105.46 03.46
5156.52 03.15
5208.08 02.68
5260.16 02.10
5312.77 01.44
5365.89 00.80
5419.55 00.21
5473.75 -00.30
5528.49 -00.75
5583.77 -01.15
5639.61 -01.53
5696.00 -01.89
5752.96 -02.18
5810.49 -02.38
5868.60 -02.52
5927.28 -02.60
5986.56 -02.63
6046.42 -02.39
6106.89 -02.07
6167.96 -01.75
6229.64 -01.44
6291.93 -01.16
6354.85 -00.88
6418.40 -00.62
6482.58 -00.36
6547.41 -00.12
6612.88 00.11
6679.01 00.33
6745.80 00.54
6813.26 00.79
6881.39 01.06
6950.21 01.37
7019.71 01.73
7089.91 02.12
7160.81 02.55
7232.41 03.00
7304.74 03.35
7377.79 03.69
7451.56 04.03
7526.08 04.35
7601.34 04.65
7677.35 04.93
7754.13 05.19
7831.67 05.45
7909.98 05.71
7989.08 05.95
8068.98 06.17
8149.67 06.34
8231.16 06.48
8313.47 06.59
8396.61 06.67
8480.57 06.73
8565.38 06.76
8651.03 06.74
8737.54 06.67
8824.92 06.55
8913.17 06.38
9002.30 06.18
9092.32 05.95
9183.25 05.69
9275.08 05.39
9367.83 05.07
9461.51 04.72
9556.12 04.38
9651.68 04.04
9748.20 03.71
9845.68 03.38
9944.14 03.06
10043.58 02.74
10144.02 02.41
10245.46 02.12
10347.91 01.93
10451.39 01.76
10555.91 01.59
10661.46 01.37
10768.08 01.13
10875.76 00.89
10984.52 00.69
11094.36 00.51
11205.31 00.36
11317.36 00.26
11430.53 00.22
11544.84 00.26
11660.29 00.39
11776.89 00.58
11894.66 00.83
12013.60 01.05
12133.74 01.24
12255.08 01.37
12377.63 01.44
12501.41 01.48
12626.42 01.45
12752.68 01.33
12880.21 01.12
13009.01 00.84
13139.10 00.52
13270.49 00.16
13403.20 -00.21
13537.23 -00.59
13672.60 -00.94
13809.33 -01.24
13947.42 -01.48
14086.90 -01.64
14227.77 -01.72
14370.04 -01.71
14513.74 -01.64
14658.88 -01.63
14805.47 -01.60
14953.52 -01.57
15103.06 -01.56
15254.09 -01.56
15406.63 -01.58
15560.70 -01.58
15716.30 -01.57
15873.47 -01.52
16032.20 -01.46
16192.52 -01.38
16354.45 -01.28
16517.99 -01.15
16683.17 -01.01
16850.01 -00.87
17018.51 -00.74
17188.69 -00.66
17360.58 -00.67
17534.18 -00.77
17709.53 -00.99
17886.62 -01.30
18065.49 -01.70
18246.14 -02.16
18428.60 -02.71
18612.89 -03.32
18799.02 -04.03
18987.01 -04.81
19176.88 -05.62
19368.65 -06.44
19562.33 -07.17
19757.96 -07.75
19955.54 -08.21
20000.00 -08.31
