20.00 -05.45
20.20 -05.36
20.40 -05.27
20.61 -05.18
20.81 -05.09
21.02 -05.01
21.23 -04.92
21.44 -04.84
21.66 -04.76
21.87 -04.68
22.09 -04.60
22.31 -04.52
22.54 -04.44
22.76 -04.36
22.99 -04.28
23.22 -04.21
23.45 -04.13
23.69 -04.05
23.92 -03.98
24.16 -03.90
24.40 -03.83
24.65 -03.75
24.89 -03.67
25.14 -03.60
25.39 -03.53
25.65 -03.45
25.91 -03.38
26.16 -03.31
26.43 -03.23
26.69 -03.16
26.96 -03.09
27.23 -03.02
27.50 -02.95
27.77 -02.88
28.05 -02.81
28.33 -02.75
28.62 -02.68
28.90 -02.62
29.19 -02.55
29.48 -02.49
29.78 -02.42
30.08 -02.36
30.38 -02.30
30.68 -02.24
30.99 -02.19
31.30 -02.13
31.61 -02.07
31.93 -02.02
32.24 -01.96
32.57 -01.91
32.89 -01.86
33.22 -01.81
33.55 -01.75
33.89 -01.70
34.23 -01.65
34.57 -01.60
34.92 -01.55
35.27 -01.50
35.62 -01.45
35.97 -01.40
36.33 -01.35
36.70 -01.30
37.06 -01.25
37.43 -01.20
37.81 -01.16
38.19 -01.11
38.57 -01.06
38.95 -01.01
39.34 -00.97
39.74 -00.92
40.14 -00.87
40.54 -00.83
40.94 -00.79
41.35 -00.74
41.76 -00.70
42.18 -00.65
42.60 -00.60
43.03 -00.56
43.46 -00.51
43.90 -00.47
44.33 -00.42
44.78 -00.37
45.23 -00.33
45.68 -00.28
46.13 -00.24
46.60 -00.19
47.06 -00.15
47.53 -00.10
48.01 -00.06
48.49 -00.02
48.97 00.02
49.46 00.06
49.96 00.10
50.46 00.14
50.96 00.18
51.47 00.21
51.99 00.24
52.51 00.27
53.03 00.29
53.56 00.31
54.10 00.33
54.64 00.34
55.18 00.34
55.74 00.34
56.29 00.33
56.86 00.32
57.42 00.31
58.00 00.29
58.58 00.27
59.16 00.24
59.76 00.22
60.35 00.20
60.96 00.18
61.57 00.17
62.18 00.16
62.80 00.15
63.43 00.16
64.07 00.17
64.71 00.19
65.35 00.21
66.01 00.25
66.67 00.29
67.33 00.34
68.01 00.39
68.69 00.45
69.37 00.51
70.07 00.57
70.77 00.64
71.48 00.70
72.19 00.76
72.91 00.81
73.64 00.86
74.38 00.91
75.12 00.95
75.87 00.99
76.63 01.03
77.40 01.06
78.17 01.09
78.95 01.12
79.74 01.14
80.54 01.17
81.35 01.19
82.16 01.21
82.98 01.23
83.81 01.25
84.65 01.27
85.50 01.28
86.35 01.30
87.22 01.31
88.09 01.33
88.97 01.34
89.86 01.36
90.76 01.37
91.66 01.38
92.58 01.39
93.51 01.40
94.44 01.41
95.39 01.41
96.34 01.42
97.30 01.43
98.28 01.43
99.26 01.43
100.25 01.44
101.25 01.44
102.27 01.44
103.29 01.44
104.32 01.44
105.37 01.45
106.42 01.45
107.48 01.45
108.56 01.45
109.64 01.46
110.74 01.46
111.85 01.46
112.97 01.47
114.10 01.47
115.24 01.48
116.39 01.48
117.55 01.48
118.73 01.48
119.92 01.48
121.12 01.49
122.33 01.49
123.55 01.49
124.79 01.48
126.03 01.48
127.29 01.48
128.57 01.48
129.85 01.47
131.15 01.47
132.46 01.47
133.79 01.46
135.12 01.45
136.48 01.44
137.84 01.43
139.22 01.41
140.61 01.39
142.02 01.37
143.44 01.35
144.87 01.33
146.32 01.31
147.78 01.28
149.26 01.27
150.75 01.25
152.26 01.23
153.78 01.22
155.32 01.21
156.88 01.20
158.44 01.20
160.03 01.19
161.63 01.20
163.24 01.20
164.88 01.22
166.53 01.22
168.19 01.22
169.87 01.21
171.57 01.22
173.29 01.21
175.02 01.20
176.77 01.21
178.54 01.20
180.32 01.19
182.13 01.19
183.95 01.18
185.79 01.16
187.65 01.16
189.52 01.15
191.42 01.14
193.33 01.13
195.27 01.12
197.22 01.09
199.19 01.08
201.18 01.04
203.19 01.02
205.23 00.98
207.28 00.95
209.35 00.91
211.44 00.88
213.56 00.85
215.69 00.82
217.85 00.80
220.03 00.78
222.23 00.78
224.45 00.78
226.70 00.78
228.96 00.78
231.25 00.80
233.57 00.80
235.90 00.80
238.26 00.80
240.64 00.81
243.05 00.80
245.48 00.79
247.93 00.79
250.41 00.78
252.92 00.76
255.45 00.76
258.00 00.74
260.58 00.73
263.19 00.72
265.82 00.70
268.48 00.69
271.16 00.68
273.87 00.66
276.61 00.65
279.38 00.64
282.17 00.63
284.99 00.61
287.84 00.60
290.72 00.58
293.63 00.58
296.57 00.57
299.53 00.56
302.53 00.55
305.55 00.54
308.61 00.53
311.69 00.52
314.81 00.50
317.96 00.49
321.14 00.48
324.35 00.47
327.59 00.45
330.87 00.43
334.18 00.41
337.52 00.40
340.90 00.38
344.30 00.36
347.75 00.34
351.23 00.33
354.74 00.31
358.28 00.29
361.87 00.28
365.49 00.26
369.14 00.24
372.83 00.22
376.56 00.19
380.33 00.16
384.13 00.12
387.97 00.08
391.85 00.03
395.77 -00.01
399.73 -00.06
403.72 -00.10
407.76 -00.14
411.84 -00.17
415.96 -00.20
420.12 -00.22
424.32 -00.24
428.56 -00.23
432.85 -00.22
437.18 -00.21
441.55 -00.19
445.96 -00.16
450.42 -00.14
454.93 -00.11
459.48 -00.10
464.07 -00.08
468.71 -00.06
473.40 -00.04
478.13 -00.03
482.91 -00.02
487.74 -00.01
492.62 00.01
497.55 00.02
502.52 00.03
507.55 00.04
512.62 00.05
517.75 00.05
522.93 00.06
528.16 00.06
533.44 00.06
538.77 00.05
544.16 00.04
549.60 00.04
555.10 00.03
560.65 00.02
566.25 00.00
571.92 -00.01
577.64 -00.03
583.41 -00.04
589.25 -00.07
595.14 -00.08
601.09 -00.10
607.10 -00.13
613.17 -00.15
619.30 -00.19
625.50 -00.22
631.75 -00.25
638.07 -00.30
644.45 -00.35
650.89 -00.44
657.40 -00.52
663.98 -00.60
670.62 -00.69
677.32 -00.77
684.10 -00.84
690.94 -00.90
697.85 -00.94
704.83 -00.98
711.87 -00.99
718.99 -00.97
726.18 -00.94
733.44 -00.90
740.78 -00.85
748.19 -00.78
755.67 -00.72
763.23 -00.67
770.86 -00.61
778.57 -00.57
786.35 -00.55
794.22 -00.54
802.16 -00.53
810.18 -00.56
818.28 -00.59
826.46 -00.63
834.73 -00.66
843.08 -00.69
851.51 -00.72
860.02 -00.73
868.62 -00.73
877.31 -00.70
886.08 -00.66
894.94 -00.60
903.89 -00.52
912.93 -00.41
922.06 -00.30
931.28 -00.18
940.59 -00.07
950.00 00.04
959.50 00.14
969.09 00.22
978.78 00.30
988.57 00.37
998.46 00.43
1008.44 00.49
1018.53 00.54
1028.71 00.57
1039.00 00.61
1049.39 00.64
1059.88 00.66
1070.48 00.68
1081.19 00.69
1092.00 00.70
1102.92 00.71
1113.95 00.72
1125.09 00.71
1136.34 00.70
1147.70 00.69
1159.18 00.68
1170.77 00.68
1182.48 00.66
1194.30 00.66
1206.25 00.66
1218.31 00.65
1230.49 00.63
1242.80 00.62
1255.22 00.60
1267.78 00.59
1280.45 00.59
1293.26 00.60
1306.19 00.61
1319.25 00.61
1332.45 00.61
1345.77 00.61
1359.23 00.61
1372.82 00.61
1386.55 00.61
1400.41 00.61
1414.42 00.60
1428.56 00.58
1442.85 00.56
1457.28 00.53
1471.85 00.50
1486.57 00.47
1501.43 00.43
1516.45 00.40
1531.61 00.36
1546.93 00.32
1562.40 00.28
1578.02 00.23
1593.80 00.18
1609.74 00.14
1625.84 00.09
1642.10 00.03
1658.52 -00.02
1675.10 -00.08
1691.85 -00.14
1708.77 -00.18
1725.86 -00.24
1743.12 -00.28
1760.55 -00.34
1778.15 -00.40
1795.94 -00.45
1813.90 -00.51
1832.03 -00.58
1850.36 -00.64
1868.86 -00.71
1887.55 -00.78
1906.42 -00.87
1925.49 -00.96
1944.74 -01.06
1964.19 -01.15
1983.83 -01.25
2003.67 -01.34
2023.71 -01.43
2043.94 -01.53
2064.38 -01.62
2085.03 -01.71
2105.88 -01.79
2126.94 -01.88
2148.20 -01.96
2169.69 -02.03
2191.38 -02.11
2213.30 -02.18
2235.43 -02.25
2257.78 -02.31
2280.36 -02.37
2303.17 -02.43
2326.20 -02.48
2349.46 -02.53
2372.95 -02.58
2396.68 -02.61
2420.65 -02.66
2444.86 -02.71
2469.31 -02.75
2494.00 -02.79
2518.94 -02.82
2544.13 -02.86
2569.57 -02.90
2595.27 -02.94
2621.22 -02.98
2647.43 -03.02
2673.90 -03.05
2700.64 -03.07
2727.65 -03.08
2754.93 -03.09
2782.48 -03.09
2810.30 -03.06
2838.40 -03.03
2866.79 -03.00
2895.46 -02.94
2924.41 -02.88
2953.65 -02.80
2983.19 -02.73
3013.02 -02.64
3043.15 -02.53
3073.58 -02.43
3104.32 -02.31
3135.36 -02.20
3166.72 -02.08
3198.38 -01.96
3230.37 -01.83
3262.67 -01.70
3295.30 -01.57
3328.25 -01.44
3361.53 -01.31
3395.15 -01.19
3429.10 -01.06
3463.39 -00.93
3498.03 -00.82
3533.01 -00.69
3568.34 -00.56
3604.02 -00.45
3640.06 -00.35
3676.46 -00.26
3713.22 -00.18
3750.36 -00.10
3787.86 -00.03
3825.74 00.03
3864.00 00.08
3902.64 00.12
3941.66 00.14
3981.08 00.15
4020.89 00.14
4061.10 00.11
4101.71 00.06
4142.73 -00.01
4184.15 -00.10
4226.00 -00.21
4268.26 -00.34
4310.94 -00.50
4354.05 -00.67
4397.59 -00.85
4441.56 -01.02
4485.98 -01.18
4530.84 -01.29
4576.15 -01.34
4621.91 -01.31
4668.13 -01.19
4714.81 -01.00
4761.96 -00.73
4809.58 -00.42
4857.67 -00.08
4906.25 00.26
4955.31 00.59
5004.87 00.88
5054.91 01.14
5105.46 01.35
5156.52 01.42
5208.08 01.40
5260.16 01.33
5312.77 01.21
5365.89 01.04
5419.55 00.84
5473.75 00.60
5528.49 00.33
5583.77 00.04
5639.61 -00.27
5696.00 -00.59
5752.96 -00.93
5810.49 -01.27
5868.60 -01.62
5927.28 -01.99
5986.56 -02.39
6046.42 -02.59
6106.89 -02.74
6167.96 -02.93
6229.64 -03.15
6291.93 -03.41
6354.85 -03.69
6418.40 -04.00
6482.58 -04.31
6547.41 -04.63
6612.88 -04.91
6679.01 -05.15
6745.80 -05.33
6813.26 -05.43
6881.39 -05.46
6950.21 -05.39
7019.71 -05.24
7089.91 -05.03
7160.81 -04.78
7232.41 -04.49
7304.74 -04.34
7377.79 -04.19
7451.56 -04.03
7526.08 -03.86
7601.34 -03.68
7677.35 -03.50
7754.13 -03.32
7831.67 -03.15
7909.98 -03.00
7989.08 -02.88
8068.98 -02.78
8149.67 -02.70
8231.16 -02.66
8313.47 -02.64
8396.61 -02.65
8480.57 -02.68
8565.38 -02.74
8651.03 -02.82
8737.54 -02.91
8824.92 -03.02
8913.17 -03.13
9002.30 -03.25
9092.32 -03.37
9183.25 -03.50
9275.08 -03.63
9367.83 -03.77
9461.51 -03.90
9556.12 -04.03
9651.68 -04.17
9748.20 -04.30
9845.68 -04.44
9944.14 -04.57
10043.58 -04.69
10144.02 -04.82
10245.46 -04.93
10347.91 -04.96
10451.39 -04.98
10555.91 -05.00
10661.46 -05.04
10768.08 -05.08
10875.76 -05.10
10984.52 -05.10
11094.36 -05.09
11205.31 -05.08
11317.36 -05.04
11430.53 -05.00
11544.84 -04.94
11660.29 -04.87
11776.89 -04.80
11894.66 -04.73
12013.60 -04.68
12133.74 -04.63
12255.08 -04.61
12377.63 -04.63
12501.41 -04.66
12626.42 -04.72
12752.68 -04.79
12880.21 -04.87
13009.01 -04.95
13139.10 -05.04
13270.49 -05.12
13403.20 -05.21
13537.23 -05.30
13672.60 -05.40
13809.33 -05.50
13947.42 -05.63
14086.90 -05.76
14227.77 -05.89
14370.04 -06.01
14513.74 -06.13
14658.88 -06.33
14805.47 -06.43
14953.52 -06.39
15103.06 -06.22
15254.09 -05.89
15406.63 -05.48
15560.70 -04.99
15716.30 -04.48
15873.47 -03.98
16032.20 -03.50
16192.52 -03.06
16354.45 -02.67
16517.99 -02.33
16683.17 -02.06
16850.01 -01.86
17018.51 -01.73
17188.69 -01.69
17360.58 -01.72
17534.18 -01.83
17709.53 -02.00
17886.62 -02.23
18065.49 -02.52
18246.14 -02.85
18428.60 -03.23
18612.89 -03.64
18799.02 -04.09
18987.01 -04.53
19176.88 -04.95
19368.65 -05.34
19562.33 -05.71
19757.96 -06.08
19955.54 -06.47
20000.00 -06.56
