20.00 -05.46
20.20 -05.39
20.40 -05.32
20.61 -05.25
20.81 -05.18
21.02 -05.12
21.23 -05.05
21.44 -04.99
21.66 -04.93
21.87 -04.87
22.09 -04.81
22.31 -04.75
22.54 -04.69
22.76 -04.64
22.99 -04.58
23.22 -04.52
23.45 -04.46
23.69 -04.40
23.92 -04.35
24.16 -04.29
24.40 -04.23
24.65 -04.17
24.89 -04.12
25.14 -04.06
25.39 -04.00
25.65 -03.94
25.91 -03.88
26.16 -03.83
26.43 -03.77
26.69 -03.71
26.96 -03.66
27.23 -03.60
27.50 -03.54
27.77 -03.49
28.05 -03.43
28.33 -03.38
28.62 -03.32
28.90 -03.26
29.19 -03.21
29.48 -03.16
29.78 -03.10
30.08 -03.05
30.38 -02.99
30.68 -02.94
30.99 -02.89
31.30 -02.83
31.61 -02.78
31.93 -02.73
32.24 -02.67
32.57 -02.62
32.89 -02.57
33.22 -02.51
33.55 -02.46
33.89 -02.40
34.23 -02.35
34.57 -02.29
34.92 -02.23
35.27 -02.18
35.62 -02.12
35.97 -02.07
36.33 -02.01
36.70 -01.96
37.06 -01.91
37.43 -01.85
37.81 -01.80
38.19 -01.74
38.57 -01.69
38.95 -01.63
39.34 -01.58
39.74 -01.53
40.14 -01.47
40.54 -01.42
40.94 -01.37
41.35 -01.32
41.76 -01.27
42.18 -01.21
42.60 -01.16
43.03 -01.11
43.46 -01.06
43.90 -01.01
44.33 -00.96
44.78 -00.91
45.23 -00.86
45.68 -00.81
46.13 -00.76
46.60 -00.71
47.06 -00.66
47.53 -00.62
48.01 -00.57
48.49 -00.52
48.97 -00.48
49.46 -00.43
49.96 -00.38
50.46 -00.34
50.96 -00.30
51.47 -00.25
51.99 -00.21
52.51 -00.17
53.03 -00.13
53.56 -00.09
54.10 -00.05
54.64 -00.01
55.18 00.03
55.74 00.06
56.29 00.10
56.86 00.13
57.42 00.17
58.00 00.20
58.58 00.23
59.16 00.26
59.76 00.29
60.35 00.32
60.96 00.35
61.57 00.38
62.18 00.41
62.80 00.43
63.43 00.46
64.07 00.48
64.71 00.50
65.35 00.52
66.01 00.54
66.67 00.56
67.33 00.58
68.01 00.60
68.69 00.61
69.37 00.63
70.07 00.65
70.77 00.66
71.48 00.68
72.19 00.69
72.91 00.70
73.64 00.72
74.38 00.73
75.12 00.74
75.87 00.75
76.63 00.76
77.40 00.78
78.17 00.79
78.95 00.80
79.74 00.81
80.54 00.82
81.35 00.83
82.16 00.84
82.98 00.85
83.81 00.86
84.65 00.87
85.50 00.88
86.35 00.90
87.22 00.91
88.09 00.93
88.97 00.94
89.86 00.96
90.76 00.98
91.66 01.00
92.58 01.02
93.51 01.03
94.44 01.05
95.39 01.07
96.34 01.09
97.30 01.11
98.28 01.12
99.26 01.14
100.25 01.16
101.25 01.17
102.27 01.19
103.29 01.20
104.32 01.22
105.37 01.23
106.42 01.24
107.48 01.25
108.56 01.26
109.64 01.27
110.74 01.27
111.85 01.28
112.97 01.28
114.10 01.28
115.24 01.28
116.39 01.29
117.55 01.29
118.73 01.29
119.92 01.29
121.12 01.29
122.33 01.29
123.55 01.29
124.79 01.29
126.03 01.29
127.29 01.29
128.57 01.29
129.85 01.29
131.15 01.29
132.46 01.29
133.79 01.29
135.12 01.29
136.48 01.28
137.84 01.28
139.22 01.28
140.61 01.28
142.02 01.28
143.44 01.27
144.87 01.27
146.32 01.26
147.78 01.26
149.26 01.25
150.75 01.24
152.26 01.23
153.78 01.22
155.32 01.21
156.88 01.19
158.44 01.18
160.03 01.16
161.63 01.15
163.24 01.14
164.88 01.14
166.53 01.13
168.19 01.11
169.87 01.10
171.57 01.09
173.29 01.07
175.02 01.05
176.77 01.04
178.54 01.01
180.32 00.98
182.13 00.96
183.95 00.93
185.79 00.90
187.65 00.87
189.52 00.84
191.42 00.81
193.33 00.78
195.27 00.75
197.22 00.71
199.19 00.68
201.18 00.64
203.19 00.60
205.23 00.55
207.28 00.51
209.35 00.46
211.44 00.42
213.56 00.37
215.69 00.33
217.85 00.30
220.03 00.26
222.23 00.24
224.45 00.23
226.70 00.22
228.96 00.22
231.25 00.23
233.57 00.24
235.90 00.25
238.26 00.27
240.64 00.29
243.05 00.30
245.48 00.31
247.93 00.33
250.41 00.34
252.92 00.34
255.45 00.35
258.00 00.35
260.58 00.35
263.19 00.36
265.82 00.35
268.48 00.36
271.16 00.36
273.87 00.36
276.61 00.37
279.38 00.37
282.17 00.37
284.99 00.37
287.84 00.37
290.72 00.36
293.63 00.36
296.57 00.36
299.53 00.34
302.53 00.32
305.55 00.29
308.61 00.27
311.69 00.24
314.81 00.19
317.96 00.16
321.14 00.11
324.35 00.07
327.59 00.03
330.87 -00.02
334.18 -00.07
337.52 -00.11
340.90 -00.15
344.30 -00.19
347.75 -00.22
351.23 -00.25
354.74 -00.27
358.28 -00.30
361.87 -00.32
365.49 -00.35
369.14 -00.37
372.83 -00.40
376.56 -00.44
380.33 -00.47
384.13 -00.51
387.97 -00.55
391.85 -00.61
395.77 -00.65
399.73 -00.71
403.72 -00.77
407.76 -00.84
411.84 -00.91
415.96 -00.98
420.12 -01.04
424.32 -01.12
428.56 -01.18
432.85 -01.23
437.18 -01.30
441.55 -01.34
445.96 -01.38
450.42 -01.43
454.93 -01.45
459.48 -01.47
464.07 -01.48
468.71 -01.48
473.40 -01.46
478.13 -01.45
482.91 -01.43
487.74 -01.40
492.62 -01.36
497.55 -01.33
502.52 -01.29
507.55 -01.24
512.62 -01.19
517.75 -01.14
522.93 -01.08
528.16 -01.03
533.44 -00.96
538.77 -00.91
544.16 -00.85
549.60 -00.78
555.10 -00.73
560.65 -00.66
566.25 -00.60
571.92 -00.54
577.64 -00.49
583.41 -00.43
589.25 -00.38
595.14 -00.32
601.09 -00.26
607.10 -00.21
613.17 -00.15
619.30 -00.10
625.50 -00.04
631.75 00.02
638.07 00.06
644.45 00.11
650.89 00.14
657.40 00.17
663.98 00.20
670.62 00.22
677.32 00.24
684.10 00.27
690.94 00.28
697.85 00.30
704.83 00.31
711.87 00.31
718.99 00.33
726.18 00.33
733.44 00.33
740.78 00.33
748.19 00.35
755.67 00.35
763.23 00.35
770.86 00.36
778.57 00.37
786.35 00.38
794.22 00.39
802.16 00.41
810.18 00.42
818.28 00.44
826.46 00.45
834.73 00.48
843.08 00.49
851.51 00.50
860.02 00.51
868.62 00.52
877.31 00.55
886.08 00.56
894.94 00.58
903.89 00.59
912.93 00.62
922.06 00.65
931.28 00.69
940.59 00.72
950.00 00.75
959.50 00.78
969.09 00.80
978.78 00.81
988.57 00.82
998.46 00.80
1008.44 00.79
1018.53 00.76
1028.71 00.71
1039.00 00.66
1049.39 00.60
1059.88 00.51
1070.48 00.43
1081.19 00.34
1092.00 00.25
1102.92 00.18
1113.95 00.13
1125.09 00.09
1136.34 00.04
1147.70 00.01
1159.18 -00.01
1170.77 -00.04
1182.48 -00.07
1194.30 -00.09
1206.25 -00.11
1218.31 -00.13
1230.49 -00.16
1242.80 -00.20
1255.22 -00.26
1267.78 -00.31
1280.45 -00.36
1293.26 -00.40
1306.19 -00.43
1319.25 -00.46
1332.45 -00.49
1345.77 -00.50
1359.23 -00.53
1372.82 -00.55
1386.55 -00.58
1400.41 -00.61
1414.42 -00.64
1428.56 -00.66
1442.85 -00.68
1457.28 -00.71
1471.85 -00.73
1486.57 -00.76
1501.43 -00.79
1516.45 -00.81
1531.61 -00.83
1546.93 -00.85
1562.40 -00.87
1578.02 -00.89
1593.80 -00.91
1609.74 -00.91
1625.84 -00.93
1642.10 -00.94
1658.52 -00.94
1675.10 -00.95
1691.85 -00.95
1708.77 -00.94
1725.86 -00.93
1743.12 -00.91
1760.55 -00.91
1778.15 -00.92
1795.94 -00.93
1813.90 -00.96
1832.03 -00.99
1850.36 -01.02
1868.86 -01.05
1887.55 -01.08
1906.42 -01.12
1925.49 -01.17
1944.74 -01.23
1964.19 -01.30
1983.83 -01.36
2003.67 -01.42
2023.71 -01.49
2043.94 -01.56
2064.38 -01.66
2085.03 -01.78
2105.88 -01.92
2126.94 -02.09
2148.20 -02.27
2169.69 -02.47
2191.38 -02.67
2213.30 -02.87
2235.43 -03.07
2257.78 -03.27
2280.36 -03.45
2303.17 -03.60
2326.20 -03.71
2349.46 -03.80
2372.95 -03.84
2396.68 -03.84
2420.65 -03.82
2444.86 -03.77
2469.31 -03.70
2494.00 -03.63
2518.94 -03.55
2544.13 -03.49
2569.57 -03.44
2595.27 -03.40
2621.22 -03.38
2647.43 -03.36
2673.90 -03.34
2700.64 -03.31
2727.65 -03.29
2754.93 -03.27
2782.48 -03.25
2810.30 -03.21
2838.40 -03.16
2866.79 -03.11
2895.46 -03.04
2924.41 -02.98
2953.65 -02.91
2983.19 -02.85
3013.02 -02.80
3043.15 -02.76
3073.58 -02.73
3104.32 -02.69
3135.36 -02.68
3166.72 -02.66
3198.38 -02.65
3230.37 -02.64
3262.67 -02.64
3295.30 -02.63
3328.25 -02.63
3361.53 -02.63
3395.15 -02.63
3429.10 -02.61
3463.39 -02.59
3498.03 -02.58
3533.01 -02.56
3568.34 -02.54
3604.02 -02.54
3640.06 -02.55
3676.46 -02.57
3713.22 -02.59
3750.36 -02.62
3787.86 -02.65
3825.74 -02.71
3864.00 -02.78
3902.64 -02.86
3941.66 -02.97
3981.08 -03.08
4020.89 -03.21
4061.10 -03.36
4101.71 -03.53
4142.73 -03.73
4184.15 -03.95
4226.00 -04.19
4268.26 -04.45
4310.94 -04.68
4354.05 -04.88
4397.59 -05.01
4441.56 -05.05
4485.98 -04.96
4530.84 -04.73
4576.15 -04.35
4621.91 -03.83
4668.13 -03.20
4714.81 -02.49
4761.96 -01.76
4809.58 -01.03
4857.67 -00.34
4906.25 00.28
4955.31 00.83
5004.87 01.29
5054.91 01.65
5105.46 01.90
5156.52 01.96
5208.08 01.87
5260.16 01.68
5312.77 01.39
5365.89 00.99
5419.55 00.48
5473.75 -00.14
5528.49 -00.89
5583.77 -01.75
5639.61 -02.74
5696.00 -03.82
5752.96 -04.96
5810.49 -06.13
5868.60 -07.26
5927.28 -08.32
5986.56 -09.26
6046.42 -09.80
6106.89 -10.07
6167.96 -10.12
6229.64 -09.97
6291.93 -09.64
6354.85 -09.17
6418.40 -08.58
6482.58 -07.87
6547.41 -07.10
6612.88 -06.25
6679.01 -05.34
6745.80 -04.41
6813.26 -03.45
6881.39 -02.50
6950.21 -01.55
7019.71 -00.63
7089.91 00.25
7160.81 01.07
7232.41 01.84
7304.74 02.40
7377.79 02.89
7451.56 03.32
7526.08 03.68
7601.34 03.96
7677.35 04.17
7754.13 04.29
7831.67 04.33
7909.98 04.30
7989.08 04.21
8068.98 04.06
8149.67 03.85
8231.16 03.58
8313.47 03.27
8396.61 02.91
8480.57 02.53
8565.38 02.16
8651.03 01.81
8737.54 01.48
8824.92 01.16
8913.17 00.83
9002.30 00.49
9092.32 00.12
9183.25 -00.27
9275.08 -00.70
9367.83 -01.16
9461.51 -01.65
9556.12 -02.15
9651.68 -02.62
9748.20 -03.00
9845.68 -03.19
9944.14 -03.14
10043.58 -02.83
10144.02 -02.33
10245.46 -01.73
10347.91 -01.04
10451.39 -00.41
10555.91 00.12
10661.46 00.53
10768.08 00.82
10875.76 01.04
10984.52 01.22
11094.36 01.39
11205.31 01.59
11317.36 01.85
11430.53 02.22
11544.84 02.68
11660.29 03.25
11776.89 03.86
11894.66 04.49
12013.60 05.10
12133.74 05.68
12255.08 06.20
12377.63 06.68
12501.41 07.11
12626.42 07.52
12752.68 07.92
12880.21 08.28
13009.01 08.61
13139.10 08.86
13270.49 09.02
13403.20 09.06
13537.23 09.01
13672.60 08.87
13809.33 08.67
13947.42 08.40
14086.90 08.06
14227.77 07.65
14370.04 07.15
14513.74 06.53
14658.88 05.75
14805.47 05.04
14953.52 04.57
15103.06 04.38
15254.09 04.41
15406.63 04.51
15560.70 04.60
15716.30 04.63
15873.47 04.55
16032.20 04.33
16192.52 03.94
16354.45 03.41
16517.99 02.78
16683.17 02.12
16850.01 01.48
17018.51 00.88
17188.69 00.27
17360.58 -00.38
17534.18 -01.11
17709.53 -01.96
17886.62 -02.88
18065.49 -03.81
18246.14 -04.65
18428.60 -05.38
18612.89 -06.06
18799.02 -06.80
18987.01 -07.59
19176.88 -08.36
19368.65 -09.04
19562.33 -09.60
19757.96 -10.11
19955.54 -10.64
20000.00 -10.77
