20.00 01.19
20.20 01.24
20.40 01.29
20.61 01.34
20.81 01.39
21.02 01.43
21.23 01.47
21.44 01.50
21.66 01.54
21.87 01.57
22.09 01.60
22.31 01.63
22.54 01.65
22.76 01.68
22.99 01.71
23.22 01.74
23.45 01.76
23.69 01.79
23.92 01.82
24.16 01.84
24.40 01.87
24.65 01.90
24.89 01.92
25.14 01.95
25.39 01.97
25.65 02.00
25.91 02.02
26.16 02.05
26.43 02.07
26.69 02.10
26.96 02.12
27.23 02.14
27.50 02.17
27.77 02.19
28.05 02.21
28.33 02.23
28.62 02.25
28.90 02.28
29.19 02.30
29.48 02.32
29.78 02.34
30.08 02.36
30.38 02.37
30.68 02.39
30.99 02.41
31.30 02.43
31.61 02.45
31.93 02.47
32.24 02.48
32.57 02.50
32.89 02.52
33.22 02.54
33.55 02.56
33.89 02.58
34.23 02.60
34.57 02.62
34.92 02.64
35.27 02.66
35.62 02.68
35.97 02.70
36.33 02.72
36.70 02.73
37.06 02.75
37.43 02.77
37.81 02.78
38.19 02.80
38.57 02.81
38.95 02.82
39.34 02.84
39.74 02.85
40.14 02.86
40.54 02.87
40.94 02.88
41.35 02.89
41.76 02.90
42.18 02.90
42.60 02.91
43.03 02.91
43.46 02.91
43.90 02.90
44.33 02.90
44.78 02.89
45.23 02.88
45.68 02.87
46.13 02.86
46.60 02.84
47.06 02.83
47.53 02.82
48.01 02.80
48.49 02.79
48.97 02.77
49.46 02.76
49.96 02.75
50.46 02.73
50.96 02.72
51.47 02.70
51.99 02.69
52.51 02.68
53.03 02.67
53.56 02.66
54.10 02.65
54.64 02.64
55.18 02.63
55.74 02.62
56.29 02.61
56.86 02.60
57.42 02.60
58.00 02.59
58.58 02.58
59.16 02.58
59.76 02.57
60.35 02.56
60.96 02.55
61.57 02.54
62.18 02.54
62.80 02.52
63.43 02.51
64.07 02.50
64.71 02.49
65.35 02.47
66.01 02.45
66.67 02.44
67.33 02.42
68.01 02.40
68.69 02.38
69.37 02.35
70.07 02.33
70.77 02.31
71.48 02.29
72.19 02.26
72.91 02.24
73.64 02.21
74.38 02.19
75.12 02.16
75.87 02.13
76.63 02.11
77.40 02.08
78.17 02.05
78.95 02.02
79.74 01.99
80.54 01.96
81.35 01.93
82.16 01.90
82.98 01.87
83.81 01.84
84.65 01.81
85.50 01.78
86.35 01.75
87.22 01.72
88.09 01.69
88.97 01.66
89.86 01.63
90.76 01.60
91.66 01.57
92.58 01.54
93.51 01.51
94.44 01.48
95.39 01.45
96.34 01.42
97.30 01.39
98.28 01.36
99.26 01.33
100.25 01.29
101.25 01.26
102.27 01.23
103.29 01.20
104.32 01.17
105.37 01.13
106.42 01.10
107.48 01.07
108.56 01.03
109.64 01.00
110.74 00.97
111.85 00.93
112.97 00.90
114.10 00.86
115.24 00.83
116.39 00.79
117.55 00.75
118.73 00.71
119.92 00.67
121.12 00.63
122.33 00.59
123.55 00.55
124.79 00.51
126.03 00.47
127.29 00.42
128.57 00.38
129.85 00.33
131.15 00.28
132.46 00.24
133.79 00.19
135.12 00.14
136.48 00.09
137.84 00.04
139.22 -00.01
140.61 -00.07
142.02 -00.12
143.44 -00.17
144.87 -00.22
146.32 -00.27
147.78 -00.31
149.26 -00.36
150.75 -00.40
152.26 -00.45
153.78 -00.49
155.32 -00.54
156.88 -00.59
158.44 -00.65
160.03 -00.71
161.63 -00.76
163.24 -00.82
164.88 -00.87
166.53 -00.94
168.19 -01.00
169.87 -01.07
171.57 -01.12
173.29 -01.19
175.02 -01.25
176.77 -01.30
178.54 -01.37
180.32 -01.44
182.13 -01.50
183.95 -01.58
185.79 -01.67
187.65 -01.76
189.52 -01.87
191.42 -01.99
193.33 -02.12
195.27 -02.25
197.22 -02.38
199.19 -02.50
201.18 -02.62
203.19 -02.73
205.23 -02.83
207.28 -02.91
209.35 -02.98
211.44 -03.03
213.56 -03.08
215.69 -03.10
217.85 -03.12
220.03 -03.14
222.23 -03.15
224.45 -03.16
226.70 -03.18
228.96 -03.20
231.25 -03.21
233.57 -03.22
235.90 -03.23
238.26 -03.24
240.64 -03.24
243.05 -03.24
245.48 -03.24
247.93 -03.23
250.41 -03.22
252.92 -03.22
255.45 -03.20
258.00 -03.20
260.58 -03.20
263.19 -03.20
265.82 -03.21
268.48 -03.22
271.16 -03.23
273.87 -03.25
276.61 -03.26
279.38 -03.28
282.17 -03.30
284.99 -03.33
287.84 -03.35
290.72 -03.38
293.63 -03.41
296.57 -03.44
299.53 -03.48
302.53 -03.52
305.55 -03.56
308.61 -03.60
311.69 -03.63
314.81 -03.67
317.96 -03.70
321.14 -03.73
324.35 -03.74
327.59 -03.77
330.87 -03.79
334.18 -03.80
337.52 -03.81
340.90 -03.83
344.30 -03.86
347.75 -03.88
351.23 -03.91
354.74 -03.95
358.28 -03.99
361.87 -04.03
365.49 -04.09
369.14 -04.14
372.83 -04.20
376.56 -04.25
380.33 -04.29
384.13 -04.32
387.97 -04.33
391.85 -04.33
395.77 -04.29
399.73 -04.23
403.72 -04.13
407.76 -04.01
411.84 -03.85
415.96 -03.67
420.12 -03.46
424.32 -03.23
428.56 -02.98
432.85 -02.72
437.18 -02.46
441.55 -02.19
445.96 -01.93
450.42 -01.67
454.93 -01.42
459.48 -01.19
464.07 -00.98
468.71 -00.78
473.40 -00.59
478.13 -00.42
482.91 -00.26
487.74 -00.12
492.62 00.02
497.55 00.14
502.52 00.25
507.55 00.36
512.62 00.45
517.75 00.53
522.93 00.62
528.16 00.69
533.44 00.76
538.77 00.82
544.16 00.88
549.60 00.94
555.10 00.98
560.65 01.03
566.25 01.07
571.92 01.12
577.64 01.16
583.41 01.20
589.25 01.23
595.14 01.27
601.09 01.30
607.10 01.31
613.17 01.33
619.30 01.33
625.50 01.34
631.75 01.33
638.07 01.29
644.45 01.25
650.89 01.17
657.40 01.07
663.98 00.98
670.62 00.87
677.32 00.76
684.10 00.66
690.94 00.55
697.85 00.47
704.83 00.38
711.87 00.31
718.99 00.26
726.18 00.21
733.44 00.18
740.78 00.16
748.19 00.16
755.67 00.15
763.23 00.14
770.86 00.15
778.57 00.14
786.35 00.12
794.22 00.11
802.16 00.10
810.18 00.08
818.28 00.06
826.46 00.04
834.73 00.03
843.08 00.01
851.51 00.00
860.02 -00.01
868.62 -00.02
877.31 -00.01
886.08 -00.01
894.94 -00.01
903.89 -00.02
912.93 00.00
922.06 00.01
931.28 00.03
940.59 00.03
950.00 00.05
959.50 00.05
969.09 00.05
978.78 00.06
988.57 00.06
998.46 00.04
1008.44 00.04
1018.53 00.03
1028.71 00.02
1039.00 00.01
1049.39 00.00
1059.88 -00.02
1070.48 -00.03
1081.19 -00.05
1092.00 -00.07
1102.92 -00.09
1113.95 -00.10
1125.09 -00.13
1136.34 -00.16
1147.70 -00.19
1159.18 -00.23
1170.77 -00.28
1182.48 -00.34
1194.30 -00.40
1206.25 -00.47
1218.31 -00.55
1230.49 -00.63
1242.80 -00.71
1255.22 -00.81
1267.78 -00.91
1280.45 -01.01
1293.26 -01.11
1306.19 -01.21
1319.25 -01.31
1332.45 -01.43
1345.77 -01.54
1359.23 -01.66
1372.82 -01.78
1386.55 -01.90
1400.41 -02.02
1414.42 -02.15
1428.56 -02.28
1442.85 -02.41
1457.28 -02.53
1471.85 -02.66
1486.57 -02.79
1501.43 -02.92
1516.45 -03.05
1531.61 -03.16
1546.93 -03.29
1562.40 -03.41
1578.02 -03.54
1593.80 -03.66
1609.74 -03.77
1625.84 -03.90
1642.10 -04.02
1658.52 -04.13
1675.10 -04.26
1691.85 -04.38
1708.77 -04.50
1725.86 -04.62
1743.12 -04.73
1760.55 -04.86
1778.15 -04.98
1795.94 -05.09
1813.90 -05.21
1832.03 -05.33
1850.36 -05.44
1868.86 -05.55
1887.55 -05.66
1906.42 -05.76
1925.49 -05.86
1944.74 -05.96
1964.19 -06.05
1983.83 -06.12
2003.67 -06.19
2023.71 -06.24
2043.94 -06.30
2064.38 -06.34
2085.03 -06.39
2105.88 -06.42
2126.94 -06.46
2148.20 -06.51
2169.69 -06.57
2191.38 -06.63
2213.30 -06.70
2235.43 -06.78
2257.78 -06.87
2280.36 -06.97
2303.17 -07.08
2326.20 -07.18
2349.46 -07.28
2372.95 -07.36
2396.68 -07.39
2420.65 -07.37
2444.86 -07.27
2469.31 -07.06
2494.00 -06.77
2518.94 -06.39
2544.13 -05.97
2569.57 -05.54
2595.27 -05.11
2621.22 -04.71
2647.43 -04.36
2673.90 -04.05
2700.64 -03.78
2727.65 -03.58
2754.93 -03.44
2782.48 -03.36
2810.30 -03.32
2838.40 -03.36
2866.79 -03.43
2895.46 -03.53
2924.41 -03.66
2953.65 -03.79
2983.19 -03.93
3013.02 -04.08
3043.15 -04.21
3073.58 -04.35
3104.32 -04.46
3135.36 -04.59
3166.72 -04.69
3198.38 -04.81
3230.37 -04.91
3262.67 -05.02
3295.30 -05.12
3328.25 -05.23
3361.53 -05.34
3395.15 -05.45
3429.10 -05.56
3463.39 -05.67
3498.03 -05.78
3533.01 -05.88
3568.34 -05.98
3604.02 -06.07
3640.06 -06.16
3676.46 -06.25
3713.22 -06.34
3750.36 -06.42
3787.86 -06.49
3825.74 -06.56
3864.00 -06.63
3902.64 -06.70
3941.66 -06.77
3981.08 -06.85
4020.89 -06.93
4061.10 -07.02
4101.71 -07.11
4142.73 -07.21
4184.15 -07.30
4226.00 -07.39
4268.26 -07.46
4310.94 -07.50
4354.05 -07.52
4397.59 -07.48
4441.56 -07.39
4485.98 -07.23
4530.84 -07.00
4576.15 -06.70
4621.91 -06.35
4668.13 -05.97
4714.81 -05.57
4761.96 -05.16
4809.58 -04.77
4857.67 -04.40
4906.25 -04.06
4955.31 -03.76
5004.87 -03.50
5054.91 -03.29
5105.46 -03.12
5156.52 -03.08
5208.08 -03.12
5260.16 -03.20
5312.77 -03.31
5365.89 -03.46
5419.55 -03.62
5473.75 -03.81
5528.49 -04.01
5583.77 -04.21
5639.61 -04.43
5696.00 -04.65
5752.96 -04.88
5810.49 -05.11
5868.60 -05.35
5927.28 -05.60
5986.56 -05.86
6046.42 -05.92
6106.89 -05.92
6167.96 -05.94
6229.64 -05.97
6291.93 -06.01
6354.85 -06.05
6418.40 -06.10
6482.58 -06.12
6547.41 -06.15
6612.88 -06.14
6679.01 -06.11
6745.80 -06.06
6813.26 -05.98
6881.39 -05.89
6950.21 -05.77
7019.71 -05.64
7089.91 -05.50
7160.81 -05.35
7232.41 -05.19
7304.74 -05.17
7377.79 -05.18
7451.56 -05.18
7526.08 -05.17
7601.34 -05.17
7677.35 -05.16
7754.13 -05.15
7831.67 -05.14
7909.98 -05.14
7989.08 -05.14
8068.98 -05.16
8149.67 -05.18
8231.16 -05.22
8313.47 -05.27
8396.61 -05.33
8480.57 -05.40
8565.38 -05.49
8651.03 -05.59
8737.54 -05.71
8824.92 -05.83
8913.17 -05.97
9002.30 -06.11
9092.32 -06.26
9183.25 -06.40
9275.08 -06.55
9367.83 -06.67
9461.51 -06.78
9556.12 -06.85
9651.68 -06.87
9748.20 -06.82
9845.68 -06.72
9944.14 -06.55
10043.58 -06.33
10144.02 -06.09
10245.46 -05.85
10347.91 -05.53
10451.39 -05.23
10555.91 -04.95
10661.46 -04.71
10768.08 -04.51
10875.76 -04.34
10984.52 -04.18
11094.36 -04.05
11205.31 -03.92
11317.36 -03.78
11430.53 -03.61
11544.84 -03.42
11660.29 -03.21
11776.89 -03.01
11894.66 -02.82
12013.60 -02.68
12133.74 -02.59
12255.08 -02.55
12377.63 -02.58
12501.41 -02.68
12626.42 -02.85
12752.68 -03.09
12880.21 -03.43
13009.01 -03.84
13139.10 -04.32
13270.49 -04.85
13403.20 -05.38
13537.23 -05.88
13672.60 -06.34
13809.33 -06.72
13947.42 -07.04
14086.90 -07.28
14227.77 -07.44
14370.04 -07.55
14513.74 -07.65
14658.88 -07.84
14805.47 -07.99
14953.52 -08.07
15103.06 -08.07
15254.09 -07.97
15406.63 -07.80
15560.70 -07.56
15716.30 -07.27
15873.47 -06.93
16032.20 -06.57
16192.52 -06.19
16354.45 -05.81
16517.99 -05.46
16683.17 -05.16
16850.01 -04.95
17018.51 -04.84
17188.69 -04.83
17360.58 -04.88
17534.18 -04.98
17709.53 -05.08
17886.62 -05.18
18065.49 -05.30
18246.14 -05.46
18428.60 -05.70
18612.89 -06.01
18799.02 -06.40
18987.01 -06.82
19176.88 -07.23
19368.65 -07.67
19562.33 -08.16
19757.96 -08.75
19955.54 -09.53
20000.00 -09.75
