20.00 00.47
20.20 00.52
20.40 00.57
20.61 00.61
20.81 00.65
21.02 00.69
21.23 00.73
21.44 00.76
21.66 00.80
21.87 00.83
22.09 00.86
22.31 00.89
22.54 00.92
22.76 00.94
22.99 00.97
23.22 01.00
23.45 01.02
23.69 01.05
23.92 01.08
24.16 01.10
24.40 01.13
24.65 01.15
24.89 01.18
25.14 01.20
25.39 01.23
25.65 01.25
25.91 01.27
26.16 01.29
26.43 01.32
26.69 01.34
26.96 01.36
27.23 01.38
27.50 01.40
27.77 01.42
28.05 01.44
28.33 01.45
28.62 01.47
28.90 01.49
29.19 01.50
29.48 01.52
29.78 01.53
30.08 01.55
30.38 01.56
30.68 01.57
30.99 01.58
31.30 01.59
31.61 01.60
31.93 01.61
32.24 01.62
32.57 01.63
32.89 01.64
33.22 01.64
33.55 01.65
33.89 01.66
34.23 01.66
34.57 01.67
34.92 01.67
35.27 01.68
35.62 01.69
35.97 01.69
36.33 01.70
36.70 01.70
37.06 01.71
37.43 01.71
37.81 01.72
38.19 01.72
38.57 01.72
38.95 01.73
39.34 01.73
39.74 01.74
40.14 01.74
40.54 01.74
40.94 01.75
41.35 01.75
41.76 01.75
42.18 01.76
42.60 01.76
43.03 01.76
43.46 01.76
43.90 01.77
44.33 01.77
44.78 01.77
45.23 01.77
45.68 01.77
46.13 01.77
46.60 01.77
47.06 01.78
47.53 01.78
48.01 01.78
48.49 01.78
48.97 01.78
49.46 01.78
49.96 01.78
50.46 01.78
50.96 01.78
51.47 01.78
51.99 01.78
52.51 01.79
53.03 01.79
53.56 01.80
54.10 01.81
54.64 01.82
55.18 01.83
55.74 01.84
56.29 01.85
56.86 01.86
57.42 01.88
58.00 01.90
58.58 01.91
59.16 01.93
59.76 01.95
60.35 01.96
60.96 01.98
61.57 02.00
62.18 02.01
62.80 02.02
63.43 02.03
64.07 02.04
64.71 02.05
65.35 02.05
66.01 02.05
66.67 02.05
67.33 02.05
68.01 02.05
68.69 02.05
69.37 02.04
70.07 02.03
70.77 02.03
71.48 02.02
72.19 02.01
72.91 02.01
73.64 02.00
74.38 01.99
75.12 01.98
75.87 01.97
76.63 01.96
77.40 01.94
78.17 01.93
78.95 01.92
79.74 01.90
80.54 01.89
81.35 01.88
82.16 01.86
82.98 01.85
83.81 01.84
84.65 01.83
85.50 01.81
86.35 01.80
87.22 01.79
88.09 01.78
88.97 01.77
89.86 01.76
90.76 01.75
91.66 01.75
92.58 01.74
93.51 01.73
94.44 01.72
95.39 01.71
96.34 01.70
97.30 01.69
98.28 01.69
99.26 01.68
100.25 01.67
101.25 01.66
102.27 01.65
103.29 01.64
104.32 01.63
105.37 01.63
106.42 01.62
107.48 01.61
108.56 01.60
109.64 01.60
110.74 01.59
111.85 01.58
112.97 01.58
114.10 01.57
115.24 01.57
116.39 01.56
117.55 01.56
118.73 01.56
119.92 01.55
121.12 01.55
122.33 01.55
123.55 01.55
124.79 01.54
126.03 01.54
127.29 01.54
128.57 01.54
129.85 01.54
131.15 01.54
132.46 01.53
133.79 01.53
135.12 01.53
136.48 01.53
137.84 01.53
139.22 01.52
140.61 01.52
142.02 01.52
143.44 01.52
144.87 01.51
146.32 01.51
147.78 01.51
149.26 01.51
150.75 01.51
152.26 01.50
153.78 01.50
155.32 01.50
156.88 01.50
158.44 01.51
160.03 01.51
161.63 01.52
163.24 01.54
164.88 01.56
166.53 01.58
168.19 01.59
169.87 01.61
171.57 01.63
173.29 01.65
175.02 01.67
176.77 01.69
178.54 01.71
180.32 01.73
182.13 01.76
183.95 01.77
185.79 01.79
187.65 01.82
189.52 01.84
191.42 01.87
193.33 01.90
195.27 01.93
197.22 01.95
199.19 01.99
201.18 02.01
203.19 02.05
205.23 02.07
207.28 02.11
209.35 02.13
211.44 02.17
213.56 02.19
215.69 02.22
217.85 02.25
220.03 02.28
222.23 02.31
224.45 02.34
226.70 02.36
228.96 02.38
231.25 02.41
233.57 02.43
235.90 02.45
238.26 02.47
240.64 02.50
243.05 02.52
245.48 02.55
247.93 02.59
250.41 02.63
252.92 02.68
255.45 02.74
258.00 02.80
260.58 02.85
263.19 02.92
265.82 02.97
268.48 03.02
271.16 03.07
273.87 03.11
276.61 03.16
279.38 03.18
282.17 03.21
284.99 03.22
287.84 03.23
290.72 03.23
293.63 03.24
296.57 03.25
299.53 03.23
302.53 03.23
305.55 03.20
308.61 03.18
311.69 03.15
314.81 03.10
317.96 03.05
321.14 02.99
324.35 02.94
327.59 02.87
330.87 02.81
334.18 02.75
337.52 02.70
340.90 02.65
344.30 02.60
347.75 02.56
351.23 02.53
354.74 02.50
358.28 02.48
361.87 02.48
365.49 02.46
369.14 02.46
372.83 02.45
376.56 02.44
380.33 02.45
384.13 02.44
387.97 02.45
391.85 02.45
395.77 02.46
399.73 02.46
403.72 02.48
407.76 02.49
411.84 02.50
415.96 02.51
420.12 02.54
424.32 02.55
428.56 02.58
432.85 02.62
437.18 02.64
441.55 02.68
445.96 02.72
450.42 02.76
454.93 02.81
459.48 02.85
464.07 02.90
468.71 02.95
473.40 03.02
478.13 03.09
482.91 03.16
487.74 03.24
492.62 03.34
497.55 03.44
502.52 03.54
507.55 03.65
512.62 03.76
517.75 03.86
522.93 03.99
528.16 04.10
533.44 04.21
538.77 04.32
544.16 04.42
549.60 04.53
555.10 04.62
560.65 04.71
566.25 04.78
571.92 04.85
577.64 04.89
583.41 04.92
589.25 04.92
595.14 04.91
601.09 04.86
607.10 04.77
613.17 04.66
619.30 04.50
625.50 04.30
631.75 04.07
638.07 03.79
644.45 03.48
650.89 03.11
657.40 02.71
663.98 02.29
670.62 01.85
677.32 01.41
684.10 00.98
690.94 00.57
697.85 00.20
704.83 -00.15
711.87 -00.45
718.99 -00.70
726.18 -00.92
733.44 -01.09
740.78 -01.22
748.19 -01.31
755.67 -01.37
763.23 -01.42
770.86 -01.44
778.57 -01.44
786.35 -01.42
794.22 -01.38
802.16 -01.31
810.18 -01.24
818.28 -01.15
826.46 -01.05
834.73 -00.93
843.08 -00.81
851.51 -00.68
860.02 -00.53
868.62 -00.38
877.31 -00.20
886.08 -00.03
894.94 00.14
903.89 00.31
912.93 00.50
922.06 00.66
931.28 00.81
940.59 00.93
950.00 01.01
959.50 01.06
969.09 01.06
978.78 01.02
988.57 00.94
998.46 00.80
1008.44 00.64
1018.53 00.44
1028.71 00.21
1039.00 -00.04
1049.39 -00.31
1059.88 -00.60
1070.48 -00.89
1081.19 -01.16
1092.00 -01.42
1102.92 -01.65
1113.95 -01.85
1125.09 -02.05
1136.34 -02.24
1147.70 -02.42
1159.18 -02.58
1170.77 -02.73
1182.48 -02.87
1194.30 -02.98
1206.25 -03.09
1218.31 -03.20
1230.49 -03.32
1242.80 -03.45
1255.22 -03.59
1267.78 -03.71
1280.45 -03.83
1293.26 -03.92
1306.19 -04.00
1319.25 -04.07
1332.45 -04.14
1345.77 -04.19
1359.23 -04.23
1372.82 -04.25
1386.55 -04.26
1400.41 -04.28
1414.42 -04.32
1428.56 -04.39
1442.85 -04.49
1457.28 -04.63
1471.85 -04.80
1486.57 -05.00
1501.43 -05.22
1516.45 -05.46
1531.61 -05.72
1546.93 -05.99
1562.40 -06.26
1578.02 -06.51
1593.80 -06.73
1609.74 -06.91
1625.84 -07.07
1642.10 -07.24
1658.52 -07.39
1675.10 -07.54
1691.85 -07.66
1708.77 -07.74
1725.86 -07.78
1743.12 -07.79
1760.55 -07.78
1778.15 -07.75
1795.94 -07.69
1813.90 -07.63
1832.03 -07.52
1850.36 -07.39
1868.86 -07.22
1887.55 -07.04
1906.42 -06.87
1925.49 -06.72
1944.74 -06.58
1964.19 -06.45
1983.83 -06.31
2003.67 -06.18
2023.71 -06.04
2043.94 -05.91
2064.38 -05.79
2085.03 -05.68
2105.88 -05.57
2126.94 -05.47
2148.20 -05.37
2169.69 -05.23
2191.38 -05.09
2213.30 -04.93
2235.43 -04.76
2257.78 -04.60
2280.36 -04.43
2303.17 -04.25
2326.20 -04.05
2349.46 -03.85
2372.95 -03.65
2396.68 -03.45
2420.65 -03.26
2444.86 -03.07
2469.31 -02.88
2494.00 -02.69
2518.94 -02.50
2544.13 -02.31
2569.57 -02.14
2595.27 -01.97
2621.22 -01.81
2647.43 -01.66
2673.90 -01.50
2700.64 -01.35
2727.65 -01.21
2754.93 -01.06
2782.48 -00.91
2810.30 -00.74
2838.40 -00.58
2866.79 -00.42
2895.46 -00.27
2924.41 -00.13
2953.65 00.03
2983.19 00.18
3013.02 00.33
3043.15 00.49
3073.58 00.63
3104.32 00.78
3135.36 00.89
3166.72 01.01
3198.38 01.10
3230.37 01.20
3262.67 01.28
3295.30 01.36
3328.25 01.43
3361.53 01.50
3395.15 01.56
3429.10 01.63
3463.39 01.71
3498.03 01.78
3533.01 01.86
3568.34 01.95
3604.02 02.03
3640.06 02.11
3676.46 02.16
3713.22 02.20
3750.36 02.21
3787.86 02.22
3825.74 02.21
3864.00 02.19
3902.64 02.16
3941.66 02.12
3981.08 02.06
4020.89 01.98
4061.10 01.88
4101.71 01.77
4142.73 01.65
4184.15 01.51
4226.00 01.36
4268.26 01.18
4310.94 00.98
4354.05 00.75
4397.59 00.51
4441.56 00.26
4485.98 00.02
4530.84 -00.18
4576.15 -00.33
4621.91 -00.42
4668.13 -00.46
4714.81 -00.47
4761.96 -00.46
4809.58 -00.44
4857.67 -00.40
4906.25 -00.34
4955.31 -00.27
5004.87 -00.21
5054.91 -00.16
5105.46 -00.13
5156.52 -00.20
5208.08 -00.34
5260.16 -00.50
5312.77 -00.66
5365.89 -00.83
5419.55 -01.00
5473.75 -01.16
5528.49 -01.33
5583.77 -01.48
5639.61 -01.63
5696.00 -01.78
5752.96 -01.91
5810.49 -02.00
5868.60 -02.05
5927.28 -02.06
5986.56 -02.03
6046.42 -01.76
6106.89 -01.38
6167.96 -00.98
6229.64 -00.56
6291.93 -00.12
6354.85 00.32
6418.40 00.78
6482.58 01.24
6547.41 01.69
6612.88 02.14
6679.01 02.58
6745.80 03.00
6813.26 03.42
6881.39 03.81
6950.21 04.18
7019.71 04.52
7089.91 04.83
7160.81 05.12
7232.41 05.37
7304.74 05.45
7377.79 05.48
7451.56 05.48
7526.08 05.45
7601.34 05.39
7677.35 05.30
7754.13 05.19
7831.67 05.05
7909.98 04.90
7989.08 04.75
8068.98 04.58
8149.67 04.40
8231.16 04.23
8313.47 04.05
8396.61 03.89
8480.57 03.75
8565.38 03.63
8651.03 03.55
8737.54 03.50
8824.92 03.49
8913.17 03.51
9002.30 03.57
9092.32 03.65
9183.25 03.74
9275.08 03.83
9367.83 03.90
9461.51 03.95
9556.12 03.97
9651.68 03.95
9748.20 03.89
9845.68 03.77
9944.14 03.61
10043.58 03.38
10144.02 03.11
10245.46 02.82
10347.91 02.59
10451.39 02.35
10555.91 02.10
10661.46 01.84
10768.08 01.59
10875.76 01.33
10984.52 01.09
11094.36 00.86
11205.31 00.62
11317.36 00.39
11430.53 00.13
11544.84 -00.16
11660.29 -00.46
11776.89 -00.79
11894.66 -01.09
12013.60 -01.39
12133.74 -01.68
12255.08 -01.96
12377.63 -02.23
12501.41 -02.49
12626.42 -02.72
12752.68 -02.91
12880.21 -03.07
13009.01 -03.17
13139.10 -03.25
13270.49 -03.32
13403.20 -03.35
13537.23 -03.33
13672.60 -03.26
13809.33 -03.13
13947.42 -02.98
14086.90 -02.80
14227.77 -02.60
14370.04 -02.41
14513.74 -02.26
14658.88 -02.27
14805.47 -02.27
14953.52 -02.25
15103.06 -02.19
15254.09 -02.08
15406.63 -01.93
15560.70 -01.71
15716.30 -01.43
15873.47 -01.11
16032.20 -00.76
16192.52 -00.40
16354.45 -00.06
16517.99 00.23
16683.17 00.44
16850.01 00.56
17018.51 00.57
17188.69 00.49
17360.58 00.33
17534.18 00.08
17709.53 -00.26
17886.62 -00.66
18065.49 -01.11
18246.14 -01.57
18428.60 -02.01
18612.89 -02.34
18799.02 -02.56
18987.01 -02.65
19176.88 -02.62
19368.65 -02.54
19562.33 -02.47
19757.96 -02.44
19955.54 -02.47
20000.00 -02.50
