20.00 -00.54
20.20 -00.48
20.40 -00.42
20.61 -00.37
20.81 -00.32
21.02 -00.28
21.23 -00.24
21.44 -00.21
21.66 -00.18
21.87 -00.15
22.09 -00.12
22.31 -00.10
22.54 -00.07
22.76 -00.05
22.99 -00.03
23.22 -00.01
23.45 00.01
23.69 00.03
23.92 00.05
24.16 00.07
24.40 00.09
24.65 00.11
24.89 00.13
25.14 00.15
25.39 00.17
25.65 00.18
25.91 00.20
26.16 00.22
26.43 00.23
26.69 00.25
26.96 00.27
27.23 00.28
27.50 00.30
27.77 00.31
28.05 00.32
28.33 00.33
28.62 00.35
28.90 00.36
29.19 00.37
29.48 00.38
29.78 00.39
30.08 00.40
30.38 00.41
30.68 00.41
30.99 00.42
31.30 00.43
31.61 00.43
31.93 00.44
32.24 00.44
32.57 00.44
32.89 00.45
33.22 00.45
33.55 00.45
33.89 00.46
34.23 00.46
34.57 00.46
34.92 00.46
35.27 00.46
35.62 00.46
35.97 00.46
36.33 00.46
36.70 00.46
37.06 00.46
37.43 00.46
37.81 00.46
38.19 00.46
38.57 00.46
38.95 00.46
39.34 00.46
39.74 00.46
40.14 00.46
40.54 00.46
40.94 00.47
41.35 00.47
41.76 00.47
42.18 00.47
42.60 00.48
43.03 00.48
43.46 00.48
43.90 00.49
44.33 00.49
44.78 00.50
45.23 00.50
45.68 00.51
46.13 00.51
46.60 00.52
47.06 00.52
47.53 00.53
48.01 00.54
48.49 00.55
48.97 00.55
49.46 00.56
49.96 00.57
50.46 00.58
50.96 00.60
51.47 00.61
51.99 00.64
52.51 00.66
53.03 00.70
53.56 00.74
54.10 00.80
54.64 00.86
55.18 00.93
55.74 01.02
56.29 01.11
56.86 01.21
57.42 01.32
58.00 01.44
58.58 01.56
59.16 01.68
59.76 01.80
60.35 01.92
60.96 02.03
61.57 02.15
62.18 02.25
62.80 02.36
63.43 02.45
64.07 02.55
64.71 02.63
65.35 02.71
66.01 02.78
66.67 02.85
67.33 02.91
68.01 02.97
68.69 03.03
69.37 03.08
70.07 03.13
70.77 03.17
71.48 03.21
72.19 03.25
72.91 03.29
73.64 03.32
74.38 03.35
75.12 03.38
75.87 03.40
76.63 03.43
77.40 03.45
78.17 03.46
78.95 03.48
79.74 03.49
80.54 03.49
81.35 03.50
82.16 03.50
82.98 03.49
83.81 03.48
84.65 03.46
85.50 03.44
86.35 03.42
87.22 03.39
88.09 03.36
88.97 03.32
89.86 03.28
90.76 03.24
91.66 03.19
92.58 03.14
93.51 03.10
94.44 03.05
95.39 03.00
96.34 02.96
97.30 02.91
98.28 02.87
99.26 02.83
100.25 02.78
101.25 02.74
102.27 02.69
103.29 02.64
104.32 02.59
105.37 02.53
106.42 02.47
107.48 02.39
108.56 02.31
109.64 02.22
110.74 02.12
111.85 02.01
112.97 01.90
114.10 01.79
115.24 01.67
116.39 01.56
117.55 01.46
118.73 01.36
119.92 01.27
121.12 01.18
122.33 01.11
123.55 01.04
124.79 00.97
126.03 00.92
127.29 00.87
128.57 00.82
129.85 00.78
131.15 00.73
132.46 00.69
133.79 00.65
135.12 00.60
136.48 00.55
137.84 00.50
139.22 00.44
140.61 00.38
142.02 00.31
143.44 00.23
144.87 00.15
146.32 00.06
147.78 -00.04
149.26 -00.14
150.75 -00.25
152.26 -00.35
153.78 -00.46
155.32 -00.57
156.88 -00.68
158.44 -00.79
160.03 -00.90
161.63 -00.99
163.24 -01.08
164.88 -01.16
166.53 -01.25
168.19 -01.32
169.87 -01.40
171.57 -01.46
173.29 -01.52
175.02 -01.59
176.77 -01.64
178.54 -01.70
180.32 -01.75
182.13 -01.80
183.95 -01.86
185.79 -01.93
187.65 -01.99
189.52 -02.07
191.42 -02.15
193.33 -02.24
195.27 -02.33
197.22 -02.43
199.19 -02.53
201.18 -02.65
203.19 -02.75
205.23 -02.87
207.28 -02.97
209.35 -03.07
211.44 -03.15
213.56 -03.23
215.69 -03.28
217.85 -03.32
220.03 -03.35
222.23 -03.36
224.45 -03.36
226.70 -03.36
228.96 -03.36
231.25 -03.35
233.57 -03.35
235.90 -03.34
238.26 -03.34
240.64 -03.30
243.05 -03.27
245.48 -03.21
247.93 -03.13
250.41 -03.03
252.92 -02.92
255.45 -02.77
258.00 -02.62
260.58 -02.46
263.19 -02.30
265.82 -02.15
268.48 -02.00
271.16 -01.87
273.87 -01.74
276.61 -01.62
279.38 -01.52
282.17 -01.43
284.99 -01.36
287.84 -01.30
290.72 -01.24
293.63 -01.17
296.57 -01.09
299.53 -01.02
302.53 -00.93
305.55 -00.84
308.61 -00.74
311.69 -00.64
314.81 -00.55
317.96 -00.44
321.14 -00.36
324.35 -00.27
327.59 -00.21
330.87 -00.16
334.18 -00.14
337.52 -00.12
340.90 -00.13
344.30 -00.16
347.75 -00.20
351.23 -00.24
354.74 -00.30
358.28 -00.36
361.87 -00.40
365.49 -00.45
369.14 -00.48
372.83 -00.51
376.56 -00.53
380.33 -00.52
384.13 -00.50
387.97 -00.47
391.85 -00.43
395.77 -00.37
399.73 -00.32
403.72 -00.25
407.76 -00.20
411.84 -00.13
415.96 -00.09
420.12 -00.05
424.32 -00.02
428.56 00.00
432.85 00.01
437.18 00.00
441.55 -00.01
445.96 -00.03
450.42 -00.07
454.93 -00.11
459.48 -00.15
464.07 -00.20
468.71 -00.25
473.40 -00.28
478.13 -00.32
482.91 -00.36
487.74 -00.39
492.62 -00.40
497.55 -00.42
502.52 -00.43
507.55 -00.42
512.62 -00.41
517.75 -00.40
522.93 -00.38
528.16 -00.36
533.44 -00.32
538.77 -00.30
544.16 -00.28
549.60 -00.25
555.10 -00.23
560.65 -00.20
566.25 -00.19
571.92 -00.17
577.64 -00.17
583.41 -00.15
589.25 -00.15
595.14 -00.14
601.09 -00.13
607.10 -00.13
613.17 -00.12
619.30 -00.12
625.50 -00.10
631.75 -00.08
638.07 -00.07
644.45 -00.05
650.89 -00.06
657.40 -00.06
663.98 -00.05
670.62 -00.05
677.32 -00.05
684.10 -00.04
690.94 -00.04
697.85 -00.04
704.83 -00.04
711.87 -00.05
718.99 -00.04
726.18 -00.05
733.44 -00.05
740.78 -00.05
748.19 -00.04
755.67 -00.04
763.23 -00.03
770.86 -00.02
778.57 -00.02
786.35 -00.01
794.22 -00.01
802.16 -00.01
810.18 -00.01
818.28 -00.03
826.46 -00.04
834.73 -00.06
843.08 -00.08
851.51 -00.11
860.02 -00.15
868.62 -00.18
877.31 -00.21
886.08 -00.24
894.94 -00.27
903.89 -00.31
912.93 -00.32
922.06 -00.33
931.28 -00.34
940.59 -00.35
950.00 -00.34
959.50 -00.33
969.09 -00.32
978.78 -00.29
988.57 -00.24
998.46 -00.19
1008.44 -00.11
1018.53 -00.01
1028.71 00.08
1039.00 00.19
1049.39 00.31
1059.88 00.41
1070.48 00.52
1081.19 00.61
1092.00 00.69
1102.92 00.76
1113.95 00.81
1125.09 00.85
1136.34 00.86
1147.70 00.86
1159.18 00.84
1170.77 00.82
1182.48 00.77
1194.30 00.73
1206.25 00.68
1218.31 00.61
1230.49 00.55
1242.80 00.48
1255.22 00.39
1267.78 00.31
1280.45 00.24
1293.26 00.17
1306.19 00.11
1319.25 00.06
1332.45 00.00
1345.77 -00.04
1359.23 -00.08
1372.82 -00.11
1386.55 -00.13
1400.41 -00.16
1414.42 -00.18
1428.56 -00.20
1442.85 -00.21
1457.28 -00.23
1471.85 -00.24
1486.57 -00.24
1501.43 -00.24
1516.45 -00.24
1531.61 -00.21
1546.93 -00.19
1562.40 -00.16
1578.02 -00.12
1593.80 -00.07
1609.74 -00.01
1625.84 00.04
1642.10 00.11
1658.52 00.18
1675.10 00.26
1691.85 00.33
1708.77 00.41
1725.86 00.49
1743.12 00.56
1760.55 00.62
1778.15 00.67
1795.94 00.73
1813.90 00.76
1832.03 00.78
1850.36 00.78
1868.86 00.76
1887.55 00.72
1906.42 00.65
1925.49 00.56
1944.74 00.43
1964.19 00.29
1983.83 00.12
2003.67 -00.08
2023.71 -00.30
2043.94 -00.55
2064.38 -00.81
2085.03 -01.07
2105.88 -01.32
2126.94 -01.57
2148.20 -01.80
2169.69 -01.99
2191.38 -02.15
2213.30 -02.27
2235.43 -02.33
2257.78 -02.37
2280.36 -02.36
2303.17 -02.31
2326.20 -02.23
2349.46 -02.12
2372.95 -02.00
2396.68 -01.85
2420.65 -01.70
2444.86 -01.54
2469.31 -01.36
2494.00 -01.20
2518.94 -01.04
2544.13 -00.89
2569.57 -00.76
2595.27 -00.64
2621.22 -00.54
2647.43 -00.46
2673.90 -00.40
2700.64 -00.35
2727.65 -00.32
2754.93 -00.31
2782.48 -00.31
2810.30 -00.31
2838.40 -00.33
2866.79 -00.36
2895.46 -00.39
2924.41 -00.44
2953.65 -00.49
2983.19 -00.55
3013.02 -00.63
3043.15 -00.70
3073.58 -00.81
3104.32 -00.93
3135.36 -01.09
3166.72 -01.29
3198.38 -01.54
3230.37 -01.81
3262.67 -02.11
3295.30 -02.41
3328.25 -02.70
3361.53 -02.96
3395.15 -03.22
3429.10 -03.46
3463.39 -03.68
3498.03 -03.88
3533.01 -04.03
3568.34 -04.13
3604.02 -04.22
3640.06 -04.32
3676.46 -04.47
3713.22 -04.69
3750.36 -04.96
3787.86 -05.26
3825.74 -05.57
3864.00 -05.87
3902.64 -06.12
3941.66 -06.34
3981.08 -06.53
4020.89 -06.69
4061.10 -06.83
4101.71 -06.95
4142.73 -07.01
4184.15 -06.99
4226.00 -06.87
4268.26 -06.62
4310.94 -06.25
4354.05 -05.78
4397.59 -05.25
4441.56 -04.71
4485.98 -04.19
4530.84 -03.71
4576.15 -03.28
4621.91 -02.92
4668.13 -02.60
4714.81 -02.34
4761.96 -02.15
4809.58 -02.02
4857.67 -01.95
4906.25 -01.94
4955.31 -01.98
5004.87 -02.04
5054.91 -02.10
5105.46 -02.15
5156.52 -02.27
5208.08 -02.43
5260.16 -02.56
5312.77 -02.69
5365.89 -02.79
5419.55 -02.87
5473.75 -02.91
5528.49 -02.93
5583.77 -02.91
5639.61 -02.87
5696.00 -02.78
5752.96 -02.67
5810.49 -02.52
5868.60 -02.34
5927.28 -02.15
5986.56 -01.95
6046.42 -01.54
6106.89 -01.09
6167.96 -00.67
6229.64 -00.30
6291.93 -00.01
6354.85 00.21
6418.40 00.34
6482.58 00.39
6547.41 00.35
6612.88 00.23
6679.01 00.01
6745.80 -00.30
6813.26 -00.70
6881.39 -01.22
6950.21 -01.84
7019.71 -02.56
7089.91 -03.33
7160.81 -04.11
7232.41 -04.86
7304.74 -05.66
7377.79 -06.37
7451.56 -06.91
7526.08 -07.21
7601.34 -07.25
7677.35 -07.04
7754.13 -06.65
7831.67 -06.15
7909.98 -05.62
7989.08 -05.09
8068.98 -04.58
8149.67 -04.08
8231.16 -03.57
8313.47 -03.08
8396.61 -02.61
8480.57 -02.19
8565.38 -01.83
8651.03 -01.52
8737.54 -01.27
8824.92 -01.07
8913.17 -00.92
9002.30 -00.82
9092.32 -00.78
9183.25 -00.81
9275.08 -00.91
9367.83 -01.08
9461.51 -01.33
9556.12 -01.63
9651.68 -01.99
9748.20 -02.39
9845.68 -02.83
9944.14 -03.29
10043.58 -03.75
10144.02 -04.21
10245.46 -04.63
10347.91 -04.91
10451.39 -05.12
10555.91 -05.26
10661.46 -05.33
10768.08 -05.33
10875.76 -05.24
10984.52 -05.06
11094.36 -04.80
11205.31 -04.49
11317.36 -04.13
11430.53 -03.75
11544.84 -03.36
11660.29 -02.94
11776.89 -02.52
11894.66 -02.07
12013.60 -01.63
12133.74 -01.21
12255.08 -00.84
12377.63 -00.55
12501.41 -00.34
12626.42 -00.20
12752.68 -00.11
12880.21 -00.07
13009.01 -00.04
13139.10 -00.03
13270.49 -00.07
13403.20 -00.15
13537.23 -00.30
13672.60 -00.51
13809.33 -00.76
13947.42 -01.03
14086.90 -01.31
14227.77 -01.62
14370.04 -01.96
14513.74 -02.44
14658.88 -03.23
14805.47 -04.23
14953.52 -05.46
15103.06 -06.90
15254.09 -08.45
15406.63 -09.99
15560.70 -11.27
15716.30 -12.08
15873.47 -12.37
16032.20 -12.20
16192.52 -11.73
16354.45 -11.10
16517.99 -10.39
16683.17 -09.61
16850.01 -08.76
17018.51 -07.85
17188.69 -06.92
17360.58 -06.00
17534.18 -05.18
17709.53 -04.52
17886.62 -04.04
18065.49 -03.75
18246.14 -03.61
18428.60 -03.62
18612.89 -03.72
18799.02 -03.95
18987.01 -04.31
19176.88 -04.82
19368.65 -05.55
19562.33 -06.52
19757.96 -07.76
19955.54 -09.25
20000.00 -09.61
