20.00 -01.58
20.20 -01.53
20.40 -01.48
20.61 -01.43
20.81 -01.39
21.02 -01.34
21.23 -01.30
21.44 -01.26
21.66 -01.22
21.87 -01.18
22.09 -01.14
22.31 -01.11
22.54 -01.07
22.76 -01.04
22.99 -01.01
23.22 -00.98
23.45 -00.95
23.69 -00.92
23.92 -00.90
24.16 -00.87
24.40 -00.85
24.65 -00.82
24.89 -00.80
25.14 -00.77
25.39 -00.75
25.65 -00.73
25.91 -00.70
26.16 -00.68
26.43 -00.66
26.69 -00.63
26.96 -00.61
27.23 -00.59
27.50 -00.57
27.77 -00.55
28.05 -00.52
28.33 -00.50
28.62 -00.48
28.90 -00.46
29.19 -00.44
29.48 -00.42
29.78 -00.40
30.08 -00.39
30.38 -00.37
30.68 -00.35
30.99 -00.33
31.30 -00.32
31.61 -00.30
31.93 -00.28
32.24 -00.27
32.57 -00.26
32.89 -00.24
33.22 -00.23
33.55 -00.22
33.89 -00.20
34.23 -00.19
34.57 -00.18
34.92 -00.17
35.27 -00.16
35.62 -00.15
35.97 -00.15
36.33 -00.14
36.70 -00.13
37.06 -00.12
37.43 -00.12
37.81 -00.11
38.19 -00.10
38.57 -00.09
38.95 -00.09
39.34 -00.08
39.74 -00.07
40.14 -00.07
40.54 -00.06
40.94 -00.05
41.35 -00.04
41.76 -00.04
42.18 -00.03
42.60 -00.02
43.03 -00.01
43.46 -00.01
43.90 00.00
44.33 00.01
44.78 00.01
45.23 00.02
45.68 00.03
46.13 00.04
46.60 00.04
47.06 00.05
47.53 00.06
48.01 00.07
48.49 00.08
48.97 00.08
49.46 00.09
49.96 00.10
50.46 00.11
50.96 00.12
51.47 00.12
51.99 00.13
52.51 00.14
53.03 00.15
53.56 00.16
54.10 00.17
54.64 00.17
55.18 00.18
55.74 00.19
56.29 00.20
56.86 00.21
57.42 00.21
58.00 00.22
58.58 00.23
59.16 00.24
59.76 00.25
60.35 00.25
60.96 00.26
61.57 00.27
62.18 00.27
62.80 00.28
63.43 00.29
64.07 00.29
64.71 00.30
65.35 00.30
66.01 00.31
66.67 00.31
67.33 00.32
68.01 00.32
68.69 00.32
69.37 00.32
70.07 00.32
70.77 00.32
71.48 00.32
72.19 00.31
72.91 00.31
73.64 00.30
74.38 00.29
75.12 00.28
75.87 00.27
76.63 00.27
77.40 00.26
78.17 00.25
78.95 00.24
79.74 00.23
80.54 00.22
81.35 00.21
82.16 00.20
82.98 00.20
83.81 00.19
84.65 00.18
85.50 00.17
86.35 00.16
87.22 00.15
88.09 00.15
88.97 00.14
89.86 00.13
90.76 00.12
91.66 00.11
92.58 00.11
93.51 00.10
94.44 00.09
95.39 00.08
96.34 00.08
97.30 00.07
98.28 00.06
99.26 00.06
100.25 00.05
101.25 00.04
102.27 00.03
103.29 00.03
104.32 00.02
105.37 00.01
106.42 00.01
107.48 00.00
108.56 00.00
109.64 -00.01
110.74 -00.02
111.85 -00.02
112.97 -00.03
114.10 -00.03
115.24 -00.03
116.39 -00.04
117.55 -00.04
118.73 -00.04
119.92 -00.05
121.12 -00.05
122.33 -00.05
123.55 -00.05
124.79 -00.06
126.03 -00.06
127.29 -00.06
128.57 -00.06
129.85 -00.07
131.15 -00.07
132.46 -00.07
133.79 -00.08
135.12 -00.08
136.48 -00.09
137.84 -00.09
139.22 -00.10
140.61 -00.10
142.02 -00.10
143.44 -00.11
144.87 -00.11
146.32 -00.11
147.78 -00.12
149.26 -00.12
150.75 -00.12
152.26 -00.13
153.78 -00.13
155.32 -00.14
156.88 -00.14
158.44 -00.14
160.03 -00.15
161.63 -00.14
163.24 -00.13
164.88 -00.12
166.53 -00.11
168.19 -00.10
169.87 -00.09
171.57 -00.06
173.29 -00.05
175.02 -00.03
176.77 00.00
178.54 00.03
180.32 00.05
182.13 00.09
183.95 00.12
185.79 00.14
187.65 00.18
189.52 00.20
191.42 00.23
193.33 00.25
195.27 00.27
197.22 00.29
199.19 00.31
201.18 00.31
203.19 00.33
205.23 00.34
207.28 00.35
209.35 00.36
211.44 00.37
213.56 00.37
215.69 00.38
217.85 00.39
220.03 00.39
222.23 00.41
224.45 00.42
226.70 00.41
228.96 00.41
231.25 00.42
233.57 00.41
235.90 00.41
238.26 00.40
240.64 00.40
243.05 00.39
245.48 00.38
247.93 00.37
250.41 00.35
252.92 00.34
255.45 00.33
258.00 00.31
260.58 00.29
263.19 00.29
265.82 00.27
268.48 00.28
271.16 00.27
273.87 00.27
276.61 00.29
279.38 00.30
282.17 00.33
284.99 00.35
287.84 00.39
290.72 00.42
293.63 00.46
296.57 00.49
299.53 00.52
302.53 00.55
305.55 00.56
308.61 00.59
311.69 00.61
314.81 00.62
317.96 00.64
321.14 00.64
324.35 00.66
327.59 00.66
330.87 00.66
334.18 00.66
337.52 00.68
340.90 00.69
344.30 00.70
347.75 00.71
351.23 00.72
354.74 00.73
358.28 00.73
361.87 00.75
365.49 00.76
369.14 00.78
372.83 00.80
376.56 00.82
380.33 00.84
384.13 00.85
387.97 00.87
391.85 00.87
395.77 00.89
399.73 00.89
403.72 00.89
407.76 00.87
411.84 00.85
415.96 00.81
420.12 00.79
424.32 00.75
428.56 00.73
432.85 00.71
437.18 00.69
441.55 00.69
445.96 00.70
450.42 00.71
454.93 00.74
459.48 00.77
464.07 00.81
468.71 00.85
473.40 00.90
478.13 00.93
482.91 00.96
487.74 00.98
492.62 01.01
497.55 01.03
502.52 01.04
507.55 01.05
512.62 01.05
517.75 01.05
522.93 01.06
528.16 01.05
533.44 01.04
538.77 01.01
544.16 00.95
549.60 00.89
555.10 00.81
560.65 00.74
566.25 00.66
571.92 00.59
577.64 00.51
583.41 00.44
589.25 00.37
595.14 00.34
601.09 00.33
607.10 00.34
613.17 00.38
619.30 00.43
625.50 00.50
631.75 00.56
638.07 00.62
644.45 00.68
650.89 00.71
657.40 00.75
663.98 00.80
670.62 00.84
677.32 00.88
684.10 00.93
690.94 00.98
697.85 01.02
704.83 01.03
711.87 01.03
718.99 01.01
726.18 00.96
733.44 00.89
740.78 00.82
748.19 00.75
755.67 00.66
763.23 00.56
770.86 00.48
778.57 00.40
786.35 00.34
794.22 00.29
802.16 00.28
810.18 00.28
818.28 00.27
826.46 00.26
834.73 00.25
843.08 00.22
851.51 00.17
860.02 00.12
868.62 00.07
877.31 00.03
886.08 -00.01
894.94 -00.04
903.89 -00.07
912.93 -00.06
922.06 -00.06
931.28 -00.04
940.59 -00.04
950.00 -00.03
959.50 -00.02
969.09 -00.02
978.78 -00.03
988.57 -00.05
998.46 -00.10
1008.44 -00.15
1018.53 -00.20
1028.71 -00.25
1039.00 -00.27
1049.39 -00.30
1059.88 -00.34
1070.48 -00.38
1081.19 -00.42
1092.00 -00.48
1102.92 -00.52
1113.95 -00.55
1125.09 -00.57
1136.34 -00.61
1147.70 -00.65
1159.18 -00.70
1170.77 -00.76
1182.48 -00.82
1194.30 -00.86
1206.25 -00.89
1218.31 -00.91
1230.49 -00.92
1242.80 -00.94
1255.22 -00.96
1267.78 -00.99
1280.45 -01.03
1293.26 -01.05
1306.19 -01.07
1319.25 -01.09
1332.45 -01.11
1345.77 -01.13
1359.23 -01.14
1372.82 -01.18
1386.55 -01.24
1400.41 -01.32
1414.42 -01.41
1428.56 -01.49
1442.85 -01.57
1457.28 -01.65
1471.85 -01.74
1486.57 -01.83
1501.43 -01.93
1516.45 -02.05
1531.61 -02.17
1546.93 -02.29
1562.40 -02.40
1578.02 -02.48
1593.80 -02.56
1609.74 -02.62
1625.84 -02.72
1642.10 -02.83
1658.52 -02.93
1675.10 -03.04
1691.85 -03.12
1708.77 -03.19
1725.86 -03.25
1743.12 -03.29
1760.55 -03.36
1778.15 -03.45
1795.94 -03.54
1813.90 -03.64
1832.03 -03.72
1850.36 -03.81
1868.86 -03.89
1887.55 -03.98
1906.42 -04.08
1925.49 -04.17
1944.74 -04.27
1964.19 -04.34
1983.83 -04.40
2003.67 -04.44
2023.71 -04.47
2043.94 -04.49
2064.38 -04.51
2085.03 -04.53
2105.88 -04.53
2126.94 -04.55
2148.20 -04.56
2169.69 -04.57
2191.38 -04.59
2213.30 -04.60
2235.43 -04.61
2257.78 -04.63
2280.36 -04.66
2303.17 -04.70
2326.20 -04.74
2349.46 -04.78
2372.95 -04.83
2396.68 -04.86
2420.65 -04.91
2444.86 -04.95
2469.31 -04.97
2494.00 -04.98
2518.94 -04.98
2544.13 -04.98
2569.57 -04.97
2595.27 -04.95
2621.22 -04.93
2647.43 -04.90
2673.90 -04.88
2700.64 -04.85
2727.65 -04.83
2754.93 -04.81
2782.48 -04.80
2810.30 -04.78
2838.40 -04.77
2866.79 -04.76
2895.46 -04.73
2924.41 -04.72
2953.65 -04.69
2983.19 -04.66
3013.02 -04.61
3043.15 -04.53
3073.58 -04.44
3104.32 -04.33
3135.36 -04.20
3166.72 -04.06
3198.38 -03.92
3230.37 -03.77
3262.67 -03.63
3295.30 -03.49
3328.25 -03.37
3361.53 -03.25
3395.15 -03.15
3429.10 -03.05
3463.39 -02.97
3498.03 -02.91
3533.01 -02.84
3568.34 -02.77
3604.02 -02.71
3640.06 -02.66
3676.46 -02.62
3713.22 -02.57
3750.36 -02.54
3787.86 -02.50
3825.74 -02.48
3864.00 -02.47
3902.64 -02.47
3941.66 -02.49
3981.08 -02.50
4020.89 -02.53
4061.10 -02.55
4101.71 -02.58
4142.73 -02.61
4184.15 -02.64
4226.00 -02.65
4268.26 -02.65
4310.94 -02.63
4354.05 -02.59
4397.59 -02.55
4441.56 -02.52
4485.98 -02.51
4530.84 -02.51
4576.15 -02.55
4621.91 -02.61
4668.13 -02.71
4714.81 -02.84
4761.96 -03.02
4809.58 -03.26
4857.67 -03.55
4906.25 -03.89
4955.31 -04.27
5004.87 -04.68
5054.91 -05.10
5105.46 -05.52
5156.52 -06.01
5208.08 -06.54
5260.16 -07.06
5312.77 -07.59
5365.89 -08.13
5419.55 -08.70
5473.75 -09.30
5528.49 -09.95
5583.77 -10.62
5639.61 -11.34
5696.00 -12.09
5752.96 -12.89
5810.49 -13.69
5868.60 -14.45
5927.28 -15.06
5986.56 -15.43
6046.42 -15.28
6106.89 -14.77
6167.96 -14.03
6229.64 -13.13
6291.93 -12.16
6354.85 -11.19
6418.40 -10.24
6482.58 -09.32
6547.41 -08.47
6612.88 -07.64
6679.01 -06.86
6745.80 -06.10
6813.26 -05.36
6881.39 -04.66
6950.21 -03.97
7019.71 -03.30
7089.91 -02.65
7160.81 -02.02
7232.41 -01.41
7304.74 -00.97
7377.79 -00.58
7451.56 -00.19
7526.08 00.17
7601.34 00.51
7677.35 00.82
7754.13 01.11
7831.67 01.38
7909.98 01.61
7989.08 01.81
8068.98 01.99
8149.67 02.13
8231.16 02.25
8313.47 02.34
8396.61 02.40
8480.57 02.43
8565.38 02.44
8651.03 02.41
8737.54 02.36
8824.92 02.28
8913.17 02.19
9002.30 02.07
9092.32 01.93
9183.25 01.78
9275.08 01.61
9367.83 01.43
9461.51 01.25
9556.12 01.06
9651.68 00.87
9748.20 00.70
9845.68 00.54
9944.14 00.40
10043.58 00.30
10144.02 00.23
10245.46 00.22
10347.91 00.35
10451.39 00.52
10555.91 00.74
10661.46 00.97
10768.08 01.19
10875.76 01.40
10984.52 01.58
11094.36 01.71
11205.31 01.77
11317.36 01.77
11430.53 01.70
11544.84 01.55
11660.29 01.32
11776.89 00.99
11894.66 00.57
12013.60 00.03
12133.74 -00.61
12255.08 -01.36
12377.63 -02.21
12501.41 -03.16
12626.42 -04.20
12752.68 -05.29
12880.21 -06.43
13009.01 -07.53
13139.10 -08.50
13270.49 -09.23
13403.20 -09.61
13537.23 -09.61
13672.60 -09.26
13809.33 -08.63
13947.42 -07.86
14086.90 -07.03
14227.77 -06.22
14370.04 -05.51
14513.74 -04.98
14658.88 -04.74
14805.47 -04.66
14953.52 -04.71
15103.06 -04.83
15254.09 -04.95
15406.63 -05.04
15560.70 -05.04
15716.30 -04.97
15873.47 -04.82
16032.20 -04.63
16192.52 -04.39
16354.45 -04.09
16517.99 -03.73
16683.17 -03.36
16850.01 -03.03
17018.51 -02.76
17188.69 -02.62
17360.58 -02.59
17534.18 -02.70
17709.53 -02.93
17886.62 -03.25
18065.49 -03.67
18246.14 -04.16
18428.60 -04.76
18612.89 -05.45
18799.02 -06.26
18987.01 -07.17
19176.88 -08.16
19368.65 -09.23
19562.33 -10.33
19757.96 -11.43
19955.54 -12.51
20000.00 -12.74
