20.00 01.47
20.20 01.51
20.40 01.55
20.61 01.58
20.81 01.61
21.02 01.64
21.23 01.67
21.44 01.70
21.66 01.72
21.87 01.74
22.09 01.76
22.31 01.79
22.54 01.81
22.76 01.83
22.99 01.84
23.22 01.86
23.45 01.88
23.69 01.90
23.92 01.92
24.16 01.94
24.40 01.95
24.65 01.97
24.89 01.99
25.14 02.00
25.39 02.02
25.65 02.03
25.91 02.05
26.16 02.06
26.43 02.08
26.69 02.09
26.96 02.10
27.23 02.12
27.50 02.13
27.77 02.14
28.05 02.15
28.33 02.16
28.62 02.17
28.90 02.18
29.19 02.19
29.48 02.20
29.78 02.20
30.08 02.21
30.38 02.22
30.68 02.22
30.99 02.23
31.30 02.23
31.61 02.23
31.93 02.24
32.24 02.24
32.57 02.24
32.89 02.24
33.22 02.24
33.55 02.24
33.89 02.24
34.23 02.24
34.57 02.24
34.92 02.24
35.27 02.24
35.62 02.23
35.97 02.23
36.33 02.22
36.70 02.22
37.06 02.21
37.43 02.21
37.81 02.20
38.19 02.20
38.57 02.19
38.95 02.19
39.34 02.18
39.74 02.18
40.14 02.18
40.54 02.17
40.94 02.17
41.35 02.17
41.76 02.17
42.18 02.17
42.60 02.17
43.03 02.17
43.46 02.18
43.90 02.18
44.33 02.19
44.78 02.19
45.23 02.20
45.68 02.21
46.13 02.22
46.60 02.23
47.06 02.24
47.53 02.26
48.01 02.27
48.49 02.28
48.97 02.30
49.46 02.31
49.96 02.32
50.46 02.34
50.96 02.35
51.47 02.35
51.99 02.36
52.51 02.36
53.03 02.36
53.56 02.35
54.10 02.33
54.64 02.31
55.18 02.28
55.74 02.24
56.29 02.20
56.86 02.14
57.42 02.09
58.00 02.02
58.58 01.95
59.16 01.88
59.76 01.81
60.35 01.74
60.96 01.68
61.57 01.62
62.18 01.57
62.80 01.54
63.43 01.53
64.07 01.54
64.71 01.58
65.35 01.63
66.01 01.71
66.67 01.81
67.33 01.93
68.01 02.07
68.69 02.22
69.37 02.37
70.07 02.53
70.77 02.69
71.48 02.85
72.19 02.99
72.91 03.13
73.64 03.25
74.38 03.36
75.12 03.46
75.87 03.54
76.63 03.61
77.40 03.68
78.17 03.73
78.95 03.77
79.74 03.80
80.54 03.83
81.35 03.85
82.16 03.87
82.98 03.88
83.81 03.89
84.65 03.89
85.50 03.89
86.35 03.88
87.22 03.86
88.09 03.85
88.97 03.83
89.86 03.80
90.76 03.78
91.66 03.75
92.58 03.73
93.51 03.70
94.44 03.67
95.39 03.65
96.34 03.63
97.30 03.61
98.28 03.59
99.26 03.57
100.25 03.56
101.25 03.54
102.27 03.53
103.29 03.51
104.32 03.50
105.37 03.48
106.42 03.46
107.48 03.44
108.56 03.42
109.64 03.40
110.74 03.37
111.85 03.35
112.97 03.32
114.10 03.29
115.24 03.27
116.39 03.24
117.55 03.21
118.73 03.18
119.92 03.14
121.12 03.11
122.33 03.08
123.55 03.05
124.79 03.01
126.03 02.98
127.29 02.94
128.57 02.90
129.85 02.87
131.15 02.83
132.46 02.79
133.79 02.75
135.12 02.71
136.48 02.67
137.84 02.62
139.22 02.58
140.61 02.53
142.02 02.49
143.44 02.44
144.87 02.39
146.32 02.35
147.78 02.30
149.26 02.25
150.75 02.21
152.26 02.16
153.78 02.11
155.32 02.07
156.88 02.02
158.44 01.97
160.03 01.92
161.63 01.88
163.24 01.84
164.88 01.82
166.53 01.78
168.19 01.74
169.87 01.71
171.57 01.69
173.29 01.65
175.02 01.63
176.77 01.61
178.54 01.58
180.32 01.54
182.13 01.52
183.95 01.49
185.79 01.45
187.65 01.41
189.52 01.36
191.42 01.32
193.33 01.26
195.27 01.21
197.22 01.15
199.19 01.10
201.18 01.05
203.19 01.00
205.23 00.96
207.28 00.92
209.35 00.87
211.44 00.84
213.56 00.80
215.69 00.77
217.85 00.73
220.03 00.69
222.23 00.64
224.45 00.60
226.70 00.54
228.96 00.48
231.25 00.43
233.57 00.37
235.90 00.31
238.26 00.26
240.64 00.21
243.05 00.16
245.48 00.12
247.93 00.08
250.41 00.04
252.92 00.00
255.45 -00.02
258.00 -00.05
260.58 -00.08
263.19 -00.09
265.82 -00.11
268.48 -00.11
271.16 -00.12
273.87 -00.12
276.61 -00.11
279.38 -00.10
282.17 -00.08
284.99 -00.07
287.84 -00.05
290.72 -00.04
293.63 -00.02
296.57 00.00
299.53 00.01
302.53 00.04
305.55 00.05
308.61 00.08
311.69 00.12
314.81 00.15
317.96 00.19
321.14 00.22
324.35 00.27
327.59 00.31
330.87 00.34
334.18 00.38
337.52 00.42
340.90 00.45
344.30 00.48
347.75 00.50
351.23 00.53
354.74 00.55
358.28 00.56
361.87 00.58
365.49 00.59
369.14 00.61
372.83 00.61
376.56 00.62
380.33 00.64
384.13 00.65
387.97 00.67
391.85 00.69
395.77 00.72
399.73 00.74
403.72 00.77
407.76 00.80
411.84 00.83
415.96 00.85
420.12 00.87
424.32 00.88
428.56 00.90
432.85 00.91
437.18 00.91
441.55 00.91
445.96 00.91
450.42 00.89
454.93 00.89
459.48 00.87
464.07 00.86
468.71 00.85
473.40 00.87
478.13 00.88
482.91 00.91
487.74 00.96
492.62 01.03
497.55 01.10
502.52 01.18
507.55 01.27
512.62 01.36
517.75 01.44
522.93 01.53
528.16 01.61
533.44 01.68
538.77 01.73
544.16 01.77
549.60 01.81
555.10 01.83
560.65 01.85
566.25 01.85
571.92 01.86
577.64 01.85
583.41 01.84
589.25 01.83
595.14 01.81
601.09 01.79
607.10 01.75
613.17 01.72
619.30 01.67
625.50 01.63
631.75 01.59
638.07 01.54
644.45 01.50
650.89 01.44
657.40 01.39
663.98 01.35
670.62 01.32
677.32 01.29
684.10 01.27
690.94 01.26
697.85 01.26
704.83 01.25
711.87 01.25
718.99 01.26
726.18 01.27
733.44 01.28
740.78 01.31
748.19 01.36
755.67 01.40
763.23 01.46
770.86 01.53
778.57 01.60
786.35 01.66
794.22 01.72
802.16 01.78
810.18 01.81
818.28 01.83
826.46 01.82
834.73 01.81
843.08 01.77
851.51 01.71
860.02 01.64
868.62 01.55
877.31 01.46
886.08 01.35
894.94 01.23
903.89 01.10
912.93 00.99
922.06 00.86
931.28 00.74
940.59 00.61
950.00 00.49
959.50 00.37
969.09 00.25
978.78 00.13
988.57 00.01
998.46 -00.13
1008.44 -00.25
1018.53 -00.38
1028.71 -00.52
1039.00 -00.65
1049.39 -00.79
1059.88 -00.95
1070.48 -01.10
1081.19 -01.26
1092.00 -01.41
1102.92 -01.55
1113.95 -01.66
1125.09 -01.75
1136.34 -01.83
1147.70 -01.88
1159.18 -01.92
1170.77 -01.94
1182.48 -01.96
1194.30 -01.98
1206.25 -02.00
1218.31 -02.04
1230.49 -02.09
1242.80 -02.15
1255.22 -02.25
1267.78 -02.35
1280.45 -02.47
1293.26 -02.60
1306.19 -02.74
1319.25 -02.89
1332.45 -03.07
1345.77 -03.25
1359.23 -03.44
1372.82 -03.63
1386.55 -03.83
1400.41 -04.04
1414.42 -04.24
1428.56 -04.45
1442.85 -04.66
1457.28 -04.87
1471.85 -05.07
1486.57 -05.26
1501.43 -05.44
1516.45 -05.59
1531.61 -05.72
1546.93 -05.83
1562.40 -05.92
1578.02 -06.00
1593.80 -06.07
1609.74 -06.12
1625.84 -06.16
1642.10 -06.20
1658.52 -06.23
1675.10 -06.28
1691.85 -06.33
1708.77 -06.38
1725.86 -06.45
1743.12 -06.52
1760.55 -06.60
1778.15 -06.67
1795.94 -06.74
1813.90 -06.83
1832.03 -06.91
1850.36 -06.99
1868.86 -07.08
1887.55 -07.16
1906.42 -07.24
1925.49 -07.32
1944.74 -07.41
1964.19 -07.48
1983.83 -07.55
2003.67 -07.61
2023.71 -07.68
2043.94 -07.74
2064.38 -07.80
2085.03 -07.87
2105.88 -07.92
2126.94 -07.98
2148.20 -08.03
2169.69 -08.09
2191.38 -08.13
2213.30 -08.18
2235.43 -08.21
2257.78 -08.24
2280.36 -08.26
2303.17 -08.26
2326.20 -08.22
2349.46 -08.19
2372.95 -08.13
2396.68 -08.05
2420.65 -07.97
2444.86 -07.88
2469.31 -07.78
2494.00 -07.70
2518.94 -07.61
2544.13 -07.54
2569.57 -07.48
2595.27 -07.44
2621.22 -07.43
2647.43 -07.45
2673.90 -07.50
2700.64 -07.57
2727.65 -07.67
2754.93 -07.79
2782.48 -07.91
2810.30 -08.03
2838.40 -08.16
2866.79 -08.28
2895.46 -08.38
2924.41 -08.47
2953.65 -08.53
2983.19 -08.58
3013.02 -08.58
3043.15 -08.55
3073.58 -08.50
3104.32 -08.42
3135.36 -08.33
3166.72 -08.24
3198.38 -08.16
3230.37 -08.08
3262.67 -08.03
3295.30 -08.00
3328.25 -08.01
3361.53 -08.05
3395.15 -08.13
3429.10 -08.24
3463.39 -08.36
3498.03 -08.51
3533.01 -08.65
3568.34 -08.78
3604.02 -08.91
3640.06 -09.01
3676.46 -09.08
3713.22 -09.12
3750.36 -09.12
3787.86 -09.08
3825.74 -09.02
3864.00 -08.95
3902.64 -08.87
3941.66 -08.79
3981.08 -08.71
4020.89 -08.64
4061.10 -08.58
4101.71 -08.53
4142.73 -08.48
4184.15 -08.45
4226.00 -08.42
4268.26 -08.40
4310.94 -08.38
4354.05 -08.36
4397.59 -08.31
4441.56 -08.25
4485.98 -08.16
4530.84 -08.05
4576.15 -07.90
4621.91 -07.71
4668.13 -07.49
4714.81 -07.23
4761.96 -06.94
4809.58 -06.62
4857.67 -06.30
4906.25 -05.97
4955.31 -05.65
5004.87 -05.34
5054.91 -05.03
5105.46 -04.75
5156.52 -04.55
5208.08 -04.40
5260.16 -04.27
5312.77 -04.15
5365.89 -04.05
5419.55 -03.96
5473.75 -03.88
5528.49 -03.83
5583.77 -03.79
5639.61 -03.76
5696.00 -03.75
5752.96 -03.74
5810.49 -03.74
5868.60 -03.75
5927.28 -03.76
5986.56 -03.79
6046.42 -03.59
6106.89 -03.33
6167.96 -03.07
6229.64 -02.80
6291.93 -02.53
6354.85 -02.26
6418.40 -01.98
6482.58 -01.70
6547.41 -01.42
6612.88 -01.15
6679.01 -00.88
6745.80 -00.62
6813.26 -00.36
6881.39 -00.12
6950.21 00.11
7019.71 00.33
7089.91 00.54
7160.81 00.74
7232.41 00.93
7304.74 00.95
7377.79 00.95
7451.56 00.93
7526.08 00.91
7601.34 00.88
7677.35 00.84
7754.13 00.78
7831.67 00.73
7909.98 00.66
7989.08 00.59
8068.98 00.51
8149.67 00.41
8231.16 00.31
8313.47 00.19
8396.61 00.07
8480.57 -00.08
8565.38 -00.23
8651.03 -00.41
8737.54 -00.60
8824.92 -00.81
8913.17 -01.05
9002.30 -01.32
9092.32 -01.61
9183.25 -01.92
9275.08 -02.25
9367.83 -02.59
9461.51 -02.94
9556.12 -03.31
9651.68 -03.67
9748.20 -04.04
9845.68 -04.40
9944.14 -04.75
10043.58 -05.08
10144.02 -05.39
10245.46 -05.67
10347.91 -05.84
10451.39 -05.97
10555.91 -06.06
10661.46 -06.13
10768.08 -06.18
10875.76 -06.21
10984.52 -06.20
11094.36 -06.16
11205.31 -06.12
11317.36 -06.04
11430.53 -05.95
11544.84 -05.84
11660.29 -05.72
11776.89 -05.61
11894.66 -05.50
12013.60 -05.40
12133.74 -05.32
12255.08 -05.27
12377.63 -05.25
12501.41 -05.26
12626.42 -05.32
12752.68 -05.41
12880.21 -05.55
13009.01 -05.72
13139.10 -05.92
13270.49 -06.15
13403.20 -06.39
13537.23 -06.64
13672.60 -06.88
13809.33 -07.10
13947.42 -07.32
14086.90 -07.50
14227.77 -07.67
14370.04 -07.82
14513.74 -07.99
14658.88 -08.29
14805.47 -08.57
14953.52 -08.85
15103.06 -09.14
15254.09 -09.42
15406.63 -09.73
15560.70 -10.05
15716.30 -10.36
15873.47 -10.65
16032.20 -10.88
16192.52 -11.04
16354.45 -11.12
16517.99 -11.11
16683.17 -11.03
16850.01 -10.89
17018.51 -10.71
17188.69 -10.52
17360.58 -10.30
17534.18 -10.08
17709.53 -09.87
17886.62 -09.68
18065.49 -09.54
18246.14 -09.41
18428.60 -09.34
18612.89 -09.29
18799.02 -09.31
18987.01 -09.38
19176.88 -09.51
19368.65 -09.70
19562.33 -09.94
19757.96 -10.25
19955.54 -10.63
20000.00 -10.73
