20.00 05.42
20.20 05.47
20.40 05.52
20.61 05.56
20.81 05.61
21.02 05.65
21.23 05.69
21.44 05.73
21.66 05.77
21.87 05.81
22.09 05.85
22.31 05.88
22.54 05.92
22.76 05.96
22.99 05.99
23.22 06.03
23.45 06.06
23.69 06.09
23.92 06.13
24.16 06.16
24.40 06.19
24.65 06.22
24.89 06.25
25.14 06.28
25.39 06.31
25.65 06.34
25.91 06.37
26.16 06.40
26.43 06.43
26.69 06.46
26.96 06.48
27.23 06.51
27.50 06.54
27.77 06.56
28.05 06.58
28.33 06.61
28.62 06.63
28.90 06.65
29.19 06.67
29.48 06.69
29.78 06.71
30.08 06.73
30.38 06.74
30.68 06.76
30.99 06.77
31.30 06.79
31.61 06.80
31.93 06.81
32.24 06.82
32.57 06.83
32.89 06.83
33.22 06.84
33.55 06.84
33.89 06.85
34.23 06.85
34.57 06.86
34.92 06.86
35.27 06.86
35.62 06.86
35.97 06.87
36.33 06.87
36.70 06.87
37.06 06.87
37.43 06.87
37.81 06.88
38.19 06.88
38.57 06.88
38.95 06.88
39.34 06.88
39.74 06.89
40.14 06.89
40.54 06.89
40.94 06.90
41.35 06.90
41.76 06.91
42.18 06.91
42.60 06.92
43.03 06.92
43.46 06.93
43.90 06.94
44.33 06.94
44.78 06.95
45.23 06.96
45.68 06.97
46.13 06.98
46.60 06.99
47.06 07.00
47.53 07.01
48.01 07.02
48.49 07.04
48.97 07.05
49.46 07.06
49.96 07.07
50.46 07.08
50.96 07.09
51.47 07.10
51.99 07.11
52.51 07.11
53.03 07.11
53.56 07.11
54.10 07.10
54.64 07.10
55.18 07.08
55.74 07.06
56.29 07.04
56.86 07.02
57.42 06.99
58.00 06.96
58.58 06.92
59.16 06.89
59.76 06.86
60.35 06.82
60.96 06.79
61.57 06.76
62.18 06.74
62.80 06.71
63.43 06.70
64.07 06.69
64.71 06.68
65.35 06.68
66.01 06.69
66.67 06.70
67.33 06.71
68.01 06.73
68.69 06.76
69.37 06.78
70.07 06.81
70.77 06.83
71.48 06.85
72.19 06.88
72.91 06.90
73.64 06.92
74.38 06.93
75.12 06.95
75.87 06.96
76.63 06.97
77.40 06.98
78.17 06.98
78.95 06.98
79.74 06.99
80.54 06.99
81.35 06.98
82.16 06.98
82.98 06.98
83.81 06.97
84.65 06.96
85.50 06.95
86.35 06.94
87.22 06.93
88.09 06.92
88.97 06.90
89.86 06.89
90.76 06.87
91.66 06.85
92.58 06.83
93.51 06.82
94.44 06.79
95.39 06.77
96.34 06.75
97.30 06.73
98.28 06.71
99.26 06.68
100.25 06.66
101.25 06.63
102.27 06.60
103.29 06.58
104.32 06.55
105.37 06.53
106.42 06.50
107.48 06.47
108.56 06.45
109.64 06.42
110.74 06.40
111.85 06.37
112.97 06.35
114.10 06.32
115.24 06.30
116.39 06.28
117.55 06.26
118.73 06.24
119.92 06.22
121.12 06.20
122.33 06.18
123.55 06.16
124.79 06.14
126.03 06.12
127.29 06.10
128.57 06.08
129.85 06.05
131.15 06.02
132.46 06.00
133.79 05.97
135.12 05.94
136.48 05.91
137.84 05.87
139.22 05.84
140.61 05.81
142.02 05.78
143.44 05.75
144.87 05.71
146.32 05.67
147.78 05.62
149.26 05.57
150.75 05.52
152.26 05.45
153.78 05.38
155.32 05.31
156.88 05.22
158.44 05.14
160.03 05.04
161.63 04.95
163.24 04.86
164.88 04.78
166.53 04.70
168.19 04.61
169.87 04.54
171.57 04.48
173.29 04.41
175.02 04.36
176.77 04.33
178.54 04.29
180.32 04.27
182.13 04.27
183.95 04.26
185.79 04.26
187.65 04.26
189.52 04.24
191.42 04.23
193.33 04.21
195.27 04.18
197.22 04.13
199.19 04.09
201.18 04.02
203.19 03.95
205.23 03.86
207.28 03.77
209.35 03.68
211.44 03.59
213.56 03.50
215.69 03.42
217.85 03.35
220.03 03.27
222.23 03.21
224.45 03.15
226.70 03.08
228.96 03.02
231.25 02.97
233.57 02.90
235.90 02.84
238.26 02.77
240.64 02.71
243.05 02.64
245.48 02.56
247.93 02.50
250.41 02.43
252.92 02.36
255.45 02.30
258.00 02.23
260.58 02.16
263.19 02.10
265.82 02.03
268.48 01.96
271.16 01.88
273.87 01.80
276.61 01.72
279.38 01.62
282.17 01.53
284.99 01.42
287.84 01.31
290.72 01.18
293.63 01.07
296.57 00.94
299.53 00.80
302.53 00.67
305.55 00.52
308.61 00.37
311.69 00.23
314.81 00.06
317.96 -00.09
321.14 -00.25
324.35 -00.39
327.59 -00.54
330.87 -00.68
334.18 -00.81
337.52 -00.92
340.90 -01.03
344.30 -01.14
347.75 -01.23
351.23 -01.31
354.74 -01.40
358.28 -01.48
361.87 -01.54
365.49 -01.61
369.14 -01.66
372.83 -01.72
376.56 -01.77
380.33 -01.81
384.13 -01.84
387.97 -01.86
391.85 -01.88
395.77 -01.88
399.73 -01.88
403.72 -01.87
407.76 -01.86
411.84 -01.84
415.96 -01.83
420.12 -01.81
424.32 -01.79
428.56 -01.76
432.85 -01.72
437.18 -01.69
441.55 -01.65
445.96 -01.60
450.42 -01.56
454.93 -01.51
459.48 -01.47
464.07 -01.42
468.71 -01.37
473.40 -01.31
478.13 -01.26
482.91 -01.20
487.74 -01.14
492.62 -01.06
497.55 -00.99
502.52 -00.91
507.55 -00.82
512.62 -00.74
517.75 -00.66
522.93 -00.56
528.16 -00.48
533.44 -00.39
538.77 -00.32
544.16 -00.25
549.60 -00.18
555.10 -00.12
560.65 -00.06
566.25 -00.01
571.92 00.04
577.64 00.08
583.41 00.13
589.25 00.18
595.14 00.23
601.09 00.28
607.10 00.33
613.17 00.38
619.30 00.43
625.50 00.48
631.75 00.53
638.07 00.58
644.45 00.62
650.89 00.65
657.40 00.67
663.98 00.70
670.62 00.72
677.32 00.74
684.10 00.76
690.94 00.78
697.85 00.80
704.83 00.81
711.87 00.82
718.99 00.83
726.18 00.84
733.44 00.84
740.78 00.85
748.19 00.86
755.67 00.86
763.23 00.86
770.86 00.87
778.57 00.87
786.35 00.87
794.22 00.86
802.16 00.87
810.18 00.86
818.28 00.86
826.46 00.86
834.73 00.87
843.08 00.86
851.51 00.85
860.02 00.83
868.62 00.80
877.31 00.75
886.08 00.68
894.94 00.59
903.89 00.48
912.93 00.39
922.06 00.27
931.28 00.16
940.59 00.03
950.00 -00.08
959.50 -00.19
969.09 -00.30
978.78 -00.37
988.57 -00.43
998.46 -00.48
1008.44 -00.51
1018.53 -00.55
1028.71 -00.59
1039.00 -00.62
1049.39 -00.66
1059.88 -00.71
1070.48 -00.76
1081.19 -00.80
1092.00 -00.85
1102.92 -00.90
1113.95 -00.93
1125.09 -00.96
1136.34 -00.99
1147.70 -01.01
1159.18 -01.02
1170.77 -01.02
1182.48 -01.02
1194.30 -01.01
1206.25 -00.99
1218.31 -00.97
1230.49 -00.94
1242.80 -00.91
1255.22 -00.88
1267.78 -00.84
1280.45 -00.79
1293.26 -00.73
1306.19 -00.66
1319.25 -00.59
1332.45 -00.53
1345.77 -00.46
1359.23 -00.38
1372.82 -00.31
1386.55 -00.23
1400.41 -00.16
1414.42 -00.09
1428.56 -00.03
1442.85 00.03
1457.28 00.09
1471.85 00.16
1486.57 00.22
1501.43 00.29
1516.45 00.37
1531.61 00.45
1546.93 00.52
1562.40 00.60
1578.02 00.67
1593.80 00.74
1609.74 00.82
1625.84 00.88
1642.10 00.94
1658.52 00.99
1675.10 01.02
1691.85 01.04
1708.77 01.06
1725.86 01.07
1743.12 01.07
1760.55 01.05
1778.15 01.03
1795.94 01.03
1813.90 01.01
1832.03 01.02
1850.36 01.04
1868.86 01.07
1887.55 01.13
1906.42 01.20
1925.49 01.29
1944.74 01.37
1964.19 01.48
1983.83 01.59
2003.67 01.69
2023.71 01.79
2043.94 01.88
2064.38 01.95
2085.03 02.00
2105.88 02.06
2126.94 02.09
2148.20 02.11
2169.69 02.12
2191.38 02.13
2213.30 02.13
2235.43 02.13
2257.78 02.12
2280.36 02.10
2303.17 02.08
2326.20 02.06
2349.46 02.03
2372.95 02.00
2396.68 01.97
2420.65 01.92
2444.86 01.87
2469.31 01.83
2494.00 01.78
2518.94 01.73
2544.13 01.67
2569.57 01.60
2595.27 01.54
2621.22 01.46
2647.43 01.38
2673.90 01.30
2700.64 01.23
2727.65 01.15
2754.93 01.06
2782.48 00.99
2810.30 00.92
2838.40 00.84
2866.79 00.76
2895.46 00.68
2924.41 00.59
2953.65 00.50
2983.19 00.39
3013.02 00.27
3043.15 00.13
3073.58 -00.04
3104.32 -00.20
3135.36 -00.39
3166.72 -00.58
3198.38 -00.78
3230.37 -00.97
3262.67 -01.16
3295.30 -01.32
3328.25 -01.47
3361.53 -01.57
3395.15 -01.66
3429.10 -01.73
3463.39 -01.83
3498.03 -01.97
3533.01 -02.14
3568.34 -02.35
3604.02 -02.62
3640.06 -02.94
3676.46 -03.33
3713.22 -03.80
3750.36 -04.36
3787.86 -05.02
3825.74 -05.77
3864.00 -06.58
3902.64 -07.43
3941.66 -08.30
3981.08 -09.18
4020.89 -10.04
4061.10 -10.86
4101.71 -11.60
4142.73 -12.13
4184.15 -12.29
4226.00 -11.93
4268.26 -11.11
4310.94 -09.96
4354.05 -08.63
4397.59 -07.23
4441.56 -05.82
4485.98 -04.45
4530.84 -03.15
4576.15 -01.93
4621.91 -00.82
4668.13 00.16
4714.81 01.00
4761.96 01.70
4809.58 02.26
4857.67 02.69
4906.25 02.99
4955.31 03.20
5004.87 03.32
5054.91 03.36
5105.46 03.31
5156.52 03.11
5208.08 02.78
5260.16 02.39
5312.77 01.96
5365.89 01.51
5419.55 01.07
5473.75 00.64
5528.49 00.22
5583.77 -00.17
5639.61 -00.56
5696.00 -00.94
5752.96 -01.32
5810.49 -01.68
5868.60 -02.03
5927.28 -02.36
5986.56 -02.66
6046.42 -02.69
6106.89 -02.60
6167.96 -02.45
6229.64 -02.24
6291.93 -01.98
6354.85 -01.68
6418.40 -01.36
6482.58 -01.02
6547.41 -00.67
6612.88 -00.31
6679.01 00.07
6745.80 00.46
6813.26 00.88
6881.39 01.29
6950.21 01.72
7019.71 02.13
7089.91 02.51
7160.81 02.88
7232.41 03.24
7304.74 03.45
7377.79 03.63
7451.56 03.81
7526.08 03.98
7601.34 04.13
7677.35 04.25
7754.13 04.35
7831.67 04.44
7909.98 04.53
7989.08 04.60
8068.98 04.66
8149.67 04.69
8231.16 04.69
8313.47 04.67
8396.61 04.63
8480.57 04.58
8565.38 04.52
8651.03 04.44
8737.54 04.35
8824.92 04.22
8913.17 04.06
9002.30 03.88
9092.32 03.67
9183.25 03.44
9275.08 03.19
9367.83 02.92
9461.51 02.60
9556.12 02.25
9651.68 01.88
9748.20 01.50
9845.68 01.13
9944.14 00.81
10043.58 00.55
10144.02 00.34
10245.46 00.19
10347.91 00.19
10451.39 00.25
10555.91 00.36
10661.46 00.52
10768.08 00.71
10875.76 00.92
10984.52 01.16
11094.36 01.37
11205.31 01.55
11317.36 01.72
11430.53 01.89
11544.84 02.07
11660.29 02.28
11776.89 02.52
11894.66 02.82
12013.60 03.16
12133.74 03.56
12255.08 03.96
12377.63 04.34
12501.41 04.64
12626.42 04.87
12752.68 05.02
12880.21 05.08
13009.01 05.05
13139.10 04.92
13270.49 04.68
13403.20 04.30
13537.23 03.75
13672.60 03.01
13809.33 02.08
13947.42 00.97
14086.90 -00.23
14227.77 -01.45
14370.04 -02.63
14513.74 -03.77
14658.88 -04.90
14805.47 -05.81
14953.52 -06.43
15103.06 -06.75
15254.09 -06.80
15406.63 -06.68
15560.70 -06.48
15716.30 -06.26
15873.47 -06.07
16032.20 -05.94
16192.52 -05.87
16354.45 -05.85
16517.99 -05.88
16683.17 -05.95
16850.01 -06.04
17018.51 -06.12
17188.69 -06.20
17360.58 -06.24
17534.18 -06.28
17709.53 -06.33
17886.62 -06.40
18065.49 -06.51
18246.14 -06.66
18428.60 -06.89
18612.89 -07.22
18799.02 -07.67
18987.01 -08.29
19176.88 -09.08
19368.65 -10.07
19562.33 -11.25
19757.96 -12.58
19955.54 -14.00
20000.00 -14.32
