20.00 -12.29
20.20 -12.16
20.40 -12.03
20.61 -11.90
20.81 -11.78
21.02 -11.65
21.23 -11.53
21.44 -11.41
21.66 -11.29
21.87 -11.17
22.09 -11.06
22.31 -10.94
22.54 -10.82
22.76 -10.71
22.99 -10.59
23.22 -10.48
23.45 -10.37
23.69 -10.25
23.92 -10.14
24.16 -10.02
24.40 -09.91
24.65 -09.79
24.89 -09.68
25.14 -09.57
25.39 -09.46
25.65 -09.34
25.91 -09.23
26.16 -09.12
26.43 -09.01
26.69 -08.90
26.96 -08.79
27.23 -08.68
27.50 -08.57
27.77 -08.46
28.05 -08.35
28.33 -08.25
28.62 -08.14
28.90 -08.03
29.19 -07.93
29.48 -07.83
29.78 -07.72
30.08 -07.62
30.38 -07.52
30.68 -07.42
30.99 -07.32
31.30 -07.22
31.61 -07.13
31.93 -07.03
32.24 -06.93
32.57 -06.83
32.89 -06.73
33.22 -06.64
33.55 -06.54
33.89 -06.44
34.23 -06.34
34.57 -06.24
34.92 -06.14
35.27 -06.05
35.62 -05.95
35.97 -05.85
36.33 -05.76
36.70 -05.66
37.06 -05.57
37.43 -05.47
37.81 -05.38
38.19 -05.29
38.57 -05.20
38.95 -05.11
39.34 -05.02
39.74 -04.92
40.14 -04.84
40.54 -04.75
40.94 -04.66
41.35 -04.58
41.76 -04.49
42.18 -04.41
42.60 -04.32
43.03 -04.24
43.46 -04.16
43.90 -04.07
44.33 -04.00
44.78 -03.91
45.23 -03.83
45.68 -03.76
46.13 -03.68
46.60 -03.60
47.06 -03.53
47.53 -03.45
48.01 -03.38
48.49 -03.31
48.97 -03.24
49.46 -03.17
49.96 -03.10
50.46 -03.03
50.96 -02.97
51.47 -02.91
51.99 -02.85
52.51 -02.80
53.03 -02.74
53.56 -02.69
54.10 -02.65
54.64 -02.60
55.18 -02.57
55.74 -02.53
56.29 -02.50
56.86 -02.46
57.42 -02.44
58.00 -02.41
58.58 -02.38
59.16 -02.35
59.76 -02.33
60.35 -02.30
60.96 -02.27
61.57 -02.24
62.18 -02.20
62.80 -02.17
63.43 -02.13
64.07 -02.08
64.71 -02.03
65.35 -01.98
66.01 -01.93
66.67 -01.87
67.33 -01.80
68.01 -01.74
68.69 -01.67
69.37 -01.60
70.07 -01.53
70.77 -01.46
71.48 -01.39
72.19 -01.33
72.91 -01.26
73.64 -01.20
74.38 -01.15
75.12 -01.09
75.87 -01.04
76.63 -01.00
77.40 -00.96
78.17 -00.92
78.95 -00.88
79.74 -00.85
80.54 -00.82
81.35 -00.79
82.16 -00.77
82.98 -00.74
83.81 -00.72
84.65 -00.69
85.50 -00.67
86.35 -00.65
87.22 -00.63
88.09 -00.61
88.97 -00.60
89.86 -00.58
90.76 -00.57
91.66 -00.55
92.58 -00.54
93.51 -00.53
94.44 -00.52
95.39 -00.51
96.34 -00.50
97.30 -00.49
98.28 -00.49
99.26 -00.48
100.25 -00.48
101.25 -00.48
102.27 -00.47
103.29 -00.47
104.32 -00.47
105.37 -00.47
106.42 -00.47
107.48 -00.48
108.56 -00.48
109.64 -00.48
110.74 -00.49
111.85 -00.49
112.97 -00.49
114.10 -00.50
115.24 -00.50
116.39 -00.51
117.55 -00.51
118.73 -00.51
119.92 -00.52
121.12 -00.52
122.33 -00.52
123.55 -00.52
124.79 -00.53
126.03 -00.53
127.29 -00.54
128.57 -00.54
129.85 -00.55
131.15 -00.55
132.46 -00.56
133.79 -00.57
135.12 -00.58
136.48 -00.59
137.84 -00.60
139.22 -00.61
140.61 -00.62
142.02 -00.63
143.44 -00.64
144.87 -00.65
146.32 -00.66
147.78 -00.67
149.26 -00.68
150.75 -00.70
152.26 -00.71
153.78 -00.72
155.32 -00.74
156.88 -00.75
158.44 -00.76
160.03 -00.78
161.63 -00.78
163.24 -00.78
164.88 -00.77
166.53 -00.77
168.19 -00.76
169.87 -00.75
171.57 -00.72
173.29 -00.71
175.02 -00.69
176.77 -00.67
178.54 -00.66
180.32 -00.65
182.13 -00.65
183.95 -00.65
185.79 -00.67
187.65 -00.68
189.52 -00.71
191.42 -00.73
193.33 -00.78
195.27 -00.81
197.22 -00.86
199.19 -00.89
201.18 -00.94
203.19 -00.97
205.23 -01.02
207.28 -01.06
209.35 -01.11
211.44 -01.15
213.56 -01.21
215.69 -01.25
217.85 -01.30
220.03 -01.37
222.23 -01.42
224.45 -01.47
226.70 -01.52
228.96 -01.56
231.25 -01.55
233.57 -01.53
235.90 -01.47
238.26 -01.36
240.64 -01.20
243.05 -01.00
245.48 -00.77
247.93 -00.52
250.41 -00.28
252.92 -00.06
255.45 00.15
258.00 00.33
260.58 00.48
263.19 00.61
265.82 00.69
268.48 00.75
271.16 00.76
273.87 00.75
276.61 00.73
279.38 00.68
282.17 00.65
284.99 00.60
287.84 00.56
290.72 00.51
293.63 00.47
296.57 00.44
299.53 00.40
302.53 00.38
305.55 00.34
308.61 00.32
311.69 00.31
314.81 00.28
317.96 00.27
321.14 00.25
324.35 00.25
327.59 00.23
330.87 00.22
334.18 00.21
337.52 00.21
340.90 00.20
344.30 00.20
347.75 00.19
351.23 00.19
354.74 00.19
358.28 00.18
361.87 00.18
365.49 00.17
369.14 00.18
372.83 00.17
376.56 00.16
380.33 00.17
384.13 00.16
387.97 00.17
391.85 00.16
395.77 00.17
399.73 00.17
403.72 00.18
407.76 00.18
411.84 00.19
415.96 00.19
420.12 00.19
424.32 00.19
428.56 00.19
432.85 00.20
437.18 00.19
441.55 00.19
445.96 00.19
450.42 00.18
454.93 00.18
459.48 00.17
464.07 00.15
468.71 00.14
473.40 00.14
478.13 00.13
482.91 00.13
487.74 00.12
492.62 00.12
497.55 00.12
502.52 00.12
507.55 00.13
512.62 00.13
517.75 00.13
522.93 00.15
528.16 00.15
533.44 00.17
538.77 00.18
544.16 00.19
549.60 00.21
555.10 00.22
560.65 00.24
566.25 00.25
571.92 00.27
577.64 00.27
583.41 00.28
589.25 00.28
595.14 00.29
601.09 00.30
607.10 00.30
613.17 00.30
619.30 00.30
625.50 00.30
631.75 00.31
638.07 00.30
644.45 00.29
650.89 00.27
657.40 00.24
663.98 00.22
670.62 00.20
677.32 00.17
684.10 00.15
690.94 00.12
697.85 00.10
704.83 00.07
711.87 00.03
718.99 00.00
726.18 -00.04
733.44 -00.07
740.78 -00.11
748.19 -00.14
755.67 -00.18
763.23 -00.22
770.86 -00.24
778.57 -00.27
786.35 -00.30
794.22 -00.32
802.16 -00.33
810.18 -00.36
818.28 -00.38
826.46 -00.40
834.73 -00.41
843.08 -00.43
851.51 -00.45
860.02 -00.47
868.62 -00.49
877.31 -00.49
886.08 -00.51
894.94 -00.52
903.89 -00.53
912.93 -00.52
922.06 -00.52
931.28 -00.51
940.59 -00.51
950.00 -00.50
959.50 -00.50
969.09 -00.50
978.78 -00.49
988.57 -00.47
998.46 -00.47
1008.44 -00.45
1018.53 -00.42
1028.71 -00.41
1039.00 -00.38
1049.39 -00.34
1059.88 -00.32
1070.48 -00.28
1081.19 -00.24
1092.00 -00.21
1102.92 -00.17
1113.95 -00.13
1125.09 -00.09
1136.34 -00.07
1147.70 -00.03
1159.18 00.00
1170.77 00.04
1182.48 00.06
1194.30 00.10
1206.25 00.13
1218.31 00.16
1230.49 00.19
1242.80 00.22
1255.22 00.23
1267.78 00.25
1280.45 00.28
1293.26 00.31
1306.19 00.33
1319.25 00.36
1332.45 00.37
1345.77 00.40
1359.23 00.41
1372.82 00.43
1386.55 00.45
1400.41 00.46
1414.42 00.48
1428.56 00.50
1442.85 00.51
1457.28 00.53
1471.85 00.55
1486.57 00.58
1501.43 00.61
1516.45 00.65
1531.61 00.71
1546.93 00.77
1562.40 00.84
1578.02 00.91
1593.80 00.99
1609.74 01.08
1625.84 01.17
1642.10 01.27
1658.52 01.37
1675.10 01.46
1691.85 01.55
1708.77 01.65
1725.86 01.74
1743.12 01.83
1760.55 01.92
1778.15 02.01
1795.94 02.11
1813.90 02.21
1832.03 02.31
1850.36 02.41
1868.86 02.53
1887.55 02.65
1906.42 02.77
1925.49 02.90
1944.74 03.03
1964.19 03.17
1983.83 03.32
2003.67 03.47
2023.71 03.62
2043.94 03.78
2064.38 03.94
2085.03 04.11
2105.88 04.29
2126.94 04.46
2148.20 04.62
2169.69 04.79
2191.38 04.95
2213.30 05.11
2235.43 05.28
2257.78 05.43
2280.36 05.58
2303.17 05.71
2326.20 05.84
2349.46 05.94
2372.95 06.03
2396.68 06.11
2420.65 06.17
2444.86 06.19
2469.31 06.20
2494.00 06.17
2518.94 06.12
2544.13 06.03
2569.57 05.92
2595.27 05.79
2621.22 05.62
2647.43 05.43
2673.90 05.22
2700.64 05.00
2727.65 04.76
2754.93 04.51
2782.48 04.27
2810.30 04.03
2838.40 03.79
2866.79 03.55
2895.46 03.33
2924.41 03.10
2953.65 02.90
2983.19 02.71
3013.02 02.54
3043.15 02.39
3073.58 02.24
3104.32 02.11
3135.36 01.99
3166.72 01.89
3198.38 01.80
3230.37 01.73
3262.67 01.67
3295.30 01.63
3328.25 01.60
3361.53 01.60
3395.15 01.60
3429.10 01.63
3463.39 01.69
3498.03 01.75
3533.01 01.84
3568.34 01.94
3604.02 02.07
3640.06 02.24
3676.46 02.44
3713.22 02.71
3750.36 03.04
3787.86 03.44
3825.74 03.92
3864.00 04.45
3902.64 05.00
3941.66 05.55
3981.08 06.05
4020.89 06.52
4061.10 06.95
4101.71 07.33
4142.73 07.66
4184.15 07.93
4226.00 08.12
4268.26 08.22
4310.94 08.24
4354.05 08.19
4397.59 08.08
4441.56 07.93
4485.98 07.74
4530.84 07.52
4576.15 07.24
4621.91 06.89
4668.13 06.49
4714.81 06.04
4761.96 05.58
4809.58 05.15
4857.67 04.74
4906.25 04.34
4955.31 03.94
5004.87 03.51
5054.91 03.06
5105.46 02.64
5156.52 02.20
5208.08 01.80
5260.16 01.46
5312.77 01.16
5365.89 00.85
5419.55 00.54
5473.75 00.22
5528.49 -00.12
5583.77 -00.44
5639.61 -00.78
5696.00 -01.13
5752.96 -01.48
5810.49 -01.82
5868.60 -02.14
5927.28 -02.43
5986.56 -02.70
6046.42 -02.74
6106.89 -02.70
6167.96 -02.65
6229.64 -02.58
6291.93 -02.49
6354.85 -02.39
6418.40 -02.29
6482.58 -02.18
6547.41 -02.09
6612.88 -02.00
6679.01 -01.90
6745.80 -01.81
6813.26 -01.69
6881.39 -01.56
6950.21 -01.38
7019.71 -01.17
7089.91 -00.91
7160.81 -00.63
7232.41 -00.31
7304.74 -00.11
7377.79 00.09
7451.56 00.32
7526.08 00.59
7601.34 00.87
7677.35 01.18
7754.13 01.50
7831.67 01.83
7909.98 02.20
7989.08 02.58
8068.98 02.99
8149.67 03.40
8231.16 03.81
8313.47 04.22
8396.61 04.60
8480.57 04.96
8565.38 05.30
8651.03 05.62
8737.54 05.91
8824.92 06.18
8913.17 06.43
9002.30 06.66
9092.32 06.87
9183.25 07.08
9275.08 07.27
9367.83 07.46
9461.51 07.66
9556.12 07.88
9651.68 08.13
9748.20 08.40
9845.68 08.66
9944.14 08.89
10043.58 09.06
10144.02 09.14
10245.46 09.15
10347.91 09.18
10451.39 09.16
10555.91 09.08
10661.46 08.94
10768.08 08.71
10875.76 08.38
10984.52 07.95
11094.36 07.42
11205.31 06.82
11317.36 06.20
11430.53 05.61
11544.84 05.06
11660.29 04.55
11776.89 04.02
11894.66 03.46
12013.60 02.84
12133.74 02.19
12255.08 01.56
12377.63 00.98
12501.41 00.53
12626.42 00.26
12752.68 00.19
12880.21 00.30
13009.01 00.55
13139.10 00.89
13270.49 01.24
13403.20 01.56
13537.23 01.82
13672.60 02.01
13809.33 02.15
13947.42 02.21
14086.90 02.23
14227.77 02.20
14370.04 02.11
14513.74 01.92
14658.88 01.54
14805.47 01.14
14953.52 00.78
15103.06 00.54
15254.09 00.49
15406.63 00.59
15560.70 00.81
15716.30 01.06
15873.47 01.28
16032.20 01.41
16192.52 01.45
16354.45 01.38
16517.99 01.23
16683.17 00.99
16850.01 00.65
17018.51 00.19
17188.69 -00.43
17360.58 -01.23
17534.18 -02.26
17709.53 -03.54
17886.62 -05.02
18065.49 -06.65
18246.14 -08.31
18428.60 -09.98
18612.89 -11.59
18799.02 -13.14
18987.01 -14.49
19176.88 -15.40
19368.65 -15.67
19562.33 -15.25
19757.96 -14.43
19955.54 -13.54
20000.00 -13.37
