20.00 -03.98
20.20 -03.91
20.40 -03.83
20.61 -03.76
20.81 -03.69
21.02 -03.62
21.23 -03.55
21.44 -03.49
21.66 -03.42
21.87 -03.36
22.09 -03.30
22.31 -03.24
22.54 -03.18
22.76 -03.12
22.99 -03.06
23.22 -03.00
23.45 -02.94
23.69 -02.88
23.92 -02.82
24.16 -02.76
24.40 -02.70
24.65 -02.64
24.89 -02.59
25.14 -02.53
25.39 -02.48
25.65 -02.42
25.91 -02.36
26.16 -02.31
26.43 -02.26
26.69 -02.21
26.96 -02.15
27.23 -02.10
27.50 -02.05
27.77 -02.00
28.05 -01.95
28.33 -01.91
28.62 -01.86
28.90 -01.81
29.19 -01.77
29.48 -01.72
29.78 -01.68
30.08 -01.64
30.38 -01.60
30.68 -01.56
30.99 -01.52
31.30 -01.48
31.61 -01.44
31.93 -01.41
32.24 -01.37
32.57 -01.34
32.89 -01.30
33.22 -01.27
33.55 -01.24
33.89 -01.21
34.23 -01.19
34.57 -01.16
34.92 -01.14
35.27 -01.12
35.62 -01.10
35.97 -01.08
36.33 -01.06
36.70 -01.04
37.06 -01.03
37.43 -01.01
37.81 -01.00
38.19 -00.98
38.57 -00.97
38.95 -00.95
39.34 -00.93
39.74 -00.91
40.14 -00.88
40.54 -00.86
40.94 -00.83
41.35 -00.79
41.76 -00.75
42.18 -00.71
42.60 -00.66
43.03 -00.60
43.46 -00.54
43.90 -00.47
44.33 -00.40
44.78 -00.32
45.23 -00.23
45.68 -00.14
46.13 -00.05
46.60 00.05
47.06 00.14
47.53 00.25
48.01 00.35
48.49 00.45
48.97 00.56
49.46 00.66
49.96 00.77
50.46 00.87
50.96 00.97
51.47 01.07
51.99 01.17
52.51 01.27
53.03 01.36
53.56 01.45
54.10 01.54
54.64 01.62
55.18 01.70
55.74 01.78
56.29 01.86
56.86 01.94
57.42 02.01
58.00 02.08
58.58 02.15
59.16 02.22
59.76 02.29
60.35 02.35
60.96 02.41
61.57 02.46
62.18 02.51
62.80 02.56
63.43 02.60
64.07 02.64
64.71 02.67
65.35 02.69
66.01 02.71
66.67 02.73
67.33 02.74
68.01 02.75
68.69 02.75
69.37 02.76
70.07 02.76
70.77 02.76
71.48 02.76
72.19 02.75
72.91 02.75
73.64 02.74
74.38 02.74
75.12 02.73
75.87 02.72
76.63 02.70
77.40 02.69
78.17 02.68
78.95 02.66
79.74 02.64
80.54 02.63
81.35 02.61
82.16 02.60
82.98 02.59
83.81 02.58
84.65 02.59
85.50 02.60
86.35 02.62
87.22 02.64
88.09 02.68
88.97 02.72
89.86 02.77
90.76 02.82
91.66 02.88
92.58 02.94
93.51 03.00
94.44 03.06
95.39 03.11
96.34 03.17
97.30 03.22
98.28 03.28
99.26 03.33
100.25 03.37
101.25 03.42
102.27 03.46
103.29 03.50
104.32 03.54
105.37 03.57
106.42 03.60
107.48 03.63
108.56 03.65
109.64 03.67
110.74 03.68
111.85 03.70
112.97 03.71
114.10 03.72
115.24 03.73
116.39 03.74
117.55 03.75
118.73 03.77
119.92 03.78
121.12 03.80
122.33 03.82
123.55 03.83
124.79 03.85
126.03 03.87
127.29 03.88
128.57 03.90
129.85 03.91
131.15 03.93
132.46 03.94
133.79 03.95
135.12 03.95
136.48 03.96
137.84 03.96
139.22 03.96
140.61 03.96
142.02 03.95
143.44 03.94
144.87 03.94
146.32 03.92
147.78 03.91
149.26 03.89
150.75 03.87
152.26 03.85
153.78 03.83
155.32 03.81
156.88 03.78
158.44 03.75
160.03 03.73
161.63 03.70
163.24 03.68
164.88 03.67
166.53 03.64
168.19 03.61
169.87 03.58
171.57 03.55
173.29 03.50
175.02 03.46
176.77 03.41
178.54 03.35
180.32 03.29
182.13 03.22
183.95 03.14
185.79 03.06
187.65 02.98
189.52 02.89
191.42 02.81
193.33 02.72
195.27 02.63
197.22 02.53
199.19 02.44
201.18 02.33
203.19 02.22
205.23 02.10
207.28 01.98
209.35 01.85
211.44 01.72
213.56 01.58
215.69 01.45
217.85 01.33
220.03 01.21
222.23 01.12
224.45 01.04
226.70 00.98
228.96 00.93
231.25 00.91
233.57 00.89
235.90 00.89
238.26 00.90
240.64 00.93
243.05 00.95
245.48 00.98
247.93 01.01
250.41 01.02
252.92 01.03
255.45 01.03
258.00 01.01
260.58 00.97
263.19 00.92
265.82 00.83
268.48 00.73
271.16 00.59
273.87 00.41
276.61 00.22
279.38 -00.01
282.17 -00.26
284.99 -00.55
287.84 -00.85
290.72 -01.19
293.63 -01.54
296.57 -01.92
299.53 -02.32
302.53 -02.72
305.55 -03.15
308.61 -03.56
311.69 -03.98
314.81 -04.39
317.96 -04.77
321.14 -05.13
324.35 -05.44
327.59 -05.72
330.87 -05.94
334.18 -06.10
337.52 -06.18
340.90 -06.21
344.30 -06.17
347.75 -06.08
351.23 -05.94
354.74 -05.78
358.28 -05.58
361.87 -05.35
365.49 -05.13
369.14 -04.89
372.83 -04.67
376.56 -04.46
380.33 -04.25
384.13 -04.08
387.97 -03.91
391.85 -03.76
395.77 -03.63
399.73 -03.51
403.72 -03.39
407.76 -03.28
411.84 -03.16
415.96 -03.04
420.12 -02.92
424.32 -02.79
428.56 -02.65
432.85 -02.51
437.18 -02.37
441.55 -02.23
445.96 -02.10
450.42 -01.99
454.93 -01.88
459.48 -01.78
464.07 -01.70
468.71 -01.61
473.40 -01.51
478.13 -01.41
482.91 -01.29
487.74 -01.14
492.62 -00.96
497.55 -00.78
502.52 -00.58
507.55 -00.36
512.62 -00.16
517.75 00.04
522.93 00.24
528.16 00.41
533.44 00.57
538.77 00.70
544.16 00.80
549.60 00.89
555.10 00.95
560.65 01.00
566.25 01.03
571.92 01.07
577.64 01.09
583.41 01.12
589.25 01.13
595.14 01.16
601.09 01.18
607.10 01.19
613.17 01.21
619.30 01.22
625.50 01.24
631.75 01.25
638.07 01.25
644.45 01.25
650.89 01.23
657.40 01.20
663.98 01.17
670.62 01.14
677.32 01.10
684.10 01.05
690.94 00.99
697.85 00.93
704.83 00.85
711.87 00.76
718.99 00.67
726.18 00.57
733.44 00.46
740.78 00.36
748.19 00.28
755.67 00.18
763.23 00.09
770.86 00.03
778.57 -00.04
786.35 -00.10
794.22 -00.14
802.16 -00.16
810.18 -00.17
818.28 -00.18
826.46 -00.19
834.73 -00.18
843.08 -00.17
851.51 -00.16
860.02 -00.14
868.62 -00.12
877.31 -00.09
886.08 -00.07
894.94 -00.05
903.89 -00.04
912.93 -00.02
922.06 -00.02
931.28 -00.01
940.59 -00.02
950.00 -00.02
959.50 -00.03
969.09 -00.05
978.78 -00.06
988.57 -00.07
998.46 -00.10
1008.44 -00.13
1018.53 -00.17
1028.71 -00.22
1039.00 -00.26
1049.39 -00.31
1059.88 -00.37
1070.48 -00.42
1081.19 -00.46
1092.00 -00.51
1102.92 -00.54
1113.95 -00.57
1125.09 -00.59
1136.34 -00.62
1147.70 -00.62
1159.18 -00.63
1170.77 -00.63
1182.48 -00.65
1194.30 -00.66
1206.25 -00.68
1218.31 -00.71
1230.49 -00.74
1242.80 -00.78
1255.22 -00.83
1267.78 -00.87
1280.45 -00.92
1293.26 -00.96
1306.19 -01.01
1319.25 -01.05
1332.45 -01.10
1345.77 -01.14
1359.23 -01.17
1372.82 -01.20
1386.55 -01.24
1400.41 -01.26
1414.42 -01.29
1428.56 -01.31
1442.85 -01.34
1457.28 -01.36
1471.85 -01.38
1486.57 -01.39
1501.43 -01.41
1516.45 -01.42
1531.61 -01.43
1546.93 -01.44
1562.40 -01.46
1578.02 -01.47
1593.80 -01.49
1609.74 -01.50
1625.84 -01.53
1642.10 -01.55
1658.52 -01.57
1675.10 -01.59
1691.85 -01.61
1708.77 -01.62
1725.86 -01.65
1743.12 -01.66
1760.55 -01.69
1778.15 -01.71
1795.94 -01.73
1813.90 -01.76
1832.03 -01.79
1850.36 -01.83
1868.86 -01.88
1887.55 -01.93
1906.42 -02.00
1925.49 -02.07
1944.74 -02.15
1964.19 -02.22
1983.83 -02.29
2003.67 -02.37
2023.71 -02.44
2043.94 -02.51
2064.38 -02.58
2085.03 -02.65
2105.88 -02.71
2126.94 -02.77
2148.20 -02.83
2169.69 -02.89
2191.38 -02.95
2213.30 -03.01
2235.43 -03.06
2257.78 -03.12
2280.36 -03.18
2303.17 -03.23
2326.20 -03.27
2349.46 -03.32
2372.95 -03.36
2396.68 -03.38
2420.65 -03.41
2444.86 -03.43
2469.31 -03.43
2494.00 -03.43
2518.94 -03.42
2544.13 -03.41
2569.57 -03.39
2595.27 -03.37
2621.22 -03.35
2647.43 -03.32
2673.90 -03.29
2700.64 -03.25
2727.65 -03.21
2754.93 -03.18
2782.48 -03.14
2810.30 -03.09
2838.40 -03.04
2866.79 -02.98
2895.46 -02.91
2924.41 -02.86
2953.65 -02.79
2983.19 -02.73
3013.02 -02.68
3043.15 -02.64
3073.58 -02.62
3104.32 -02.63
3135.36 -02.69
3166.72 -02.79
3198.38 -02.96
3230.37 -03.20
3262.67 -03.54
3295.30 -03.97
3328.25 -04.50
3361.53 -05.07
3395.15 -05.63
3429.10 -06.06
3463.39 -06.28
3498.03 -06.24
3533.01 -05.94
3568.34 -05.44
3604.02 -04.81
3640.06 -04.12
3676.46 -03.42
3713.22 -02.75
3750.36 -02.15
3787.86 -01.63
3825.74 -01.21
3864.00 -00.88
3902.64 -00.63
3941.66 -00.44
3981.08 -00.30
4020.89 -00.20
4061.10 -00.14
4101.71 -00.11
4142.73 -00.10
4184.15 -00.10
4226.00 -00.11
4268.26 -00.11
4310.94 -00.11
4354.05 -00.09
4397.59 -00.07
4441.56 -00.05
4485.98 -00.04
4530.84 -00.05
4576.15 -00.07
4621.91 -00.11
4668.13 -00.16
4714.81 -00.22
4761.96 -00.29
4809.58 -00.38
4857.67 -00.47
4906.25 -00.56
4955.31 -00.62
5004.87 -00.65
5054.91 -00.63
5105.46 -00.57
5156.52 -00.54
5208.08 -00.52
5260.16 -00.47
5312.77 -00.39
5365.89 -00.29
5419.55 -00.18
5473.75 -00.08
5528.49 00.00
5583.77 00.08
5639.61 00.13
5696.00 00.16
5752.96 00.16
5810.49 00.14
5868.60 00.09
5927.28 00.02
5986.56 -00.08
6046.42 00.01
6106.89 00.16
6167.96 00.29
6229.64 00.40
6291.93 00.49
6354.85 00.55
6418.40 00.58
6482.58 00.60
6547.41 00.59
6612.88 00.55
6679.01 00.49
6745.80 00.41
6813.26 00.32
6881.39 00.21
6950.21 00.10
7019.71 00.01
7089.91 -00.06
7160.81 -00.10
7232.41 -00.10
7304.74 -00.22
7377.79 -00.32
7451.56 -00.41
7526.08 -00.51
7601.34 -00.66
7677.35 -00.84
7754.13 -01.07
7831.67 -01.31
7909.98 -01.57
7989.08 -01.82
8068.98 -02.06
8149.67 -02.30
8231.16 -02.54
8313.47 -02.76
8396.61 -02.95
8480.57 -03.07
8565.38 -03.14
8651.03 -03.21
8737.54 -03.35
8824.92 -03.59
8913.17 -03.95
9002.30 -04.42
9092.32 -04.98
9183.25 -05.63
9275.08 -06.38
9367.83 -07.24
9461.51 -08.22
9556.12 -09.32
9651.68 -10.45
9748.20 -11.39
9845.68 -11.94
9944.14 -12.06
10043.58 -11.99
10144.02 -11.98
10245.46 -12.05
10347.91 -12.10
10451.39 -12.15
10555.91 -12.16
10661.46 -12.07
10768.08 -11.85
10875.76 -11.52
10984.52 -11.11
11094.36 -10.68
11205.31 -10.27
11317.36 -09.84
11430.53 -09.39
11544.84 -08.89
11660.29 -08.30
11776.89 -07.65
11894.66 -06.93
12013.60 -06.19
12133.74 -05.46
12255.08 -04.78
12377.63 -04.10
12501.41 -03.39
12626.42 -02.67
12752.68 -01.95
12880.21 -01.29
13009.01 -00.69
13139.10 -00.15
13270.49 00.29
13403.20 00.64
13537.23 00.89
13672.60 01.04
13809.33 01.10
13947.42 01.06
14086.90 00.92
14227.77 00.70
14370.04 00.41
14513.74 00.04
14658.88 -00.45
14805.47 -00.93
14953.52 -01.32
15103.06 -01.61
15254.09 -01.78
15406.63 -01.87
15560.70 -01.88
15716.30 -01.86
15873.47 -01.87
16032.20 -01.92
16192.52 -02.04
16354.45 -02.21
16517.99 -02.40
16683.17 -02.52
16850.01 -02.43
17018.51 -02.02
17188.69 -01.34
17360.58 -00.53
17534.18 00.27
17709.53 00.99
17886.62 01.60
18065.49 02.10
18246.14 02.51
18428.60 02.81
18612.89 02.99
18799.02 03.01
18987.01 02.87
19176.88 02.57
19368.65 02.09
19562.33 01.47
19757.96 00.70
19955.54 -00.22
20000.00 -00.45
