20.00 -04.45
20.20 -04.36
20.40 -04.28
20.61 -04.19
20.81 -04.11
21.02 -04.03
21.23 -03.95
21.44 -03.87
21.66 -03.79
21.87 -03.72
22.09 -03.64
22.31 -03.57
22.54 -03.49
22.76 -03.42
22.99 -03.35
23.22 -03.28
23.45 -03.21
23.69 -03.14
23.92 -03.07
24.16 -03.00
24.40 -02.94
24.65 -02.87
24.89 -02.80
25.14 -02.74
25.39 -02.68
25.65 -02.61
25.91 -02.55
26.16 -02.49
26.43 -02.43
26.69 -02.38
26.96 -02.32
27.23 -02.26
27.50 -02.21
27.77 -02.16
28.05 -02.11
28.33 -02.06
28.62 -02.01
28.90 -01.97
29.19 -01.92
29.48 -01.88
29.78 -01.84
30.08 -01.80
30.38 -01.77
30.68 -01.73
30.99 -01.70
31.30 -01.67
31.61 -01.64
31.93 -01.61
32.24 -01.59
32.57 -01.57
32.89 -01.55
33.22 -01.54
33.55 -01.53
33.89 -01.52
34.23 -01.52
34.57 -01.51
34.92 -01.52
35.27 -01.52
35.62 -01.53
35.97 -01.54
36.33 -01.55
36.70 -01.57
37.06 -01.58
37.43 -01.60
37.81 -01.62
38.19 -01.63
38.57 -01.65
38.95 -01.66
39.34 -01.68
39.74 -01.69
40.14 -01.69
40.54 -01.70
40.94 -01.70
41.35 -01.69
41.76 -01.68
42.18 -01.66
42.60 -01.64
43.03 -01.61
43.46 -01.57
43.90 -01.53
44.33 -01.48
44.78 -01.42
45.23 -01.36
45.68 -01.29
46.13 -01.22
46.60 -01.14
47.06 -01.06
47.53 -00.97
48.01 -00.89
48.49 -00.80
48.97 -00.71
49.46 -00.62
49.96 -00.54
50.46 -00.45
50.96 -00.38
51.47 -00.30
51.99 -00.24
52.51 -00.18
53.03 -00.13
53.56 -00.09
54.10 -00.05
54.64 -00.03
55.18 -00.01
55.74 00.00
56.29 00.00
56.86 -00.01
57.42 -00.02
58.00 -00.03
58.58 -00.04
59.16 -00.06
59.76 -00.07
60.35 -00.09
60.96 -00.10
61.57 -00.11
62.18 -00.11
62.80 -00.11
63.43 -00.11
64.07 -00.09
64.71 -00.07
65.35 -00.05
66.01 -00.01
66.67 00.02
67.33 00.06
68.01 00.11
68.69 00.16
69.37 00.21
70.07 00.26
70.77 00.31
71.48 00.36
72.19 00.41
72.91 00.46
73.64 00.51
74.38 00.55
75.12 00.59
75.87 00.62
76.63 00.66
77.40 00.69
78.17 00.72
78.95 00.74
79.74 00.77
80.54 00.79
81.35 00.81
82.16 00.83
82.98 00.85
83.81 00.87
84.65 00.88
85.50 00.90
86.35 00.91
87.22 00.92
88.09 00.93
88.97 00.94
89.86 00.95
90.76 00.96
91.66 00.96
92.58 00.97
93.51 00.98
94.44 00.99
95.39 01.00
96.34 01.00
97.30 01.01
98.28 01.02
99.26 01.03
100.25 01.04
101.25 01.05
102.27 01.05
103.29 01.06
104.32 01.07
105.37 01.08
106.42 01.09
107.48 01.10
108.56 01.10
109.64 01.11
110.74 01.12
111.85 01.12
112.97 01.13
114.10 01.13
115.24 01.14
116.39 01.14
117.55 01.14
118.73 01.14
119.92 01.14
121.12 01.14
122.33 01.14
123.55 01.14
124.79 01.13
126.03 01.13
127.29 01.12
128.57 01.12
129.85 01.11
131.15 01.11
132.46 01.10
133.79 01.09
135.12 01.09
136.48 01.08
137.84 01.07
139.22 01.06
140.61 01.05
142.02 01.05
143.44 01.04
144.87 01.03
146.32 01.02
147.78 01.01
149.26 01.00
150.75 00.99
152.26 00.98
153.78 00.97
155.32 00.96
156.88 00.96
158.44 00.95
160.03 00.94
161.63 00.93
163.24 00.93
164.88 00.94
166.53 00.93
168.19 00.93
169.87 00.92
171.57 00.93
173.29 00.92
175.02 00.92
176.77 00.92
178.54 00.92
180.32 00.92
182.13 00.93
183.95 00.93
185.79 00.93
187.65 00.94
189.52 00.94
191.42 00.94
193.33 00.94
195.27 00.94
197.22 00.92
199.19 00.91
201.18 00.89
203.19 00.86
205.23 00.82
207.28 00.78
209.35 00.73
211.44 00.67
213.56 00.60
215.69 00.53
217.85 00.47
220.03 00.39
222.23 00.33
224.45 00.27
226.70 00.21
228.96 00.16
231.25 00.14
233.57 00.11
235.90 00.11
238.26 00.12
240.64 00.15
243.05 00.19
245.48 00.24
247.93 00.30
250.41 00.35
252.92 00.41
255.45 00.47
258.00 00.52
260.58 00.57
263.19 00.61
265.82 00.64
268.48 00.67
271.16 00.68
273.87 00.69
276.61 00.70
279.38 00.69
282.17 00.69
284.99 00.69
287.84 00.69
290.72 00.68
293.63 00.69
296.57 00.70
299.53 00.70
302.53 00.72
305.55 00.73
308.61 00.75
311.69 00.77
314.81 00.79
317.96 00.82
321.14 00.84
324.35 00.86
327.59 00.88
330.87 00.88
334.18 00.89
337.52 00.90
340.90 00.89
344.30 00.88
347.75 00.86
351.23 00.84
354.74 00.81
358.28 00.78
361.87 00.75
365.49 00.70
369.14 00.67
372.83 00.62
376.56 00.58
380.33 00.55
384.13 00.51
387.97 00.49
391.85 00.47
395.77 00.46
399.73 00.45
403.72 00.45
407.76 00.45
411.84 00.45
415.96 00.46
420.12 00.47
424.32 00.47
428.56 00.48
432.85 00.49
437.18 00.49
441.55 00.49
445.96 00.50
450.42 00.50
454.93 00.51
459.48 00.52
464.07 00.53
468.71 00.54
473.40 00.56
478.13 00.58
482.91 00.59
487.74 00.61
492.62 00.64
497.55 00.66
502.52 00.68
507.55 00.71
512.62 00.72
517.75 00.73
522.93 00.76
528.16 00.77
533.44 00.79
538.77 00.79
544.16 00.80
549.60 00.82
555.10 00.83
560.65 00.84
566.25 00.85
571.92 00.87
577.64 00.87
583.41 00.89
589.25 00.90
595.14 00.92
601.09 00.93
607.10 00.94
613.17 00.95
619.30 00.95
625.50 00.96
631.75 00.97
638.07 00.97
644.45 00.96
650.89 00.93
657.40 00.90
663.98 00.88
670.62 00.85
677.32 00.83
684.10 00.81
690.94 00.78
697.85 00.76
704.83 00.73
711.87 00.71
718.99 00.70
726.18 00.67
733.44 00.65
740.78 00.63
748.19 00.63
755.67 00.61
763.23 00.59
770.86 00.58
778.57 00.57
786.35 00.55
794.22 00.54
802.16 00.53
810.18 00.51
818.28 00.49
826.46 00.47
834.73 00.45
843.08 00.42
851.51 00.40
860.02 00.37
868.62 00.34
877.31 00.32
886.08 00.28
894.94 00.25
903.89 00.21
912.93 00.20
922.06 00.18
931.28 00.16
940.59 00.13
950.00 00.11
959.50 00.08
969.09 00.05
978.78 00.03
988.57 00.00
998.46 -00.03
1008.44 -00.06
1018.53 -00.10
1028.71 -00.14
1039.00 -00.18
1049.39 -00.22
1059.88 -00.27
1070.48 -00.31
1081.19 -00.35
1092.00 -00.41
1102.92 -00.46
1113.95 -00.52
1125.09 -00.59
1136.34 -00.66
1147.70 -00.73
1159.18 -00.78
1170.77 -00.84
1182.48 -00.91
1194.30 -00.97
1206.25 -01.04
1218.31 -01.11
1230.49 -01.17
1242.80 -01.23
1255.22 -01.29
1267.78 -01.33
1280.45 -01.37
1293.26 -01.41
1306.19 -01.44
1319.25 -01.49
1332.45 -01.54
1345.77 -01.58
1359.23 -01.62
1372.82 -01.65
1386.55 -01.68
1400.41 -01.72
1414.42 -01.77
1428.56 -01.83
1442.85 -01.88
1457.28 -01.93
1471.85 -01.97
1486.57 -02.01
1501.43 -02.05
1516.45 -02.09
1531.61 -02.12
1546.93 -02.15
1562.40 -02.18
1578.02 -02.21
1593.80 -02.23
1609.74 -02.23
1625.84 -02.25
1642.10 -02.27
1658.52 -02.28
1675.10 -02.30
1691.85 -02.31
1708.77 -02.31
1725.86 -02.32
1743.12 -02.32
1760.55 -02.32
1778.15 -02.33
1795.94 -02.33
1813.90 -02.34
1832.03 -02.34
1850.36 -02.35
1868.86 -02.36
1887.55 -02.37
1906.42 -02.38
1925.49 -02.39
1944.74 -02.41
1964.19 -02.42
1983.83 -02.44
2003.67 -02.45
2023.71 -02.46
2043.94 -02.47
2064.38 -02.48
2085.03 -02.49
2105.88 -02.49
2126.94 -02.49
2148.20 -02.48
2169.69 -02.49
2191.38 -02.51
2213.30 -02.53
2235.43 -02.54
2257.78 -02.57
2280.36 -02.60
2303.17 -02.65
2326.20 -02.69
2349.46 -02.74
2372.95 -02.80
2396.68 -02.86
2420.65 -02.93
2444.86 -03.00
2469.31 -03.05
2494.00 -03.12
2518.94 -03.17
2544.13 -03.23
2569.57 -03.29
2595.27 -03.34
2621.22 -03.40
2647.43 -03.46
2673.90 -03.53
2700.64 -03.57
2727.65 -03.64
2754.93 -03.70
2782.48 -03.77
2810.30 -03.84
2838.40 -03.91
2866.79 -03.99
2895.46 -04.07
2924.41 -04.15
2953.65 -04.24
2983.19 -04.34
3013.02 -04.45
3043.15 -04.54
3073.58 -04.66
3104.32 -04.76
3135.36 -04.89
3166.72 -05.00
3198.38 -05.13
3230.37 -05.25
3262.67 -05.39
3295.30 -05.51
3328.25 -05.65
3361.53 -05.77
3395.15 -05.90
3429.10 -06.01
3463.39 -06.12
3498.03 -06.22
3533.01 -06.29
3568.34 -06.33
3604.02 -06.34
3640.06 -06.33
3676.46 -06.28
3713.22 -06.20
3750.36 -06.09
3787.86 -05.93
3825.74 -05.74
3864.00 -05.52
3902.64 -05.27
3941.66 -05.01
3981.08 -04.74
4020.89 -04.46
4061.10 -04.17
4101.71 -03.89
4142.73 -03.59
4184.15 -03.30
4226.00 -03.00
4268.26 -02.70
4310.94 -02.39
4354.05 -02.07
4397.59 -01.75
4441.56 -01.41
4485.98 -01.06
4530.84 -00.69
4576.15 -00.31
4621.91 00.09
4668.13 00.49
4714.81 00.88
4761.96 01.26
4809.58 01.62
4857.67 01.97
4906.25 02.29
4955.31 02.59
5004.87 02.87
5054.91 03.12
5105.46 03.34
5156.52 03.44
5208.08 03.48
5260.16 03.49
5312.77 03.47
5365.89 03.43
5419.55 03.36
5473.75 03.27
5528.49 03.16
5583.77 03.03
5639.61 02.89
5696.00 02.75
5752.96 02.61
5810.49 02.48
5868.60 02.36
5927.28 02.26
5986.56 02.16
6046.42 02.28
6106.89 02.48
6167.96 02.67
6229.64 02.84
6291.93 03.00
6354.85 03.13
6418.40 03.25
6482.58 03.35
6547.41 03.42
6612.88 03.48
6679.01 03.53
6745.80 03.55
6813.26 03.58
6881.39 03.58
6950.21 03.59
7019.71 03.59
7089.91 03.57
7160.81 03.55
7232.41 03.51
7304.74 03.31
7377.79 03.07
7451.56 02.82
7526.08 02.56
7601.34 02.30
7677.35 02.04
7754.13 01.81
7831.67 01.60
7909.98 01.43
7989.08 01.31
8068.98 01.22
8149.67 01.17
8231.16 01.16
8313.47 01.17
8396.61 01.22
8480.57 01.29
8565.38 01.38
8651.03 01.49
8737.54 01.62
8824.92 01.74
8913.17 01.88
9002.30 02.02
9092.32 02.18
9183.25 02.36
9275.08 02.55
9367.83 02.78
9461.51 03.04
9556.12 03.34
9651.68 03.67
9748.20 04.03
9845.68 04.39
9944.14 04.74
10043.58 05.06
10144.02 05.32
10245.46 05.54
10347.91 05.79
10451.39 05.98
10555.91 06.11
10661.46 06.15
10768.08 06.12
10875.76 06.00
10984.52 05.82
11094.36 05.56
11205.31 05.22
11317.36 04.84
11430.53 04.41
11544.84 03.96
11660.29 03.51
11776.89 03.06
11894.66 02.64
12013.60 02.27
12133.74 01.98
12255.08 01.79
12377.63 01.69
12501.41 01.70
12626.42 01.80
12752.68 01.99
12880.21 02.25
13009.01 02.58
13139.10 02.96
13270.49 03.37
13403.20 03.79
13537.23 04.21
13672.60 04.61
13809.33 05.00
13947.42 05.34
14086.90 05.65
14227.77 05.89
14370.04 06.06
14513.74 06.14
14658.88 06.01
14805.47 05.81
14953.52 05.56
15103.06 05.26
15254.09 04.92
15406.63 04.53
15560.70 04.10
15716.30 03.64
15873.47 03.18
16032.20 02.73
16192.52 02.31
16354.45 01.91
16517.99 01.53
16683.17 01.15
16850.01 00.77
17018.51 00.38
17188.69 -00.03
17360.58 -00.44
17534.18 -00.87
17709.53 -01.31
17886.62 -01.74
18065.49 -02.17
18246.14 -02.57
18428.60 -02.95
18612.89 -03.30
18799.02 -03.64
18987.01 -03.97
19176.88 -04.30
19368.65 -04.64
19562.33 -05.01
19757.96 -05.39
19955.54 -05.81
20000.00 -05.91
