20.00 -04.93
20.20 -04.85
20.40 -04.77
20.61 -04.68
20.81 -04.60
21.02 -04.52
21.23 -04.45
21.44 -04.37
21.66 -04.29
21.87 -04.22
22.09 -04.15
22.31 -04.08
22.54 -04.00
22.76 -03.93
22.99 -03.86
23.22 -03.79
23.45 -03.72
23.69 -03.65
23.92 -03.59
24.16 -03.52
24.40 -03.46
24.65 -03.39
24.89 -03.33
25.14 -03.26
25.39 -03.20
25.65 -03.14
25.91 -03.08
26.16 -03.02
26.43 -02.97
26.69 -02.91
26.96 -02.85
27.23 -02.80
27.50 -02.75
27.77 -02.70
28.05 -02.65
28.33 -02.60
28.62 -02.56
28.90 -02.51
29.19 -02.47
29.48 -02.43
29.78 -02.39
30.08 -02.35
30.38 -02.32
30.68 -02.29
30.99 -02.25
31.30 -02.23
31.61 -02.20
31.93 -02.17
32.24 -02.15
32.57 -02.13
32.89 -02.12
33.22 -02.11
33.55 -02.10
33.89 -02.09
34.23 -02.09
34.57 -02.09
34.92 -02.09
35.27 -02.10
35.62 -02.11
35.97 -02.13
36.33 -02.14
36.70 -02.16
37.06 -02.18
37.43 -02.20
37.81 -02.22
38.19 -02.24
38.57 -02.26
38.95 -02.28
39.34 -02.30
39.74 -02.31
40.14 -02.32
40.54 -02.33
40.94 -02.33
41.35 -02.32
41.76 -02.32
42.18 -02.30
42.60 -02.27
43.03 -02.24
43.46 -02.20
43.90 -02.15
44.33 -02.10
44.78 -02.04
45.23 -01.97
45.68 -01.89
46.13 -01.82
46.60 -01.73
47.06 -01.64
47.53 -01.55
48.01 -01.45
48.49 -01.36
48.97 -01.26
49.46 -01.17
49.96 -01.07
50.46 -00.98
50.96 -00.89
51.47 -00.81
51.99 -00.74
52.51 -00.68
53.03 -00.62
53.56 -00.57
54.10 -00.53
54.64 -00.50
55.18 -00.47
55.74 -00.46
56.29 -00.44
56.86 -00.44
57.42 -00.44
58.00 -00.44
58.58 -00.44
59.16 -00.45
59.76 -00.45
60.35 -00.45
60.96 -00.46
61.57 -00.45
62.18 -00.45
62.80 -00.44
63.43 -00.42
64.07 -00.41
64.71 -00.38
65.35 -00.35
66.01 -00.32
66.67 -00.28
67.33 -00.24
68.01 -00.20
68.69 -00.15
69.37 -00.10
70.07 -00.05
70.77 -00.01
71.48 00.04
72.19 00.09
72.91 00.13
73.64 00.17
74.38 00.21
75.12 00.24
75.87 00.28
76.63 00.30
77.40 00.33
78.17 00.35
78.95 00.37
79.74 00.39
80.54 00.41
81.35 00.43
82.16 00.45
82.98 00.46
83.81 00.48
84.65 00.50
85.50 00.51
86.35 00.53
87.22 00.54
88.09 00.56
88.97 00.57
89.86 00.59
90.76 00.60
91.66 00.62
92.58 00.63
93.51 00.64
94.44 00.66
95.39 00.67
96.34 00.68
97.30 00.69
98.28 00.71
99.26 00.72
100.25 00.73
101.25 00.74
102.27 00.75
103.29 00.76
104.32 00.77
105.37 00.78
106.42 00.79
107.48 00.80
108.56 00.81
109.64 00.81
110.74 00.82
111.85 00.83
112.97 00.84
114.10 00.85
115.24 00.85
116.39 00.86
117.55 00.86
118.73 00.86
119.92 00.86
121.12 00.86
122.33 00.86
123.55 00.86
124.79 00.86
126.03 00.85
127.29 00.85
128.57 00.84
129.85 00.83
131.15 00.83
132.46 00.82
133.79 00.81
135.12 00.81
136.48 00.80
137.84 00.79
139.22 00.79
140.61 00.78
142.02 00.77
143.44 00.77
144.87 00.76
146.32 00.75
147.78 00.75
149.26 00.74
150.75 00.74
152.26 00.73
153.78 00.73
155.32 00.72
156.88 00.72
158.44 00.71
160.03 00.70
161.63 00.70
163.24 00.70
164.88 00.71
166.53 00.71
168.19 00.71
169.87 00.70
171.57 00.71
173.29 00.70
175.02 00.70
176.77 00.70
178.54 00.70
180.32 00.69
182.13 00.70
183.95 00.69
185.79 00.68
187.65 00.68
189.52 00.66
191.42 00.65
193.33 00.63
195.27 00.62
197.22 00.59
199.19 00.56
201.18 00.53
203.19 00.50
205.23 00.45
207.28 00.42
209.35 00.37
211.44 00.33
213.56 00.27
215.69 00.24
217.85 00.20
220.03 00.17
222.23 00.16
224.45 00.16
226.70 00.16
228.96 00.17
231.25 00.19
233.57 00.22
235.90 00.25
238.26 00.30
240.64 00.36
243.05 00.41
245.48 00.46
247.93 00.51
250.41 00.56
252.92 00.60
255.45 00.65
258.00 00.69
260.58 00.72
263.19 00.76
265.82 00.78
268.48 00.81
271.16 00.82
273.87 00.82
276.61 00.83
279.38 00.82
282.17 00.81
284.99 00.79
287.84 00.78
290.72 00.76
293.63 00.75
296.57 00.74
299.53 00.73
302.53 00.73
305.55 00.72
308.61 00.73
311.69 00.74
314.81 00.75
317.96 00.77
321.14 00.78
324.35 00.80
327.59 00.81
330.87 00.82
334.18 00.82
337.52 00.84
340.90 00.84
344.30 00.84
347.75 00.84
351.23 00.84
354.74 00.84
358.28 00.83
361.87 00.84
365.49 00.83
369.14 00.83
372.83 00.83
376.56 00.82
380.33 00.82
384.13 00.81
387.97 00.82
391.85 00.81
395.77 00.81
399.73 00.79
403.72 00.79
407.76 00.77
411.84 00.76
415.96 00.73
420.12 00.71
424.32 00.68
428.56 00.66
432.85 00.64
437.18 00.61
441.55 00.59
445.96 00.58
450.42 00.56
454.93 00.56
459.48 00.56
464.07 00.56
468.71 00.57
473.40 00.60
478.13 00.61
482.91 00.63
487.74 00.65
492.62 00.68
497.55 00.70
502.52 00.72
507.55 00.74
512.62 00.76
517.75 00.77
522.93 00.78
528.16 00.79
533.44 00.81
538.77 00.81
544.16 00.82
549.60 00.84
555.10 00.84
560.65 00.86
566.25 00.86
571.92 00.88
577.64 00.88
583.41 00.89
589.25 00.90
595.14 00.91
601.09 00.91
607.10 00.91
613.17 00.92
619.30 00.91
625.50 00.92
631.75 00.92
638.07 00.92
644.45 00.91
650.89 00.89
657.40 00.86
663.98 00.84
670.62 00.82
677.32 00.79
684.10 00.77
690.94 00.74
697.85 00.73
704.83 00.70
711.87 00.67
718.99 00.65
726.18 00.62
733.44 00.59
740.78 00.56
748.19 00.54
755.67 00.52
763.23 00.49
770.86 00.48
778.57 00.46
786.35 00.44
794.22 00.42
802.16 00.41
810.18 00.39
818.28 00.37
826.46 00.35
834.73 00.34
843.08 00.32
851.51 00.29
860.02 00.26
868.62 00.23
877.31 00.21
886.08 00.17
894.94 00.14
903.89 00.11
912.93 00.10
922.06 00.07
931.28 00.06
940.59 00.03
950.00 00.02
959.50 00.00
969.09 -00.03
978.78 -00.04
988.57 -00.05
998.46 -00.07
1008.44 -00.09
1018.53 -00.11
1028.71 -00.14
1039.00 -00.16
1049.39 -00.18
1059.88 -00.21
1070.48 -00.24
1081.19 -00.27
1092.00 -00.31
1102.92 -00.36
1113.95 -00.41
1125.09 -00.47
1136.34 -00.54
1147.70 -00.61
1159.18 -00.67
1170.77 -00.72
1182.48 -00.79
1194.30 -00.85
1206.25 -00.91
1218.31 -00.97
1230.49 -01.02
1242.80 -01.07
1255.22 -01.13
1267.78 -01.16
1280.45 -01.20
1293.26 -01.23
1306.19 -01.27
1319.25 -01.32
1332.45 -01.38
1345.77 -01.44
1359.23 -01.50
1372.82 -01.57
1386.55 -01.63
1400.41 -01.72
1414.42 -01.81
1428.56 -01.91
1442.85 -02.01
1457.28 -02.10
1471.85 -02.18
1486.57 -02.25
1501.43 -02.32
1516.45 -02.39
1531.61 -02.45
1546.93 -02.50
1562.40 -02.55
1578.02 -02.59
1593.80 -02.63
1609.74 -02.65
1625.84 -02.69
1642.10 -02.72
1658.52 -02.75
1675.10 -02.77
1691.85 -02.79
1708.77 -02.80
1725.86 -02.82
1743.12 -02.82
1760.55 -02.82
1778.15 -02.83
1795.94 -02.82
1813.90 -02.82
1832.03 -02.82
1850.36 -02.82
1868.86 -02.81
1887.55 -02.81
1906.42 -02.80
1925.49 -02.79
1944.74 -02.79
1964.19 -02.77
1983.83 -02.76
2003.67 -02.75
2023.71 -02.74
2043.94 -02.74
2064.38 -02.75
2085.03 -02.76
2105.88 -02.76
2126.94 -02.78
2148.20 -02.80
2169.69 -02.83
2191.38 -02.88
2213.30 -02.92
2235.43 -02.96
2257.78 -03.01
2280.36 -03.07
2303.17 -03.13
2326.20 -03.18
2349.46 -03.24
2372.95 -03.31
2396.68 -03.37
2420.65 -03.45
2444.86 -03.52
2469.31 -03.58
2494.00 -03.66
2518.94 -03.72
2544.13 -03.80
2569.57 -03.87
2595.27 -03.94
2621.22 -04.01
2647.43 -04.07
2673.90 -04.13
2700.64 -04.16
2727.65 -04.19
2754.93 -04.23
2782.48 -04.25
2810.30 -04.26
2838.40 -04.27
2866.79 -04.28
2895.46 -04.29
2924.41 -04.30
2953.65 -04.32
2983.19 -04.35
3013.02 -04.39
3043.15 -04.44
3073.58 -04.51
3104.32 -04.58
3135.36 -04.67
3166.72 -04.75
3198.38 -04.86
3230.37 -04.96
3262.67 -05.08
3295.30 -05.20
3328.25 -05.33
3361.53 -05.46
3395.15 -05.59
3429.10 -05.71
3463.39 -05.82
3498.03 -05.94
3533.01 -06.02
3568.34 -06.09
3604.02 -06.15
3640.06 -06.18
3676.46 -06.19
3713.22 -06.16
3750.36 -06.10
3787.86 -06.00
3825.74 -05.85
3864.00 -05.66
3902.64 -05.43
3941.66 -05.16
3981.08 -04.88
4020.89 -04.57
4061.10 -04.25
4101.71 -03.93
4142.73 -03.62
4184.15 -03.32
4226.00 -03.02
4268.26 -02.74
4310.94 -02.46
4354.05 -02.20
4397.59 -01.93
4441.56 -01.67
4485.98 -01.39
4530.84 -01.11
4576.15 -00.82
4621.91 -00.51
4668.13 -00.20
4714.81 00.12
4761.96 00.44
4809.58 00.76
4857.67 01.06
4906.25 01.35
4955.31 01.62
5004.87 01.88
5054.91 02.12
5105.46 02.35
5156.52 02.48
5208.08 02.55
5260.16 02.61
5312.77 02.67
5365.89 02.71
5419.55 02.74
5473.75 02.76
5528.49 02.76
5583.77 02.77
5639.61 02.77
5696.00 02.75
5752.96 02.73
5810.49 02.71
5868.60 02.67
5927.28 02.62
5986.56 02.54
6046.42 02.66
6106.89 02.82
6167.96 02.96
6229.64 03.07
6291.93 03.15
6354.85 03.21
6418.40 03.25
6482.58 03.28
6547.41 03.29
6612.88 03.31
6679.01 03.32
6745.80 03.35
6813.26 03.38
6881.39 03.42
6950.21 03.48
7019.71 03.54
7089.91 03.59
7160.81 03.64
7232.41 03.67
7304.74 03.53
7377.79 03.36
7451.56 03.17
7526.08 02.97
7601.34 02.75
7677.35 02.54
7754.13 02.33
7831.67 02.13
7909.98 01.95
7989.08 01.79
8068.98 01.65
8149.67 01.54
8231.16 01.46
8313.47 01.41
8396.61 01.38
8480.57 01.37
8565.38 01.37
8651.03 01.40
8737.54 01.43
8824.92 01.48
8913.17 01.53
9002.30 01.58
9092.32 01.65
9183.25 01.72
9275.08 01.81
9367.83 01.92
9461.51 02.06
9556.12 02.22
9651.68 02.41
9748.20 02.64
9845.68 02.88
9944.14 03.13
10043.58 03.39
10144.02 03.63
10245.46 03.84
10347.91 04.11
10451.39 04.34
10555.91 04.52
10661.46 04.62
10768.08 04.65
10875.76 04.60
10984.52 04.47
11094.36 04.28
11205.31 04.00
11317.36 03.67
11430.53 03.28
11544.84 02.86
11660.29 02.42
11776.89 01.98
11894.66 01.58
12013.60 01.25
12133.74 01.01
12255.08 00.89
12377.63 00.87
12501.41 00.91
12626.42 01.01
12752.68 01.13
12880.21 01.25
13009.01 01.38
13139.10 01.53
13270.49 01.69
13403.20 01.89
13537.23 02.12
13672.60 02.41
13809.33 02.76
13947.42 03.17
14086.90 03.62
14227.77 04.10
14370.04 04.56
14513.74 04.93
14658.88 05.11
14805.47 05.21
14953.52 05.26
15103.06 05.25
15254.09 05.19
15406.63 05.07
15560.70 04.89
15716.30 04.64
15873.47 04.35
16032.20 04.02
16192.52 03.69
16354.45 03.36
16517.99 03.06
16683.17 02.77
16850.01 02.48
17018.51 02.18
17188.69 01.84
17360.58 01.48
17534.18 01.08
17709.53 00.63
17886.62 00.15
18065.49 -00.36
18246.14 -00.87
18428.60 -01.39
18612.89 -01.87
18799.02 -02.32
18987.01 -02.73
19176.88 -03.10
19368.65 -03.45
19562.33 -03.80
19757.96 -04.17
19955.54 -04.58
20000.00 -04.68
