20.00 -16.02
20.20 -15.90
20.40 -15.78
20.61 -15.65
20.81 -15.54
21.02 -15.42
21.23 -15.30
21.44 -15.19
21.66 -15.07
21.87 -14.96
22.09 -14.85
22.31 -14.73
22.54 -14.62
22.76 -14.51
22.99 -14.39
23.22 -14.28
23.45 -14.17
23.69 -14.05
23.92 -13.94
24.16 -13.83
24.40 -13.71
24.65 -13.60
24.89 -13.49
25.14 -13.37
25.39 -13.26
25.65 -13.14
25.91 -13.03
26.16 -12.92
26.43 -12.80
26.69 -12.69
26.96 -12.57
27.23 -12.46
27.50 -12.35
27.77 -12.24
28.05 -12.13
28.33 -12.01
28.62 -11.90
28.90 -11.79
29.19 -11.68
29.48 -11.57
29.78 -11.46
30.08 -11.35
30.38 -11.24
30.68 -11.14
30.99 -11.03
31.30 -10.92
31.61 -10.81
31.93 -10.70
32.24 -10.60
32.57 -10.49
32.89 -10.38
33.22 -10.28
33.55 -10.17
33.89 -10.06
34.23 -09.95
34.57 -09.84
34.92 -09.73
35.27 -09.62
35.62 -09.51
35.97 -09.41
36.33 -09.30
36.70 -09.18
37.06 -09.08
37.43 -08.97
37.81 -08.86
38.19 -08.75
38.57 -08.64
38.95 -08.53
39.34 -08.42
39.74 -08.31
40.14 -08.20
40.54 -08.09
40.94 -07.98
41.35 -07.87
41.76 -07.76
42.18 -07.65
42.60 -07.55
43.03 -07.43
43.46 -07.32
43.90 -07.21
44.33 -07.10
44.78 -06.99
45.23 -06.88
45.68 -06.77
46.13 -06.66
46.60 -06.54
47.06 -06.43
47.53 -06.32
48.01 -06.21
48.49 -06.10
48.97 -05.99
49.46 -05.88
49.96 -05.77
50.46 -05.66
50.96 -05.55
51.47 -05.44
51.99 -05.33
52.51 -05.22
53.03 -05.12
53.56 -05.01
54.10 -04.91
54.64 -04.81
55.18 -04.71
55.74 -04.61
56.29 -04.51
56.86 -04.40
57.42 -04.30
58.00 -04.20
58.58 -04.10
59.16 -04.00
59.76 -03.89
60.35 -03.79
60.96 -03.68
61.57 -03.57
62.18 -03.46
62.80 -03.35
63.43 -03.24
64.07 -03.13
64.71 -03.01
65.35 -02.90
66.01 -02.78
66.67 -02.66
67.33 -02.55
68.01 -02.43
68.69 -02.31
69.37 -02.18
70.07 -02.06
70.77 -01.94
71.48 -01.81
72.19 -01.68
72.91 -01.55
73.64 -01.42
74.38 -01.29
75.12 -01.16
75.87 -01.03
76.63 -00.89
77.40 -00.75
78.17 -00.61
78.95 -00.47
79.74 -00.33
80.54 -00.18
81.35 -00.04
82.16 00.11
82.98 00.25
83.81 00.40
84.65 00.54
85.50 00.69
86.35 00.83
87.22 00.97
88.09 01.11
88.97 01.25
89.86 01.38
90.76 01.52
91.66 01.65
92.58 01.78
93.51 01.91
94.44 02.04
95.39 02.16
96.34 02.29
97.30 02.41
98.28 02.53
99.26 02.65
100.25 02.77
101.25 02.89
102.27 03.00
103.29 03.12
104.32 03.23
105.37 03.34
106.42 03.44
107.48 03.54
108.56 03.64
109.64 03.74
110.74 03.83
111.85 03.92
112.97 04.01
114.10 04.09
115.24 04.17
116.39 04.24
117.55 04.30
118.73 04.37
119.92 04.43
121.12 04.48
122.33 04.53
123.55 04.58
124.79 04.62
126.03 04.67
127.29 04.71
128.57 04.76
129.85 04.80
131.15 04.84
132.46 04.88
133.79 04.93
135.12 04.96
136.48 05.00
137.84 05.03
139.22 05.06
140.61 05.09
142.02 05.11
143.44 05.13
144.87 05.14
146.32 05.14
147.78 05.15
149.26 05.14
150.75 05.14
152.26 05.12
153.78 05.11
155.32 05.09
156.88 05.07
158.44 05.04
160.03 05.02
161.63 04.99
163.24 04.97
164.88 04.95
166.53 04.92
168.19 04.89
169.87 04.86
171.57 04.83
173.29 04.79
175.02 04.75
176.77 04.72
178.54 04.68
180.32 04.64
182.13 04.60
183.95 04.56
185.79 04.51
187.65 04.48
189.52 04.43
191.42 04.39
193.33 04.34
195.27 04.30
197.22 04.25
199.19 04.20
201.18 04.15
203.19 04.11
205.23 04.06
207.28 04.01
209.35 03.96
211.44 03.92
213.56 03.86
215.69 03.82
217.85 03.78
220.03 03.72
222.23 03.67
224.45 03.63
226.70 03.56
228.96 03.50
231.25 03.45
233.57 03.38
235.90 03.32
238.26 03.26
240.64 03.21
243.05 03.15
245.48 03.10
247.93 03.06
250.41 03.02
252.92 02.99
255.45 02.96
258.00 02.93
260.58 02.90
263.19 02.88
265.82 02.84
268.48 02.81
271.16 02.77
273.87 02.73
276.61 02.69
279.38 02.64
282.17 02.59
284.99 02.53
287.84 02.49
290.72 02.43
293.63 02.39
296.57 02.34
299.53 02.29
302.53 02.25
305.55 02.20
308.61 02.17
311.69 02.13
314.81 02.08
317.96 02.05
321.14 02.01
324.35 01.98
327.59 01.94
330.87 01.90
334.18 01.86
337.52 01.84
340.90 01.80
344.30 01.77
347.75 01.74
351.23 01.71
354.74 01.68
358.28 01.65
361.87 01.64
365.49 01.61
369.14 01.59
372.83 01.57
376.56 01.54
380.33 01.53
384.13 01.50
387.97 01.49
391.85 01.46
395.77 01.45
399.73 01.43
403.72 01.41
407.76 01.39
411.84 01.37
415.96 01.35
420.12 01.33
424.32 01.31
428.56 01.29
432.85 01.28
437.18 01.25
441.55 01.24
445.96 01.22
450.42 01.20
454.93 01.18
459.48 01.16
464.07 01.13
468.71 01.11
473.40 01.09
478.13 01.07
482.91 01.04
487.74 01.02
492.62 01.01
497.55 00.98
502.52 00.96
507.55 00.94
512.62 00.91
517.75 00.89
522.93 00.87
528.16 00.85
533.44 00.84
538.77 00.82
544.16 00.80
549.60 00.79
555.10 00.78
560.65 00.77
566.25 00.76
571.92 00.76
577.64 00.75
583.41 00.75
589.25 00.74
595.14 00.74
601.09 00.75
607.10 00.74
613.17 00.74
619.30 00.72
625.50 00.72
631.75 00.71
638.07 00.69
644.45 00.67
650.89 00.63
657.40 00.59
663.98 00.56
670.62 00.51
677.32 00.47
684.10 00.43
690.94 00.39
697.85 00.35
704.83 00.31
711.87 00.27
718.99 00.24
726.18 00.20
733.44 00.17
740.78 00.14
748.19 00.12
755.67 00.09
763.23 00.07
770.86 00.05
778.57 00.03
786.35 00.01
794.22 -00.02
802.16 -00.04
810.18 -00.08
818.28 -00.12
826.46 -00.16
834.73 -00.19
843.08 -00.24
851.51 -00.28
860.02 -00.33
868.62 -00.37
877.31 -00.40
886.08 -00.43
894.94 -00.46
903.89 -00.48
912.93 -00.48
922.06 -00.49
931.28 -00.48
940.59 -00.49
950.00 -00.48
959.50 -00.46
969.09 -00.46
978.78 -00.44
988.57 -00.43
998.46 -00.43
1008.44 -00.41
1018.53 -00.40
1028.71 -00.40
1039.00 -00.39
1049.39 -00.37
1059.88 -00.37
1070.48 -00.35
1081.19 -00.34
1092.00 -00.35
1102.92 -00.34
1113.95 -00.34
1125.09 -00.34
1136.34 -00.36
1147.70 -00.36
1159.18 -00.37
1170.77 -00.39
1182.48 -00.42
1194.30 -00.45
1206.25 -00.48
1218.31 -00.52
1230.49 -00.56
1242.80 -00.58
1255.22 -00.62
1267.78 -00.64
1280.45 -00.65
1293.26 -00.66
1306.19 -00.66
1319.25 -00.65
1332.45 -00.64
1345.77 -00.61
1359.23 -00.58
1372.82 -00.55
1386.55 -00.52
1400.41 -00.50
1414.42 -00.47
1428.56 -00.43
1442.85 -00.38
1457.28 -00.30
1471.85 -00.21
1486.57 -00.10
1501.43 00.04
1516.45 00.20
1531.61 00.40
1546.93 00.64
1562.40 00.92
1578.02 01.22
1593.80 01.56
1609.74 01.93
1625.84 02.33
1642.10 02.78
1658.52 03.27
1675.10 03.78
1691.85 04.32
1708.77 04.87
1725.86 05.41
1743.12 05.95
1760.55 06.46
1778.15 06.95
1795.94 07.41
1813.90 07.81
1832.03 08.17
1850.36 08.46
1868.86 08.71
1887.55 08.90
1906.42 09.04
1925.49 09.13
1944.74 09.17
1964.19 09.19
1983.83 09.17
2003.67 09.13
2023.71 09.07
2043.94 08.99
2064.38 08.91
2085.03 08.82
2105.88 08.74
2126.94 08.65
2148.20 08.54
2169.69 08.43
2191.38 08.30
2213.30 08.16
2235.43 08.02
2257.78 07.87
2280.36 07.70
2303.17 07.53
2326.20 07.36
2349.46 07.19
2372.95 07.03
2396.68 06.88
2420.65 06.73
2444.86 06.59
2469.31 06.46
2494.00 06.34
2518.94 06.23
2544.13 06.11
2569.57 05.98
2595.27 05.86
2621.22 05.73
2647.43 05.60
2673.90 05.47
2700.64 05.36
2727.65 05.23
2754.93 05.11
2782.48 04.98
2810.30 04.88
2838.40 04.77
2866.79 04.67
2895.46 04.58
2924.41 04.50
2953.65 04.43
2983.19 04.36
3013.02 04.31
3043.15 04.28
3073.58 04.24
3104.32 04.21
3135.36 04.17
3166.72 04.14
3198.38 04.10
3230.37 04.07
3262.67 04.03
3295.30 04.00
3328.25 03.96
3361.53 03.93
3395.15 03.88
3429.10 03.84
3463.39 03.80
3498.03 03.74
3533.01 03.68
3568.34 03.62
3604.02 03.53
3640.06 03.43
3676.46 03.30
3713.22 03.16
3750.36 03.01
3787.86 02.84
3825.74 02.66
3864.00 02.46
3902.64 02.24
3941.66 02.01
3981.08 01.76
4020.89 01.48
4061.10 01.20
4101.71 00.90
4142.73 00.61
4184.15 00.32
4226.00 00.07
4268.26 -00.12
4310.94 -00.18
4354.05 -00.08
4397.59 00.19
4441.56 00.66
4485.98 01.29
4530.84 02.02
4576.15 02.77
4621.91 03.48
4668.13 04.11
4714.81 04.65
4761.96 05.11
4809.58 05.49
4857.67 05.81
4906.25 06.06
4955.31 06.23
5004.87 06.34
5054.91 06.37
5105.46 06.34
5156.52 06.18
5208.08 05.95
5260.16 05.70
5312.77 05.44
5365.89 05.18
5419.55 04.90
5473.75 04.63
5528.49 04.36
5583.77 04.10
5639.61 03.84
5696.00 03.60
5752.96 03.37
5810.49 03.16
5868.60 02.97
5927.28 02.79
5986.56 02.60
6046.42 02.63
6106.89 02.72
6167.96 02.81
6229.64 02.88
6291.93 02.95
6354.85 03.01
6418.40 03.05
6482.58 03.10
6547.41 03.16
6612.88 03.28
6679.01 03.47
6745.80 03.74
6813.26 04.09
6881.39 04.50
6950.21 04.97
7019.71 05.48
7089.91 06.02
7160.81 06.59
7232.41 07.17
7304.74 07.59
7377.79 07.99
7451.56 08.37
7526.08 08.72
7601.34 09.06
7677.35 09.39
7754.13 09.70
7831.67 09.98
7909.98 10.25
7989.08 10.48
8068.98 10.66
8149.67 10.76
8231.16 10.82
8313.47 10.83
8396.61 10.79
8480.57 10.68
8565.38 10.49
8651.03 10.19
8737.54 09.79
8824.92 09.29
8913.17 08.67
9002.30 07.96
9092.32 07.17
9183.25 06.29
9275.08 05.28
9367.83 04.10
9461.51 02.76
9556.12 01.42
9651.68 00.38
9748.20 -00.19
9845.68 -00.26
9944.14 00.02
10043.58 00.44
10144.02 00.87
10245.46 01.26
10347.91 01.66
10451.39 01.95
10555.91 02.13
10661.46 02.15
10768.08 02.02
10875.76 01.75
10984.52 01.39
11094.36 00.94
11205.31 00.45
11317.36 -00.05
11430.53 -00.55
11544.84 -01.03
11660.29 -01.48
11776.89 -01.90
11894.66 -02.27
12013.60 -02.57
12133.74 -02.79
12255.08 -02.89
12377.63 -02.90
12501.41 -02.78
12626.42 -02.54
12752.68 -02.19
12880.21 -01.78
13009.01 -01.34
13139.10 -00.91
13270.49 -00.49
13403.20 -00.08
13537.23 00.34
13672.60 00.75
13809.33 01.19
13947.42 01.65
14086.90 02.16
14227.77 02.70
14370.04 03.23
14513.74 03.66
14658.88 03.85
14805.47 03.92
14953.52 03.89
15103.06 03.79
15254.09 03.61
15406.63 03.33
15560.70 02.94
15716.30 02.40
15873.47 01.67
16032.20 00.77
16192.52 -00.24
16354.45 -01.25
16517.99 -02.08
16683.17 -02.64
16850.01 -02.92
17018.51 -02.98
17188.69 -02.89
17360.58 -02.67
17534.18 -02.38
17709.53 -02.11
17886.62 -01.89
18065.49 -01.77
18246.14 -01.75
18428.60 -01.84
18612.89 -02.01
18799.02 -02.25
18987.01 -02.56
19176.88 -02.94
19368.65 -03.43
19562.33 -04.02
19757.96 -04.71
19955.54 -05.50
20000.00 -05.69
