20.00 -02.43
20.20 -02.36
20.40 -02.29
20.61 -02.22
20.81 -02.16
21.02 -02.10
21.23 -02.04
21.44 -01.99
21.66 -01.94
21.87 -01.89
22.09 -01.85
22.31 -01.81
22.54 -01.77
22.76 -01.74
22.99 -01.71
23.22 -01.69
23.45 -01.67
23.69 -01.65
23.92 -01.64
24.16 -01.62
24.40 -01.62
24.65 -01.61
24.89 -01.61
25.14 -01.61
25.39 -01.61
25.65 -01.61
25.91 -01.62
26.16 -01.63
26.43 -01.63
26.69 -01.64
26.96 -01.65
27.23 -01.66
27.50 -01.67
27.77 -01.67
28.05 -01.68
28.33 -01.68
28.62 -01.68
28.90 -01.68
29.19 -01.68
29.48 -01.67
29.78 -01.65
30.08 -01.64
30.38 -01.61
30.68 -01.58
30.99 -01.54
31.30 -01.50
31.61 -01.45
31.93 -01.39
32.24 -01.33
32.57 -01.26
32.89 -01.18
33.22 -01.09
33.55 -01.00
33.89 -00.90
34.23 -00.79
34.57 -00.67
34.92 -00.55
35.27 -00.42
35.62 -00.28
35.97 -00.14
36.33 00.01
36.70 00.17
37.06 00.32
37.43 00.48
37.81 00.64
38.19 00.80
38.57 00.96
38.95 01.12
39.34 01.27
39.74 01.43
40.14 01.58
40.54 01.72
40.94 01.84
41.35 01.96
41.76 02.07
42.18 02.16
42.60 02.23
43.03 02.29
43.46 02.32
43.90 02.34
44.33 02.35
44.78 02.33
45.23 02.30
45.68 02.26
46.13 02.20
46.60 02.13
47.06 02.05
47.53 01.97
48.01 01.88
48.49 01.79
48.97 01.69
49.46 01.60
49.96 01.52
50.46 01.44
50.96 01.37
51.47 01.31
51.99 01.27
52.51 01.25
53.03 01.25
53.56 01.27
54.10 01.31
54.64 01.37
55.18 01.45
55.74 01.56
56.29 01.67
56.86 01.80
57.42 01.94
58.00 02.10
58.58 02.25
59.16 02.41
59.76 02.57
60.35 02.72
60.96 02.87
61.57 03.01
62.18 03.14
62.80 03.25
63.43 03.35
64.07 03.44
64.71 03.52
65.35 03.58
66.01 03.63
66.67 03.68
67.33 03.71
68.01 03.74
68.69 03.76
69.37 03.77
70.07 03.79
70.77 03.80
71.48 03.82
72.19 03.83
72.91 03.84
73.64 03.84
74.38 03.85
75.12 03.85
75.87 03.86
76.63 03.86
77.40 03.86
78.17 03.86
78.95 03.86
79.74 03.86
80.54 03.86
81.35 03.86
82.16 03.85
82.98 03.85
83.81 03.85
84.65 03.85
85.50 03.85
86.35 03.85
87.22 03.85
88.09 03.86
88.97 03.86
89.86 03.86
90.76 03.86
91.66 03.87
92.58 03.87
93.51 03.87
94.44 03.87
95.39 03.87
96.34 03.87
97.30 03.87
98.28 03.86
99.26 03.85
100.25 03.85
101.25 03.84
102.27 03.83
103.29 03.82
104.32 03.81
105.37 03.80
106.42 03.79
107.48 03.79
108.56 03.78
109.64 03.77
110.74 03.77
111.85 03.76
112.97 03.76
114.10 03.75
115.24 03.74
116.39 03.73
117.55 03.72
118.73 03.70
119.92 03.68
121.12 03.65
122.33 03.62
123.55 03.60
124.79 03.57
126.03 03.54
127.29 03.51
128.57 03.49
129.85 03.47
131.15 03.45
132.46 03.44
133.79 03.43
135.12 03.42
136.48 03.42
137.84 03.42
139.22 03.42
140.61 03.42
142.02 03.43
143.44 03.43
144.87 03.43
146.32 03.43
147.78 03.43
149.26 03.42
150.75 03.41
152.26 03.40
153.78 03.38
155.32 03.35
156.88 03.32
158.44 03.29
160.03 03.25
161.63 03.22
163.24 03.19
164.88 03.17
166.53 03.14
168.19 03.13
169.87 03.12
171.57 03.13
173.29 03.13
175.02 03.15
176.77 03.17
178.54 03.18
180.32 03.19
182.13 03.21
183.95 03.22
185.79 03.23
187.65 03.24
189.52 03.23
191.42 03.23
193.33 03.22
195.27 03.21
197.22 03.19
199.19 03.18
201.18 03.15
203.19 03.13
205.23 03.10
207.28 03.07
209.35 03.03
211.44 03.00
213.56 02.95
215.69 02.91
217.85 02.89
220.03 02.86
222.23 02.86
224.45 02.87
226.70 02.89
228.96 02.92
231.25 02.96
233.57 03.00
235.90 03.05
238.26 03.09
240.64 03.15
243.05 03.20
245.48 03.24
247.93 03.29
250.41 03.33
252.92 03.37
255.45 03.42
258.00 03.45
260.58 03.49
263.19 03.53
265.82 03.56
268.48 03.59
271.16 03.61
273.87 03.63
276.61 03.65
279.38 03.66
282.17 03.67
284.99 03.67
287.84 03.68
290.72 03.68
293.63 03.68
296.57 03.68
299.53 03.67
302.53 03.67
305.55 03.65
308.61 03.64
311.69 03.63
314.81 03.60
317.96 03.57
321.14 03.53
324.35 03.50
327.59 03.45
330.87 03.40
334.18 03.34
337.52 03.29
340.90 03.23
344.30 03.16
347.75 03.10
351.23 03.05
354.74 02.98
358.28 02.91
361.87 02.86
365.49 02.79
369.14 02.73
372.83 02.66
376.56 02.59
380.33 02.53
384.13 02.45
387.97 02.39
391.85 02.31
395.77 02.24
399.73 02.17
403.72 02.10
407.76 02.02
411.84 01.95
415.96 01.87
420.12 01.80
424.32 01.72
428.56 01.65
432.85 01.59
437.18 01.52
441.55 01.46
445.96 01.41
450.42 01.35
454.93 01.32
459.48 01.28
464.07 01.25
468.71 01.23
473.40 01.22
478.13 01.20
482.91 01.18
487.74 01.16
492.62 01.15
497.55 01.12
502.52 01.09
507.55 01.06
512.62 01.02
517.75 00.97
522.93 00.92
528.16 00.86
533.44 00.81
538.77 00.74
544.16 00.67
549.60 00.61
555.10 00.54
560.65 00.49
566.25 00.43
571.92 00.38
577.64 00.34
583.41 00.31
589.25 00.29
595.14 00.29
601.09 00.30
607.10 00.32
613.17 00.36
619.30 00.39
625.50 00.43
631.75 00.47
638.07 00.50
644.45 00.53
650.89 00.53
657.40 00.52
663.98 00.52
670.62 00.51
677.32 00.50
684.10 00.51
690.94 00.50
697.85 00.51
704.83 00.52
711.87 00.53
718.99 00.55
726.18 00.57
733.44 00.59
740.78 00.61
748.19 00.63
755.67 00.64
763.23 00.63
770.86 00.62
778.57 00.60
786.35 00.55
794.22 00.50
802.16 00.44
810.18 00.37
818.28 00.29
826.46 00.21
834.73 00.13
843.08 00.05
851.51 -00.02
860.02 -00.09
868.62 -00.14
877.31 -00.17
886.08 -00.20
894.94 -00.21
903.89 -00.21
912.93 -00.18
922.06 -00.15
931.28 -00.09
940.59 -00.02
950.00 00.08
959.50 00.17
969.09 00.24
978.78 00.30
988.57 00.33
998.46 00.33
1008.44 00.32
1018.53 00.29
1028.71 00.23
1039.00 00.16
1049.39 00.06
1059.88 -00.07
1070.48 -00.20
1081.19 -00.33
1092.00 -00.44
1102.92 -00.52
1113.95 -00.57
1125.09 -00.62
1136.34 -00.66
1147.70 -00.68
1159.18 -00.69
1170.77 -00.69
1182.48 -00.70
1194.30 -00.70
1206.25 -00.71
1218.31 -00.74
1230.49 -00.79
1242.80 -00.86
1255.22 -00.95
1267.78 -01.04
1280.45 -01.14
1293.26 -01.24
1306.19 -01.34
1319.25 -01.42
1332.45 -01.48
1345.77 -01.50
1359.23 -01.47
1372.82 -01.41
1386.55 -01.31
1400.41 -01.19
1414.42 -01.04
1428.56 -00.88
1442.85 -00.73
1457.28 -00.59
1471.85 -00.48
1486.57 -00.40
1501.43 -00.35
1516.45 -00.32
1531.61 -00.29
1546.93 -00.27
1562.40 -00.27
1578.02 -00.27
1593.80 -00.28
1609.74 -00.28
1625.84 -00.28
1642.10 -00.27
1658.52 -00.23
1675.10 -00.21
1691.85 -00.20
1708.77 -00.19
1725.86 -00.19
1743.12 -00.19
1760.55 -00.20
1778.15 -00.21
1795.94 -00.22
1813.90 -00.25
1832.03 -00.28
1850.36 -00.32
1868.86 -00.36
1887.55 -00.40
1906.42 -00.46
1925.49 -00.52
1944.74 -00.60
1964.19 -00.66
1983.83 -00.70
2003.67 -00.66
2023.71 -00.57
2043.94 -00.43
2064.38 -00.27
2085.03 -00.11
2105.88 00.05
2126.94 00.19
2148.20 00.31
2169.69 00.42
2191.38 00.49
2213.30 00.52
2235.43 00.49
2257.78 00.39
2280.36 00.24
2303.17 00.07
2326.20 -00.08
2349.46 -00.24
2372.95 -00.40
2396.68 -00.53
2420.65 -00.64
2444.86 -00.73
2469.31 -00.78
2494.00 -00.82
2518.94 -00.83
2544.13 -00.85
2569.57 -00.88
2595.27 -00.92
2621.22 -00.97
2647.43 -01.02
2673.90 -01.07
2700.64 -01.13
2727.65 -01.24
2754.93 -01.37
2782.48 -01.53
2810.30 -01.70
2838.40 -01.89
2866.79 -02.10
2895.46 -02.29
2924.41 -02.50
2953.65 -02.69
2983.19 -02.86
3013.02 -02.99
3043.15 -03.05
3073.58 -03.06
3104.32 -02.99
3135.36 -02.88
3166.72 -02.71
3198.38 -02.52
3230.37 -02.31
3262.67 -02.11
3295.30 -01.91
3328.25 -01.75
3361.53 -01.60
3395.15 -01.50
3429.10 -01.40
3463.39 -01.32
3498.03 -01.26
3533.01 -01.21
3568.34 -01.19
3604.02 -01.20
3640.06 -01.22
3676.46 -01.27
3713.22 -01.32
3750.36 -01.37
3787.86 -01.42
3825.74 -01.47
3864.00 -01.55
3902.64 -01.65
3941.66 -01.80
3981.08 -01.98
4020.89 -02.19
4061.10 -02.41
4101.71 -02.66
4142.73 -02.91
4184.15 -03.18
4226.00 -03.45
4268.26 -03.72
4310.94 -03.98
4354.05 -04.23
4397.59 -04.48
4441.56 -04.70
4485.98 -04.89
4530.84 -05.04
4576.15 -05.17
4621.91 -05.27
4668.13 -05.35
4714.81 -05.41
4761.96 -05.47
4809.58 -05.52
4857.67 -05.54
4906.25 -05.52
4955.31 -05.46
5004.87 -05.36
5054.91 -05.22
5105.46 -05.04
5156.52 -04.89
5208.08 -04.70
5260.16 -04.43
5312.77 -04.10
5365.89 -03.73
5419.55 -03.35
5473.75 -02.95
5528.49 -02.54
5583.77 -02.12
5639.61 -01.69
5696.00 -01.25
5752.96 -00.80
5810.49 -00.39
5868.60 -00.07
5927.28 00.17
5986.56 00.32
6046.42 00.60
6106.89 00.88
6167.96 01.09
6229.64 01.24
6291.93 01.36
6354.85 01.43
6418.40 01.45
6482.58 01.43
6547.41 01.39
6612.88 01.39
6679.01 01.46
6745.80 01.59
6813.26 01.78
6881.39 02.00
6950.21 02.24
7019.71 02.48
7089.91 02.70
7160.81 02.94
7232.41 03.19
7304.74 03.28
7377.79 03.34
7451.56 03.37
7526.08 03.38
7601.34 03.39
7677.35 03.40
7754.13 03.41
7831.67 03.42
7909.98 03.43
7989.08 03.42
8068.98 03.41
8149.67 03.39
8231.16 03.37
8313.47 03.35
8396.61 03.32
8480.57 03.29
8565.38 03.25
8651.03 03.22
8737.54 03.18
8824.92 03.14
8913.17 03.09
9002.30 03.03
9092.32 02.95
9183.25 02.87
9275.08 02.77
9367.83 02.68
9461.51 02.59
9556.12 02.51
9651.68 02.44
9748.20 02.39
9845.68 02.36
9944.14 02.34
10043.58 02.33
10144.02 02.32
10245.46 02.33
10347.91 02.44
10451.39 02.56
10555.91 02.66
10661.46 02.73
10768.08 02.77
10875.76 02.76
10984.52 02.75
11094.36 02.74
11205.31 02.73
11317.36 02.76
11430.53 02.83
11544.84 02.93
11660.29 03.09
11776.89 03.30
11894.66 03.59
12013.60 03.95
12133.74 04.37
12255.08 04.83
12377.63 05.27
12501.41 05.68
12626.42 06.04
12752.68 06.35
12880.21 06.59
13009.01 06.78
13139.10 06.91
13270.49 06.97
13403.20 06.96
13537.23 06.87
13672.60 06.70
13809.33 06.45
13947.42 06.10
14086.90 05.67
14227.77 05.18
14370.04 04.61
14513.74 03.92
14658.88 03.02
14805.47 02.05
14953.52 01.02
15103.06 -00.03
15254.09 -01.03
15406.63 -01.92
15560.70 -02.56
15716.30 -02.90
15873.47 -02.92
16032.20 -02.69
16192.52 -02.29
16354.45 -01.82
16517.99 -01.33
16683.17 -00.87
16850.01 -00.47
17018.51 -00.14
17188.69 00.10
17360.58 00.27
17534.18 00.36
17709.53 00.37
17886.62 00.30
18065.49 00.12
18246.14 -00.15
18428.60 -00.54
18612.89 -01.02
18799.02 -01.61
18987.01 -02.31
19176.88 -03.09
19368.65 -03.99
19562.33 -05.01
19757.96 -06.18
19955.54 -07.53
20000.00 -07.86
