20.00 00.87
20.20 00.91
20.40 00.95
20.61 00.98
20.81 01.02
21.02 01.05
21.23 01.08
21.44 01.11
21.66 01.13
21.87 01.16
22.09 01.18
22.31 01.20
22.54 01.23
22.76 01.25
22.99 01.27
23.22 01.29
23.45 01.31
23.69 01.33
23.92 01.35
24.16 01.37
24.40 01.39
24.65 01.41
24.89 01.43
25.14 01.44
25.39 01.46
25.65 01.48
25.91 01.50
26.16 01.51
26.43 01.53
26.69 01.54
26.96 01.55
27.23 01.57
27.50 01.58
27.77 01.59
28.05 01.60
28.33 01.61
28.62 01.62
28.90 01.63
29.19 01.64
29.48 01.65
29.78 01.65
30.08 01.66
30.38 01.66
30.68 01.67
30.99 01.67
31.30 01.67
31.61 01.68
31.93 01.68
32.24 01.68
32.57 01.68
32.89 01.67
33.22 01.67
33.55 01.67
33.89 01.66
34.23 01.66
34.57 01.65
34.92 01.65
35.27 01.64
35.62 01.63
35.97 01.63
36.33 01.62
36.70 01.61
37.06 01.60
37.43 01.59
37.81 01.58
38.19 01.57
38.57 01.57
38.95 01.56
39.34 01.55
39.74 01.54
40.14 01.53
40.54 01.52
40.94 01.52
41.35 01.51
41.76 01.51
42.18 01.50
42.60 01.50
43.03 01.50
43.46 01.50
43.90 01.50
44.33 01.50
44.78 01.50
45.23 01.50
45.68 01.51
46.13 01.51
46.60 01.51
47.06 01.52
47.53 01.52
48.01 01.53
48.49 01.53
48.97 01.54
49.46 01.54
49.96 01.54
50.46 01.55
50.96 01.55
51.47 01.55
51.99 01.56
52.51 01.56
53.03 01.56
53.56 01.56
54.10 01.56
54.64 01.56
55.18 01.55
55.74 01.55
56.29 01.55
56.86 01.54
57.42 01.54
58.00 01.53
58.58 01.53
59.16 01.52
59.76 01.52
60.35 01.51
60.96 01.51
61.57 01.50
62.18 01.50
62.80 01.49
63.43 01.49
64.07 01.48
64.71 01.48
65.35 01.48
66.01 01.47
66.67 01.47
67.33 01.47
68.01 01.47
68.69 01.47
69.37 01.47
70.07 01.47
70.77 01.47
71.48 01.46
72.19 01.46
72.91 01.46
73.64 01.46
74.38 01.46
75.12 01.45
75.87 01.45
76.63 01.44
77.40 01.44
78.17 01.43
78.95 01.43
79.74 01.42
80.54 01.42
81.35 01.41
82.16 01.40
82.98 01.40
83.81 01.39
84.65 01.38
85.50 01.38
86.35 01.37
87.22 01.36
88.09 01.35
88.97 01.35
89.86 01.34
90.76 01.33
91.66 01.32
92.58 01.31
93.51 01.30
94.44 01.29
95.39 01.29
96.34 01.28
97.30 01.27
98.28 01.26
99.26 01.26
100.25 01.25
101.25 01.24
102.27 01.24
103.29 01.23
104.32 01.22
105.37 01.22
106.42 01.21
107.48 01.21
108.56 01.20
109.64 01.20
110.74 01.19
111.85 01.19
112.97 01.19
114.10 01.18
115.24 01.18
116.39 01.17
117.55 01.17
118.73 01.17
119.92 01.17
121.12 01.17
122.33 01.16
123.55 01.16
124.79 01.16
126.03 01.16
127.29 01.16
128.57 01.17
129.85 01.17
131.15 01.17
132.46 01.17
133.79 01.18
135.12 01.18
136.48 01.19
137.84 01.20
139.22 01.20
140.61 01.21
142.02 01.22
143.44 01.23
144.87 01.24
146.32 01.25
147.78 01.26
149.26 01.28
150.75 01.29
152.26 01.31
153.78 01.32
155.32 01.34
156.88 01.36
158.44 01.37
160.03 01.40
161.63 01.43
163.24 01.46
164.88 01.51
166.53 01.54
168.19 01.58
169.87 01.61
171.57 01.65
173.29 01.68
175.02 01.69
176.77 01.69
178.54 01.66
180.32 01.61
182.13 01.55
183.95 01.45
185.79 01.34
187.65 01.21
189.52 01.07
191.42 00.91
193.33 00.75
195.27 00.60
197.22 00.46
199.19 00.35
201.18 00.27
203.19 00.24
205.23 00.22
207.28 00.25
209.35 00.28
211.44 00.34
213.56 00.41
215.69 00.50
217.85 00.59
220.03 00.68
222.23 00.77
224.45 00.85
226.70 00.92
228.96 00.99
231.25 01.07
233.57 01.13
235.90 01.19
238.26 01.25
240.64 01.32
243.05 01.38
245.48 01.43
247.93 01.49
250.41 01.54
252.92 01.59
255.45 01.65
258.00 01.69
260.58 01.74
263.19 01.79
265.82 01.83
268.48 01.89
271.16 01.94
273.87 01.99
276.61 02.05
279.38 02.11
282.17 02.18
284.99 02.25
287.84 02.33
290.72 02.41
293.63 02.49
296.57 02.57
299.53 02.63
302.53 02.68
305.55 02.69
308.61 02.68
311.69 02.64
314.81 02.55
317.96 02.46
321.14 02.34
324.35 02.23
327.59 02.12
330.87 02.02
334.18 01.92
337.52 01.82
340.90 01.69
344.30 01.53
347.75 01.35
351.23 01.16
354.74 00.95
358.28 00.72
361.87 00.48
365.49 00.21
369.14 -00.07
372.83 -00.36
376.56 -00.60
380.33 -00.75
384.13 -00.79
387.97 -00.69
391.85 -00.53
395.77 -00.32
399.73 -00.12
403.72 00.10
407.76 00.28
411.84 00.43
415.96 00.55
420.12 00.64
424.32 00.71
428.56 00.76
432.85 00.79
437.18 00.81
441.55 00.84
445.96 00.85
450.42 00.86
454.93 00.87
459.48 00.87
464.07 00.88
468.71 00.89
473.40 00.92
478.13 00.94
482.91 00.96
487.74 00.99
492.62 01.02
497.55 01.05
502.52 01.09
507.55 01.15
512.62 01.22
517.75 01.29
522.93 01.35
528.16 01.36
533.44 01.33
538.77 01.22
544.16 01.06
549.60 00.87
555.10 00.65
560.65 00.43
566.25 00.18
571.92 -00.07
577.64 -00.34
583.41 -00.56
589.25 -00.73
595.14 -00.78
601.09 -00.71
607.10 -00.56
613.17 -00.34
619.30 -00.11
625.50 00.13
631.75 00.36
638.07 00.56
644.45 00.73
650.89 00.84
657.40 00.89
663.98 00.90
670.62 00.88
677.32 00.82
684.10 00.77
690.94 00.69
697.85 00.63
704.83 00.57
711.87 00.53
718.99 00.52
726.18 00.52
733.44 00.56
740.78 00.61
748.19 00.69
755.67 00.76
763.23 00.83
770.86 00.87
778.57 00.87
786.35 00.82
794.22 00.73
802.16 00.65
810.18 00.58
818.28 00.53
826.46 00.51
834.73 00.51
843.08 00.49
851.51 00.47
860.02 00.45
868.62 00.44
877.31 00.48
886.08 00.56
894.94 00.66
903.89 00.76
912.93 00.87
922.06 00.96
931.28 01.05
940.59 01.14
950.00 01.25
959.50 01.35
969.09 01.45
978.78 01.53
988.57 01.60
998.46 01.63
1008.44 01.64
1018.53 01.63
1028.71 01.58
1039.00 01.51
1049.39 01.39
1059.88 01.24
1070.48 01.05
1081.19 00.85
1092.00 00.62
1102.92 00.40
1113.95 00.18
1125.09 -00.06
1136.34 -00.30
1147.70 -00.52
1159.18 -00.69
1170.77 -00.83
1182.48 -00.96
1194.30 -01.07
1206.25 -01.19
1218.31 -01.33
1230.49 -01.50
1242.80 -01.69
1255.22 -01.88
1267.78 -02.05
1280.45 -02.20
1293.26 -02.33
1306.19 -02.44
1319.25 -02.54
1332.45 -02.61
1345.77 -02.64
1359.23 -02.63
1372.82 -02.62
1386.55 -02.64
1400.41 -02.69
1414.42 -02.79
1428.56 -02.90
1442.85 -03.04
1457.28 -03.20
1471.85 -03.39
1486.57 -03.61
1501.43 -03.84
1516.45 -04.09
1531.61 -04.31
1546.93 -04.51
1562.40 -04.67
1578.02 -04.79
1593.80 -04.88
1609.74 -04.94
1625.84 -05.02
1642.10 -05.05
1658.52 -05.02
1675.10 -04.98
1691.85 -04.94
1708.77 -04.93
1725.86 -04.97
1743.12 -05.03
1760.55 -05.13
1778.15 -05.25
1795.94 -05.35
1813.90 -05.45
1832.03 -05.52
1850.36 -05.58
1868.86 -05.59
1887.55 -05.58
1906.42 -05.52
1925.49 -05.43
1944.74 -05.34
1964.19 -05.26
1983.83 -05.18
2003.67 -05.12
2023.71 -05.06
2043.94 -05.01
2064.38 -04.98
2085.03 -04.96
2105.88 -04.94
2126.94 -04.93
2148.20 -04.93
2169.69 -04.93
2191.38 -04.94
2213.30 -04.93
2235.43 -04.89
2257.78 -04.84
2280.36 -04.77
2303.17 -04.69
2326.20 -04.59
2349.46 -04.51
2372.95 -04.44
2396.68 -04.36
2420.65 -04.28
2444.86 -04.20
2469.31 -04.11
2494.00 -04.05
2518.94 -03.99
2544.13 -03.95
2569.57 -03.91
2595.27 -03.85
2621.22 -03.78
2647.43 -03.71
2673.90 -03.62
2700.64 -03.52
2727.65 -03.43
2754.93 -03.34
2782.48 -03.24
2810.30 -03.14
2838.40 -03.06
2866.79 -02.98
2895.46 -02.90
2924.41 -02.84
2953.65 -02.74
2983.19 -02.64
3013.02 -02.51
3043.15 -02.35
3073.58 -02.21
3104.32 -02.05
3135.36 -01.89
3166.72 -01.70
3198.38 -01.53
3230.37 -01.35
3262.67 -01.20
3295.30 -01.07
3328.25 -00.97
3361.53 -00.88
3395.15 -00.83
3429.10 -00.78
3463.39 -00.75
3498.03 -00.75
3533.01 -00.77
3568.34 -00.80
3604.02 -00.83
3640.06 -00.85
3676.46 -00.88
3713.22 -00.92
3750.36 -00.97
3787.86 -01.05
3825.74 -01.14
3864.00 -01.24
3902.64 -01.34
3941.66 -01.44
3981.08 -01.56
4020.89 -01.71
4061.10 -01.90
4101.71 -02.13
4142.73 -02.35
4184.15 -02.56
4226.00 -02.66
4268.26 -02.50
4310.94 -02.16
4354.05 -01.68
4397.59 -01.15
4441.56 -00.66
4485.98 -00.26
4530.84 00.06
4576.15 00.33
4621.91 00.60
4668.13 00.88
4714.81 01.15
4761.96 01.36
4809.58 01.45
4857.67 01.41
4906.25 01.26
4955.31 01.11
5004.87 00.94
5054.91 00.80
5105.46 00.67
5156.52 00.44
5208.08 00.09
5260.16 -00.35
5312.77 -00.84
5365.89 -01.36
5419.55 -01.84
5473.75 -02.27
5528.49 -02.66
5583.77 -03.00
5639.61 -03.33
5696.00 -03.62
5752.96 -03.82
5810.49 -03.94
5868.60 -03.93
5927.28 -03.83
5986.56 -03.63
6046.42 -03.15
6106.89 -02.54
6167.96 -01.90
6229.64 -01.26
6291.93 -00.61
6354.85 00.02
6418.40 00.64
6482.58 01.23
6547.41 01.78
6612.88 02.29
6679.01 02.76
6745.80 03.18
6813.26 03.57
6881.39 03.89
6950.21 04.18
7019.71 04.42
7089.91 04.62
7160.81 04.77
7232.41 04.89
7304.74 04.81
7377.79 04.69
7451.56 04.54
7526.08 04.37
7601.34 04.20
7677.35 04.02
7754.13 03.84
7831.67 03.67
7909.98 03.52
7989.08 03.36
8068.98 03.22
8149.67 03.07
8231.16 02.92
8313.47 02.77
8396.61 02.59
8480.57 02.41
8565.38 02.21
8651.03 02.01
8737.54 01.80
8824.92 01.59
8913.17 01.38
9002.30 01.19
9092.32 01.02
9183.25 00.89
9275.08 00.78
9367.83 00.70
9461.51 00.64
9556.12 00.58
9651.68 00.51
9748.20 00.43
9845.68 00.34
9944.14 00.21
10043.58 00.04
10144.02 -00.18
10245.46 -00.44
10347.91 -00.65
10451.39 -00.89
10555.91 -01.15
10661.46 -01.42
10768.08 -01.66
10875.76 -01.86
10984.52 -02.00
11094.36 -02.06
11205.31 -02.03
11317.36 -01.87
11430.53 -01.63
11544.84 -01.38
11660.29 -01.14
11776.89 -00.93
11894.66 -00.75
12013.60 -00.66
12133.74 -00.64
12255.08 -00.70
12377.63 -00.83
12501.41 -01.05
12626.42 -01.35
12752.68 -01.74
12880.21 -02.24
13009.01 -02.80
13139.10 -03.42
13270.49 -04.09
13403.20 -04.83
13537.23 -05.59
13672.60 -06.38
13809.33 -07.18
13947.42 -08.05
14086.90 -08.96
14227.77 -09.91
14370.04 -10.87
14513.74 -11.85
14658.88 -12.89
14805.47 -13.81
14953.52 -14.59
15103.06 -15.24
15254.09 -15.67
15406.63 -15.82
15560.70 -15.67
15716.30 -15.30
15873.47 -14.82
16032.20 -14.33
16192.52 -13.88
16354.45 -13.50
16517.99 -13.18
16683.17 -12.92
16850.01 -12.74
17018.51 -12.66
17188.69 -12.64
17360.58 -12.61
17534.18 -12.46
17709.53 -12.14
17886.62 -11.63
18065.49 -11.07
18246.14 -10.52
18428.60 -10.04
18612.89 -09.61
18799.02 -09.25
18987.01 -08.94
19176.88 -08.66
19368.65 -08.48
19562.33 -08.42
19757.96 -08.52
19955.54 -08.79
20000.00 -08.88
