20.00 -00.62
20.20 -00.56
20.40 -00.51
20.61 -00.46
20.81 -00.42
21.02 -00.37
21.23 -00.32
21.44 -00.28
21.66 -00.24
21.87 -00.20
22.09 -00.16
22.31 -00.12
22.54 -00.08
22.76 -00.04
22.99 00.00
23.22 00.03
23.45 00.07
23.69 00.11
23.92 00.14
24.16 00.18
24.40 00.21
24.65 00.25
24.89 00.28
25.14 00.31
25.39 00.34
25.65 00.38
25.91 00.41
26.16 00.43
26.43 00.46
26.69 00.49
26.96 00.52
27.23 00.55
27.50 00.57
27.77 00.59
28.05 00.62
28.33 00.64
28.62 00.66
28.90 00.68
29.19 00.70
29.48 00.72
29.78 00.74
30.08 00.75
30.38 00.77
30.68 00.78
30.99 00.79
31.30 00.80
31.61 00.81
31.93 00.81
32.24 00.82
32.57 00.82
32.89 00.82
33.22 00.83
33.55 00.83
33.89 00.82
34.23 00.82
34.57 00.82
34.92 00.82
35.27 00.82
35.62 00.81
35.97 00.81
36.33 00.80
36.70 00.80
37.06 00.79
37.43 00.79
37.81 00.78
38.19 00.78
38.57 00.77
38.95 00.76
39.34 00.75
39.74 00.74
40.14 00.73
40.54 00.72
40.94 00.71
41.35 00.70
41.76 00.69
42.18 00.68
42.60 00.67
43.03 00.66
43.46 00.65
43.90 00.63
44.33 00.62
44.78 00.60
45.23 00.59
45.68 00.57
46.13 00.56
46.60 00.54
47.06 00.52
47.53 00.50
48.01 00.48
48.49 00.46
48.97 00.44
49.46 00.42
49.96 00.40
50.46 00.38
50.96 00.37
51.47 00.35
51.99 00.34
52.51 00.34
53.03 00.34
53.56 00.34
54.10 00.35
54.64 00.37
55.18 00.39
55.74 00.41
56.29 00.44
56.86 00.48
57.42 00.51
58.00 00.55
58.58 00.59
59.16 00.63
59.76 00.66
60.35 00.70
60.96 00.74
61.57 00.78
62.18 00.82
62.80 00.86
63.43 00.90
64.07 00.95
64.71 00.99
65.35 01.03
66.01 01.07
66.67 01.11
67.33 01.16
68.01 01.20
68.69 01.25
69.37 01.29
70.07 01.34
70.77 01.38
71.48 01.43
72.19 01.48
72.91 01.52
73.64 01.57
74.38 01.62
75.12 01.67
75.87 01.72
76.63 01.77
77.40 01.83
78.17 01.88
78.95 01.94
79.74 01.99
80.54 02.05
81.35 02.11
82.16 02.16
82.98 02.22
83.81 02.28
84.65 02.33
85.50 02.38
86.35 02.44
87.22 02.49
88.09 02.53
88.97 02.58
89.86 02.62
90.76 02.66
91.66 02.70
92.58 02.73
93.51 02.76
94.44 02.79
95.39 02.81
96.34 02.82
97.30 02.82
98.28 02.82
99.26 02.82
100.25 02.81
101.25 02.79
102.27 02.78
103.29 02.77
104.32 02.76
105.37 02.76
106.42 02.77
107.48 02.80
108.56 02.84
109.64 02.88
110.74 02.94
111.85 03.01
112.97 03.08
114.10 03.15
115.24 03.23
116.39 03.30
117.55 03.37
118.73 03.43
119.92 03.48
121.12 03.53
122.33 03.58
123.55 03.62
124.79 03.65
126.03 03.68
127.29 03.70
128.57 03.72
129.85 03.74
131.15 03.76
132.46 03.77
133.79 03.79
135.12 03.80
136.48 03.81
137.84 03.82
139.22 03.84
140.61 03.85
142.02 03.86
143.44 03.87
144.87 03.88
146.32 03.89
147.78 03.90
149.26 03.92
150.75 03.93
152.26 03.94
153.78 03.95
155.32 03.96
156.88 03.97
158.44 03.98
160.03 03.99
161.63 04.01
163.24 04.02
164.88 04.05
166.53 04.06
168.19 04.08
169.87 04.09
171.57 04.12
173.29 04.14
175.02 04.16
176.77 04.19
178.54 04.21
180.32 04.23
182.13 04.27
183.95 04.29
185.79 04.31
187.65 04.34
189.52 04.35
191.42 04.37
193.33 04.38
195.27 04.40
197.22 04.41
199.19 04.43
201.18 04.43
203.19 04.44
205.23 04.44
207.28 04.44
209.35 04.43
211.44 04.43
213.56 04.41
215.69 04.39
217.85 04.37
220.03 04.34
222.23 04.32
224.45 04.30
226.70 04.27
228.96 04.23
231.25 04.21
233.57 04.18
235.90 04.15
238.26 04.13
240.64 04.12
243.05 04.10
245.48 04.08
247.93 04.07
250.41 04.06
252.92 04.04
255.45 04.03
258.00 04.01
260.58 03.99
263.19 03.98
265.82 03.94
268.48 03.91
271.16 03.87
273.87 03.81
276.61 03.76
279.38 03.69
282.17 03.62
284.99 03.54
287.84 03.46
290.72 03.37
293.63 03.29
296.57 03.20
299.53 03.10
302.53 03.01
305.55 02.91
308.61 02.82
311.69 02.73
314.81 02.63
317.96 02.54
321.14 02.44
324.35 02.35
327.59 02.25
330.87 02.15
334.18 02.05
337.52 01.96
340.90 01.85
344.30 01.75
347.75 01.63
351.23 01.53
354.74 01.41
358.28 01.28
361.87 01.16
365.49 01.03
369.14 00.91
372.83 00.77
376.56 00.63
380.33 00.51
384.13 00.37
387.97 00.24
391.85 00.10
395.77 -00.03
399.73 -00.17
403.72 -00.29
407.76 -00.43
411.84 -00.55
415.96 -00.67
420.12 -00.79
424.32 -00.93
428.56 -01.06
432.85 -01.20
437.18 -01.35
441.55 -01.49
445.96 -01.64
450.42 -01.80
454.93 -01.96
459.48 -02.13
464.07 -02.29
468.71 -02.44
473.40 -02.57
478.13 -02.69
482.91 -02.78
487.74 -02.85
492.62 -02.89
497.55 -02.91
502.52 -02.88
507.55 -02.81
512.62 -02.71
517.75 -02.57
522.93 -02.41
528.16 -02.22
533.44 -02.02
538.77 -01.81
544.16 -01.59
549.60 -01.37
555.10 -01.16
560.65 -00.96
566.25 -00.79
571.92 -00.62
577.64 -00.47
583.41 -00.32
589.25 -00.19
595.14 -00.05
601.09 00.08
607.10 00.20
613.17 00.32
619.30 00.43
625.50 00.55
631.75 00.67
638.07 00.77
644.45 00.88
650.89 00.95
657.40 01.02
663.98 01.09
670.62 01.14
677.32 01.17
684.10 01.20
690.94 01.20
697.85 01.20
704.83 01.16
711.87 01.09
718.99 01.02
726.18 00.91
733.44 00.77
740.78 00.63
748.19 00.47
755.67 00.30
763.23 00.13
770.86 -00.02
778.57 -00.18
786.35 -00.33
794.22 -00.46
802.16 -00.57
810.18 -00.69
818.28 -00.79
826.46 -00.88
834.73 -00.96
843.08 -01.05
851.51 -01.14
860.02 -01.23
868.62 -01.32
877.31 -01.40
886.08 -01.48
894.94 -01.54
903.89 -01.58
912.93 -01.58
922.06 -01.57
931.28 -01.53
940.59 -01.48
950.00 -01.41
959.50 -01.33
969.09 -01.25
978.78 -01.16
988.57 -01.06
998.46 -00.99
1008.44 -00.92
1018.53 -00.85
1028.71 -00.81
1039.00 -00.78
1049.39 -00.75
1059.88 -00.73
1070.48 -00.70
1081.19 -00.67
1092.00 -00.62
1102.92 -00.55
1113.95 -00.46
1125.09 -00.34
1136.34 -00.20
1147.70 -00.01
1159.18 00.22
1170.77 00.46
1182.48 00.71
1194.30 00.96
1206.25 01.20
1218.31 01.43
1230.49 01.63
1242.80 01.82
1255.22 01.96
1267.78 02.09
1280.45 02.18
1293.26 02.26
1306.19 02.30
1319.25 02.32
1332.45 02.30
1345.77 02.27
1359.23 02.22
1372.82 02.17
1386.55 02.10
1400.41 02.03
1414.42 01.95
1428.56 01.87
1442.85 01.79
1457.28 01.71
1471.85 01.63
1486.57 01.56
1501.43 01.48
1516.45 01.41
1531.61 01.34
1546.93 01.26
1562.40 01.18
1578.02 01.09
1593.80 00.99
1609.74 00.91
1625.84 00.81
1642.10 00.71
1658.52 00.61
1675.10 00.50
1691.85 00.39
1708.77 00.28
1725.86 00.17
1743.12 00.06
1760.55 -00.06
1778.15 -00.18
1795.94 -00.28
1813.90 -00.40
1832.03 -00.51
1850.36 -00.62
1868.86 -00.73
1887.55 -00.82
1906.42 -00.91
1925.49 -00.98
1944.74 -01.06
1964.19 -01.12
1983.83 -01.17
2003.67 -01.23
2023.71 -01.27
2043.94 -01.32
2064.38 -01.36
2085.03 -01.40
2105.88 -01.42
2126.94 -01.46
2148.20 -01.49
2169.69 -01.52
2191.38 -01.55
2213.30 -01.58
2235.43 -01.60
2257.78 -01.63
2280.36 -01.65
2303.17 -01.68
2326.20 -01.69
2349.46 -01.71
2372.95 -01.73
2396.68 -01.74
2420.65 -01.75
2444.86 -01.77
2469.31 -01.77
2494.00 -01.77
2518.94 -01.77
2544.13 -01.77
2569.57 -01.77
2595.27 -01.77
2621.22 -01.77
2647.43 -01.78
2673.90 -01.78
2700.64 -01.78
2727.65 -01.77
2754.93 -01.76
2782.48 -01.75
2810.30 -01.72
2838.40 -01.69
2866.79 -01.67
2895.46 -01.63
2924.41 -01.59
2953.65 -01.52
2983.19 -01.44
3013.02 -01.35
3043.15 -01.24
3073.58 -01.16
3104.32 -01.07
3135.36 -01.00
3166.72 -00.91
3198.38 -00.82
3230.37 -00.70
3262.67 -00.57
3295.30 -00.39
3328.25 -00.20
3361.53 00.06
3395.15 00.33
3429.10 00.62
3463.39 00.89
3498.03 01.11
3533.01 01.30
3568.34 01.46
3604.02 01.58
3640.06 01.68
3676.46 01.71
3713.22 01.67
3750.36 01.55
3787.86 01.33
3825.74 01.04
3864.00 00.69
3902.64 00.31
3941.66 -00.08
3981.08 -00.47
4020.89 -00.87
4061.10 -01.28
4101.71 -01.65
4142.73 -01.95
4184.15 -02.13
4226.00 -02.16
4268.26 -02.04
4310.94 -01.79
4354.05 -01.44
4397.59 -01.05
4441.56 -00.66
4485.98 -00.32
4530.84 -00.03
4576.15 00.19
4621.91 00.35
4668.13 00.44
4714.81 00.49
4761.96 00.49
4809.58 00.43
4857.67 00.30
4906.25 00.11
4955.31 -00.13
5004.87 -00.38
5054.91 -00.60
5105.46 -00.76
5156.52 -00.90
5208.08 -00.98
5260.16 -00.97
5312.77 -00.89
5365.89 -00.75
5419.55 -00.57
5473.75 -00.37
5528.49 -00.18
5583.77 00.01
5639.61 00.17
5696.00 00.30
5752.96 00.41
5810.49 00.48
5868.60 00.53
5927.28 00.55
5986.56 00.54
6046.42 00.73
6106.89 00.97
6167.96 01.20
6229.64 01.42
6291.93 01.63
6354.85 01.83
6418.40 02.03
6482.58 02.23
6547.41 02.41
6612.88 02.60
6679.01 02.79
6745.80 02.98
6813.26 03.18
6881.39 03.37
6950.21 03.57
7019.71 03.77
7089.91 03.97
7160.81 04.16
7232.41 04.34
7304.74 04.37
7377.79 04.37
7451.56 04.37
7526.08 04.37
7601.34 04.35
7677.35 04.34
7754.13 04.32
7831.67 04.31
7909.98 04.29
7989.08 04.27
8068.98 04.25
8149.67 04.23
8231.16 04.20
8313.47 04.17
8396.61 04.13
8480.57 04.09
8565.38 04.05
8651.03 04.00
8737.54 03.95
8824.92 03.89
8913.17 03.84
9002.30 03.79
9092.32 03.74
9183.25 03.70
9275.08 03.66
9367.83 03.63
9461.51 03.60
9556.12 03.57
9651.68 03.55
9748.20 03.53
9845.68 03.50
9944.14 03.47
10043.58 03.43
10144.02 03.38
10245.46 03.34
10347.91 03.37
10451.39 03.40
10555.91 03.42
10661.46 03.41
10768.08 03.37
10875.76 03.31
10984.52 03.23
11094.36 03.12
11205.31 02.98
11317.36 02.81
11430.53 02.62
11544.84 02.39
11660.29 02.16
11776.89 01.90
11894.66 01.63
12013.60 01.36
12133.74 01.11
12255.08 00.87
12377.63 00.65
12501.41 00.44
12626.42 00.23
12752.68 00.03
12880.21 -00.17
13009.01 -00.37
13139.10 -00.57
13270.49 -00.78
13403.20 -01.01
13537.23 -01.26
13672.60 -01.52
13809.33 -01.79
13947.42 -02.05
14086.90 -02.28
14227.77 -02.48
14370.04 -02.64
14513.74 -02.81
14658.88 -03.08
14805.47 -03.32
14953.52 -03.53
15103.06 -03.71
15254.09 -03.87
15406.63 -04.05
15560.70 -04.23
15716.30 -04.42
15873.47 -04.63
16032.20 -04.83
16192.52 -04.99
16354.45 -05.11
16517.99 -05.17
16683.17 -05.18
16850.01 -05.17
17018.51 -05.16
17188.69 -05.17
17360.58 -05.20
17534.18 -05.26
17709.53 -05.37
17886.62 -05.50
18065.49 -05.71
18246.14 -05.99
18428.60 -06.39
18612.89 -06.91
18799.02 -07.58
18987.01 -08.36
19176.88 -09.23
19368.65 -10.18
19562.33 -11.19
19757.96 -12.22
19955.54 -13.29
20000.00 -13.53
