20.00 06.02
20.20 06.04
20.40 06.06
20.61 06.07
20.81 06.08
21.02 06.09
21.23 06.10
21.44 06.11
21.66 06.12
21.87 06.13
22.09 06.13
22.31 06.14
22.54 06.14
22.76 06.14
22.99 06.14
23.22 06.14
23.45 06.13
23.69 06.13
23.92 06.12
24.16 06.11
24.40 06.09
24.65 06.08
24.89 06.06
25.14 06.04
25.39 06.02
25.65 06.00
25.91 05.97
26.16 05.94
26.43 05.91
26.69 05.88
26.96 05.84
27.23 05.80
27.50 05.76
27.77 05.72
28.05 05.67
28.33 05.62
28.62 05.56
28.90 05.51
29.19 05.45
29.48 05.38
29.78 05.31
30.08 05.24
30.38 05.17
30.68 05.09
30.99 05.01
31.30 04.92
31.61 04.83
31.93 04.73
32.24 04.63
32.57 04.52
32.89 04.41
33.22 04.28
33.55 04.15
33.89 04.00
34.23 03.85
34.57 03.68
34.92 03.50
35.27 03.31
35.62 03.11
35.97 02.91
36.33 02.69
36.70 02.46
37.06 02.24
37.43 02.00
37.81 01.76
38.19 01.51
38.57 01.27
38.95 01.03
39.34 00.79
39.74 00.55
40.14 00.32
40.54 00.10
40.94 -00.10
41.35 -00.28
41.76 -00.44
42.18 -00.56
42.60 -00.64
43.03 -00.69
43.46 -00.69
43.90 -00.65
44.33 -00.57
44.78 -00.46
45.23 -00.30
45.68 -00.12
46.13 00.07
46.60 00.30
47.06 00.52
47.53 00.76
48.01 01.01
48.49 01.25
48.97 01.49
49.46 01.74
49.96 01.97
50.46 02.20
50.96 02.41
51.47 02.60
51.99 02.79
52.51 02.96
53.03 03.11
53.56 03.25
54.10 03.39
54.64 03.50
55.18 03.60
55.74 03.70
56.29 03.78
56.86 03.85
57.42 03.91
58.00 03.96
58.58 04.00
59.16 04.02
59.76 04.03
60.35 04.03
60.96 04.02
61.57 03.99
62.18 03.95
62.80 03.89
63.43 03.80
64.07 03.69
64.71 03.56
65.35 03.41
66.01 03.22
66.67 03.01
67.33 02.77
68.01 02.51
68.69 02.22
69.37 01.91
70.07 01.58
70.77 01.25
71.48 00.92
72.19 00.62
72.91 00.34
73.64 00.13
74.38 -00.03
75.12 -00.11
75.87 -00.11
76.63 -00.03
77.40 00.11
78.17 00.32
78.95 00.58
79.74 00.86
80.54 01.17
81.35 01.46
82.16 01.74
82.98 02.00
83.81 02.23
84.65 02.43
85.50 02.60
86.35 02.75
87.22 02.86
88.09 02.95
88.97 03.01
89.86 03.04
90.76 03.06
91.66 03.06
92.58 03.05
93.51 03.03
94.44 03.00
95.39 02.97
96.34 02.92
97.30 02.87
98.28 02.81
99.26 02.75
100.25 02.67
101.25 02.59
102.27 02.51
103.29 02.41
104.32 02.31
105.37 02.19
106.42 02.06
107.48 01.93
108.56 01.78
109.64 01.62
110.74 01.45
111.85 01.28
112.97 01.11
114.10 00.94
115.24 00.79
116.39 00.66
117.55 00.56
118.73 00.49
119.92 00.44
121.12 00.43
122.33 00.44
123.55 00.46
124.79 00.49
126.03 00.51
127.29 00.53
128.57 00.53
129.85 00.51
131.15 00.47
132.46 00.42
133.79 00.34
135.12 00.24
136.48 00.12
137.84 00.00
139.22 -00.13
140.61 -00.26
142.02 -00.40
143.44 -00.53
144.87 -00.67
146.32 -00.81
147.78 -00.96
149.26 -01.10
150.75 -01.24
152.26 -01.39
153.78 -01.53
155.32 -01.68
156.88 -01.82
158.44 -01.96
160.03 -02.09
161.63 -02.21
163.24 -02.33
164.88 -02.44
166.53 -02.55
168.19 -02.65
169.87 -02.75
171.57 -02.84
173.29 -02.94
175.02 -03.04
176.77 -03.13
178.54 -03.24
180.32 -03.35
182.13 -03.46
183.95 -03.57
185.79 -03.70
187.65 -03.80
189.52 -03.92
191.42 -04.02
193.33 -04.11
195.27 -04.16
197.22 -04.17
199.19 -04.12
201.18 -04.01
203.19 -03.84
205.23 -03.62
207.28 -03.34
209.35 -03.04
211.44 -02.71
213.56 -02.38
215.69 -02.06
217.85 -01.77
220.03 -01.55
222.23 -01.37
224.45 -01.22
226.70 -01.11
228.96 -01.00
231.25 -00.88
233.57 -00.76
235.90 -00.65
238.26 -00.52
240.64 -00.38
243.05 -00.24
245.48 -00.07
247.93 00.13
250.41 00.32
252.92 00.50
255.45 00.68
258.00 00.82
260.58 00.94
263.19 01.05
265.82 01.12
268.48 01.19
271.16 01.22
273.87 01.24
276.61 01.25
279.38 01.24
282.17 01.22
284.99 01.17
287.84 01.13
290.72 01.06
293.63 00.99
296.57 00.92
299.53 00.84
302.53 00.77
305.55 00.70
308.61 00.65
311.69 00.60
314.81 00.55
317.96 00.51
321.14 00.47
324.35 00.45
327.59 00.42
330.87 00.38
334.18 00.34
337.52 00.30
340.90 00.25
344.30 00.21
347.75 00.17
351.23 00.14
354.74 00.12
358.28 00.10
361.87 00.10
365.49 00.10
369.14 00.12
372.83 00.14
376.56 00.17
380.33 00.22
384.13 00.26
387.97 00.31
391.85 00.35
395.77 00.39
399.73 00.42
403.72 00.46
407.76 00.48
411.84 00.52
415.96 00.54
420.12 00.58
424.32 00.60
428.56 00.64
432.85 00.68
437.18 00.72
441.55 00.76
445.96 00.80
450.42 00.83
454.93 00.86
459.48 00.88
464.07 00.90
468.71 00.92
473.40 00.94
478.13 00.96
482.91 00.97
487.74 00.99
492.62 01.02
497.55 01.04
502.52 01.07
507.55 01.11
512.62 01.15
517.75 01.18
522.93 01.23
528.16 01.27
533.44 01.31
538.77 01.34
544.16 01.38
549.60 01.42
555.10 01.45
560.65 01.49
566.25 01.53
571.92 01.58
577.64 01.62
583.41 01.67
589.25 01.71
595.14 01.77
601.09 01.84
607.10 01.89
613.17 01.95
619.30 02.01
625.50 02.07
631.75 02.12
638.07 02.14
644.45 02.15
650.89 02.11
657.40 02.03
663.98 01.91
670.62 01.74
677.32 01.54
684.10 01.31
690.94 01.06
697.85 00.80
704.83 00.53
711.87 00.28
718.99 00.06
726.18 -00.13
733.44 -00.26
740.78 -00.32
748.19 -00.32
755.67 -00.27
763.23 -00.20
770.86 -00.11
778.57 -00.04
786.35 00.02
794.22 00.06
802.16 00.10
810.18 00.10
818.28 00.10
826.46 00.08
834.73 00.05
843.08 00.01
851.51 -00.04
860.02 -00.09
868.62 -00.15
877.31 -00.20
886.08 -00.26
894.94 -00.32
903.89 -00.38
912.93 -00.42
922.06 -00.47
931.28 -00.52
940.59 -00.56
950.00 -00.60
959.50 -00.64
969.09 -00.69
978.78 -00.72
988.57 -00.75
998.46 -00.79
1008.44 -00.82
1018.53 -00.84
1028.71 -00.87
1039.00 -00.89
1049.39 -00.91
1059.88 -00.93
1070.48 -00.95
1081.19 -00.97
1092.00 -01.00
1102.92 -01.02
1113.95 -01.05
1125.09 -01.07
1136.34 -01.11
1147.70 -01.13
1159.18 -01.16
1170.77 -01.18
1182.48 -01.21
1194.30 -01.23
1206.25 -01.25
1218.31 -01.26
1230.49 -01.27
1242.80 -01.28
1255.22 -01.30
1267.78 -01.30
1280.45 -01.31
1293.26 -01.30
1306.19 -01.29
1319.25 -01.29
1332.45 -01.29
1345.77 -01.28
1359.23 -01.27
1372.82 -01.25
1386.55 -01.24
1400.41 -01.23
1414.42 -01.21
1428.56 -01.20
1442.85 -01.18
1457.28 -01.16
1471.85 -01.13
1486.57 -01.10
1501.43 -01.07
1516.45 -01.03
1531.61 -00.98
1546.93 -00.94
1562.40 -00.89
1578.02 -00.84
1593.80 -00.78
1609.74 -00.71
1625.84 -00.65
1642.10 -00.59
1658.52 -00.51
1675.10 -00.44
1691.85 -00.35
1708.77 -00.24
1725.86 -00.13
1743.12 00.00
1760.55 00.13
1778.15 00.26
1795.94 00.40
1813.90 00.55
1832.03 00.70
1850.36 00.85
1868.86 01.00
1887.55 01.15
1906.42 01.30
1925.49 01.45
1944.74 01.59
1964.19 01.74
1983.83 01.89
2003.67 02.04
2023.71 02.20
2043.94 02.36
2064.38 02.52
2085.03 02.68
2105.88 02.86
2126.94 03.02
2148.20 03.19
2169.69 03.36
2191.38 03.52
2213.30 03.68
2235.43 03.84
2257.78 03.98
2280.36 04.11
2303.17 04.24
2326.20 04.36
2349.46 04.46
2372.95 04.55
2396.68 04.64
2420.65 04.71
2444.86 04.76
2469.31 04.82
2494.00 04.85
2518.94 04.88
2544.13 04.90
2569.57 04.90
2595.27 04.89
2621.22 04.87
2647.43 04.83
2673.90 04.79
2700.64 04.75
2727.65 04.69
2754.93 04.62
2782.48 04.55
2810.30 04.49
2838.40 04.40
2866.79 04.31
2895.46 04.23
2924.41 04.12
2953.65 04.03
2983.19 03.91
3013.02 03.80
3043.15 03.68
3073.58 03.55
3104.32 03.43
3135.36 03.30
3166.72 03.18
3198.38 03.04
3230.37 02.92
3262.67 02.79
3295.30 02.67
3328.25 02.54
3361.53 02.43
3395.15 02.31
3429.10 02.20
3463.39 02.10
3498.03 02.00
3533.01 01.91
3568.34 01.83
3604.02 01.74
3640.06 01.65
3676.46 01.56
3713.22 01.47
3750.36 01.39
3787.86 01.30
3825.74 01.21
3864.00 01.11
3902.64 01.00
3941.66 00.88
3981.08 00.75
4020.89 00.60
4061.10 00.45
4101.71 00.27
4142.73 00.09
4184.15 -00.12
4226.00 -00.33
4268.26 -00.57
4310.94 -00.81
4354.05 -01.05
4397.59 -01.31
4441.56 -01.58
4485.98 -01.85
4530.84 -02.15
4576.15 -02.46
4621.91 -02.81
4668.13 -03.19
4714.81 -03.61
4761.96 -04.10
4809.58 -04.66
4857.67 -05.30
4906.25 -06.04
4955.31 -06.87
5004.87 -07.81
5054.91 -08.87
5105.46 -10.02
5156.52 -11.31
5208.08 -12.56
5260.16 -13.50
5312.77 -13.88
5365.89 -13.63
5419.55 -12.92
5473.75 -11.99
5528.49 -11.02
5583.77 -10.07
5639.61 -09.16
5696.00 -08.28
5752.96 -07.40
5810.49 -06.54
5868.60 -05.70
5927.28 -04.89
5986.56 -04.14
6046.42 -03.21
6106.89 -02.29
6167.96 -01.43
6229.64 -00.65
6291.93 00.04
6354.85 00.66
6418.40 01.20
6482.58 01.68
6547.41 02.08
6612.88 02.42
6679.01 02.70
6745.80 02.94
6813.26 03.13
6881.39 03.30
6950.21 03.46
7019.71 03.63
7089.91 03.84
7160.81 04.10
7232.41 04.42
7304.74 04.66
7377.79 04.94
7451.56 05.28
7526.08 05.65
7601.34 06.05
7677.35 06.44
7754.13 06.81
7831.67 07.14
7909.98 07.42
7989.08 07.63
8068.98 07.77
8149.67 07.85
8231.16 07.85
8313.47 07.78
8396.61 07.63
8480.57 07.41
8565.38 07.12
8651.03 06.76
8737.54 06.34
8824.92 05.87
8913.17 05.37
9002.30 04.84
9092.32 04.31
9183.25 03.79
9275.08 03.30
9367.83 02.84
9461.51 02.43
9556.12 02.07
9651.68 01.74
9748.20 01.45
9845.68 01.18
9944.14 00.93
10043.58 00.69
10144.02 00.46
10245.46 00.24
10347.91 00.10
10451.39 -00.03
10555.91 -00.16
10661.46 -00.31
10768.08 -00.45
10875.76 -00.59
10984.52 -00.69
11094.36 -00.74
11205.31 -00.77
11317.36 -00.75
11430.53 -00.67
11544.84 -00.55
11660.29 -00.38
11776.89 -00.18
11894.66 00.06
12013.60 00.31
12133.74 00.57
12255.08 00.83
12377.63 01.07
12501.41 01.29
12626.42 01.48
12752.68 01.64
12880.21 01.74
13009.01 01.78
13139.10 01.76
13270.49 01.67
13403.20 01.52
13537.23 01.33
13672.60 01.08
13809.33 00.81
13947.42 00.49
14086.90 00.16
14227.77 -00.18
14370.04 -00.49
14513.74 -00.79
14658.88 -01.13
14805.47 -01.38
14953.52 -01.54
15103.06 -01.64
15254.09 -01.69
15406.63 -01.75
15560.70 -01.80
15716.30 -01.87
15873.47 -01.95
16032.20 -02.05
16192.52 -02.18
16354.45 -02.36
16517.99 -02.58
16683.17 -02.84
16850.01 -03.14
17018.51 -03.47
17188.69 -03.81
17360.58 -04.12
17534.18 -04.43
17709.53 -04.74
17886.62 -05.05
18065.49 -05.40
18246.14 -05.78
18428.60 -06.24
18612.89 -06.74
18799.02 -07.32
18987.01 -07.97
19176.88 -08.69
19368.65 -09.55
19562.33 -10.56
19757.96 -11.79
19955.54 -13.26
20000.00 -13.64
