20.00 -11.26
20.20 -11.17
20.40 -11.08
20.61 -10.98
20.81 -10.89
21.02 -10.80
21.23 -10.71
21.44 -10.62
21.66 -10.53
21.87 -10.44
22.09 -10.35
22.31 -10.26
22.54 -10.17
22.76 -10.08
22.99 -09.99
23.22 -09.91
23.45 -09.82
23.69 -09.73
23.92 -09.64
24.16 -09.55
24.40 -09.47
24.65 -09.38
24.89 -09.29
25.14 -09.20
25.39 -09.11
25.65 -09.03
25.91 -08.94
26.16 -08.85
26.43 -08.76
26.69 -08.68
26.96 -08.59
27.23 -08.51
27.50 -08.42
27.77 -08.34
28.05 -08.25
28.33 -08.17
28.62 -08.08
28.90 -08.00
29.19 -07.92
29.48 -07.84
29.78 -07.76
30.08 -07.68
30.38 -07.60
30.68 -07.52
30.99 -07.44
31.30 -07.37
31.61 -07.29
31.93 -07.22
32.24 -07.15
32.57 -07.07
32.89 -07.00
33.22 -06.93
33.55 -06.86
33.89 -06.79
34.23 -06.73
34.57 -06.66
34.92 -06.59
35.27 -06.52
35.62 -06.45
35.97 -06.38
36.33 -06.31
36.70 -06.24
37.06 -06.17
37.43 -06.10
37.81 -06.02
38.19 -05.95
38.57 -05.88
38.95 -05.81
39.34 -05.74
39.74 -05.66
40.14 -05.59
40.54 -05.51
40.94 -05.44
41.35 -05.36
41.76 -05.29
42.18 -05.21
42.60 -05.14
43.03 -05.06
43.46 -04.98
43.90 -04.90
44.33 -04.82
44.78 -04.74
45.23 -04.66
45.68 -04.57
46.13 -04.49
46.60 -04.41
47.06 -04.33
47.53 -04.24
48.01 -04.16
48.49 -04.07
48.97 -03.99
49.46 -03.90
49.96 -03.82
50.46 -03.73
50.96 -03.65
51.47 -03.56
51.99 -03.48
52.51 -03.40
53.03 -03.32
53.56 -03.24
54.10 -03.16
54.64 -03.09
55.18 -03.01
55.74 -02.94
56.29 -02.87
56.86 -02.80
57.42 -02.74
58.00 -02.67
58.58 -02.60
59.16 -02.53
59.76 -02.46
60.35 -02.39
60.96 -02.32
61.57 -02.25
62.18 -02.17
62.80 -02.10
63.43 -02.02
64.07 -01.94
64.71 -01.85
65.35 -01.77
66.01 -01.68
66.67 -01.59
67.33 -01.49
68.01 -01.40
68.69 -01.30
69.37 -01.20
70.07 -01.10
70.77 -01.00
71.48 -00.90
72.19 -00.80
72.91 -00.70
73.64 -00.61
74.38 -00.52
75.12 -00.43
75.87 -00.34
76.63 -00.25
77.40 -00.17
78.17 -00.09
78.95 -00.01
79.74 00.07
80.54 00.15
81.35 00.22
82.16 00.30
82.98 00.38
83.81 00.45
84.65 00.53
85.50 00.61
86.35 00.68
87.22 00.76
88.09 00.84
88.97 00.91
89.86 00.99
90.76 01.07
91.66 01.14
92.58 01.22
93.51 01.29
94.44 01.36
95.39 01.43
96.34 01.49
97.30 01.55
98.28 01.61
99.26 01.67
100.25 01.72
101.25 01.77
102.27 01.82
103.29 01.86
104.32 01.91
105.37 01.95
106.42 02.00
107.48 02.04
108.56 02.08
109.64 02.13
110.74 02.17
111.85 02.21
112.97 02.25
114.10 02.30
115.24 02.34
116.39 02.38
117.55 02.41
118.73 02.45
119.92 02.49
121.12 02.52
122.33 02.56
123.55 02.59
124.79 02.62
126.03 02.65
127.29 02.67
128.57 02.70
129.85 02.72
131.15 02.74
132.46 02.76
133.79 02.78
135.12 02.80
136.48 02.82
137.84 02.84
139.22 02.86
140.61 02.87
142.02 02.89
143.44 02.91
144.87 02.93
146.32 02.94
147.78 02.96
149.26 02.98
150.75 02.99
152.26 03.01
153.78 03.03
155.32 03.04
156.88 03.06
158.44 03.07
160.03 03.08
161.63 03.10
163.24 03.12
164.88 03.15
166.53 03.16
168.19 03.17
169.87 03.18
171.57 03.20
173.29 03.21
175.02 03.21
176.77 03.22
178.54 03.22
180.32 03.22
182.13 03.23
183.95 03.23
185.79 03.23
187.65 03.23
189.52 03.23
191.42 03.23
193.33 03.22
195.27 03.23
197.22 03.22
199.19 03.22
201.18 03.21
203.19 03.21
205.23 03.20
207.28 03.20
209.35 03.19
211.44 03.19
213.56 03.18
215.69 03.18
217.85 03.17
220.03 03.16
222.23 03.15
224.45 03.15
226.70 03.13
228.96 03.11
231.25 03.11
233.57 03.09
235.90 03.06
238.26 03.04
240.64 03.03
243.05 03.01
245.48 02.99
247.93 02.98
250.41 02.95
252.92 02.93
255.45 02.92
258.00 02.90
260.58 02.87
263.19 02.86
265.82 02.84
268.48 02.83
271.16 02.80
273.87 02.78
276.61 02.76
279.38 02.74
282.17 02.72
284.99 02.70
287.84 02.68
290.72 02.65
293.63 02.63
296.57 02.61
299.53 02.58
302.53 02.56
305.55 02.53
308.61 02.51
311.69 02.50
314.81 02.48
317.96 02.47
321.14 02.46
324.35 02.46
327.59 02.45
330.87 02.46
334.18 02.47
337.52 02.49
340.90 02.50
344.30 02.52
347.75 02.54
351.23 02.57
354.74 02.59
358.28 02.60
361.87 02.63
365.49 02.63
369.14 02.65
372.83 02.64
376.56 02.64
380.33 02.64
384.13 02.63
387.97 02.63
391.85 02.62
395.77 02.62
399.73 02.60
403.72 02.60
407.76 02.59
411.84 02.60
415.96 02.59
420.12 02.59
424.32 02.57
428.56 02.56
432.85 02.54
437.18 02.50
441.55 02.46
445.96 02.42
450.42 02.37
454.93 02.32
459.48 02.25
464.07 02.19
468.71 02.12
473.40 02.07
478.13 02.00
482.91 01.94
487.74 01.88
492.62 01.83
497.55 01.78
502.52 01.73
507.55 01.69
512.62 01.63
517.75 01.56
522.93 01.48
528.16 01.35
533.44 01.20
538.77 00.99
544.16 00.74
549.60 00.45
555.10 00.12
560.65 -00.24
566.25 -00.63
571.92 -01.03
577.64 -01.43
583.41 -01.79
589.25 -02.09
595.14 -02.29
601.09 -02.37
607.10 -02.36
613.17 -02.26
619.30 -02.12
625.50 -01.95
631.75 -01.77
638.07 -01.60
644.45 -01.45
650.89 -01.32
657.40 -01.20
663.98 -01.08
670.62 -00.99
677.32 -00.92
684.10 -00.84
690.94 -00.78
697.85 -00.71
704.83 -00.66
711.87 -00.61
718.99 -00.55
726.18 -00.51
733.44 -00.47
740.78 -00.42
748.19 -00.37
755.67 -00.33
763.23 -00.28
770.86 -00.23
778.57 -00.19
786.35 -00.17
794.22 -00.17
802.16 -00.17
810.18 -00.19
818.28 -00.21
826.46 -00.23
834.73 -00.22
843.08 -00.21
851.51 -00.19
860.02 -00.14
868.62 -00.07
877.31 00.03
886.08 00.16
894.94 00.30
903.89 00.45
912.93 00.62
922.06 00.78
931.28 00.92
940.59 01.01
950.00 01.07
959.50 01.08
969.09 01.05
978.78 01.00
988.57 00.93
998.46 00.83
1008.44 00.74
1018.53 00.64
1028.71 00.53
1039.00 00.42
1049.39 00.34
1059.88 00.26
1070.48 00.21
1081.19 00.17
1092.00 00.13
1102.92 00.09
1113.95 00.05
1125.09 00.02
1136.34 -00.02
1147.70 -00.03
1159.18 -00.02
1170.77 00.00
1182.48 00.03
1194.30 00.09
1206.25 00.16
1218.31 00.24
1230.49 00.33
1242.80 00.40
1255.22 00.45
1267.78 00.49
1280.45 00.52
1293.26 00.55
1306.19 00.57
1319.25 00.60
1332.45 00.63
1345.77 00.66
1359.23 00.70
1372.82 00.71
1386.55 00.73
1400.41 00.74
1414.42 00.74
1428.56 00.75
1442.85 00.75
1457.28 00.73
1471.85 00.71
1486.57 00.68
1501.43 00.64
1516.45 00.61
1531.61 00.61
1546.93 00.62
1562.40 00.62
1578.02 00.64
1593.80 00.66
1609.74 00.69
1625.84 00.72
1642.10 00.74
1658.52 00.76
1675.10 00.77
1691.85 00.78
1708.77 00.80
1725.86 00.80
1743.12 00.80
1760.55 00.79
1778.15 00.77
1795.94 00.76
1813.90 00.73
1832.03 00.69
1850.36 00.65
1868.86 00.61
1887.55 00.56
1906.42 00.52
1925.49 00.47
1944.74 00.40
1964.19 00.28
1983.83 00.10
2003.67 -00.15
2023.71 -00.42
2043.94 -00.68
2064.38 -00.93
2085.03 -01.15
2105.88 -01.36
2126.94 -01.59
2148.20 -01.84
2169.69 -02.07
2191.38 -02.24
2213.30 -02.28
2235.43 -02.21
2257.78 -02.10
2280.36 -02.00
2303.17 -01.96
2326.20 -01.97
2349.46 -02.00
2372.95 -02.05
2396.68 -02.06
2420.65 -02.08
2444.86 -02.10
2469.31 -02.15
2494.00 -02.26
2518.94 -02.43
2544.13 -02.64
2569.57 -02.86
2595.27 -03.07
2621.22 -03.28
2647.43 -03.48
2673.90 -03.70
2700.64 -03.91
2727.65 -04.13
2754.93 -04.29
2782.48 -04.39
2810.30 -04.38
2838.40 -04.32
2866.79 -04.25
2895.46 -04.19
2924.41 -04.15
2953.65 -04.09
2983.19 -04.04
3013.02 -03.97
3043.15 -03.89
3073.58 -03.81
3104.32 -03.72
3135.36 -03.62
3166.72 -03.48
3198.38 -03.33
3230.37 -03.15
3262.67 -02.98
3295.30 -02.77
3328.25 -02.58
3361.53 -02.36
3395.15 -02.16
3429.10 -01.94
3463.39 -01.72
3498.03 -01.53
3533.01 -01.34
3568.34 -01.18
3604.02 -01.03
3640.06 -00.88
3676.46 -00.73
3713.22 -00.59
3750.36 -00.47
3787.86 -00.38
3825.74 -00.31
3864.00 -00.27
3902.64 -00.24
3941.66 -00.24
3981.08 -00.25
4020.89 -00.28
4061.10 -00.33
4101.71 -00.42
4142.73 -00.53
4184.15 -00.67
4226.00 -00.84
4268.26 -01.01
4310.94 -01.19
4354.05 -01.35
4397.59 -01.50
4441.56 -01.67
4485.98 -01.86
4530.84 -02.07
4576.15 -02.29
4621.91 -02.51
4668.13 -02.71
4714.81 -02.88
4761.96 -03.04
4809.58 -03.19
4857.67 -03.28
4906.25 -03.29
4955.31 -03.25
5004.87 -03.17
5054.91 -03.08
5105.46 -03.03
5156.52 -03.09
5208.08 -03.23
5260.16 -03.39
5312.77 -03.55
5365.89 -03.74
5419.55 -03.99
5473.75 -04.31
5528.49 -04.69
5583.77 -05.05
5639.61 -05.32
5696.00 -05.45
5752.96 -05.45
5810.49 -05.36
5868.60 -05.17
5927.28 -04.92
5986.56 -04.62
6046.42 -04.07
6106.89 -03.44
6167.96 -02.82
6229.64 -02.21
6291.93 -01.62
6354.85 -01.04
6418.40 -00.47
6482.58 00.11
6547.41 00.66
6612.88 01.22
6679.01 01.76
6745.80 02.29
6813.26 02.83
6881.39 03.34
6950.21 03.87
7019.71 04.38
7089.91 04.88
7160.81 05.37
7232.41 05.85
7304.74 06.16
7377.79 06.44
7451.56 06.71
7526.08 06.97
7601.34 07.20
7677.35 07.42
7754.13 07.60
7831.67 07.76
7909.98 07.87
7989.08 07.95
8068.98 07.98
8149.67 07.96
8231.16 07.89
8313.47 07.77
8396.61 07.60
8480.57 07.36
8565.38 07.08
8651.03 06.74
8737.54 06.35
8824.92 05.92
8913.17 05.45
9002.30 04.95
9092.32 04.43
9183.25 03.91
9275.08 03.39
9367.83 02.88
9461.51 02.39
9556.12 01.91
9651.68 01.46
9748.20 01.02
9845.68 00.59
9944.14 00.18
10043.58 -00.23
10144.02 -00.64
10245.46 -01.04
10347.91 -01.36
10451.39 -01.71
10555.91 -02.09
10661.46 -02.48
10768.08 -02.83
10875.76 -03.12
10984.52 -03.33
11094.36 -03.47
11205.31 -03.51
11317.36 -03.41
11430.53 -03.22
11544.84 -02.94
11660.29 -02.61
11776.89 -02.27
11894.66 -01.92
12013.60 -01.60
12133.74 -01.32
12255.08 -01.09
12377.63 -00.91
12501.41 -00.78
12626.42 -00.73
12752.68 -00.75
12880.21 -00.83
13009.01 -00.88
13139.10 -00.88
13270.49 -00.84
13403.20 -00.76
13537.23 -00.65
13672.60 -00.53
13809.33 -00.39
13947.42 -00.27
14086.90 -00.14
14227.77 -00.02
14370.04 00.07
14513.74 00.08
14658.88 -00.12
14805.47 -00.41
14953.52 -00.77
15103.06 -01.21
15254.09 -01.70
15406.63 -02.23
15560.70 -02.79
15716.30 -03.35
15873.47 -03.90
16032.20 -04.43
16192.52 -04.93
16354.45 -05.40
16517.99 -05.85
16683.17 -06.31
16850.01 -06.81
17018.51 -07.36
17188.69 -07.99
17360.58 -08.65
17534.18 -09.33
17709.53 -09.96
17886.62 -10.47
18065.49 -10.76
18246.14 -10.78
18428.60 -10.58
18612.89 -10.22
18799.02 -09.80
18987.01 -09.38
19176.88 -09.01
19368.65 -08.77
19562.33 -08.66
19757.96 -08.71
19955.54 -08.91
20000.00 -08.99
