20.00 -01.24
20.20 -01.17
20.40 -01.11
20.61 -01.04
20.81 -00.99
21.02 -00.93
21.23 -00.87
21.44 -00.81
21.66 -00.76
21.87 -00.71
22.09 -00.66
22.31 -00.61
22.54 -00.55
22.76 -00.51
22.99 -00.46
23.22 -00.41
23.45 -00.36
23.69 -00.31
23.92 -00.27
24.16 -00.22
24.40 -00.17
24.65 -00.12
24.89 -00.08
25.14 -00.03
25.39 00.01
25.65 00.06
25.91 00.10
26.16 00.14
26.43 00.19
26.69 00.23
26.96 00.27
27.23 00.31
27.50 00.35
27.77 00.39
28.05 00.43
28.33 00.47
28.62 00.50
28.90 00.54
29.19 00.57
29.48 00.61
29.78 00.64
30.08 00.67
30.38 00.71
30.68 00.74
30.99 00.76
31.30 00.79
31.61 00.82
31.93 00.85
32.24 00.87
32.57 00.89
32.89 00.92
33.22 00.94
33.55 00.96
33.89 00.98
34.23 01.00
34.57 01.03
34.92 01.05
35.27 01.07
35.62 01.09
35.97 01.11
36.33 01.13
36.70 01.15
37.06 01.17
37.43 01.19
37.81 01.21
38.19 01.23
38.57 01.25
38.95 01.27
39.34 01.29
39.74 01.31
40.14 01.33
40.54 01.35
40.94 01.36
41.35 01.38
41.76 01.40
42.18 01.42
42.60 01.44
43.03 01.46
43.46 01.47
43.90 01.49
44.33 01.51
44.78 01.53
45.23 01.55
45.68 01.57
46.13 01.58
46.60 01.60
47.06 01.62
47.53 01.64
48.01 01.66
48.49 01.68
48.97 01.70
49.46 01.71
49.96 01.73
50.46 01.75
50.96 01.77
51.47 01.79
51.99 01.81
52.51 01.82
53.03 01.84
53.56 01.86
54.10 01.88
54.64 01.90
55.18 01.92
55.74 01.94
56.29 01.96
56.86 01.98
57.42 01.99
58.00 02.01
58.58 02.03
59.16 02.05
59.76 02.07
60.35 02.09
60.96 02.11
61.57 02.12
62.18 02.14
62.80 02.16
63.43 02.17
64.07 02.19
64.71 02.20
65.35 02.21
66.01 02.22
66.67 02.23
67.33 02.24
68.01 02.25
68.69 02.26
69.37 02.27
70.07 02.27
70.77 02.28
71.48 02.29
72.19 02.29
72.91 02.30
73.64 02.30
74.38 02.30
75.12 02.31
75.87 02.31
76.63 02.32
77.40 02.32
78.17 02.32
78.95 02.32
79.74 02.32
80.54 02.33
81.35 02.33
82.16 02.33
82.98 02.33
83.81 02.33
84.65 02.33
85.50 02.33
86.35 02.32
87.22 02.32
88.09 02.32
88.97 02.32
89.86 02.31
90.76 02.31
91.66 02.30
92.58 02.30
93.51 02.29
94.44 02.28
95.39 02.28
96.34 02.27
97.30 02.26
98.28 02.26
99.26 02.25
100.25 02.24
101.25 02.23
102.27 02.22
103.29 02.21
104.32 02.21
105.37 02.20
106.42 02.19
107.48 02.18
108.56 02.17
109.64 02.16
110.74 02.16
111.85 02.15
112.97 02.14
114.10 02.14
115.24 02.13
116.39 02.12
117.55 02.12
118.73 02.11
119.92 02.10
121.12 02.09
122.33 02.09
123.55 02.08
124.79 02.07
126.03 02.07
127.29 02.06
128.57 02.05
129.85 02.04
131.15 02.03
132.46 02.03
133.79 02.02
135.12 02.01
136.48 02.00
137.84 01.99
139.22 01.98
140.61 01.98
142.02 01.97
143.44 01.96
144.87 01.95
146.32 01.95
147.78 01.94
149.26 01.94
150.75 01.94
152.26 01.94
153.78 01.94
155.32 01.94
156.88 01.95
158.44 01.95
160.03 01.96
161.63 01.97
163.24 01.99
164.88 02.02
166.53 02.03
168.19 02.04
169.87 02.06
171.57 02.08
173.29 02.09
175.02 02.09
176.77 02.11
178.54 02.11
180.32 02.12
182.13 02.13
183.95 02.13
185.79 02.13
187.65 02.13
189.52 02.12
191.42 02.12
193.33 02.11
195.27 02.09
197.22 02.07
199.19 02.04
201.18 02.00
203.19 01.96
205.23 01.91
207.28 01.86
209.35 01.79
211.44 01.73
213.56 01.66
215.69 01.60
217.85 01.54
220.03 01.47
222.23 01.43
224.45 01.39
226.70 01.35
228.96 01.31
231.25 01.30
233.57 01.28
235.90 01.27
238.26 01.26
240.64 01.28
243.05 01.29
245.48 01.30
247.93 01.32
250.41 01.33
252.92 01.34
255.45 01.36
258.00 01.37
260.58 01.38
263.19 01.39
265.82 01.40
268.48 01.41
271.16 01.40
273.87 01.40
276.61 01.41
279.38 01.40
282.17 01.41
284.99 01.41
287.84 01.42
290.72 01.42
293.63 01.42
296.57 01.43
299.53 01.43
302.53 01.44
305.55 01.44
308.61 01.45
311.69 01.46
314.81 01.47
317.96 01.49
321.14 01.50
324.35 01.53
327.59 01.56
330.87 01.59
334.18 01.61
337.52 01.65
340.90 01.68
344.30 01.71
347.75 01.73
351.23 01.76
354.74 01.79
358.28 01.80
361.87 01.83
365.49 01.84
369.14 01.85
372.83 01.86
376.56 01.86
380.33 01.87
384.13 01.87
387.97 01.88
391.85 01.88
395.77 01.89
399.73 01.90
403.72 01.90
407.76 01.90
411.84 01.91
415.96 01.90
420.12 01.90
424.32 01.88
428.56 01.87
432.85 01.86
437.18 01.83
441.55 01.80
445.96 01.76
450.42 01.72
454.93 01.68
459.48 01.62
464.07 01.56
468.71 01.50
473.40 01.44
478.13 01.37
482.91 01.31
487.74 01.24
492.62 01.19
497.55 01.14
502.52 01.09
507.55 01.06
512.62 01.03
517.75 01.00
522.93 00.99
528.16 00.98
533.44 00.97
538.77 00.95
544.16 00.92
549.60 00.90
555.10 00.86
560.65 00.82
566.25 00.77
571.92 00.72
577.64 00.65
583.41 00.60
589.25 00.53
595.14 00.48
601.09 00.43
607.10 00.37
613.17 00.32
619.30 00.27
625.50 00.23
631.75 00.20
638.07 00.16
644.45 00.13
650.89 00.09
657.40 00.06
663.98 00.05
670.62 00.03
677.32 00.02
684.10 00.04
690.94 00.05
697.85 00.08
704.83 00.12
711.87 00.15
718.99 00.21
726.18 00.26
733.44 00.32
740.78 00.38
748.19 00.45
755.67 00.51
763.23 00.57
770.86 00.64
778.57 00.69
786.35 00.74
794.22 00.78
802.16 00.82
810.18 00.84
818.28 00.85
826.46 00.85
834.73 00.84
843.08 00.81
851.51 00.76
860.02 00.71
868.62 00.64
877.31 00.58
886.08 00.50
894.94 00.42
903.89 00.33
912.93 00.26
922.06 00.18
931.28 00.10
940.59 00.02
950.00 -00.05
959.50 -00.11
969.09 -00.18
978.78 -00.23
988.57 -00.28
998.46 -00.35
1008.44 -00.40
1018.53 -00.45
1028.71 -00.52
1039.00 -00.57
1049.39 -00.61
1059.88 -00.66
1070.48 -00.69
1081.19 -00.72
1092.00 -00.76
1102.92 -00.77
1113.95 -00.78
1125.09 -00.79
1136.34 -00.78
1147.70 -00.75
1159.18 -00.71
1170.77 -00.66
1182.48 -00.62
1194.30 -00.57
1206.25 -00.52
1218.31 -00.47
1230.49 -00.41
1242.80 -00.34
1255.22 -00.28
1267.78 -00.22
1280.45 -00.19
1293.26 -00.16
1306.19 -00.17
1319.25 -00.20
1332.45 -00.27
1345.77 -00.36
1359.23 -00.49
1372.82 -00.66
1386.55 -00.88
1400.41 -01.14
1414.42 -01.42
1428.56 -01.73
1442.85 -02.03
1457.28 -02.33
1471.85 -02.62
1486.57 -02.89
1501.43 -03.12
1516.45 -03.32
1531.61 -03.45
1546.93 -03.54
1562.40 -03.58
1578.02 -03.59
1593.80 -03.56
1609.74 -03.50
1625.84 -03.42
1642.10 -03.33
1658.52 -03.21
1675.10 -03.10
1691.85 -02.99
1708.77 -02.87
1725.86 -02.77
1743.12 -02.66
1760.55 -02.58
1778.15 -02.52
1795.94 -02.45
1813.90 -02.41
1832.03 -02.38
1850.36 -02.36
1868.86 -02.35
1887.55 -02.34
1906.42 -02.33
1925.49 -02.33
1944.74 -02.33
1964.19 -02.33
1983.83 -02.32
2003.67 -02.30
2023.71 -02.28
2043.94 -02.26
2064.38 -02.23
2085.03 -02.21
2105.88 -02.17
2126.94 -02.15
2148.20 -02.13
2169.69 -02.11
2191.38 -02.11
2213.30 -02.10
2235.43 -02.10
2257.78 -02.12
2280.36 -02.15
2303.17 -02.18
2326.20 -02.21
2349.46 -02.26
2372.95 -02.32
2396.68 -02.38
2420.65 -02.46
2444.86 -02.53
2469.31 -02.61
2494.00 -02.69
2518.94 -02.77
2544.13 -02.85
2569.57 -02.94
2595.27 -03.04
2621.22 -03.14
2647.43 -03.25
2673.90 -03.35
2700.64 -03.45
2727.65 -03.56
2754.93 -03.67
2782.48 -03.78
2810.30 -03.88
2838.40 -04.00
2866.79 -04.11
2895.46 -04.20
2924.41 -04.30
2953.65 -04.39
2983.19 -04.47
3013.02 -04.54
3043.15 -04.60
3073.58 -04.65
3104.32 -04.69
3135.36 -04.74
3166.72 -04.77
3198.38 -04.81
3230.37 -04.84
3262.67 -04.88
3295.30 -04.92
3328.25 -04.97
3361.53 -05.02
3395.15 -05.08
3429.10 -05.14
3463.39 -05.19
3498.03 -05.24
3533.01 -05.28
3568.34 -05.32
3604.02 -05.35
3640.06 -05.37
3676.46 -05.39
3713.22 -05.39
3750.36 -05.37
3787.86 -05.32
3825.74 -05.25
3864.00 -05.15
3902.64 -05.04
3941.66 -04.92
3981.08 -04.79
4020.89 -04.67
4061.10 -04.55
4101.71 -04.45
4142.73 -04.37
4184.15 -04.31
4226.00 -04.26
4268.26 -04.24
4310.94 -04.24
4354.05 -04.25
4397.59 -04.27
4441.56 -04.29
4485.98 -04.30
4530.84 -04.31
4576.15 -04.29
4621.91 -04.25
4668.13 -04.18
4714.81 -04.06
4761.96 -03.90
4809.58 -03.68
4857.67 -03.40
4906.25 -03.06
4955.31 -02.65
5004.87 -02.19
5054.91 -01.69
5105.46 -01.17
5156.52 -00.72
5208.08 -00.33
5260.16 00.04
5312.77 00.37
5365.89 00.66
5419.55 00.90
5473.75 01.10
5528.49 01.24
5583.77 01.34
5639.61 01.40
5696.00 01.42
5752.96 01.40
5810.49 01.36
5868.60 01.27
5927.28 01.16
5986.56 01.00
6046.42 01.02
6106.89 01.08
6167.96 01.11
6229.64 01.10
6291.93 01.07
6354.85 01.00
6418.40 00.91
6482.58 00.81
6547.41 00.70
6612.88 00.61
6679.01 00.54
6745.80 00.51
6813.26 00.54
6881.39 00.62
6950.21 00.77
7019.71 00.98
7089.91 01.25
7160.81 01.55
7232.41 01.88
7304.74 02.06
7377.79 02.22
7451.56 02.35
7526.08 02.47
7601.34 02.57
7677.35 02.64
7754.13 02.68
7831.67 02.69
7909.98 02.67
7989.08 02.62
8068.98 02.53
8149.67 02.43
8231.16 02.30
8313.47 02.16
8396.61 02.02
8480.57 01.87
8565.38 01.70
8651.03 01.53
8737.54 01.34
8824.92 01.13
8913.17 00.91
9002.30 00.67
9092.32 00.41
9183.25 00.14
9275.08 -00.16
9367.83 -00.49
9461.51 -00.83
9556.12 -01.19
9651.68 -01.56
9748.20 -01.96
9845.68 -02.37
9944.14 -02.79
10043.58 -03.23
10144.02 -03.69
10245.46 -04.16
10347.91 -04.55
10451.39 -04.95
10555.91 -05.37
10661.46 -05.83
10768.08 -06.33
10875.76 -06.88
10984.52 -07.47
11094.36 -08.13
11205.31 -08.87
11317.36 -09.68
11430.53 -10.53
11544.84 -11.40
11660.29 -12.16
11776.89 -12.70
11894.66 -12.85
12013.60 -12.59
12133.74 -11.97
12255.08 -11.18
12377.63 -10.34
12501.41 -09.55
12626.42 -08.84
12752.68 -08.20
12880.21 -07.65
13009.01 -07.17
13139.10 -06.75
13270.49 -06.36
13403.20 -05.98
13537.23 -05.59
13672.60 -05.17
13809.33 -04.70
13947.42 -04.19
14086.90 -03.66
14227.77 -03.13
14370.04 -02.64
14513.74 -02.25
14658.88 -02.06
14805.47 -01.94
14953.52 -01.87
15103.06 -01.86
15254.09 -01.89
15406.63 -02.03
15560.70 -02.26
15716.30 -02.59
15873.47 -03.01
16032.20 -03.50
16192.52 -04.03
16354.45 -04.56
16517.99 -05.08
16683.17 -05.59
16850.01 -06.09
17018.51 -06.56
17188.69 -07.00
17360.58 -07.35
17534.18 -07.59
17709.53 -07.73
17886.62 -07.80
18065.49 -07.88
18246.14 -08.01
18428.60 -08.23
18612.89 -08.54
18799.02 -08.95
18987.01 -09.45
19176.88 -10.00
19368.65 -10.60
19562.33 -11.22
19757.96 -11.87
19955.54 -12.57
20000.00 -12.73
