20.00 -03.71
20.20 -03.63
20.40 -03.55
20.61 -03.47
20.81 -03.39
21.02 -03.31
21.23 -03.24
21.44 -03.17
21.66 -03.09
21.87 -03.03
22.09 -02.96
22.31 -02.89
22.54 -02.82
22.76 -02.75
22.99 -02.68
23.22 -02.61
23.45 -02.54
23.69 -02.47
23.92 -02.41
24.16 -02.34
24.40 -02.27
24.65 -02.20
24.89 -02.14
25.14 -02.07
25.39 -02.01
25.65 -01.94
25.91 -01.87
26.16 -01.81
26.43 -01.75
26.69 -01.68
26.96 -01.62
27.23 -01.55
27.50 -01.49
27.77 -01.43
28.05 -01.37
28.33 -01.31
28.62 -01.25
28.90 -01.19
29.19 -01.13
29.48 -01.07
29.78 -01.02
30.08 -00.96
30.38 -00.90
30.68 -00.85
30.99 -00.80
31.30 -00.74
31.61 -00.69
31.93 -00.63
32.24 -00.58
32.57 -00.53
32.89 -00.47
33.22 -00.42
33.55 -00.37
33.89 -00.31
34.23 -00.26
34.57 -00.21
34.92 -00.15
35.27 -00.10
35.62 -00.05
35.97 00.00
36.33 00.05
36.70 00.10
37.06 00.15
37.43 00.19
37.81 00.24
38.19 00.29
38.57 00.33
38.95 00.38
39.34 00.42
39.74 00.46
40.14 00.50
40.54 00.54
40.94 00.58
41.35 00.62
41.76 00.65
42.18 00.69
42.60 00.72
43.03 00.76
43.46 00.79
43.90 00.82
44.33 00.85
44.78 00.88
45.23 00.91
45.68 00.94
46.13 00.96
46.60 00.99
47.06 01.01
47.53 01.03
48.01 01.04
48.49 01.06
48.97 01.07
49.46 01.08
49.96 01.09
50.46 01.10
50.96 01.10
51.47 01.11
51.99 01.11
52.51 01.10
53.03 01.09
53.56 01.08
54.10 01.06
54.64 01.04
55.18 01.01
55.74 00.98
56.29 00.94
56.86 00.90
57.42 00.85
58.00 00.80
58.58 00.74
59.16 00.68
59.76 00.62
60.35 00.56
60.96 00.51
61.57 00.46
62.18 00.42
62.80 00.39
63.43 00.38
64.07 00.37
64.71 00.39
65.35 00.41
66.01 00.45
66.67 00.51
67.33 00.57
68.01 00.65
68.69 00.73
69.37 00.82
70.07 00.91
70.77 01.00
71.48 01.08
72.19 01.17
72.91 01.25
73.64 01.32
74.38 01.40
75.12 01.46
75.87 01.52
76.63 01.58
77.40 01.63
78.17 01.67
78.95 01.71
79.74 01.75
80.54 01.79
81.35 01.82
82.16 01.85
82.98 01.88
83.81 01.90
84.65 01.93
85.50 01.95
86.35 01.96
87.22 01.98
88.09 01.99
88.97 02.00
89.86 02.01
90.76 02.02
91.66 02.03
92.58 02.04
93.51 02.05
94.44 02.06
95.39 02.07
96.34 02.08
97.30 02.09
98.28 02.11
99.26 02.12
100.25 02.13
101.25 02.15
102.27 02.16
103.29 02.18
104.32 02.19
105.37 02.20
106.42 02.22
107.48 02.23
108.56 02.24
109.64 02.25
110.74 02.26
111.85 02.27
112.97 02.28
114.10 02.29
115.24 02.30
116.39 02.31
117.55 02.32
118.73 02.34
119.92 02.35
121.12 02.37
122.33 02.39
123.55 02.41
124.79 02.42
126.03 02.44
127.29 02.45
128.57 02.46
129.85 02.47
131.15 02.47
132.46 02.47
133.79 02.47
135.12 02.45
136.48 02.44
137.84 02.42
139.22 02.40
140.61 02.37
142.02 02.34
143.44 02.31
144.87 02.28
146.32 02.25
147.78 02.23
149.26 02.20
150.75 02.17
152.26 02.15
153.78 02.13
155.32 02.11
156.88 02.10
158.44 02.08
160.03 02.07
161.63 02.06
163.24 02.06
164.88 02.06
166.53 02.05
168.19 02.04
169.87 02.03
171.57 02.02
173.29 02.00
175.02 01.98
176.77 01.96
178.54 01.93
180.32 01.89
182.13 01.86
183.95 01.82
185.79 01.78
187.65 01.76
189.52 01.72
191.42 01.71
193.33 01.68
195.27 01.67
197.22 01.65
199.19 01.64
201.18 01.62
203.19 01.61
205.23 01.59
207.28 01.58
209.35 01.56
211.44 01.55
213.56 01.53
215.69 01.52
217.85 01.51
220.03 01.51
222.23 01.52
224.45 01.53
226.70 01.55
228.96 01.56
231.25 01.59
233.57 01.60
235.90 01.62
238.26 01.64
240.64 01.66
243.05 01.67
245.48 01.67
247.93 01.69
250.41 01.69
252.92 01.69
255.45 01.70
258.00 01.71
260.58 01.72
263.19 01.74
265.82 01.75
268.48 01.78
271.16 01.79
273.87 01.80
276.61 01.82
279.38 01.83
282.17 01.84
284.99 01.84
287.84 01.85
290.72 01.84
293.63 01.84
296.57 01.83
299.53 01.80
302.53 01.78
305.55 01.75
308.61 01.72
311.69 01.69
314.81 01.65
317.96 01.62
321.14 01.58
324.35 01.55
327.59 01.52
330.87 01.50
334.18 01.48
337.52 01.48
340.90 01.47
344.30 01.47
347.75 01.47
351.23 01.49
354.74 01.49
358.28 01.50
361.87 01.51
365.49 01.52
369.14 01.53
372.83 01.52
376.56 01.52
380.33 01.52
384.13 01.50
387.97 01.50
391.85 01.49
395.77 01.49
399.73 01.48
403.72 01.48
407.76 01.48
411.84 01.48
415.96 01.47
420.12 01.48
424.32 01.48
428.56 01.49
432.85 01.49
437.18 01.49
441.55 01.50
445.96 01.51
450.42 01.50
454.93 01.49
459.48 01.48
464.07 01.46
468.71 01.44
473.40 01.43
478.13 01.41
482.91 01.38
487.74 01.35
492.62 01.33
497.55 01.30
502.52 01.28
507.55 01.27
512.62 01.24
517.75 01.22
522.93 01.21
528.16 01.20
533.44 01.19
538.77 01.18
544.16 01.16
549.60 01.16
555.10 01.15
560.65 01.14
566.25 01.12
571.92 01.11
577.64 01.09
583.41 01.08
589.25 01.05
595.14 01.04
601.09 01.01
607.10 00.98
613.17 00.96
619.30 00.93
625.50 00.91
631.75 00.89
638.07 00.86
644.45 00.84
650.89 00.79
657.40 00.75
663.98 00.72
670.62 00.68
677.32 00.64
684.10 00.61
690.94 00.57
697.85 00.55
704.83 00.51
711.87 00.47
718.99 00.45
726.18 00.42
733.44 00.40
740.78 00.37
748.19 00.35
755.67 00.33
763.23 00.30
770.86 00.28
778.57 00.26
786.35 00.24
794.22 00.21
802.16 00.19
810.18 00.17
818.28 00.15
826.46 00.13
834.73 00.12
843.08 00.11
851.51 00.10
860.02 00.09
868.62 00.07
877.31 00.07
886.08 00.06
894.94 00.04
903.89 00.01
912.93 00.01
922.06 -00.01
931.28 -00.02
940.59 -00.04
950.00 -00.06
959.50 -00.08
969.09 -00.12
978.78 -00.14
988.57 -00.17
998.46 -00.21
1008.44 -00.23
1018.53 -00.26
1028.71 -00.29
1039.00 -00.31
1049.39 -00.33
1059.88 -00.37
1070.48 -00.38
1081.19 -00.40
1092.00 -00.44
1102.92 -00.47
1113.95 -00.50
1125.09 -00.54
1136.34 -00.59
1147.70 -00.63
1159.18 -00.67
1170.77 -00.70
1182.48 -00.76
1194.30 -00.80
1206.25 -00.85
1218.31 -00.90
1230.49 -00.95
1242.80 -01.00
1255.22 -01.06
1267.78 -01.11
1280.45 -01.17
1293.26 -01.22
1306.19 -01.27
1319.25 -01.31
1332.45 -01.36
1345.77 -01.40
1359.23 -01.44
1372.82 -01.48
1386.55 -01.52
1400.41 -01.56
1414.42 -01.60
1428.56 -01.64
1442.85 -01.68
1457.28 -01.72
1471.85 -01.76
1486.57 -01.80
1501.43 -01.85
1516.45 -01.89
1531.61 -01.91
1546.93 -01.93
1562.40 -01.94
1578.02 -01.94
1593.80 -01.92
1609.74 -01.89
1625.84 -01.86
1642.10 -01.83
1658.52 -01.77
1675.10 -01.72
1691.85 -01.65
1708.77 -01.56
1725.86 -01.48
1743.12 -01.39
1760.55 -01.33
1778.15 -01.27
1795.94 -01.21
1813.90 -01.15
1832.03 -01.09
1850.36 -01.02
1868.86 -00.94
1887.55 -00.87
1906.42 -00.80
1925.49 -00.73
1944.74 -00.66
1964.19 -00.56
1983.83 -00.46
2003.67 -00.36
2023.71 -00.27
2043.94 -00.18
2064.38 -00.09
2085.03 00.00
2105.88 00.10
2126.94 00.21
2148.20 00.31
2169.69 00.41
2191.38 00.49
2213.30 00.56
2235.43 00.64
2257.78 00.71
2280.36 00.78
2303.17 00.82
2326.20 00.87
2349.46 00.88
2372.95 00.88
2396.68 00.88
2420.65 00.86
2444.86 00.83
2469.31 00.81
2494.00 00.78
2518.94 00.76
2544.13 00.73
2569.57 00.71
2595.27 00.71
2621.22 00.70
2647.43 00.72
2673.90 00.74
2700.64 00.78
2727.65 00.84
2754.93 00.92
2782.48 01.00
2810.30 01.10
2838.40 01.18
2866.79 01.28
2895.46 01.38
2924.41 01.47
2953.65 01.56
2983.19 01.64
3013.02 01.73
3043.15 01.82
3073.58 01.90
3104.32 01.98
3135.36 02.04
3166.72 02.11
3198.38 02.16
3230.37 02.20
3262.67 02.22
3295.30 02.23
3328.25 02.21
3361.53 02.17
3395.15 02.10
3429.10 02.01
3463.39 01.89
3498.03 01.75
3533.01 01.60
3568.34 01.44
3604.02 01.27
3640.06 01.08
3676.46 00.88
3713.22 00.68
3750.36 00.48
3787.86 00.30
3825.74 00.14
3864.00 00.03
3902.64 -00.02
3941.66 00.02
3981.08 00.16
4020.89 00.42
4061.10 00.80
4101.71 01.26
4142.73 01.77
4184.15 02.29
4226.00 02.80
4268.26 03.29
4310.94 03.74
4354.05 04.14
4397.59 04.50
4441.56 04.80
4485.98 05.04
4530.84 05.22
4576.15 05.35
4621.91 05.43
4668.13 05.48
4714.81 05.49
4761.96 05.47
4809.58 05.43
4857.67 05.38
4906.25 05.30
4955.31 05.21
5004.87 05.12
5054.91 05.02
5105.46 04.92
5156.52 04.74
5208.08 04.52
5260.16 04.31
5312.77 04.09
5365.89 03.87
5419.55 03.65
5473.75 03.43
5528.49 03.18
5583.77 02.94
5639.61 02.67
5696.00 02.38
5752.96 02.07
5810.49 01.74
5868.60 01.39
5927.28 01.03
5986.56 00.65
6046.42 00.48
6106.89 00.38
6167.96 00.30
6229.64 00.24
6291.93 00.21
6354.85 00.23
6418.40 00.30
6482.58 00.46
6547.41 00.67
6612.88 00.97
6679.01 01.35
6745.80 01.78
6813.26 02.28
6881.39 02.80
6950.21 03.34
7019.71 03.90
7089.91 04.44
7160.81 04.95
7232.41 05.43
7304.74 05.71
7377.79 05.91
7451.56 06.06
7526.08 06.15
7601.34 06.19
7677.35 06.17
7754.13 06.09
7831.67 05.96
7909.98 05.78
7989.08 05.55
8068.98 05.27
8149.67 04.96
8231.16 04.62
8313.47 04.25
8396.61 03.86
8480.57 03.45
8565.38 03.03
8651.03 02.61
8737.54 02.19
8824.92 01.77
8913.17 01.35
9002.30 00.95
9092.32 00.56
9183.25 00.18
9275.08 -00.20
9367.83 -00.56
9461.51 -00.92
9556.12 -01.29
9651.68 -01.66
9748.20 -02.04
9845.68 -02.43
9944.14 -02.84
10043.58 -03.27
10144.02 -03.69
10245.46 -04.09
10347.91 -04.34
10451.39 -04.51
10555.91 -04.57
10661.46 -04.55
10768.08 -04.44
10875.76 -04.28
10984.52 -04.08
11094.36 -03.85
11205.31 -03.64
11317.36 -03.44
11430.53 -03.29
11544.84 -03.20
11660.29 -03.17
11776.89 -03.23
11894.66 -03.35
12013.60 -03.54
12133.74 -03.75
12255.08 -03.97
12377.63 -04.17
12501.41 -04.33
12626.42 -04.43
12752.68 -04.45
12880.21 -04.38
13009.01 -04.23
13139.10 -04.02
13270.49 -03.77
13403.20 -03.52
13537.23 -03.28
13672.60 -03.08
13809.33 -02.93
13947.42 -02.84
14086.90 -02.79
14227.77 -02.81
14370.04 -02.89
14513.74 -03.06
14658.88 -03.42
14805.47 -03.84
14953.52 -04.27
15103.06 -04.71
15254.09 -05.13
15406.63 -05.54
15560.70 -05.91
15716.30 -06.25
15873.47 -06.54
16032.20 -06.80
16192.52 -07.03
16354.45 -07.24
16517.99 -07.43
16683.17 -07.60
16850.01 -07.72
17018.51 -07.78
17188.69 -07.77
17360.58 -07.65
17534.18 -07.41
17709.53 -07.11
17886.62 -06.76
18065.49 -06.44
18246.14 -06.16
18428.60 -05.95
18612.89 -05.82
18799.02 -05.77
18987.01 -05.82
19176.88 -05.95
19368.65 -06.19
19562.33 -06.57
19757.96 -07.08
19955.54 -07.73
20000.00 -07.90
