20.00 -04.64
20.20 -04.54
20.40 -04.44
20.61 -04.35
20.81 -04.26
21.02 -04.16
21.23 -04.07
21.44 -03.98
21.66 -03.90
21.87 -03.81
22.09 -03.73
22.31 -03.64
22.54 -03.56
22.76 -03.47
22.99 -03.39
23.22 -03.31
23.45 -03.23
23.69 -03.14
23.92 -03.06
24.16 -02.98
24.40 -02.90
24.65 -02.82
24.89 -02.74
25.14 -02.66
25.39 -02.58
25.65 -02.50
25.91 -02.42
26.16 -02.34
26.43 -02.26
26.69 -02.19
26.96 -02.11
27.23 -02.04
27.50 -01.96
27.77 -01.89
28.05 -01.82
28.33 -01.75
28.62 -01.67
28.90 -01.61
29.19 -01.54
29.48 -01.47
29.78 -01.40
30.08 -01.33
30.38 -01.27
30.68 -01.21
30.99 -01.14
31.30 -01.08
31.61 -01.02
31.93 -00.96
32.24 -00.91
32.57 -00.85
32.89 -00.79
33.22 -00.73
33.55 -00.67
33.89 -00.62
34.23 -00.56
34.57 -00.50
34.92 -00.45
35.27 -00.39
35.62 -00.34
35.97 -00.28
36.33 -00.23
36.70 -00.17
37.06 -00.12
37.43 -00.07
37.81 -00.02
38.19 00.03
38.57 00.08
38.95 00.13
39.34 00.18
39.74 00.23
40.14 00.28
40.54 00.32
40.94 00.37
41.35 00.42
41.76 00.46
42.18 00.50
42.60 00.55
43.03 00.59
43.46 00.63
43.90 00.68
44.33 00.72
44.78 00.76
45.23 00.80
45.68 00.84
46.13 00.88
46.60 00.92
47.06 00.96
47.53 01.00
48.01 01.04
48.49 01.07
48.97 01.11
49.46 01.14
49.96 01.18
50.46 01.21
50.96 01.24
51.47 01.27
51.99 01.30
52.51 01.33
53.03 01.36
53.56 01.38
54.10 01.41
54.64 01.43
55.18 01.45
55.74 01.46
56.29 01.48
56.86 01.50
57.42 01.51
58.00 01.52
58.58 01.53
59.16 01.55
59.76 01.56
60.35 01.57
60.96 01.58
61.57 01.60
62.18 01.62
62.80 01.64
63.43 01.66
64.07 01.68
64.71 01.71
65.35 01.74
66.01 01.77
66.67 01.80
67.33 01.83
68.01 01.87
68.69 01.91
69.37 01.95
70.07 01.99
70.77 02.03
71.48 02.06
72.19 02.10
72.91 02.14
73.64 02.18
74.38 02.22
75.12 02.26
75.87 02.29
76.63 02.33
77.40 02.37
78.17 02.40
78.95 02.44
79.74 02.47
80.54 02.50
81.35 02.54
82.16 02.57
82.98 02.60
83.81 02.63
84.65 02.66
85.50 02.69
86.35 02.71
87.22 02.74
88.09 02.76
88.97 02.79
89.86 02.81
90.76 02.83
91.66 02.85
92.58 02.87
93.51 02.88
94.44 02.89
95.39 02.91
96.34 02.92
97.30 02.93
98.28 02.93
99.26 02.94
100.25 02.94
101.25 02.95
102.27 02.95
103.29 02.96
104.32 02.96
105.37 02.96
106.42 02.97
107.48 02.97
108.56 02.98
109.64 02.99
110.74 03.00
111.85 03.00
112.97 03.01
114.10 03.02
115.24 03.03
116.39 03.04
117.55 03.05
118.73 03.06
119.92 03.06
121.12 03.07
122.33 03.07
123.55 03.08
124.79 03.08
126.03 03.09
127.29 03.09
128.57 03.09
129.85 03.09
131.15 03.09
132.46 03.09
133.79 03.08
135.12 03.08
136.48 03.08
137.84 03.08
139.22 03.07
140.61 03.07
142.02 03.07
143.44 03.07
144.87 03.07
146.32 03.07
147.78 03.06
149.26 03.06
150.75 03.06
152.26 03.05
153.78 03.05
155.32 03.04
156.88 03.03
158.44 03.02
160.03 03.01
161.63 03.01
163.24 03.01
164.88 03.01
166.53 03.01
168.19 03.00
169.87 03.00
171.57 03.00
173.29 02.99
175.02 02.98
176.77 02.99
178.54 02.98
180.32 02.97
182.13 02.97
183.95 02.96
185.79 02.95
187.65 02.95
189.52 02.94
191.42 02.94
193.33 02.93
195.27 02.93
197.22 02.92
199.19 02.92
201.18 02.91
203.19 02.91
205.23 02.90
207.28 02.90
209.35 02.89
211.44 02.89
213.56 02.88
215.69 02.88
217.85 02.88
220.03 02.86
222.23 02.86
224.45 02.85
226.70 02.82
228.96 02.80
231.25 02.79
233.57 02.77
235.90 02.75
238.26 02.72
240.64 02.72
243.05 02.70
245.48 02.68
247.93 02.68
250.41 02.67
252.92 02.65
255.45 02.65
258.00 02.64
260.58 02.62
263.19 02.61
265.82 02.59
268.48 02.58
271.16 02.55
273.87 02.52
276.61 02.50
279.38 02.47
282.17 02.45
284.99 02.42
287.84 02.40
290.72 02.37
293.63 02.36
296.57 02.35
299.53 02.33
302.53 02.33
305.55 02.31
308.61 02.31
311.69 02.31
314.81 02.31
317.96 02.31
321.14 02.31
324.35 02.32
327.59 02.31
330.87 02.31
334.18 02.30
337.52 02.30
340.90 02.29
344.30 02.28
347.75 02.27
351.23 02.26
354.74 02.25
358.28 02.23
361.87 02.22
365.49 02.19
369.14 02.18
372.83 02.16
376.56 02.13
380.33 02.12
384.13 02.09
387.97 02.06
391.85 02.03
395.77 01.99
399.73 01.95
403.72 01.91
407.76 01.86
411.84 01.81
415.96 01.74
420.12 01.69
424.32 01.62
428.56 01.56
432.85 01.50
437.18 01.43
441.55 01.38
445.96 01.33
450.42 01.28
454.93 01.25
459.48 01.21
464.07 01.18
468.71 01.17
473.40 01.17
478.13 01.17
482.91 01.18
487.74 01.19
492.62 01.22
497.55 01.23
502.52 01.25
507.55 01.27
512.62 01.29
517.75 01.30
522.93 01.32
528.16 01.33
533.44 01.34
538.77 01.35
544.16 01.35
549.60 01.36
555.10 01.35
560.65 01.36
566.25 01.36
571.92 01.37
577.64 01.37
583.41 01.38
589.25 01.38
595.14 01.39
601.09 01.39
607.10 01.39
613.17 01.40
619.30 01.40
625.50 01.41
631.75 01.42
638.07 01.42
644.45 01.41
650.89 01.39
657.40 01.36
663.98 01.35
670.62 01.32
677.32 01.29
684.10 01.28
690.94 01.25
697.85 01.23
704.83 01.20
711.87 01.17
718.99 01.15
726.18 01.12
733.44 01.09
740.78 01.05
748.19 01.03
755.67 00.99
763.23 00.95
770.86 00.91
778.57 00.87
786.35 00.83
794.22 00.79
802.16 00.76
810.18 00.72
818.28 00.68
826.46 00.65
834.73 00.62
843.08 00.59
851.51 00.55
860.02 00.52
868.62 00.48
877.31 00.46
886.08 00.42
894.94 00.39
903.89 00.35
912.93 00.33
922.06 00.31
931.28 00.29
940.59 00.25
950.00 00.22
959.50 00.18
969.09 00.12
978.78 00.08
988.57 00.03
998.46 -00.03
1008.44 -00.09
1018.53 -00.16
1028.71 -00.24
1039.00 -00.32
1049.39 -00.40
1059.88 -00.49
1070.48 -00.57
1081.19 -00.65
1092.00 -00.74
1102.92 -00.81
1113.95 -00.89
1125.09 -00.97
1136.34 -01.05
1147.70 -01.12
1159.18 -01.18
1170.77 -01.24
1182.48 -01.31
1194.30 -01.36
1206.25 -01.43
1218.31 -01.50
1230.49 -01.58
1242.80 -01.66
1255.22 -01.76
1267.78 -01.86
1280.45 -01.97
1293.26 -02.07
1306.19 -02.17
1319.25 -02.28
1332.45 -02.41
1345.77 -02.52
1359.23 -02.64
1372.82 -02.75
1386.55 -02.85
1400.41 -02.94
1414.42 -03.04
1428.56 -03.14
1442.85 -03.23
1457.28 -03.32
1471.85 -03.40
1486.57 -03.49
1501.43 -03.58
1516.45 -03.65
1531.61 -03.72
1546.93 -03.80
1562.40 -03.87
1578.02 -03.95
1593.80 -04.02
1609.74 -04.07
1625.84 -04.13
1642.10 -04.19
1658.52 -04.24
1675.10 -04.29
1691.85 -04.34
1708.77 -04.39
1725.86 -04.47
1743.12 -04.56
1760.55 -04.67
1778.15 -04.79
1795.94 -04.91
1813.90 -05.05
1832.03 -05.19
1850.36 -05.34
1868.86 -05.48
1887.55 -05.62
1906.42 -05.75
1925.49 -05.86
1944.74 -05.97
1964.19 -06.05
1983.83 -06.12
2003.67 -06.19
2023.71 -06.26
2043.94 -06.32
2064.38 -06.38
2085.03 -06.45
2105.88 -06.51
2126.94 -06.60
2148.20 -06.69
2169.69 -06.77
2191.38 -06.86
2213.30 -06.95
2235.43 -07.03
2257.78 -07.12
2280.36 -07.20
2303.17 -07.29
2326.20 -07.36
2349.46 -07.44
2372.95 -07.52
2396.68 -07.58
2420.65 -07.65
2444.86 -07.73
2469.31 -07.80
2494.00 -07.88
2518.94 -07.96
2544.13 -08.06
2569.57 -08.17
2595.27 -08.29
2621.22 -08.43
2647.43 -08.57
2673.90 -08.71
2700.64 -08.83
2727.65 -08.95
2754.93 -09.05
2782.48 -09.15
2810.30 -09.22
2838.40 -09.27
2866.79 -09.31
2895.46 -09.31
2924.41 -09.28
2953.65 -09.22
2983.19 -09.15
3013.02 -09.05
3043.15 -08.92
3073.58 -08.77
3104.32 -08.59
3135.36 -08.39
3166.72 -08.15
3198.38 -07.90
3230.37 -07.62
3262.67 -07.36
3295.30 -07.09
3328.25 -06.86
3361.53 -06.65
3395.15 -06.49
3429.10 -06.34
3463.39 -06.22
3498.03 -06.14
3533.01 -06.08
3568.34 -06.03
3604.02 -06.04
3640.06 -06.08
3676.46 -06.16
3713.22 -06.27
3750.36 -06.40
3787.86 -06.52
3825.74 -06.62
3864.00 -06.69
3902.64 -06.72
3941.66 -06.70
3981.08 -06.63
4020.89 -06.49
4061.10 -06.29
4101.71 -06.01
4142.73 -05.68
4184.15 -05.31
4226.00 -04.93
4268.26 -04.55
4310.94 -04.18
4354.05 -03.80
4397.59 -03.42
4441.56 -03.05
4485.98 -02.68
4530.84 -02.31
4576.15 -01.95
4621.91 -01.59
4668.13 -01.22
4714.81 -00.85
4761.96 -00.48
4809.58 -00.11
4857.67 00.24
4906.25 00.56
4955.31 00.87
5004.87 01.15
5054.91 01.41
5105.46 01.65
5156.52 01.79
5208.08 01.87
5260.16 01.93
5312.77 01.98
5365.89 02.01
5419.55 02.03
5473.75 02.05
5528.49 02.05
5583.77 02.04
5639.61 02.02
5696.00 01.97
5752.96 01.91
5810.49 01.81
5868.60 01.68
5927.28 01.51
5986.56 01.30
6046.42 01.26
6106.89 01.25
6167.96 01.21
6229.64 01.13
6291.93 01.01
6354.85 00.86
6418.40 00.69
6482.58 00.51
6547.41 00.31
6612.88 00.13
6679.01 -00.05
6745.80 -00.22
6813.26 -00.35
6881.39 -00.47
6950.21 -00.55
7019.71 -00.59
7089.91 -00.58
7160.81 -00.52
7232.41 -00.41
7304.74 -00.40
7377.79 -00.36
7451.56 -00.28
7526.08 -00.18
7601.34 -00.07
7677.35 00.03
7754.13 00.10
7831.67 00.14
7909.98 00.14
7989.08 00.08
8068.98 -00.02
8149.67 -00.18
8231.16 -00.39
8313.47 -00.66
8396.61 -00.98
8480.57 -01.33
8565.38 -01.71
8651.03 -02.09
8737.54 -02.47
8824.92 -02.82
8913.17 -03.14
9002.30 -03.41
9092.32 -03.64
9183.25 -03.84
9275.08 -04.01
9367.83 -04.16
9461.51 -04.29
9556.12 -04.42
9651.68 -04.57
9748.20 -04.73
9845.68 -04.91
9944.14 -05.12
10043.58 -05.34
10144.02 -05.57
10245.46 -05.76
10347.91 -05.81
10451.39 -05.80
10555.91 -05.71
10661.46 -05.57
10768.08 -05.40
10875.76 -05.20
10984.52 -05.01
11094.36 -04.84
11205.31 -04.72
11317.36 -04.65
11430.53 -04.64
11544.84 -04.71
11660.29 -04.85
11776.89 -05.06
11894.66 -05.32
12013.60 -05.63
12133.74 -05.93
12255.08 -06.20
12377.63 -06.41
12501.41 -06.54
12626.42 -06.60
12752.68 -06.60
12880.21 -06.58
13009.01 -06.56
13139.10 -06.57
13270.49 -06.65
13403.20 -06.81
13537.23 -07.06
13672.60 -07.40
13809.33 -07.77
13947.42 -08.18
14086.90 -08.53
14227.77 -08.80
14370.04 -08.95
14513.74 -09.00
14658.88 -09.06
14805.47 -09.01
14953.52 -08.82
15103.06 -08.51
15254.09 -08.05
15406.63 -07.51
15560.70 -06.92
15716.30 -06.37
15873.47 -05.90
16032.20 -05.52
16192.52 -05.23
16354.45 -05.00
16517.99 -04.80
16683.17 -04.62
16850.01 -04.46
17018.51 -04.31
17188.69 -04.20
17360.58 -04.10
17534.18 -04.01
17709.53 -03.91
17886.62 -03.76
18065.49 -03.57
18246.14 -03.32
18428.60 -03.06
18612.89 -02.78
18799.02 -02.52
18987.01 -02.30
19176.88 -02.11
19368.65 -02.01
19562.33 -01.99
19757.96 -02.08
19955.54 -02.27
20000.00 -02.33
