20.00 -01.80
20.20 -01.70
20.40 -01.62
20.61 -01.53
20.81 -01.44
21.02 -01.36
21.23 -01.27
21.44 -01.19
21.66 -01.10
21.87 -01.03
22.09 -00.94
22.31 -00.86
22.54 -00.78
22.76 -00.70
22.99 -00.62
23.22 -00.54
23.45 -00.47
23.69 -00.39
23.92 -00.31
24.16 -00.23
24.40 -00.15
24.65 -00.08
24.89 00.00
25.14 00.08
25.39 00.15
25.65 00.23
25.91 00.30
26.16 00.38
26.43 00.45
26.69 00.53
26.96 00.60
27.23 00.67
27.50 00.74
27.77 00.81
28.05 00.88
28.33 00.95
28.62 01.02
28.90 01.09
29.19 01.15
29.48 01.22
29.78 01.29
30.08 01.35
30.38 01.41
30.68 01.47
30.99 01.53
31.30 01.59
31.61 01.65
31.93 01.71
32.24 01.77
32.57 01.83
32.89 01.88
33.22 01.94
33.55 02.00
33.89 02.05
34.23 02.11
34.57 02.16
34.92 02.22
35.27 02.27
35.62 02.32
35.97 02.38
36.33 02.43
36.70 02.48
37.06 02.53
37.43 02.58
37.81 02.63
38.19 02.67
38.57 02.72
38.95 02.76
39.34 02.81
39.74 02.85
40.14 02.90
40.54 02.94
40.94 02.98
41.35 03.01
41.76 03.05
42.18 03.09
42.60 03.12
43.03 03.15
43.46 03.19
43.90 03.22
44.33 03.25
44.78 03.28
45.23 03.30
45.68 03.33
46.13 03.36
46.60 03.38
47.06 03.41
47.53 03.43
48.01 03.45
48.49 03.48
48.97 03.50
49.46 03.52
49.96 03.54
50.46 03.56
50.96 03.58
51.47 03.59
51.99 03.61
52.51 03.63
53.03 03.64
53.56 03.66
54.10 03.67
54.64 03.69
55.18 03.70
55.74 03.72
56.29 03.73
56.86 03.74
57.42 03.75
58.00 03.76
58.58 03.77
59.16 03.78
59.76 03.79
60.35 03.80
60.96 03.80
61.57 03.80
62.18 03.80
62.80 03.80
63.43 03.80
64.07 03.80
64.71 03.79
65.35 03.77
66.01 03.76
66.67 03.74
67.33 03.72
68.01 03.69
68.69 03.67
69.37 03.64
70.07 03.61
70.77 03.58
71.48 03.55
72.19 03.52
72.91 03.50
73.64 03.49
74.38 03.48
75.12 03.49
75.87 03.50
76.63 03.52
77.40 03.55
78.17 03.59
78.95 03.63
79.74 03.68
80.54 03.73
81.35 03.78
82.16 03.83
82.98 03.88
83.81 03.93
84.65 03.96
85.50 04.00
86.35 04.03
87.22 04.05
88.09 04.06
88.97 04.07
89.86 04.08
90.76 04.08
91.66 04.07
92.58 04.06
93.51 04.05
94.44 04.04
95.39 04.02
96.34 04.00
97.30 03.97
98.28 03.95
99.26 03.92
100.25 03.88
101.25 03.85
102.27 03.82
103.29 03.78
104.32 03.74
105.37 03.71
106.42 03.67
107.48 03.63
108.56 03.60
109.64 03.56
110.74 03.52
111.85 03.48
112.97 03.45
114.10 03.41
115.24 03.38
116.39 03.34
117.55 03.31
118.73 03.28
119.92 03.25
121.12 03.23
122.33 03.20
123.55 03.17
124.79 03.15
126.03 03.12
127.29 03.09
128.57 03.05
129.85 03.01
131.15 02.97
132.46 02.92
133.79 02.86
135.12 02.81
136.48 02.74
137.84 02.67
139.22 02.60
140.61 02.53
142.02 02.45
143.44 02.37
144.87 02.29
146.32 02.21
147.78 02.13
149.26 02.05
150.75 01.97
152.26 01.89
153.78 01.81
155.32 01.74
156.88 01.66
158.44 01.58
160.03 01.51
161.63 01.44
163.24 01.37
164.88 01.30
166.53 01.23
168.19 01.15
169.87 01.07
171.57 01.00
173.29 00.92
175.02 00.84
176.77 00.76
178.54 00.68
180.32 00.60
182.13 00.52
183.95 00.43
185.79 00.35
187.65 00.28
189.52 00.21
191.42 00.16
193.33 00.11
195.27 00.06
197.22 00.00
199.19 -00.06
201.18 -00.13
203.19 -00.21
205.23 -00.30
207.28 -00.40
209.35 -00.52
211.44 -00.65
213.56 -00.81
215.69 -00.96
217.85 -01.11
220.03 -01.26
222.23 -01.38
224.45 -01.47
226.70 -01.57
228.96 -01.65
231.25 -01.73
233.57 -01.81
235.90 -01.89
238.26 -01.98
240.64 -02.06
243.05 -02.16
245.48 -02.27
247.93 -02.39
250.41 -02.52
252.92 -02.65
255.45 -02.77
258.00 -02.89
260.58 -02.99
263.19 -03.08
265.82 -03.17
268.48 -03.25
271.16 -03.34
273.87 -03.42
276.61 -03.51
279.38 -03.60
282.17 -03.69
284.99 -03.80
287.84 -03.90
290.72 -04.01
293.63 -04.11
296.57 -04.20
299.53 -04.31
302.53 -04.39
305.55 -04.49
308.61 -04.56
311.69 -04.63
314.81 -04.70
317.96 -04.75
321.14 -04.80
324.35 -04.83
327.59 -04.86
330.87 -04.88
334.18 -04.90
337.52 -04.90
340.90 -04.90
344.30 -04.90
347.75 -04.90
351.23 -04.87
354.74 -04.85
358.28 -04.81
361.87 -04.75
365.49 -04.68
369.14 -04.58
372.83 -04.48
376.56 -04.36
380.33 -04.21
384.13 -04.06
387.97 -03.90
391.85 -03.75
395.77 -03.59
399.73 -03.43
403.72 -03.28
407.76 -03.14
411.84 -02.99
415.96 -02.87
420.12 -02.74
424.32 -02.63
428.56 -02.52
432.85 -02.40
437.18 -02.31
441.55 -02.21
445.96 -02.11
450.42 -02.04
454.93 -01.96
459.48 -01.89
464.07 -01.83
468.71 -01.78
473.40 -01.70
478.13 -01.64
482.91 -01.57
487.74 -01.48
492.62 -01.37
497.55 -01.26
502.52 -01.13
507.55 -00.99
512.62 -00.85
517.75 -00.72
522.93 -00.58
528.16 -00.45
533.44 -00.32
538.77 -00.22
544.16 -00.12
549.60 -00.03
555.10 00.03
560.65 00.10
566.25 00.14
571.92 00.19
577.64 00.23
583.41 00.27
589.25 00.30
595.14 00.35
601.09 00.39
607.10 00.42
613.17 00.47
619.30 00.50
625.50 00.55
631.75 00.59
638.07 00.63
644.45 00.66
650.89 00.68
657.40 00.70
663.98 00.73
670.62 00.74
677.32 00.76
684.10 00.78
690.94 00.79
697.85 00.81
704.83 00.82
711.87 00.82
718.99 00.83
726.18 00.83
733.44 00.82
740.78 00.81
748.19 00.81
755.67 00.80
763.23 00.78
770.86 00.77
778.57 00.75
786.35 00.72
794.22 00.70
802.16 00.67
810.18 00.64
818.28 00.60
826.46 00.57
834.73 00.54
843.08 00.50
851.51 00.46
860.02 00.42
868.62 00.38
877.31 00.35
886.08 00.30
894.94 00.26
903.89 00.22
912.93 00.20
922.06 00.17
931.28 00.15
940.59 00.13
950.00 00.11
959.50 00.09
969.09 00.07
978.78 00.05
988.57 00.04
998.46 00.01
1008.44 00.00
1018.53 -00.02
1028.71 -00.04
1039.00 -00.07
1049.39 -00.09
1059.88 -00.14
1070.48 -00.18
1081.19 -00.24
1092.00 -00.30
1102.92 -00.34
1113.95 -00.37
1125.09 -00.38
1136.34 -00.39
1147.70 -00.39
1159.18 -00.37
1170.77 -00.35
1182.48 -00.34
1194.30 -00.32
1206.25 -00.29
1218.31 -00.27
1230.49 -00.27
1242.80 -00.29
1255.22 -00.35
1267.78 -00.41
1280.45 -00.49
1293.26 -00.58
1306.19 -00.69
1319.25 -00.81
1332.45 -00.94
1345.77 -01.05
1359.23 -01.15
1372.82 -01.22
1386.55 -01.28
1400.41 -01.31
1414.42 -01.32
1428.56 -01.32
1442.85 -01.31
1457.28 -01.28
1471.85 -01.25
1486.57 -01.22
1501.43 -01.20
1516.45 -01.19
1531.61 -01.20
1546.93 -01.24
1562.40 -01.29
1578.02 -01.36
1593.80 -01.44
1609.74 -01.51
1625.84 -01.59
1642.10 -01.69
1658.52 -01.77
1675.10 -01.88
1691.85 -01.99
1708.77 -02.11
1725.86 -02.24
1743.12 -02.38
1760.55 -02.53
1778.15 -02.68
1795.94 -02.82
1813.90 -02.96
1832.03 -03.09
1850.36 -03.21
1868.86 -03.32
1887.55 -03.41
1906.42 -03.50
1925.49 -03.57
1944.74 -03.63
1964.19 -03.68
1983.83 -03.73
2003.67 -03.79
2023.71 -03.85
2043.94 -03.93
2064.38 -04.02
2085.03 -04.11
2105.88 -04.20
2126.94 -04.30
2148.20 -04.42
2169.69 -04.53
2191.38 -04.65
2213.30 -04.78
2235.43 -04.90
2257.78 -05.03
2280.36 -05.16
2303.17 -05.29
2326.20 -05.41
2349.46 -05.53
2372.95 -05.66
2396.68 -05.78
2420.65 -05.91
2444.86 -06.04
2469.31 -06.17
2494.00 -06.32
2518.94 -06.47
2544.13 -06.65
2569.57 -06.85
2595.27 -07.08
2621.22 -07.35
2647.43 -07.65
2673.90 -07.99
2700.64 -08.37
2727.65 -08.80
2754.93 -09.30
2782.48 -09.85
2810.30 -10.47
2838.40 -11.15
2866.79 -11.87
2895.46 -12.59
2924.41 -13.26
2953.65 -13.78
2983.19 -14.09
3013.02 -14.13
3043.15 -13.91
3073.58 -13.51
3104.32 -12.97
3135.36 -12.39
3166.72 -11.79
3198.38 -11.23
3230.37 -10.71
3262.67 -10.28
3295.30 -09.91
3328.25 -09.62
3361.53 -09.39
3395.15 -09.22
3429.10 -09.08
3463.39 -08.98
3498.03 -08.91
3533.01 -08.87
3568.34 -08.86
3604.02 -08.88
3640.06 -08.93
3676.46 -08.99
3713.22 -09.07
3750.36 -09.17
3787.86 -09.28
3825.74 -09.42
3864.00 -09.59
3902.64 -09.79
3941.66 -10.02
3981.08 -10.29
4020.89 -10.59
4061.10 -10.89
4101.71 -11.18
4142.73 -11.40
4184.15 -11.52
4226.00 -11.52
4268.26 -11.42
4310.94 -11.25
4354.05 -11.01
4397.59 -10.70
4441.56 -10.30
4485.98 -09.80
4530.84 -09.21
4576.15 -08.53
4621.91 -07.82
4668.13 -07.09
4714.81 -06.37
4761.96 -05.65
4809.58 -04.96
4857.67 -04.30
4906.25 -03.72
4955.31 -03.23
5004.87 -02.84
5054.91 -02.56
5105.46 -02.37
5156.52 -02.35
5208.08 -02.44
5260.16 -02.61
5312.77 -02.83
5365.89 -03.10
5419.55 -03.40
5473.75 -03.70
5528.49 -03.99
5583.77 -04.23
5639.61 -04.43
5696.00 -04.58
5752.96 -04.70
5810.49 -04.78
5868.60 -04.82
5927.28 -04.81
5986.56 -04.78
6046.42 -04.51
6106.89 -04.16
6167.96 -03.81
6229.64 -03.46
6291.93 -03.11
6354.85 -02.75
6418.40 -02.41
6482.58 -02.09
6547.41 -01.84
6612.88 -01.63
6679.01 -01.47
6745.80 -01.34
6813.26 -01.20
6881.39 -01.07
6950.21 -00.89
7019.71 -00.69
7089.91 -00.44
7160.81 -00.13
7232.41 00.25
7304.74 00.56
7377.79 00.90
7451.56 01.28
7526.08 01.66
7601.34 02.03
7677.35 02.38
7754.13 02.70
7831.67 02.98
7909.98 03.23
7989.08 03.45
8068.98 03.64
8149.67 03.81
8231.16 03.94
8313.47 04.05
8396.61 04.12
8480.57 04.15
8565.38 04.14
8651.03 04.09
8737.54 03.99
8824.92 03.85
8913.17 03.68
9002.30 03.46
9092.32 03.20
9183.25 02.90
9275.08 02.56
9367.83 02.17
9461.51 01.76
9556.12 01.32
9651.68 00.89
9748.20 00.45
9845.68 00.01
9944.14 -00.42
10043.58 -00.85
10144.02 -01.28
10245.46 -01.71
10347.91 -02.04
10451.39 -02.36
10555.91 -02.67
10661.46 -02.99
10768.08 -03.30
10875.76 -03.61
10984.52 -03.89
11094.36 -04.17
11205.31 -04.43
11317.36 -04.67
11430.53 -04.88
11544.84 -05.08
11660.29 -05.25
11776.89 -05.40
11894.66 -05.52
12013.60 -05.63
12133.74 -05.71
12255.08 -05.76
12377.63 -05.77
12501.41 -05.70
12626.42 -05.55
12752.68 -05.33
12880.21 -05.06
13009.01 -04.75
13139.10 -04.40
13270.49 -04.04
13403.20 -03.67
13537.23 -03.30
13672.60 -02.96
13809.33 -02.66
13947.42 -02.45
14086.90 -02.31
14227.77 -02.25
14370.04 -02.26
14513.74 -02.38
14658.88 -02.71
14805.47 -03.14
14953.52 -03.65
15103.06 -04.26
15254.09 -04.97
15406.63 -05.79
15560.70 -06.66
15716.30 -07.57
15873.47 -08.49
16032.20 -09.40
16192.52 -10.28
16354.45 -11.09
16517.99 -11.74
16683.17 -12.14
16850.01 -12.28
17018.51 -12.25
17188.69 -12.15
17360.58 -12.04
17534.18 -11.99
17709.53 -12.04
17886.62 -12.18
18065.49 -12.45
18246.14 -12.84
18428.60 -13.43
18612.89 -14.23
18799.02 -15.27
18987.01 -16.53
19176.88 -17.88
19368.65 -19.15
19562.33 -20.17
19757.96 -20.87
19955.54 -21.29
20000.00 -21.35
