20.00 -02.95
20.20 -02.87
20.40 -02.80
20.61 -02.72
20.81 -02.65
21.02 -02.58
21.23 -02.51
21.44 -02.44
21.66 -02.36
21.87 -02.30
22.09 -02.23
22.31 -02.16
22.54 -02.09
22.76 -02.02
22.99 -01.96
23.22 -01.89
23.45 -01.83
23.69 -01.76
23.92 -01.70
24.16 -01.63
24.40 -01.57
24.65 -01.51
24.89 -01.45
25.14 -01.39
25.39 -01.33
25.65 -01.27
25.91 -01.21
26.16 -01.15
26.43 -01.09
26.69 -01.04
26.96 -00.98
27.23 -00.93
27.50 -00.88
27.77 -00.83
28.05 -00.78
28.33 -00.73
28.62 -00.68
28.90 -00.64
29.19 -00.59
29.48 -00.55
29.78 -00.51
30.08 -00.47
30.38 -00.43
30.68 -00.39
30.99 -00.36
31.30 -00.33
31.61 -00.29
31.93 -00.26
32.24 -00.24
32.57 -00.21
32.89 -00.19
33.22 -00.17
33.55 -00.15
33.89 -00.14
34.23 -00.13
34.57 -00.12
34.92 -00.12
35.27 -00.13
35.62 -00.13
35.97 -00.14
36.33 -00.15
36.70 -00.17
37.06 -00.18
37.43 -00.20
37.81 -00.21
38.19 -00.23
38.57 -00.24
38.95 -00.26
39.34 -00.27
39.74 -00.28
40.14 -00.28
40.54 -00.28
40.94 -00.27
41.35 -00.26
41.76 -00.23
42.18 -00.20
42.60 -00.16
43.03 -00.10
43.46 -00.03
43.90 00.05
44.33 00.14
44.78 00.24
45.23 00.35
45.68 00.46
46.13 00.58
46.60 00.72
47.06 00.85
47.53 00.99
48.01 01.13
48.49 01.27
48.97 01.42
49.46 01.56
49.96 01.70
50.46 01.84
50.96 01.98
51.47 02.11
51.99 02.23
52.51 02.36
53.03 02.47
53.56 02.58
54.10 02.69
54.64 02.79
55.18 02.89
55.74 02.99
56.29 03.08
56.86 03.16
57.42 03.25
58.00 03.33
58.58 03.40
59.16 03.47
59.76 03.54
60.35 03.60
60.96 03.65
61.57 03.70
62.18 03.74
62.80 03.78
63.43 03.80
64.07 03.82
64.71 03.82
65.35 03.82
66.01 03.80
66.67 03.77
67.33 03.74
68.01 03.69
68.69 03.64
69.37 03.58
70.07 03.52
70.77 03.46
71.48 03.40
72.19 03.35
72.91 03.31
73.64 03.28
74.38 03.27
75.12 03.27
75.87 03.28
76.63 03.31
77.40 03.35
78.17 03.39
78.95 03.45
79.74 03.51
80.54 03.58
81.35 03.64
82.16 03.71
82.98 03.78
83.81 03.85
84.65 03.92
85.50 03.99
86.35 04.06
87.22 04.13
88.09 04.20
88.97 04.27
89.86 04.35
90.76 04.42
91.66 04.49
92.58 04.56
93.51 04.62
94.44 04.67
95.39 04.72
96.34 04.76
97.30 04.78
98.28 04.80
99.26 04.81
100.25 04.81
101.25 04.80
102.27 04.79
103.29 04.77
104.32 04.76
105.37 04.75
106.42 04.74
107.48 04.74
108.56 04.74
109.64 04.75
110.74 04.77
111.85 04.78
112.97 04.80
114.10 04.82
115.24 04.84
116.39 04.85
117.55 04.86
118.73 04.86
119.92 04.85
121.12 04.84
122.33 04.83
123.55 04.81
124.79 04.79
126.03 04.78
127.29 04.77
128.57 04.77
129.85 04.77
131.15 04.78
132.46 04.80
133.79 04.82
135.12 04.84
136.48 04.87
137.84 04.89
139.22 04.92
140.61 04.93
142.02 04.94
143.44 04.95
144.87 04.95
146.32 04.94
147.78 04.92
149.26 04.90
150.75 04.88
152.26 04.85
153.78 04.82
155.32 04.78
156.88 04.74
158.44 04.69
160.03 04.64
161.63 04.60
163.24 04.55
164.88 04.51
166.53 04.46
168.19 04.40
169.87 04.33
171.57 04.27
173.29 04.20
175.02 04.12
176.77 04.05
178.54 03.96
180.32 03.86
182.13 03.78
183.95 03.68
185.79 03.58
187.65 03.49
189.52 03.39
191.42 03.31
193.33 03.21
195.27 03.13
197.22 03.03
199.19 02.93
201.18 02.82
203.19 02.71
205.23 02.58
207.28 02.47
209.35 02.34
211.44 02.23
213.56 02.11
215.69 02.02
217.85 01.95
220.03 01.90
222.23 01.91
224.45 01.96
226.70 02.02
228.96 02.10
231.25 02.21
233.57 02.31
235.90 02.40
238.26 02.49
240.64 02.57
243.05 02.62
245.48 02.64
247.93 02.65
250.41 02.62
252.92 02.56
255.45 02.50
258.00 02.40
260.58 02.29
263.19 02.16
265.82 02.01
268.48 01.84
271.16 01.65
273.87 01.43
276.61 01.20
279.38 00.95
282.17 00.69
284.99 00.39
287.84 00.09
290.72 -00.23
293.63 -00.56
296.57 -00.90
299.53 -01.26
302.53 -01.61
305.55 -01.97
308.61 -02.32
311.69 -02.67
314.81 -03.01
317.96 -03.33
321.14 -03.65
324.35 -03.93
327.59 -04.21
330.87 -04.45
334.18 -04.66
337.52 -04.82
340.90 -04.94
344.30 -05.03
347.75 -05.08
351.23 -05.09
354.74 -05.09
358.28 -05.07
361.87 -05.01
365.49 -04.95
369.14 -04.86
372.83 -04.77
376.56 -04.67
380.33 -04.55
384.13 -04.44
387.97 -04.31
391.85 -04.18
395.77 -04.03
399.73 -03.89
403.72 -03.73
407.76 -03.58
411.84 -03.41
415.96 -03.24
420.12 -03.06
424.32 -02.88
428.56 -02.69
432.85 -02.50
437.18 -02.32
441.55 -02.13
445.96 -01.93
450.42 -01.75
454.93 -01.55
459.48 -01.35
464.07 -01.16
468.71 -00.97
473.40 -00.77
478.13 -00.58
482.91 -00.39
487.74 -00.21
492.62 -00.02
497.55 00.16
502.52 00.32
507.55 00.48
512.62 00.61
517.75 00.73
522.93 00.84
528.16 00.92
533.44 01.00
538.77 01.06
544.16 01.10
549.60 01.13
555.10 01.15
560.65 01.17
566.25 01.17
571.92 01.18
577.64 01.18
583.41 01.19
589.25 01.19
595.14 01.20
601.09 01.21
607.10 01.21
613.17 01.23
619.30 01.23
625.50 01.24
631.75 01.26
638.07 01.26
644.45 01.26
650.89 01.25
657.40 01.22
663.98 01.21
670.62 01.18
677.32 01.15
684.10 01.13
690.94 01.10
697.85 01.07
704.83 01.02
711.87 00.97
718.99 00.92
726.18 00.83
733.44 00.73
740.78 00.61
748.19 00.48
755.67 00.33
763.23 00.18
770.86 00.05
778.57 -00.08
786.35 -00.21
794.22 -00.31
802.16 -00.38
810.18 -00.43
818.28 -00.45
826.46 -00.44
834.73 -00.40
843.08 -00.36
851.51 -00.32
860.02 -00.28
868.62 -00.25
877.31 -00.22
886.08 -00.21
894.94 -00.20
903.89 -00.20
912.93 -00.19
922.06 -00.18
931.28 -00.17
940.59 -00.17
950.00 -00.16
959.50 -00.16
969.09 -00.17
978.78 -00.18
988.57 -00.20
998.46 -00.23
1008.44 -00.25
1018.53 -00.29
1028.71 -00.34
1039.00 -00.38
1049.39 -00.44
1059.88 -00.50
1070.48 -00.56
1081.19 -00.62
1092.00 -00.69
1102.92 -00.74
1113.95 -00.79
1125.09 -00.84
1136.34 -00.89
1147.70 -00.93
1159.18 -00.96
1170.77 -00.99
1182.48 -01.02
1194.30 -01.04
1206.25 -01.05
1218.31 -01.07
1230.49 -01.08
1242.80 -01.09
1255.22 -01.11
1267.78 -01.13
1280.45 -01.14
1293.26 -01.14
1306.19 -01.14
1319.25 -01.13
1332.45 -01.14
1345.77 -01.13
1359.23 -01.11
1372.82 -01.10
1386.55 -01.08
1400.41 -01.06
1414.42 -01.04
1428.56 -01.02
1442.85 -01.00
1457.28 -00.98
1471.85 -00.97
1486.57 -00.96
1501.43 -00.95
1516.45 -00.94
1531.61 -00.92
1546.93 -00.91
1562.40 -00.89
1578.02 -00.88
1593.80 -00.86
1609.74 -00.83
1625.84 -00.80
1642.10 -00.78
1658.52 -00.75
1675.10 -00.73
1691.85 -00.70
1708.77 -00.67
1725.86 -00.65
1743.12 -00.62
1760.55 -00.61
1778.15 -00.62
1795.94 -00.62
1813.90 -00.64
1832.03 -00.66
1850.36 -00.70
1868.86 -00.75
1887.55 -00.82
1906.42 -00.89
1925.49 -00.98
1944.74 -01.09
1964.19 -01.20
1983.83 -01.30
2003.67 -01.41
2023.71 -01.52
2043.94 -01.63
2064.38 -01.73
2085.03 -01.82
2105.88 -01.90
2126.94 -01.97
2148.20 -02.03
2169.69 -02.09
2191.38 -02.13
2213.30 -02.17
2235.43 -02.19
2257.78 -02.21
2280.36 -02.23
2303.17 -02.25
2326.20 -02.26
2349.46 -02.28
2372.95 -02.29
2396.68 -02.30
2420.65 -02.32
2444.86 -02.33
2469.31 -02.33
2494.00 -02.34
2518.94 -02.34
2544.13 -02.35
2569.57 -02.35
2595.27 -02.37
2621.22 -02.39
2647.43 -02.42
2673.90 -02.45
2700.64 -02.48
2727.65 -02.51
2754.93 -02.53
2782.48 -02.55
2810.30 -02.55
2838.40 -02.56
2866.79 -02.55
2895.46 -02.53
2924.41 -02.51
2953.65 -02.48
2983.19 -02.46
3013.02 -02.45
3043.15 -02.46
3073.58 -02.50
3104.32 -02.57
3135.36 -02.69
3166.72 -02.86
3198.38 -03.10
3230.37 -03.39
3262.67 -03.78
3295.30 -04.23
3328.25 -04.75
3361.53 -05.29
3395.15 -05.79
3429.10 -06.14
3463.39 -06.26
3498.03 -06.12
3533.01 -05.74
3568.34 -05.18
3604.02 -04.54
3640.06 -03.88
3676.46 -03.24
3713.22 -02.65
3750.36 -02.12
3787.86 -01.67
3825.74 -01.30
3864.00 -01.00
3902.64 -00.78
3941.66 -00.63
3981.08 -00.54
4020.89 -00.48
4061.10 -00.46
4101.71 -00.47
4142.73 -00.50
4184.15 -00.55
4226.00 -00.62
4268.26 -00.70
4310.94 -00.80
4354.05 -00.91
4397.59 -01.01
4441.56 -01.09
4485.98 -01.15
4530.84 -01.18
4576.15 -01.20
4621.91 -01.20
4668.13 -01.20
4714.81 -01.21
4761.96 -01.22
4809.58 -01.23
4857.67 -01.24
4906.25 -01.24
4955.31 -01.23
5004.87 -01.20
5054.91 -01.14
5105.46 -01.05
5156.52 -00.98
5208.08 -00.90
5260.16 -00.78
5312.77 -00.64
5365.89 -00.48
5419.55 -00.32
5473.75 -00.18
5528.49 -00.07
5583.77 00.03
5639.61 00.07
5696.00 00.08
5752.96 00.06
5810.49 00.00
5868.60 -00.09
5927.28 -00.20
5986.56 -00.34
6046.42 -00.27
6106.89 -00.14
6167.96 -00.02
6229.64 00.09
6291.93 00.18
6354.85 00.24
6418.40 00.28
6482.58 00.32
6547.41 00.32
6612.88 00.32
6679.01 00.31
6745.80 00.29
6813.26 00.30
6881.39 00.31
6950.21 00.35
7019.71 00.43
7089.91 00.54
7160.81 00.68
7232.41 00.84
7304.74 00.86
7377.79 00.85
7451.56 00.81
7526.08 00.74
7601.34 00.63
7677.35 00.47
7754.13 00.26
7831.67 00.02
7909.98 -00.25
7989.08 -00.55
8068.98 -00.87
8149.67 -01.20
8231.16 -01.52
8313.47 -01.84
8396.61 -02.15
8480.57 -02.46
8565.38 -02.80
8651.03 -03.16
8737.54 -03.54
8824.92 -03.94
8913.17 -04.35
9002.30 -04.78
9092.32 -05.22
9183.25 -05.68
9275.08 -06.15
9367.83 -06.58
9461.51 -06.95
9556.12 -07.21
9651.68 -07.37
9748.20 -07.46
9845.68 -07.52
9944.14 -07.61
10043.58 -07.75
10144.02 -07.94
10245.46 -08.14
10347.91 -08.27
10451.39 -08.39
10555.91 -08.50
10661.46 -08.60
10768.08 -08.62
10875.76 -08.56
10984.52 -08.43
11094.36 -08.24
11205.31 -08.04
11317.36 -07.79
11430.53 -07.53
11544.84 -07.24
11660.29 -06.95
11776.89 -06.70
11894.66 -06.50
12013.60 -06.42
12133.74 -06.47
12255.08 -06.63
12377.63 -06.82
12501.41 -06.92
12626.42 -06.87
12752.68 -06.68
12880.21 -06.44
13009.01 -06.14
13139.10 -05.81
13270.49 -05.40
13403.20 -04.90
13537.23 -04.31
13672.60 -03.68
13809.33 -03.08
13947.42 -02.57
14086.90 -02.19
14227.77 -01.92
14370.04 -01.71
14513.74 -01.56
14658.88 -01.54
14805.47 -01.55
14953.52 -01.61
15103.06 -01.75
15254.09 -01.94
15406.63 -02.21
15560.70 -02.50
15716.30 -02.80
15873.47 -03.10
16032.20 -03.45
16192.52 -03.87
16354.45 -04.39
16517.99 -05.00
16683.17 -05.63
16850.01 -06.17
17018.51 -06.53
17188.69 -06.64
17360.58 -06.47
17534.18 -06.10
17709.53 -05.65
17886.62 -05.16
18065.49 -04.70
18246.14 -04.31
18428.60 -04.04
18612.89 -03.89
18799.02 -03.90
18987.01 -04.08
19176.88 -04.37
19368.65 -04.78
19562.33 -05.27
19757.96 -05.83
19955.54 -06.47
20000.00 -06.63
