20.00 -01.57
20.20 -01.51
20.40 -01.46
20.61 -01.41
20.81 -01.37
21.02 -01.32
21.23 -01.28
21.44 -01.24
21.66 -01.20
21.87 -01.16
22.09 -01.13
22.31 -01.09
22.54 -01.05
22.76 -01.02
22.99 -00.99
23.22 -00.95
23.45 -00.92
23.69 -00.89
23.92 -00.85
24.16 -00.82
24.40 -00.79
24.65 -00.76
24.89 -00.73
25.14 -00.70
25.39 -00.66
25.65 -00.63
25.91 -00.60
26.16 -00.57
26.43 -00.54
26.69 -00.52
26.96 -00.49
27.23 -00.46
27.50 -00.43
27.77 -00.40
28.05 -00.38
28.33 -00.35
28.62 -00.33
28.90 -00.30
29.19 -00.28
29.48 -00.26
29.78 -00.23
30.08 -00.21
30.38 -00.19
30.68 -00.17
30.99 -00.15
31.30 -00.13
31.61 -00.11
31.93 -00.09
32.24 -00.07
32.57 -00.05
32.89 -00.04
33.22 -00.02
33.55 00.00
33.89 00.02
34.23 00.04
34.57 00.05
34.92 00.07
35.27 00.09
35.62 00.10
35.97 00.12
36.33 00.14
36.70 00.15
37.06 00.17
37.43 00.18
37.81 00.20
38.19 00.21
38.57 00.23
38.95 00.24
39.34 00.25
39.74 00.26
40.14 00.28
40.54 00.29
40.94 00.30
41.35 00.31
41.76 00.32
42.18 00.33
42.60 00.34
43.03 00.35
43.46 00.35
43.90 00.36
44.33 00.37
44.78 00.37
45.23 00.38
45.68 00.38
46.13 00.39
46.60 00.39
47.06 00.40
47.53 00.40
48.01 00.41
48.49 00.41
48.97 00.42
49.46 00.42
49.96 00.43
50.46 00.43
50.96 00.44
51.47 00.44
51.99 00.44
52.51 00.45
53.03 00.45
53.56 00.45
54.10 00.46
54.64 00.46
55.18 00.46
55.74 00.47
56.29 00.47
56.86 00.47
57.42 00.48
58.00 00.48
58.58 00.48
59.16 00.48
59.76 00.49
60.35 00.49
60.96 00.49
61.57 00.49
62.18 00.49
62.80 00.50
63.43 00.50
64.07 00.50
64.71 00.50
65.35 00.50
66.01 00.50
66.67 00.50
67.33 00.50
68.01 00.50
68.69 00.50
69.37 00.50
70.07 00.50
70.77 00.50
71.48 00.50
72.19 00.50
72.91 00.50
73.64 00.50
74.38 00.50
75.12 00.49
75.87 00.49
76.63 00.49
77.40 00.49
78.17 00.48
78.95 00.48
79.74 00.48
80.54 00.47
81.35 00.47
82.16 00.46
82.98 00.46
83.81 00.45
84.65 00.44
85.50 00.44
86.35 00.43
87.22 00.42
88.09 00.41
88.97 00.40
89.86 00.39
90.76 00.38
91.66 00.37
92.58 00.36
93.51 00.35
94.44 00.34
95.39 00.33
96.34 00.32
97.30 00.31
98.28 00.30
99.26 00.29
100.25 00.28
101.25 00.27
102.27 00.26
103.29 00.25
104.32 00.24
105.37 00.23
106.42 00.22
107.48 00.21
108.56 00.20
109.64 00.19
110.74 00.18
111.85 00.17
112.97 00.15
114.10 00.14
115.24 00.13
116.39 00.12
117.55 00.10
118.73 00.09
119.92 00.08
121.12 00.06
122.33 00.05
123.55 00.04
124.79 00.02
126.03 00.01
127.29 -00.01
128.57 -00.02
129.85 -00.04
131.15 -00.05
132.46 -00.07
133.79 -00.08
135.12 -00.10
136.48 -00.11
137.84 -00.13
139.22 -00.15
140.61 -00.16
142.02 -00.18
143.44 -00.20
144.87 -00.21
146.32 -00.23
147.78 -00.25
149.26 -00.27
150.75 -00.29
152.26 -00.31
153.78 -00.32
155.32 -00.34
156.88 -00.36
158.44 -00.38
160.03 -00.40
161.63 -00.41
163.24 -00.42
164.88 -00.42
166.53 -00.43
168.19 -00.44
169.87 -00.45
171.57 -00.45
173.29 -00.46
175.02 -00.47
176.77 -00.47
178.54 -00.49
180.32 -00.50
182.13 -00.50
183.95 -00.51
185.79 -00.52
187.65 -00.52
189.52 -00.53
191.42 -00.53
193.33 -00.54
195.27 -00.54
197.22 -00.55
199.19 -00.55
201.18 -00.57
203.19 -00.57
205.23 -00.58
207.28 -00.58
209.35 -00.59
211.44 -00.59
213.56 -00.61
215.69 -00.61
217.85 -00.61
220.03 -00.63
222.23 -00.63
224.45 -00.64
226.70 -00.65
228.96 -00.67
231.25 -00.67
233.57 -00.69
235.90 -00.71
238.26 -00.72
240.64 -00.73
243.05 -00.74
245.48 -00.76
247.93 -00.77
250.41 -00.78
252.92 -00.80
255.45 -00.80
258.00 -00.82
260.58 -00.83
263.19 -00.83
265.82 -00.85
268.48 -00.85
271.16 -00.86
273.87 -00.88
276.61 -00.88
279.38 -00.89
282.17 -00.90
284.99 -00.91
287.84 -00.91
290.72 -00.92
293.63 -00.92
296.57 -00.92
299.53 -00.93
302.53 -00.93
305.55 -00.95
308.61 -00.95
311.69 -00.95
314.81 -00.96
317.96 -00.96
321.14 -00.97
324.35 -00.97
327.59 -00.98
330.87 -00.99
334.18 -01.00
337.52 -00.99
340.90 -00.99
344.30 -00.99
347.75 -00.98
351.23 -00.97
354.74 -00.96
358.28 -00.95
361.87 -00.93
365.49 -00.93
369.14 -00.91
372.83 -00.90
376.56 -00.90
380.33 -00.89
384.13 -00.89
387.97 -00.88
391.85 -00.89
395.77 -00.89
399.73 -00.89
403.72 -00.89
407.76 -00.89
411.84 -00.89
415.96 -00.90
420.12 -00.90
424.32 -00.91
428.56 -00.91
432.85 -00.91
437.18 -00.93
441.55 -00.94
445.96 -00.95
450.42 -00.98
454.93 -00.99
459.48 -01.02
464.07 -01.04
468.71 -01.07
473.40 -01.08
478.13 -01.09
482.91 -01.10
487.74 -01.11
492.62 -01.10
497.55 -01.09
502.52 -01.08
507.55 -01.06
512.62 -01.04
517.75 -01.03
522.93 -01.00
528.16 -00.97
533.44 -00.94
538.77 -00.92
544.16 -00.89
549.60 -00.86
555.10 -00.83
560.65 -00.79
566.25 -00.77
571.92 -00.73
577.64 -00.71
583.41 -00.69
589.25 -00.67
595.14 -00.65
601.09 -00.63
607.10 -00.62
613.17 -00.60
619.30 -00.60
625.50 -00.59
631.75 -00.59
638.07 -00.59
644.45 -00.60
650.89 -00.63
657.40 -00.65
663.98 -00.67
670.62 -00.70
677.32 -00.72
684.10 -00.73
690.94 -00.74
697.85 -00.74
704.83 -00.74
711.87 -00.74
718.99 -00.73
726.18 -00.73
733.44 -00.72
740.78 -00.71
748.19 -00.69
755.67 -00.68
763.23 -00.68
770.86 -00.66
778.57 -00.66
786.35 -00.66
794.22 -00.65
802.16 -00.64
810.18 -00.63
818.28 -00.63
826.46 -00.62
834.73 -00.61
843.08 -00.60
851.51 -00.59
860.02 -00.58
868.62 -00.57
877.31 -00.55
886.08 -00.53
894.94 -00.51
903.89 -00.50
912.93 -00.46
922.06 -00.43
931.28 -00.38
940.59 -00.35
950.00 -00.30
959.50 -00.24
969.09 -00.19
978.78 -00.11
988.57 -00.03
998.46 00.06
1008.44 00.15
1018.53 00.25
1028.71 00.34
1039.00 00.45
1049.39 00.54
1059.88 00.63
1070.48 00.71
1081.19 00.79
1092.00 00.85
1102.92 00.91
1113.95 00.95
1125.09 00.99
1136.34 01.00
1147.70 01.02
1159.18 01.04
1170.77 01.05
1182.48 01.06
1194.30 01.08
1206.25 01.10
1218.31 01.12
1230.49 01.13
1242.80 01.14
1255.22 01.15
1267.78 01.19
1280.45 01.22
1293.26 01.28
1306.19 01.33
1319.25 01.38
1332.45 01.41
1345.77 01.45
1359.23 01.49
1372.82 01.53
1386.55 01.58
1400.41 01.63
1414.42 01.67
1428.56 01.69
1442.85 01.70
1457.28 01.70
1471.85 01.69
1486.57 01.67
1501.43 01.63
1516.45 01.58
1531.61 01.52
1546.93 01.43
1562.40 01.32
1578.02 01.20
1593.80 01.06
1609.74 00.92
1625.84 00.75
1642.10 00.58
1658.52 00.41
1675.10 00.23
1691.85 00.05
1708.77 -00.11
1725.86 -00.28
1743.12 -00.44
1760.55 -00.60
1778.15 -00.74
1795.94 -00.88
1813.90 -01.01
1832.03 -01.14
1850.36 -01.25
1868.86 -01.36
1887.55 -01.47
1906.42 -01.58
1925.49 -01.69
1944.74 -01.80
1964.19 -01.90
1983.83 -02.00
2003.67 -02.09
2023.71 -02.19
2043.94 -02.28
2064.38 -02.38
2085.03 -02.49
2105.88 -02.60
2126.94 -02.71
2148.20 -02.82
2169.69 -02.92
2191.38 -03.02
2213.30 -03.10
2235.43 -03.17
2257.78 -03.22
2280.36 -03.26
2303.17 -03.28
2326.20 -03.27
2349.46 -03.26
2372.95 -03.22
2396.68 -03.18
2420.65 -03.15
2444.86 -03.13
2469.31 -03.11
2494.00 -03.11
2518.94 -03.12
2544.13 -03.15
2569.57 -03.19
2595.27 -03.22
2621.22 -03.27
2647.43 -03.30
2673.90 -03.31
2700.64 -03.28
2727.65 -03.23
2754.93 -03.16
2782.48 -03.06
2810.30 -02.93
2838.40 -02.81
2866.79 -02.68
2895.46 -02.55
2924.41 -02.43
2953.65 -02.31
2983.19 -02.21
3013.02 -02.11
3043.15 -02.01
3073.58 -01.91
3104.32 -01.81
3135.36 -01.72
3166.72 -01.61
3198.38 -01.51
3230.37 -01.39
3262.67 -01.28
3295.30 -01.16
3328.25 -01.06
3361.53 -00.94
3395.15 -00.84
3429.10 -00.75
3463.39 -00.66
3498.03 -00.59
3533.01 -00.51
3568.34 -00.45
3604.02 -00.40
3640.06 -00.37
3676.46 -00.37
3713.22 -00.38
3750.36 -00.41
3787.86 -00.47
3825.74 -00.57
3864.00 -00.69
3902.64 -00.83
3941.66 -00.98
3981.08 -01.15
4020.89 -01.31
4061.10 -01.46
4101.71 -01.59
4142.73 -01.70
4184.15 -01.78
4226.00 -01.83
4268.26 -01.84
4310.94 -01.82
4354.05 -01.77
4397.59 -01.71
4441.56 -01.64
4485.98 -01.59
4530.84 -01.54
4576.15 -01.50
4621.91 -01.47
4668.13 -01.45
4714.81 -01.43
4761.96 -01.42
4809.58 -01.42
4857.67 -01.41
4906.25 -01.41
4955.31 -01.40
5004.87 -01.40
5054.91 -01.38
5105.46 -01.36
5156.52 -01.40
5208.08 -01.46
5260.16 -01.48
5312.77 -01.44
5365.89 -01.33
5419.55 -01.13
5473.75 -00.84
5528.49 -00.50
5583.77 -00.09
5639.61 00.31
5696.00 00.69
5752.96 01.02
5810.49 01.29
5868.60 01.47
5927.28 01.57
5986.56 01.58
6046.42 01.72
6106.89 01.84
6167.96 01.87
6229.64 01.81
6291.93 01.67
6354.85 01.45
6418.40 01.16
6482.58 00.84
6547.41 00.48
6612.88 00.13
6679.01 -00.22
6745.80 -00.56
6813.26 -00.85
6881.39 -01.13
6950.21 -01.37
7019.71 -01.60
7089.91 -01.82
7160.81 -02.04
7232.41 -02.24
7304.74 -02.57
7377.79 -02.87
7451.56 -03.09
7526.08 -03.22
7601.34 -03.23
7677.35 -03.12
7754.13 -02.90
7831.67 -02.59
7909.98 -02.21
7989.08 -01.77
8068.98 -01.30
8149.67 -00.81
8231.16 -00.33
8313.47 00.13
8396.61 00.57
8480.57 00.96
8565.38 01.30
8651.03 01.59
8737.54 01.82
8824.92 01.99
8913.17 02.10
9002.30 02.16
9092.32 02.16
9183.25 02.11
9275.08 02.00
9367.83 01.86
9461.51 01.68
9556.12 01.50
9651.68 01.31
9748.20 01.15
9845.68 01.02
9944.14 00.92
10043.58 00.87
10144.02 00.86
10245.46 00.90
10347.91 01.09
10451.39 01.36
10555.91 01.70
10661.46 02.09
10768.08 02.51
10875.76 02.91
10984.52 03.26
11094.36 03.53
11205.31 03.70
11317.36 03.79
11430.53 03.79
11544.84 03.72
11660.29 03.56
11776.89 03.30
11894.66 02.92
12013.60 02.36
12133.74 01.64
12255.08 00.76
12377.63 -00.25
12501.41 -01.30
12626.42 -02.33
12752.68 -03.27
12880.21 -04.15
13009.01 -04.97
13139.10 -05.72
13270.49 -06.38
13403.20 -06.84
13537.23 -07.02
13672.60 -06.85
13809.33 -06.34
13947.42 -05.63
14086.90 -04.82
14227.77 -04.00
14370.04 -03.22
14513.74 -02.52
14658.88 -02.00
14805.47 -01.49
14953.52 -00.97
15103.06 -00.41
15254.09 00.16
15406.63 00.66
15560.70 01.05
15716.30 01.31
15873.47 01.46
16032.20 01.49
16192.52 01.45
16354.45 01.34
16517.99 01.15
16683.17 00.87
16850.01 00.47
17018.51 -00.08
17188.69 -00.80
17360.58 -01.65
17534.18 -02.56
17709.53 -03.42
17886.62 -04.18
18065.49 -04.86
18246.14 -05.48
18428.60 -06.02
18612.89 -06.35
18799.02 -06.37
18987.01 -06.03
19176.88 -05.39
19368.65 -04.60
19562.33 -03.82
19757.96 -03.23
19955.54 -02.87
20000.00 -02.81
