20.00 -03.44
20.20 -03.40
20.40 -03.36
20.61 -03.33
20.81 -03.30
21.02 -03.27
21.23 -03.25
21.44 -03.23
21.66 -03.22
21.87 -03.20
22.09 -03.19
22.31 -03.18
22.54 -03.17
22.76 -03.16
22.99 -03.16
23.22 -03.15
23.45 -03.14
23.69 -03.14
23.92 -03.13
24.16 -03.13
24.40 -03.13
24.65 -03.12
24.89 -03.12
25.14 -03.12
25.39 -03.12
25.65 -03.12
25.91 -03.12
26.16 -03.12
26.43 -03.11
26.69 -03.11
26.96 -03.11
27.23 -03.11
27.50 -03.11
27.77 -03.11
28.05 -03.11
28.33 -03.11
28.62 -03.11
28.90 -03.10
29.19 -03.10
29.48 -03.10
29.78 -03.09
30.08 -03.09
30.38 -03.08
30.68 -03.07
30.99 -03.06
31.30 -03.05
31.61 -03.04
31.93 -03.03
32.24 -03.02
32.57 -03.01
32.89 -02.99
33.22 -02.98
33.55 -02.96
33.89 -02.95
34.23 -02.93
34.57 -02.91
34.92 -02.89
35.27 -02.87
35.62 -02.85
35.97 -02.83
36.33 -02.81
36.70 -02.79
37.06 -02.76
37.43 -02.74
37.81 -02.71
38.19 -02.69
38.57 -02.67
38.95 -02.64
39.34 -02.62
39.74 -02.60
40.14 -02.57
40.54 -02.55
40.94 -02.53
41.35 -02.51
41.76 -02.49
42.18 -02.47
42.60 -02.46
43.03 -02.44
43.46 -02.43
43.90 -02.41
44.33 -02.40
44.78 -02.39
45.23 -02.38
45.68 -02.38
46.13 -02.37
46.60 -02.37
47.06 -02.36
47.53 -02.36
48.01 -02.36
48.49 -02.36
48.97 -02.36
49.46 -02.36
49.96 -02.37
50.46 -02.38
50.96 -02.38
51.47 -02.39
51.99 -02.40
52.51 -02.42
53.03 -02.43
53.56 -02.45
54.10 -02.48
54.64 -02.50
55.18 -02.53
55.74 -02.57
56.29 -02.61
56.86 -02.65
57.42 -02.70
58.00 -02.75
58.58 -02.80
59.16 -02.86
59.76 -02.91
60.35 -02.97
60.96 -03.02
61.57 -03.07
62.18 -03.11
62.80 -03.13
63.43 -03.15
64.07 -03.15
64.71 -03.14
65.35 -03.12
66.01 -03.08
66.67 -03.02
67.33 -02.96
68.01 -02.88
68.69 -02.80
69.37 -02.71
70.07 -02.61
70.77 -02.52
71.48 -02.43
72.19 -02.34
72.91 -02.26
73.64 -02.19
74.38 -02.12
75.12 -02.06
75.87 -02.01
76.63 -01.96
77.40 -01.92
78.17 -01.89
78.95 -01.86
79.74 -01.84
80.54 -01.83
81.35 -01.82
82.16 -01.82
82.98 -01.82
83.81 -01.83
84.65 -01.84
85.50 -01.86
86.35 -01.89
87.22 -01.93
88.09 -01.97
88.97 -02.02
89.86 -02.08
90.76 -02.14
91.66 -02.20
92.58 -02.25
93.51 -02.31
94.44 -02.36
95.39 -02.40
96.34 -02.43
97.30 -02.45
98.28 -02.46
99.26 -02.46
100.25 -02.46
101.25 -02.44
102.27 -02.43
103.29 -02.41
104.32 -02.39
105.37 -02.37
106.42 -02.36
107.48 -02.35
108.56 -02.35
109.64 -02.34
110.74 -02.34
111.85 -02.35
112.97 -02.35
114.10 -02.36
115.24 -02.37
116.39 -02.37
117.55 -02.38
118.73 -02.38
119.92 -02.39
121.12 -02.39
122.33 -02.39
123.55 -02.39
124.79 -02.39
126.03 -02.38
127.29 -02.38
128.57 -02.38
129.85 -02.37
131.15 -02.37
132.46 -02.36
133.79 -02.36
135.12 -02.35
136.48 -02.35
137.84 -02.34
139.22 -02.34
140.61 -02.33
142.02 -02.33
143.44 -02.33
144.87 -02.32
146.32 -02.32
147.78 -02.32
149.26 -02.31
150.75 -02.31
152.26 -02.30
153.78 -02.30
155.32 -02.29
156.88 -02.28
158.44 -02.27
160.03 -02.27
161.63 -02.24
163.24 -02.22
164.88 -02.19
166.53 -02.16
168.19 -02.12
169.87 -02.08
171.57 -02.03
173.29 -01.98
175.02 -01.92
176.77 -01.86
178.54 -01.80
180.32 -01.74
182.13 -01.66
183.95 -01.61
185.79 -01.55
187.65 -01.48
189.52 -01.43
191.42 -01.38
193.33 -01.34
195.27 -01.30
197.22 -01.27
199.19 -01.24
201.18 -01.22
203.19 -01.20
205.23 -01.20
207.28 -01.19
209.35 -01.19
211.44 -01.18
213.56 -01.17
215.69 -01.16
217.85 -01.14
220.03 -01.12
222.23 -01.09
224.45 -01.04
226.70 -01.00
228.96 -00.95
231.25 -00.89
233.57 -00.83
235.90 -00.77
238.26 -00.71
240.64 -00.62
243.05 -00.54
245.48 -00.46
247.93 -00.36
250.41 -00.26
252.92 -00.16
255.45 -00.05
258.00 00.05
260.58 00.15
263.19 00.25
265.82 00.33
268.48 00.42
271.16 00.49
273.87 00.56
276.61 00.63
279.38 00.68
282.17 00.74
284.99 00.79
287.84 00.84
290.72 00.88
293.63 00.93
296.57 00.98
299.53 01.02
302.53 01.07
305.55 01.10
308.61 01.13
311.69 01.16
314.81 01.17
317.96 01.19
321.14 01.19
324.35 01.21
327.59 01.21
330.87 01.20
334.18 01.20
337.52 01.20
340.90 01.20
344.30 01.18
347.75 01.17
351.23 01.17
354.74 01.15
358.28 01.13
361.87 01.12
365.49 01.11
369.14 01.09
372.83 01.07
376.56 01.05
380.33 01.03
384.13 01.01
387.97 00.99
391.85 00.96
395.77 00.94
399.73 00.90
403.72 00.88
407.76 00.84
411.84 00.82
415.96 00.79
420.12 00.78
424.32 00.75
428.56 00.74
432.85 00.74
437.18 00.72
441.55 00.72
445.96 00.72
450.42 00.70
454.93 00.69
459.48 00.67
464.07 00.65
468.71 00.63
473.40 00.61
478.13 00.59
482.91 00.56
487.74 00.54
492.62 00.52
497.55 00.50
502.52 00.48
507.55 00.47
512.62 00.45
517.75 00.44
522.93 00.44
528.16 00.43
533.44 00.43
538.77 00.42
544.16 00.41
549.60 00.41
555.10 00.40
560.65 00.40
566.25 00.39
571.92 00.40
577.64 00.39
583.41 00.39
589.25 00.38
595.14 00.37
601.09 00.37
607.10 00.36
613.17 00.37
619.30 00.36
625.50 00.37
631.75 00.38
638.07 00.38
644.45 00.38
650.89 00.36
657.40 00.35
663.98 00.34
670.62 00.33
677.32 00.32
684.10 00.32
690.94 00.30
697.85 00.30
704.83 00.28
711.87 00.27
718.99 00.26
726.18 00.24
733.44 00.22
740.78 00.20
748.19 00.20
755.67 00.18
763.23 00.16
770.86 00.15
778.57 00.13
786.35 00.11
794.22 00.09
802.16 00.08
810.18 00.06
818.28 00.04
826.46 00.01
834.73 00.00
843.08 -00.03
851.51 -00.06
860.02 -00.09
868.62 -00.11
877.31 -00.13
886.08 -00.16
894.94 -00.19
903.89 -00.22
912.93 -00.22
922.06 -00.23
931.28 -00.22
940.59 -00.23
950.00 -00.23
959.50 -00.22
969.09 -00.23
978.78 -00.23
988.57 -00.23
998.46 -00.25
1008.44 -00.25
1018.53 -00.27
1028.71 -00.30
1039.00 -00.33
1049.39 -00.36
1059.88 -00.42
1070.48 -00.47
1081.19 -00.52
1092.00 -00.59
1102.92 -00.64
1113.95 -00.70
1125.09 -00.75
1136.34 -00.80
1147.70 -00.83
1159.18 -00.85
1170.77 -00.84
1182.48 -00.82
1194.30 -00.78
1206.25 -00.72
1218.31 -00.64
1230.49 -00.56
1242.80 -00.47
1255.22 -00.39
1267.78 -00.30
1280.45 -00.22
1293.26 -00.13
1306.19 -00.06
1319.25 00.00
1332.45 00.04
1345.77 00.08
1359.23 00.10
1372.82 00.12
1386.55 00.13
1400.41 00.13
1414.42 00.13
1428.56 00.13
1442.85 00.13
1457.28 00.13
1471.85 00.14
1486.57 00.16
1501.43 00.18
1516.45 00.22
1531.61 00.26
1546.93 00.30
1562.40 00.34
1578.02 00.38
1593.80 00.42
1609.74 00.46
1625.84 00.48
1642.10 00.49
1658.52 00.49
1675.10 00.48
1691.85 00.45
1708.77 00.41
1725.86 00.36
1743.12 00.29
1760.55 00.20
1778.15 00.10
1795.94 -00.01
1813.90 -00.15
1832.03 -00.31
1850.36 -00.49
1868.86 -00.68
1887.55 -00.90
1906.42 -01.15
1925.49 -01.42
1944.74 -01.72
1964.19 -02.04
1983.83 -02.37
2003.67 -02.71
2023.71 -03.05
2043.94 -03.40
2064.38 -03.72
2085.03 -04.03
2105.88 -04.28
2126.94 -04.51
2148.20 -04.69
2169.69 -04.83
2191.38 -04.92
2213.30 -04.97
2235.43 -04.98
2257.78 -04.96
2280.36 -04.93
2303.17 -04.88
2326.20 -04.82
2349.46 -04.75
2372.95 -04.67
2396.68 -04.58
2420.65 -04.49
2444.86 -04.39
2469.31 -04.28
2494.00 -04.16
2518.94 -04.03
2544.13 -03.91
2569.57 -03.78
2595.27 -03.66
2621.22 -03.56
2647.43 -03.47
2673.90 -03.41
2700.64 -03.35
2727.65 -03.32
2754.93 -03.32
2782.48 -03.34
2810.30 -03.36
2838.40 -03.42
2866.79 -03.49
2895.46 -03.56
2924.41 -03.65
2953.65 -03.73
2983.19 -03.83
3013.02 -03.93
3043.15 -04.06
3073.58 -04.26
3104.32 -04.52
3135.36 -04.87
3166.72 -05.30
3198.38 -05.80
3230.37 -06.33
3262.67 -06.87
3295.30 -07.34
3328.25 -07.76
3361.53 -08.08
3395.15 -08.32
3429.10 -08.43
3463.39 -08.38
3498.03 -08.20
3533.01 -07.93
3568.34 -07.65
3604.02 -07.45
3640.06 -07.35
3676.46 -07.39
3713.22 -07.53
3750.36 -07.75
3787.86 -07.99
3825.74 -08.21
3864.00 -08.40
3902.64 -08.56
3941.66 -08.71
3981.08 -08.89
4020.89 -09.10
4061.10 -09.35
4101.71 -09.63
4142.73 -09.91
4184.15 -10.14
4226.00 -10.24
4268.26 -10.17
4310.94 -09.92
4354.05 -09.52
4397.59 -09.03
4441.56 -08.50
4485.98 -07.97
4530.84 -07.47
4576.15 -07.02
4621.91 -06.63
4668.13 -06.32
4714.81 -06.07
4761.96 -05.91
4809.58 -05.82
4857.67 -05.80
4906.25 -05.82
4955.31 -05.85
5004.87 -05.86
5054.91 -05.85
5105.46 -05.80
5156.52 -05.80
5208.08 -05.79
5260.16 -05.75
5312.77 -05.68
5365.89 -05.57
5419.55 -05.44
5473.75 -05.30
5528.49 -05.17
5583.77 -05.03
5639.61 -04.92
5696.00 -04.83
5752.96 -04.77
5810.49 -04.75
5868.60 -04.78
5927.28 -04.87
5986.56 -05.02
6046.42 -05.01
6106.89 -04.99
6167.96 -05.03
6229.64 -05.13
6291.93 -05.29
6354.85 -05.52
6418.40 -05.81
6482.58 -06.16
6547.41 -06.58
6612.88 -07.04
6679.01 -07.54
6745.80 -08.07
6813.26 -08.62
6881.39 -09.22
6950.21 -09.83
7019.71 -10.46
7089.91 -11.06
7160.81 -11.55
7232.41 -11.84
7304.74 -12.01
7377.79 -11.91
7451.56 -11.54
7526.08 -10.98
7601.34 -10.31
7677.35 -09.61
7754.13 -08.92
7831.67 -08.24
7909.98 -07.59
7989.08 -06.97
8068.98 -06.40
8149.67 -05.90
8231.16 -05.47
8313.47 -05.13
8396.61 -04.86
8480.57 -04.66
8565.38 -04.51
8651.03 -04.40
8737.54 -04.34
8824.92 -04.32
8913.17 -04.37
9002.30 -04.47
9092.32 -04.64
9183.25 -04.87
9275.08 -05.18
9367.83 -05.56
9461.51 -06.01
9556.12 -06.53
9651.68 -07.09
9748.20 -07.69
9845.68 -08.29
9944.14 -08.87
10043.58 -09.38
10144.02 -09.70
10245.46 -09.69
10347.91 -09.22
10451.39 -08.43
10555.91 -07.46
10661.46 -06.46
10768.08 -05.49
10875.76 -04.61
10984.52 -03.82
11094.36 -03.11
11205.31 -02.49
11317.36 -01.94
11430.53 -01.47
11544.84 -01.08
11660.29 -00.77
11776.89 -00.55
11894.66 -00.39
12013.60 -00.32
12133.74 -00.30
12255.08 -00.35
12377.63 -00.45
12501.41 -00.63
12626.42 -00.88
12752.68 -01.20
12880.21 -01.58
13009.01 -02.00
13139.10 -02.47
13270.49 -02.98
13403.20 -03.54
13537.23 -04.19
13672.60 -04.90
13809.33 -05.62
13947.42 -06.30
14086.90 -06.82
14227.77 -07.13
14370.04 -07.30
14513.74 -07.45
14658.88 -07.70
14805.47 -07.93
14953.52 -08.07
15103.06 -08.12
15254.09 -08.07
15406.63 -07.97
15560.70 -07.86
15716.30 -07.77
15873.47 -07.70
16032.20 -07.61
16192.52 -07.47
16354.45 -07.25
16517.99 -06.96
16683.17 -06.63
16850.01 -06.28
17018.51 -05.93
17188.69 -05.67
17360.58 -05.50
17534.18 -05.45
17709.53 -05.49
17886.62 -05.57
18065.49 -05.72
18246.14 -05.93
18428.60 -06.20
18612.89 -06.52
18799.02 -06.90
18987.01 -07.33
19176.88 -07.80
19368.65 -08.33
19562.33 -08.86
19757.96 -09.38
19955.54 -09.91
20000.00 -10.03
