20.00 -05.12
20.20 -05.02
20.40 -04.92
20.61 -04.83
20.81 -04.73
21.02 -04.64
21.23 -04.55
21.44 -04.45
21.66 -04.36
21.87 -04.27
22.09 -04.18
22.31 -04.09
22.54 -04.00
22.76 -03.92
22.99 -03.83
23.22 -03.74
23.45 -03.65
23.69 -03.56
23.92 -03.48
24.16 -03.39
24.40 -03.31
24.65 -03.22
24.89 -03.13
25.14 -03.05
25.39 -02.96
25.65 -02.88
25.91 -02.79
26.16 -02.71
26.43 -02.62
26.69 -02.54
26.96 -02.46
27.23 -02.38
27.50 -02.30
27.77 -02.22
28.05 -02.14
28.33 -02.06
28.62 -01.98
28.90 -01.90
29.19 -01.83
29.48 -01.75
29.78 -01.68
30.08 -01.60
30.38 -01.53
30.68 -01.46
30.99 -01.39
31.30 -01.32
31.61 -01.25
31.93 -01.18
32.24 -01.12
32.57 -01.05
32.89 -00.98
33.22 -00.92
33.55 -00.85
33.89 -00.78
34.23 -00.72
34.57 -00.65
34.92 -00.59
35.27 -00.53
35.62 -00.46
35.97 -00.40
36.33 -00.34
36.70 -00.28
37.06 -00.22
37.43 -00.16
37.81 -00.10
38.19 -00.05
38.57 00.01
38.95 00.06
39.34 00.12
39.74 00.17
40.14 00.22
40.54 00.27
40.94 00.32
41.35 00.37
41.76 00.41
42.18 00.46
42.60 00.50
43.03 00.54
43.46 00.58
43.90 00.63
44.33 00.66
44.78 00.70
45.23 00.74
45.68 00.78
46.13 00.81
46.60 00.84
47.06 00.88
47.53 00.91
48.01 00.93
48.49 00.96
48.97 00.99
49.46 01.01
49.96 01.03
50.46 01.05
50.96 01.07
51.47 01.09
51.99 01.10
52.51 01.11
53.03 01.12
53.56 01.12
54.10 01.13
54.64 01.12
55.18 01.12
55.74 01.11
56.29 01.10
56.86 01.09
57.42 01.07
58.00 01.05
58.58 01.03
59.16 01.01
59.76 00.99
60.35 00.97
60.96 00.95
61.57 00.94
62.18 00.92
62.80 00.91
63.43 00.90
64.07 00.90
64.71 00.90
65.35 00.90
66.01 00.90
66.67 00.91
67.33 00.92
68.01 00.94
68.69 00.96
69.37 00.98
70.07 01.00
70.77 01.02
71.48 01.03
72.19 01.05
72.91 01.06
73.64 01.06
74.38 01.06
75.12 01.05
75.87 01.03
76.63 01.00
77.40 00.96
78.17 00.92
78.95 00.87
79.74 00.81
80.54 00.75
81.35 00.69
82.16 00.63
82.98 00.58
83.81 00.53
84.65 00.49
85.50 00.46
86.35 00.45
87.22 00.44
88.09 00.45
88.97 00.46
89.86 00.49
90.76 00.52
91.66 00.55
92.58 00.58
93.51 00.61
94.44 00.64
95.39 00.66
96.34 00.67
97.30 00.68
98.28 00.69
99.26 00.69
100.25 00.68
101.25 00.66
102.27 00.64
103.29 00.62
104.32 00.59
105.37 00.56
106.42 00.52
107.48 00.48
108.56 00.43
109.64 00.38
110.74 00.33
111.85 00.27
112.97 00.22
114.10 00.16
115.24 00.10
116.39 00.05
117.55 00.00
118.73 -00.04
119.92 -00.09
121.12 -00.13
122.33 -00.16
123.55 -00.20
124.79 -00.23
126.03 -00.27
127.29 -00.30
128.57 -00.34
129.85 -00.39
131.15 -00.44
132.46 -00.49
133.79 -00.55
135.12 -00.61
136.48 -00.68
137.84 -00.75
139.22 -00.83
140.61 -00.91
142.02 -00.99
143.44 -01.08
144.87 -01.16
146.32 -01.25
147.78 -01.35
149.26 -01.44
150.75 -01.54
152.26 -01.63
153.78 -01.73
155.32 -01.84
156.88 -01.94
158.44 -02.04
160.03 -02.15
161.63 -02.24
163.24 -02.34
164.88 -02.43
166.53 -02.53
168.19 -02.64
169.87 -02.75
171.57 -02.84
173.29 -02.96
175.02 -03.06
176.77 -03.16
178.54 -03.27
180.32 -03.37
182.13 -03.45
183.95 -03.54
185.79 -03.62
187.65 -03.68
189.52 -03.73
191.42 -03.77
193.33 -03.81
195.27 -03.84
197.22 -03.89
199.19 -03.95
201.18 -04.02
203.19 -04.10
205.23 -04.21
207.28 -04.32
209.35 -04.45
211.44 -04.58
213.56 -04.73
215.69 -04.87
217.85 -05.01
220.03 -05.14
222.23 -05.24
224.45 -05.32
226.70 -05.39
228.96 -05.45
231.25 -05.49
233.57 -05.55
235.90 -05.60
238.26 -05.65
240.64 -05.70
243.05 -05.77
245.48 -05.84
247.93 -05.91
250.41 -05.99
252.92 -06.07
255.45 -06.13
258.00 -06.19
260.58 -06.25
263.19 -06.28
265.82 -06.31
268.48 -06.33
271.16 -06.34
273.87 -06.36
276.61 -06.36
279.38 -06.36
282.17 -06.36
284.99 -06.35
287.84 -06.33
290.72 -06.32
293.63 -06.28
296.57 -06.24
299.53 -06.20
302.53 -06.15
305.55 -06.09
308.61 -06.02
311.69 -05.95
314.81 -05.88
317.96 -05.81
321.14 -05.74
324.35 -05.66
327.59 -05.59
330.87 -05.51
334.18 -05.43
337.52 -05.34
340.90 -05.25
344.30 -05.15
347.75 -05.05
351.23 -04.94
354.74 -04.82
358.28 -04.70
361.87 -04.56
365.49 -04.42
369.14 -04.27
372.83 -04.11
376.56 -03.96
380.33 -03.79
384.13 -03.63
387.97 -03.47
391.85 -03.31
395.77 -03.16
399.73 -03.02
403.72 -02.87
407.76 -02.73
411.84 -02.59
415.96 -02.47
420.12 -02.35
424.32 -02.25
428.56 -02.14
432.85 -02.04
437.18 -01.94
441.55 -01.85
445.96 -01.75
450.42 -01.67
454.93 -01.59
459.48 -01.52
464.07 -01.45
468.71 -01.37
473.40 -01.28
478.13 -01.20
482.91 -01.12
487.74 -01.03
492.62 -00.93
497.55 -00.83
502.52 -00.72
507.55 -00.61
512.62 -00.51
517.75 -00.41
522.93 -00.30
528.16 -00.20
533.44 -00.10
538.77 -00.02
544.16 00.06
549.60 00.14
555.10 00.21
560.65 00.28
566.25 00.34
571.92 00.40
577.64 00.44
583.41 00.49
589.25 00.53
595.14 00.58
601.09 00.62
607.10 00.65
613.17 00.69
619.30 00.71
625.50 00.75
631.75 00.78
638.07 00.81
644.45 00.84
650.89 00.85
657.40 00.86
663.98 00.88
670.62 00.89
677.32 00.91
684.10 00.93
690.94 00.94
697.85 00.96
704.83 00.96
711.87 00.97
718.99 00.98
726.18 00.98
733.44 00.97
740.78 00.96
748.19 00.96
755.67 00.94
763.23 00.92
770.86 00.91
778.57 00.89
786.35 00.86
794.22 00.83
802.16 00.81
810.18 00.78
818.28 00.74
826.46 00.71
834.73 00.68
843.08 00.64
851.51 00.61
860.02 00.56
868.62 00.52
877.31 00.49
886.08 00.45
894.94 00.41
903.89 00.36
912.93 00.34
922.06 00.30
931.28 00.28
940.59 00.24
950.00 00.21
959.50 00.18
969.09 00.14
978.78 00.11
988.57 00.08
998.46 00.04
1008.44 00.01
1018.53 -00.02
1028.71 -00.07
1039.00 -00.11
1049.39 -00.16
1059.88 -00.23
1070.48 -00.29
1081.19 -00.37
1092.00 -00.45
1102.92 -00.53
1113.95 -00.60
1125.09 -00.67
1136.34 -00.74
1147.70 -00.78
1159.18 -00.82
1170.77 -00.83
1182.48 -00.85
1194.30 -00.84
1206.25 -00.83
1218.31 -00.81
1230.49 -00.79
1242.80 -00.78
1255.22 -00.79
1267.78 -00.80
1280.45 -00.82
1293.26 -00.85
1306.19 -00.89
1319.25 -00.94
1332.45 -01.03
1345.77 -01.12
1359.23 -01.24
1372.82 -01.37
1386.55 -01.50
1400.41 -01.61
1414.42 -01.70
1428.56 -01.77
1442.85 -01.81
1457.28 -01.84
1471.85 -01.85
1486.57 -01.84
1501.43 -01.81
1516.45 -01.77
1531.61 -01.71
1546.93 -01.67
1562.40 -01.65
1578.02 -01.67
1593.80 -01.72
1609.74 -01.78
1625.84 -01.87
1642.10 -01.99
1658.52 -02.12
1675.10 -02.29
1691.85 -02.50
1708.77 -02.73
1725.86 -02.98
1743.12 -03.23
1760.55 -03.48
1778.15 -03.72
1795.94 -03.94
1813.90 -04.16
1832.03 -04.36
1850.36 -04.53
1868.86 -04.65
1887.55 -04.72
1906.42 -04.74
1925.49 -04.73
1944.74 -04.75
1964.19 -04.76
1983.83 -04.80
2003.67 -04.85
2023.71 -04.92
2043.94 -04.99
2064.38 -05.07
2085.03 -05.16
2105.88 -05.25
2126.94 -05.36
2148.20 -05.47
2169.69 -05.59
2191.38 -05.72
2213.30 -05.86
2235.43 -05.99
2257.78 -06.13
2280.36 -06.28
2303.17 -06.43
2326.20 -06.57
2349.46 -06.72
2372.95 -06.87
2396.68 -07.01
2420.65 -07.16
2444.86 -07.32
2469.31 -07.47
2494.00 -07.63
2518.94 -07.78
2544.13 -07.95
2569.57 -08.13
2595.27 -08.31
2621.22 -08.51
2647.43 -08.72
2673.90 -08.94
2700.64 -09.16
2727.65 -09.41
2754.93 -09.67
2782.48 -09.96
2810.30 -10.26
2838.40 -10.60
2866.79 -10.98
2895.46 -11.39
2924.41 -11.86
2953.65 -12.37
2983.19 -12.93
3013.02 -13.52
3043.15 -14.07
3073.58 -14.57
3104.32 -14.92
3135.36 -15.10
3166.72 -15.04
3198.38 -14.76
3230.37 -14.28
3262.67 -13.71
3295.30 -13.10
3328.25 -12.51
3361.53 -11.98
3395.15 -11.53
3429.10 -11.15
3463.39 -10.85
3498.03 -10.64
3533.01 -10.48
3568.34 -10.38
3604.02 -10.35
3640.06 -10.38
3676.46 -10.46
3713.22 -10.57
3750.36 -10.71
3787.86 -10.87
3825.74 -11.03
3864.00 -11.20
3902.64 -11.38
3941.66 -11.57
3981.08 -11.78
4020.89 -12.02
4061.10 -12.32
4101.71 -12.68
4142.73 -13.10
4184.15 -13.56
4226.00 -14.06
4268.26 -14.56
4310.94 -15.06
4354.05 -15.52
4397.59 -15.89
4441.56 -16.12
4485.98 -16.13
4530.84 -15.89
4576.15 -15.39
4621.91 -14.71
4668.13 -13.95
4714.81 -13.15
4761.96 -12.36
4809.58 -11.55
4857.67 -10.73
4906.25 -09.86
4955.31 -08.97
5004.87 -08.05
5054.91 -07.12
5105.46 -06.19
5156.52 -05.35
5208.08 -04.62
5260.16 -03.97
5312.77 -03.42
5365.89 -02.98
5419.55 -02.65
5473.75 -02.41
5528.49 -02.28
5583.77 -02.22
5639.61 -02.24
5696.00 -02.34
5752.96 -02.51
5810.49 -02.75
5868.60 -03.03
5927.28 -03.35
5986.56 -03.70
6046.42 -03.82
6106.89 -03.87
6167.96 -03.88
6229.64 -03.85
6291.93 -03.79
6354.85 -03.70
6418.40 -03.59
6482.58 -03.45
6547.41 -03.31
6612.88 -03.15
6679.01 -03.01
6745.80 -02.87
6813.26 -02.74
6881.39 -02.63
6950.21 -02.51
7019.71 -02.38
7089.91 -02.19
7160.81 -01.91
7232.41 -01.52
7304.74 -01.16
7377.79 -00.73
7451.56 -00.22
7526.08 00.34
7601.34 00.91
7677.35 01.47
7754.13 01.98
7831.67 02.43
7909.98 02.81
7989.08 03.12
8068.98 03.36
8149.67 03.53
8231.16 03.65
8313.47 03.73
8396.61 03.77
8480.57 03.78
8565.38 03.78
8651.03 03.76
8737.54 03.74
8824.92 03.72
8913.17 03.70
9002.30 03.67
9092.32 03.63
9183.25 03.55
9275.08 03.42
9367.83 03.25
9461.51 03.03
9556.12 02.75
9651.68 02.42
9748.20 02.03
9845.68 01.60
9944.14 01.10
10043.58 00.56
10144.02 -00.03
10245.46 -00.63
10347.91 -01.14
10451.39 -01.61
10555.91 -02.05
10661.46 -02.48
10768.08 -02.88
10875.76 -03.25
10984.52 -03.58
11094.36 -03.88
11205.31 -04.15
11317.36 -04.38
11430.53 -04.59
11544.84 -04.79
11660.29 -04.97
11776.89 -05.15
11894.66 -05.30
12013.60 -05.43
12133.74 -05.52
12255.08 -05.58
12377.63 -05.61
12501.41 -05.61
12626.42 -05.59
12752.68 -05.52
12880.21 -05.39
13009.01 -05.19
13139.10 -04.92
13270.49 -04.60
13403.20 -04.24
13537.23 -03.85
13672.60 -03.45
13809.33 -03.06
13947.42 -02.74
14086.90 -02.47
14227.77 -02.30
14370.04 -02.22
14513.74 -02.28
14658.88 -02.59
14805.47 -03.02
14953.52 -03.57
15103.06 -04.29
15254.09 -05.18
15406.63 -06.29
15560.70 -07.60
15716.30 -09.03
15873.47 -10.45
16032.20 -11.63
16192.52 -12.33
16354.45 -12.46
16517.99 -12.12
16683.17 -11.52
16850.01 -10.83
17018.51 -10.16
17188.69 -09.58
17360.58 -09.12
17534.18 -08.81
17709.53 -08.67
17886.62 -08.65
18065.49 -08.77
18246.14 -08.98
18428.60 -09.32
18612.89 -09.75
18799.02 -10.32
18987.01 -11.03
19176.88 -11.85
19368.65 -12.80
19562.33 -13.84
19757.96 -14.95
19955.54 -16.08
20000.00 -16.33
