20.00 -02.85
20.20 -02.80
20.40 -02.75
20.61 -02.70
20.81 -02.66
21.02 -02.61
21.23 -02.57
21.44 -02.53
21.66 -02.49
21.87 -02.45
22.09 -02.41
22.31 -02.37
22.54 -02.33
22.76 -02.30
22.99 -02.26
23.22 -02.22
23.45 -02.19
23.69 -02.15
23.92 -02.11
24.16 -02.08
24.40 -02.04
24.65 -02.01
24.89 -01.97
25.14 -01.94
25.39 -01.90
25.65 -01.87
25.91 -01.83
26.16 -01.80
26.43 -01.76
26.69 -01.73
26.96 -01.70
27.23 -01.67
27.50 -01.63
27.77 -01.60
28.05 -01.57
28.33 -01.54
28.62 -01.51
28.90 -01.48
29.19 -01.45
29.48 -01.43
29.78 -01.40
30.08 -01.37
30.38 -01.34
30.68 -01.32
30.99 -01.29
31.30 -01.27
31.61 -01.24
31.93 -01.22
32.24 -01.20
32.57 -01.17
32.89 -01.15
33.22 -01.12
33.55 -01.10
33.89 -01.08
34.23 -01.05
34.57 -01.03
34.92 -01.01
35.27 -00.98
35.62 -00.96
35.97 -00.94
36.33 -00.92
36.70 -00.90
37.06 -00.88
37.43 -00.86
37.81 -00.84
38.19 -00.82
38.57 -00.80
38.95 -00.78
39.34 -00.76
39.74 -00.75
40.14 -00.73
40.54 -00.71
40.94 -00.70
41.35 -00.68
41.76 -00.67
42.18 -00.65
42.60 -00.64
43.03 -00.63
43.46 -00.62
43.90 -00.61
44.33 -00.60
44.78 -00.59
45.23 -00.58
45.68 -00.58
46.13 -00.57
46.60 -00.57
47.06 -00.56
47.53 -00.56
48.01 -00.55
48.49 -00.55
48.97 -00.55
49.46 -00.54
49.96 -00.54
50.46 -00.53
50.96 -00.53
51.47 -00.52
51.99 -00.51
52.51 -00.50
53.03 -00.49
53.56 -00.47
54.10 -00.46
54.64 -00.44
55.18 -00.42
55.74 -00.41
56.29 -00.38
56.86 -00.36
57.42 -00.34
58.00 -00.32
58.58 -00.29
59.16 -00.27
59.76 -00.24
60.35 -00.22
60.96 -00.19
61.57 -00.17
62.18 -00.15
62.80 -00.12
63.43 -00.10
64.07 -00.08
64.71 -00.06
65.35 -00.04
66.01 -00.02
66.67 00.00
67.33 00.02
68.01 00.03
68.69 00.05
69.37 00.07
70.07 00.08
70.77 00.10
71.48 00.11
72.19 00.13
72.91 00.14
73.64 00.16
74.38 00.17
75.12 00.18
75.87 00.19
76.63 00.20
77.40 00.21
78.17 00.22
78.95 00.23
79.74 00.24
80.54 00.25
81.35 00.26
82.16 00.27
82.98 00.28
83.81 00.29
84.65 00.30
85.50 00.30
86.35 00.31
87.22 00.32
88.09 00.33
88.97 00.34
89.86 00.35
90.76 00.36
91.66 00.37
92.58 00.37
93.51 00.38
94.44 00.39
95.39 00.40
96.34 00.41
97.30 00.42
98.28 00.43
99.26 00.43
100.25 00.44
101.25 00.45
102.27 00.46
103.29 00.47
104.32 00.47
105.37 00.48
106.42 00.49
107.48 00.50
108.56 00.50
109.64 00.51
110.74 00.51
111.85 00.52
112.97 00.52
114.10 00.53
115.24 00.53
116.39 00.54
117.55 00.54
118.73 00.54
119.92 00.55
121.12 00.55
122.33 00.55
123.55 00.55
124.79 00.55
126.03 00.55
127.29 00.55
128.57 00.55
129.85 00.55
131.15 00.55
132.46 00.55
133.79 00.55
135.12 00.55
136.48 00.55
137.84 00.55
139.22 00.55
140.61 00.54
142.02 00.54
143.44 00.54
144.87 00.54
146.32 00.54
147.78 00.54
149.26 00.54
150.75 00.54
152.26 00.54
153.78 00.54
155.32 00.55
156.88 00.55
158.44 00.55
160.03 00.55
161.63 00.56
163.24 00.57
164.88 00.59
166.53 00.60
168.19 00.60
169.87 00.61
171.57 00.63
173.29 00.63
175.02 00.64
176.77 00.66
178.54 00.66
180.32 00.67
182.13 00.68
183.95 00.69
185.79 00.69
187.65 00.71
189.52 00.71
191.42 00.72
193.33 00.72
195.27 00.73
197.22 00.73
199.19 00.74
201.18 00.74
203.19 00.75
205.23 00.74
207.28 00.75
209.35 00.74
211.44 00.75
213.56 00.75
215.69 00.75
217.85 00.76
220.03 00.75
222.23 00.76
224.45 00.76
226.70 00.75
228.96 00.75
231.25 00.75
233.57 00.74
235.90 00.74
238.26 00.73
240.64 00.74
243.05 00.74
245.48 00.75
247.93 00.76
250.41 00.77
252.92 00.78
255.45 00.81
258.00 00.82
260.58 00.84
263.19 00.87
265.82 00.88
268.48 00.91
271.16 00.93
273.87 00.96
276.61 00.99
279.38 01.02
282.17 01.06
284.99 01.09
287.84 01.13
290.72 01.16
293.63 01.20
296.57 01.23
299.53 01.26
302.53 01.29
305.55 01.31
308.61 01.33
311.69 01.35
314.81 01.36
317.96 01.37
321.14 01.37
324.35 01.38
327.59 01.38
330.87 01.37
334.18 01.36
337.52 01.36
340.90 01.35
344.30 01.34
347.75 01.33
351.23 01.33
354.74 01.32
358.28 01.30
361.87 01.30
365.49 01.28
369.14 01.27
372.83 01.24
376.56 01.21
380.33 01.19
384.13 01.15
387.97 01.12
391.85 01.08
395.77 01.04
399.73 00.98
403.72 00.93
407.76 00.88
411.84 00.83
415.96 00.78
420.12 00.75
424.32 00.72
428.56 00.71
432.85 00.71
437.18 00.71
441.55 00.73
445.96 00.77
450.42 00.80
454.93 00.85
459.48 00.90
464.07 00.95
468.71 01.00
473.40 01.05
478.13 01.10
482.91 01.14
487.74 01.18
492.62 01.23
497.55 01.27
502.52 01.31
507.55 01.36
512.62 01.39
517.75 01.41
522.93 01.44
528.16 01.45
533.44 01.47
538.77 01.47
544.16 01.47
549.60 01.48
555.10 01.46
560.65 01.45
566.25 01.43
571.92 01.41
577.64 01.39
583.41 01.37
589.25 01.35
595.14 01.33
601.09 01.31
607.10 01.29
613.17 01.27
619.30 01.25
625.50 01.24
631.75 01.22
638.07 01.20
644.45 01.18
650.89 01.13
657.40 01.09
663.98 01.06
670.62 01.02
677.32 00.98
684.10 00.94
690.94 00.89
697.85 00.86
704.83 00.82
711.87 00.78
718.99 00.74
726.18 00.70
733.44 00.65
740.78 00.61
748.19 00.57
755.67 00.52
763.23 00.47
770.86 00.43
778.57 00.37
786.35 00.32
794.22 00.27
802.16 00.23
810.18 00.17
818.28 00.12
826.46 00.07
834.73 00.03
843.08 -00.02
851.51 -00.07
860.02 -00.12
868.62 -00.17
877.31 -00.21
886.08 -00.26
894.94 -00.30
903.89 -00.35
912.93 -00.38
922.06 -00.42
931.28 -00.45
940.59 -00.50
950.00 -00.53
959.50 -00.57
969.09 -00.61
978.78 -00.65
988.57 -00.68
998.46 -00.72
1008.44 -00.75
1018.53 -00.77
1028.71 -00.80
1039.00 -00.81
1049.39 -00.81
1059.88 -00.82
1070.48 -00.80
1081.19 -00.77
1092.00 -00.75
1102.92 -00.71
1113.95 -00.68
1125.09 -00.64
1136.34 -00.63
1147.70 -00.61
1159.18 -00.60
1170.77 -00.61
1182.48 -00.63
1194.30 -00.65
1206.25 -00.69
1218.31 -00.74
1230.49 -00.81
1242.80 -00.88
1255.22 -00.98
1267.78 -01.07
1280.45 -01.16
1293.26 -01.24
1306.19 -01.32
1319.25 -01.40
1332.45 -01.49
1345.77 -01.56
1359.23 -01.63
1372.82 -01.69
1386.55 -01.73
1400.41 -01.76
1414.42 -01.78
1428.56 -01.79
1442.85 -01.81
1457.28 -01.82
1471.85 -01.82
1486.57 -01.82
1501.43 -01.82
1516.45 -01.81
1531.61 -01.80
1546.93 -01.80
1562.40 -01.80
1578.02 -01.80
1593.80 -01.80
1609.74 -01.78
1625.84 -01.79
1642.10 -01.79
1658.52 -01.79
1675.10 -01.81
1691.85 -01.82
1708.77 -01.84
1725.86 -01.86
1743.12 -01.89
1760.55 -01.94
1778.15 -01.99
1795.94 -02.04
1813.90 -02.11
1832.03 -02.17
1850.36 -02.24
1868.86 -02.30
1887.55 -02.36
1906.42 -02.41
1925.49 -02.47
1944.74 -02.53
1964.19 -02.58
1983.83 -02.63
2003.67 -02.68
2023.71 -02.72
2043.94 -02.75
2064.38 -02.78
2085.03 -02.79
2105.88 -02.80
2126.94 -02.82
2148.20 -02.84
2169.69 -02.87
2191.38 -02.89
2213.30 -02.93
2235.43 -02.98
2257.78 -03.06
2280.36 -03.16
2303.17 -03.28
2326.20 -03.42
2349.46 -03.57
2372.95 -03.73
2396.68 -03.85
2420.65 -03.95
2444.86 -03.98
2469.31 -03.95
2494.00 -03.84
2518.94 -03.65
2544.13 -03.40
2569.57 -03.09
2595.27 -02.73
2621.22 -02.37
2647.43 -01.99
2673.90 -01.62
2700.64 -01.26
2727.65 -00.94
2754.93 -00.65
2782.48 -00.39
2810.30 -00.16
2838.40 00.02
2866.79 00.18
2895.46 00.31
2924.41 00.40
2953.65 00.48
2983.19 00.53
3013.02 00.55
3043.15 00.57
3073.58 00.57
3104.32 00.58
3135.36 00.57
3166.72 00.57
3198.38 00.55
3230.37 00.55
3262.67 00.54
3295.30 00.54
3328.25 00.55
3361.53 00.58
3395.15 00.62
3429.10 00.68
3463.39 00.76
3498.03 00.84
3533.01 00.94
3568.34 01.06
3604.02 01.17
3640.06 01.28
3676.46 01.38
3713.22 01.47
3750.36 01.53
3787.86 01.56
3825.74 01.56
3864.00 01.51
3902.64 01.41
3941.66 01.24
3981.08 01.02
4020.89 00.73
4061.10 00.36
4101.71 -00.09
4142.73 -00.61
4184.15 -01.20
4226.00 -01.88
4268.26 -02.65
4310.94 -03.52
4354.05 -04.47
4397.59 -05.52
4441.56 -06.66
4485.98 -07.86
4530.84 -09.09
4576.15 -10.24
4621.91 -11.16
4668.13 -11.69
4714.81 -11.61
4761.96 -10.92
4809.58 -09.84
4857.67 -08.60
4906.25 -07.42
4955.31 -06.35
5004.87 -05.40
5054.91 -04.56
5105.46 -03.81
5156.52 -03.23
5208.08 -02.74
5260.16 -02.30
5312.77 -01.90
5365.89 -01.52
5419.55 -01.16
5473.75 -00.81
5528.49 -00.47
5583.77 -00.11
5639.61 00.24
5696.00 00.60
5752.96 00.97
5810.49 01.33
5868.60 01.68
5927.28 01.99
5986.56 02.24
6046.42 02.66
6106.89 03.10
6167.96 03.46
6229.64 03.76
6291.93 03.99
6354.85 04.14
6418.40 04.23
6482.58 04.25
6547.41 04.20
6612.88 04.11
6679.01 03.97
6745.80 03.79
6813.26 03.60
6881.39 03.38
6950.21 03.18
7019.71 03.00
7089.91 02.87
7160.81 02.78
7232.41 02.75
7304.74 02.62
7377.79 02.53
7451.56 02.48
7526.08 02.48
7601.34 02.53
7677.35 02.62
7754.13 02.73
7831.67 02.86
7909.98 02.99
7989.08 03.10
8068.98 03.18
8149.67 03.24
8231.16 03.25
8313.47 03.23
8396.61 03.17
8480.57 03.06
8565.38 02.91
8651.03 02.73
8737.54 02.54
8824.92 02.35
8913.17 02.17
9002.30 02.03
9092.32 01.94
9183.25 01.91
9275.08 01.93
9367.83 02.00
9461.51 02.11
9556.12 02.23
9651.68 02.35
9748.20 02.46
9845.68 02.56
9944.14 02.63
10043.58 02.68
10144.02 02.69
10245.46 02.66
10347.91 02.68
10451.39 02.66
10555.91 02.59
10661.46 02.47
10768.08 02.30
10875.76 02.07
10984.52 01.79
11094.36 01.44
11205.31 01.00
11317.36 00.50
11430.53 -00.10
11544.84 -00.79
11660.29 -01.58
11776.89 -02.48
11894.66 -03.45
12013.60 -04.49
12133.74 -05.49
12255.08 -06.36
12377.63 -07.00
12501.41 -07.34
12626.42 -07.42
12752.68 -07.28
12880.21 -06.99
13009.01 -06.61
13139.10 -06.17
13270.49 -05.65
13403.20 -05.04
13537.23 -04.33
13672.60 -03.54
13809.33 -02.71
13947.42 -01.88
14086.90 -01.07
14227.77 -00.31
14370.04 00.40
14513.74 00.98
14658.88 01.33
14805.47 01.58
14953.52 01.74
15103.06 01.81
15254.09 01.79
15406.63 01.67
15560.70 01.44
15716.30 01.12
15873.47 00.70
16032.20 00.17
16192.52 -00.46
16354.45 -01.18
16517.99 -02.00
16683.17 -02.93
16850.01 -03.98
17018.51 -05.16
17188.69 -06.47
17360.58 -07.87
17534.18 -09.28
17709.53 -10.52
17886.62 -11.32
18065.49 -11.48
18246.14 -11.05
18428.60 -10.28
18612.89 -09.41
18799.02 -08.62
18987.01 -08.01
19176.88 -07.59
19368.65 -07.37
19562.33 -07.31
19757.96 -07.36
19955.54 -07.50
20000.00 -07.55
