20.00 -00.43
20.20 -00.37
20.40 -00.32
20.61 -00.26
20.81 -00.21
21.02 -00.16
21.23 -00.11
21.44 -00.07
21.66 -00.03
21.87 00.01
22.09 00.04
22.31 00.08
22.54 00.11
22.76 00.13
22.99 00.15
23.22 00.17
23.45 00.19
23.69 00.21
23.92 00.22
24.16 00.23
24.40 00.24
24.65 00.26
24.89 00.27
25.14 00.28
25.39 00.29
25.65 00.30
25.91 00.31
26.16 00.32
26.43 00.33
26.69 00.34
26.96 00.35
27.23 00.36
27.50 00.37
27.77 00.39
28.05 00.40
28.33 00.41
28.62 00.42
28.90 00.43
29.19 00.44
29.48 00.45
29.78 00.47
30.08 00.48
30.38 00.49
30.68 00.50
30.99 00.51
31.30 00.53
31.61 00.54
31.93 00.55
32.24 00.56
32.57 00.58
32.89 00.59
33.22 00.61
33.55 00.62
33.89 00.63
34.23 00.65
34.57 00.66
34.92 00.68
35.27 00.69
35.62 00.71
35.97 00.73
36.33 00.74
36.70 00.76
37.06 00.77
37.43 00.79
37.81 00.81
38.19 00.83
38.57 00.84
38.95 00.86
39.34 00.88
39.74 00.90
40.14 00.92
40.54 00.94
40.94 00.96
41.35 00.97
41.76 00.99
42.18 01.01
42.60 01.03
43.03 01.05
43.46 01.07
43.90 01.09
44.33 01.11
44.78 01.13
45.23 01.15
45.68 01.17
46.13 01.18
46.60 01.20
47.06 01.21
47.53 01.22
48.01 01.23
48.49 01.24
48.97 01.24
49.46 01.24
49.96 01.24
50.46 01.24
50.96 01.24
51.47 01.24
51.99 01.23
52.51 01.23
53.03 01.23
53.56 01.22
54.10 01.22
54.64 01.22
55.18 01.22
55.74 01.22
56.29 01.22
56.86 01.22
57.42 01.23
58.00 01.24
58.58 01.25
59.16 01.26
59.76 01.28
60.35 01.29
60.96 01.32
61.57 01.34
62.18 01.36
62.80 01.39
63.43 01.42
64.07 01.45
64.71 01.48
65.35 01.50
66.01 01.53
66.67 01.56
67.33 01.59
68.01 01.61
68.69 01.63
69.37 01.65
70.07 01.66
70.77 01.68
71.48 01.69
72.19 01.69
72.91 01.70
73.64 01.70
74.38 01.70
75.12 01.71
75.87 01.71
76.63 01.70
77.40 01.70
78.17 01.70
78.95 01.70
79.74 01.69
80.54 01.69
81.35 01.68
82.16 01.68
82.98 01.67
83.81 01.66
84.65 01.66
85.50 01.65
86.35 01.64
87.22 01.63
88.09 01.62
88.97 01.61
89.86 01.60
90.76 01.60
91.66 01.59
92.58 01.58
93.51 01.57
94.44 01.56
95.39 01.55
96.34 01.54
97.30 01.54
98.28 01.53
99.26 01.52
100.25 01.51
101.25 01.50
102.27 01.49
103.29 01.49
104.32 01.48
105.37 01.47
106.42 01.47
107.48 01.46
108.56 01.45
109.64 01.45
110.74 01.44
111.85 01.44
112.97 01.43
114.10 01.42
115.24 01.42
116.39 01.41
117.55 01.40
118.73 01.39
119.92 01.38
121.12 01.37
122.33 01.36
123.55 01.35
124.79 01.34
126.03 01.32
127.29 01.31
128.57 01.29
129.85 01.27
131.15 01.25
132.46 01.23
133.79 01.21
135.12 01.19
136.48 01.16
137.84 01.14
139.22 01.11
140.61 01.08
142.02 01.06
143.44 01.03
144.87 01.00
146.32 00.97
147.78 00.95
149.26 00.92
150.75 00.90
152.26 00.88
153.78 00.86
155.32 00.84
156.88 00.83
158.44 00.81
160.03 00.79
161.63 00.77
163.24 00.76
164.88 00.74
166.53 00.72
168.19 00.69
169.87 00.66
171.57 00.64
173.29 00.60
175.02 00.57
176.77 00.54
178.54 00.51
180.32 00.49
182.13 00.49
183.95 00.49
185.79 00.49
187.65 00.52
189.52 00.53
191.42 00.57
193.33 00.59
195.27 00.62
197.22 00.64
199.19 00.67
201.18 00.68
203.19 00.69
205.23 00.69
207.28 00.68
209.35 00.65
211.44 00.62
213.56 00.59
215.69 00.56
217.85 00.55
220.03 00.52
222.23 00.52
224.45 00.52
226.70 00.52
228.96 00.53
231.25 00.57
233.57 00.59
235.90 00.62
238.26 00.65
240.64 00.68
243.05 00.70
245.48 00.71
247.93 00.72
250.41 00.72
252.92 00.71
255.45 00.70
258.00 00.67
260.58 00.63
263.19 00.59
265.82 00.53
268.48 00.48
271.16 00.41
273.87 00.34
276.61 00.26
279.38 00.17
282.17 00.08
284.99 -00.02
287.84 -00.12
290.72 -00.24
293.63 -00.34
296.57 -00.44
299.53 -00.55
302.53 -00.65
305.55 -00.75
308.61 -00.84
311.69 -00.92
314.81 -01.01
317.96 -01.08
321.14 -01.14
324.35 -01.18
327.59 -01.21
330.87 -01.23
334.18 -01.23
337.52 -01.19
340.90 -01.15
344.30 -01.10
347.75 -01.02
351.23 -00.93
354.74 -00.83
358.28 -00.74
361.87 -00.63
365.49 -00.54
369.14 -00.44
372.83 -00.36
376.56 -00.29
380.33 -00.23
384.13 -00.18
387.97 -00.14
391.85 -00.12
395.77 -00.09
399.73 -00.07
403.72 -00.05
407.76 -00.04
411.84 -00.02
415.96 00.00
420.12 00.03
424.32 00.05
428.56 00.09
432.85 00.13
437.18 00.17
441.55 00.23
445.96 00.28
450.42 00.33
454.93 00.39
459.48 00.44
464.07 00.49
468.71 00.53
473.40 00.59
478.13 00.63
482.91 00.68
487.74 00.72
492.62 00.76
497.55 00.80
502.52 00.83
507.55 00.87
512.62 00.90
517.75 00.93
522.93 00.96
528.16 00.98
533.44 01.02
538.77 01.04
544.16 01.06
549.60 01.09
555.10 01.11
560.65 01.13
566.25 01.16
571.92 01.19
577.64 01.22
583.41 01.26
589.25 01.30
595.14 01.36
601.09 01.43
607.10 01.49
613.17 01.57
619.30 01.65
625.50 01.74
631.75 01.83
638.07 01.91
644.45 01.98
650.89 02.03
657.40 02.07
663.98 02.12
670.62 02.15
677.32 02.17
684.10 02.19
690.94 02.19
697.85 02.17
704.83 02.12
711.87 02.05
718.99 01.96
726.18 01.83
733.44 01.68
740.78 01.52
748.19 01.34
755.67 01.15
763.23 00.96
770.86 00.79
778.57 00.63
786.35 00.51
794.22 00.42
802.16 00.38
810.18 00.36
818.28 00.35
826.46 00.35
834.73 00.36
843.08 00.34
851.51 00.31
860.02 00.25
868.62 00.18
877.31 00.09
886.08 -00.02
894.94 -00.14
903.89 -00.26
912.93 -00.36
922.06 -00.46
931.28 -00.53
940.59 -00.59
950.00 -00.63
959.50 -00.65
969.09 -00.68
978.78 -00.69
988.57 -00.71
998.46 -00.73
1008.44 -00.76
1018.53 -00.78
1028.71 -00.83
1039.00 -00.86
1049.39 -00.91
1059.88 -00.97
1070.48 -01.02
1081.19 -01.08
1092.00 -01.15
1102.92 -01.20
1113.95 -01.26
1125.09 -01.31
1136.34 -01.37
1147.70 -01.41
1159.18 -01.46
1170.77 -01.50
1182.48 -01.55
1194.30 -01.58
1206.25 -01.61
1218.31 -01.63
1230.49 -01.65
1242.80 -01.66
1255.22 -01.68
1267.78 -01.69
1280.45 -01.71
1293.26 -01.71
1306.19 -01.72
1319.25 -01.73
1332.45 -01.76
1345.77 -01.79
1359.23 -01.83
1372.82 -01.89
1386.55 -01.96
1400.41 -02.04
1414.42 -02.13
1428.56 -02.23
1442.85 -02.33
1457.28 -02.43
1471.85 -02.54
1486.57 -02.65
1501.43 -02.76
1516.45 -02.87
1531.61 -02.97
1546.93 -03.07
1562.40 -03.16
1578.02 -03.23
1593.80 -03.30
1609.74 -03.35
1625.84 -03.42
1642.10 -03.48
1658.52 -03.54
1675.10 -03.60
1691.85 -03.66
1708.77 -03.70
1725.86 -03.74
1743.12 -03.78
1760.55 -03.84
1778.15 -03.91
1795.94 -03.98
1813.90 -04.07
1832.03 -04.17
1850.36 -04.27
1868.86 -04.38
1887.55 -04.49
1906.42 -04.61
1925.49 -04.73
1944.74 -04.86
1964.19 -04.97
1983.83 -05.05
2003.67 -05.12
2023.71 -05.17
2043.94 -05.22
2064.38 -05.26
2085.03 -05.28
2105.88 -05.29
2126.94 -05.29
2148.20 -05.29
2169.69 -05.28
2191.38 -05.28
2213.30 -05.28
2235.43 -05.26
2257.78 -05.25
2280.36 -05.23
2303.17 -05.21
2326.20 -05.17
2349.46 -05.15
2372.95 -05.13
2396.68 -05.09
2420.65 -05.06
2444.86 -05.02
2469.31 -04.97
2494.00 -04.92
2518.94 -04.85
2544.13 -04.79
2569.57 -04.71
2595.27 -04.64
2621.22 -04.56
2647.43 -04.49
2673.90 -04.42
2700.64 -04.34
2727.65 -04.28
2754.93 -04.21
2782.48 -04.16
2810.30 -04.09
2838.40 -04.05
2866.79 -04.00
2895.46 -03.95
2924.41 -03.92
2953.65 -03.88
2983.19 -03.85
3013.02 -03.83
3043.15 -03.79
3073.58 -03.77
3104.32 -03.74
3135.36 -03.72
3166.72 -03.70
3198.38 -03.68
3230.37 -03.66
3262.67 -03.65
3295.30 -03.63
3328.25 -03.63
3361.53 -03.63
3395.15 -03.65
3429.10 -03.67
3463.39 -03.70
3498.03 -03.75
3533.01 -03.80
3568.34 -03.86
3604.02 -03.94
3640.06 -04.03
3676.46 -04.14
3713.22 -04.24
3750.36 -04.35
3787.86 -04.45
3825.74 -04.54
3864.00 -04.62
3902.64 -04.70
3941.66 -04.78
3981.08 -04.85
4020.89 -04.91
4061.10 -04.98
4101.71 -05.05
4142.73 -05.13
4184.15 -05.21
4226.00 -05.30
4268.26 -05.40
4310.94 -05.51
4354.05 -05.63
4397.59 -05.75
4441.56 -05.87
4485.98 -06.00
4530.84 -06.12
4576.15 -06.24
4621.91 -06.36
4668.13 -06.47
4714.81 -06.57
4761.96 -06.67
4809.58 -06.77
4857.67 -06.85
4906.25 -06.91
4955.31 -06.95
5004.87 -06.97
5054.91 -06.96
5105.46 -06.92
5156.52 -06.92
5208.08 -06.91
5260.16 -06.87
5312.77 -06.79
5365.89 -06.67
5419.55 -06.53
5473.75 -06.36
5528.49 -06.19
5583.77 -06.00
5639.61 -05.81
5696.00 -05.61
5752.96 -05.41
5810.49 -05.22
5868.60 -05.05
5927.28 -04.89
5986.56 -04.76
6046.42 -04.44
6106.89 -04.06
6167.96 -03.70
6229.64 -03.35
6291.93 -03.03
6354.85 -02.73
6418.40 -02.45
6482.58 -02.18
6547.41 -01.93
6612.88 -01.69
6679.01 -01.45
6745.80 -01.23
6813.26 -01.01
6881.39 -00.81
6950.21 -00.61
7019.71 -00.42
7089.91 -00.23
7160.81 -00.04
7232.41 00.14
7304.74 00.18
7377.79 00.20
7451.56 00.22
7526.08 00.25
7601.34 00.29
7677.35 00.35
7754.13 00.42
7831.67 00.50
7909.98 00.60
7989.08 00.70
8068.98 00.80
8149.67 00.91
8231.16 01.00
8313.47 01.08
8396.61 01.14
8480.57 01.17
8565.38 01.16
8651.03 01.11
8737.54 01.01
8824.92 00.85
8913.17 00.65
9002.30 00.38
9092.32 00.07
9183.25 -00.30
9275.08 -00.72
9367.83 -01.19
9461.51 -01.69
9556.12 -02.21
9651.68 -02.75
9748.20 -03.27
9845.68 -03.78
9944.14 -04.24
10043.58 -04.67
10144.02 -05.04
10245.46 -05.38
10347.91 -05.60
10451.39 -05.80
10555.91 -06.00
10661.46 -06.23
10768.08 -06.49
10875.76 -06.78
10984.52 -07.09
11094.36 -07.43
11205.31 -07.80
11317.36 -08.17
11430.53 -08.51
11544.84 -08.82
11660.29 -09.05
11776.89 -09.20
11894.66 -09.25
12013.60 -09.23
12133.74 -09.13
12255.08 -08.99
12377.63 -08.82
12501.41 -08.63
12626.42 -08.44
12752.68 -08.22
12880.21 -08.02
13009.01 -07.80
13139.10 -07.57
13270.49 -07.35
13403.20 -07.15
13537.23 -06.96
13672.60 -06.80
13809.33 -06.66
13947.42 -06.59
14086.90 -06.56
14227.77 -06.59
14370.04 -06.68
14513.74 -06.87
14658.88 -07.26
14805.47 -07.72
14953.52 -08.23
15103.06 -08.77
15254.09 -09.30
15406.63 -09.81
15560.70 -10.28
15716.30 -10.70
15873.47 -11.07
16032.20 -11.42
16192.52 -11.77
16354.45 -12.12
16517.99 -12.48
16683.17 -12.86
16850.01 -13.26
17018.51 -13.67
17188.69 -14.10
17360.58 -14.51
17534.18 -14.89
17709.53 -15.21
17886.62 -15.42
18065.49 -15.54
18246.14 -15.58
18428.60 -15.58
18612.89 -15.57
18799.02 -15.57
18987.01 -15.58
19176.88 -15.59
19368.65 -15.62
19562.33 -15.64
19757.96 -15.67
19955.54 -15.71
20000.00 -15.72
