20.00 04.31
20.20 04.39
20.40 04.47
20.61 04.55
20.81 04.62
21.02 04.70
21.23 04.77
21.44 04.84
21.66 04.92
21.87 04.99
22.09 05.06
22.31 05.13
22.54 05.20
22.76 05.26
22.99 05.33
23.22 05.39
23.45 05.45
23.69 05.52
23.92 05.58
24.16 05.64
24.40 05.70
24.65 05.76
24.89 05.81
25.14 05.87
25.39 05.93
25.65 05.98
25.91 06.03
26.16 06.08
26.43 06.13
26.69 06.18
26.96 06.22
27.23 06.27
27.50 06.31
27.77 06.35
28.05 06.38
28.33 06.42
28.62 06.46
28.90 06.49
29.19 06.52
29.48 06.54
29.78 06.57
30.08 06.59
30.38 06.61
30.68 06.63
30.99 06.64
31.30 06.66
31.61 06.67
31.93 06.67
32.24 06.67
32.57 06.67
32.89 06.67
33.22 06.66
33.55 06.64
33.89 06.62
34.23 06.60
34.57 06.57
34.92 06.53
35.27 06.49
35.62 06.45
35.97 06.40
36.33 06.35
36.70 06.30
37.06 06.24
37.43 06.19
37.81 06.13
38.19 06.07
38.57 06.01
38.95 05.96
39.34 05.90
39.74 05.85
40.14 05.80
40.54 05.76
40.94 05.73
41.35 05.69
41.76 05.67
42.18 05.65
42.60 05.65
43.03 05.65
43.46 05.66
43.90 05.68
44.33 05.71
44.78 05.76
45.23 05.81
45.68 05.87
46.13 05.93
46.60 06.01
47.06 06.09
47.53 06.17
48.01 06.26
48.49 06.35
48.97 06.44
49.46 06.53
49.96 06.62
50.46 06.69
50.96 06.76
51.47 06.82
51.99 06.87
52.51 06.90
53.03 06.91
53.56 06.91
54.10 06.89
54.64 06.84
55.18 06.78
55.74 06.70
56.29 06.60
56.86 06.48
57.42 06.35
58.00 06.20
58.58 06.05
59.16 05.89
59.76 05.73
60.35 05.57
60.96 05.41
61.57 05.26
62.18 05.14
62.80 05.03
63.43 04.94
64.07 04.87
64.71 04.82
65.35 04.79
66.01 04.79
66.67 04.80
67.33 04.82
68.01 04.87
68.69 04.92
69.37 04.98
70.07 05.05
70.77 05.12
71.48 05.20
72.19 05.28
72.91 05.37
73.64 05.46
74.38 05.56
75.12 05.67
75.87 05.78
76.63 05.90
77.40 06.03
78.17 06.16
78.95 06.29
79.74 06.43
80.54 06.57
81.35 06.70
82.16 06.84
82.98 06.96
83.81 07.08
84.65 07.19
85.50 07.28
86.35 07.36
87.22 07.44
88.09 07.49
88.97 07.54
89.86 07.57
90.76 07.59
91.66 07.59
92.58 07.59
93.51 07.58
94.44 07.56
95.39 07.53
96.34 07.48
97.30 07.43
98.28 07.38
99.26 07.31
100.25 07.24
101.25 07.16
102.27 07.08
103.29 07.00
104.32 06.92
105.37 06.84
106.42 06.77
107.48 06.70
108.56 06.64
109.64 06.58
110.74 06.54
111.85 06.50
112.97 06.46
114.10 06.43
115.24 06.40
116.39 06.38
117.55 06.36
118.73 06.34
119.92 06.33
121.12 06.31
122.33 06.30
123.55 06.28
124.79 06.25
126.03 06.21
127.29 06.17
128.57 06.11
129.85 06.04
131.15 05.96
132.46 05.87
133.79 05.76
135.12 05.65
136.48 05.53
137.84 05.40
139.22 05.26
140.61 05.13
142.02 04.99
143.44 04.86
144.87 04.73
146.32 04.61
147.78 04.49
149.26 04.39
150.75 04.30
152.26 04.21
153.78 04.13
155.32 04.04
156.88 03.96
158.44 03.87
160.03 03.77
161.63 03.68
163.24 03.57
164.88 03.45
166.53 03.30
168.19 03.13
169.87 02.95
171.57 02.76
173.29 02.55
175.02 02.35
176.77 02.18
178.54 02.03
180.32 01.92
182.13 01.86
183.95 01.84
185.79 01.83
187.65 01.85
189.52 01.87
191.42 01.90
193.33 01.92
195.27 01.93
197.22 01.89
199.19 01.83
201.18 01.70
203.19 01.55
205.23 01.35
207.28 01.14
209.35 00.91
211.44 00.71
213.56 00.51
215.69 00.35
217.85 00.22
220.03 00.12
222.23 00.08
224.45 00.07
226.70 00.08
228.96 00.10
231.25 00.12
233.57 00.12
235.90 00.11
238.26 00.10
240.64 00.09
243.05 00.06
245.48 00.03
247.93 -00.01
250.41 -00.08
252.92 -00.15
255.45 -00.22
258.00 -00.31
260.58 -00.40
263.19 -00.50
265.82 -00.63
268.48 -00.77
271.16 -00.94
273.87 -01.14
276.61 -01.34
279.38 -01.56
282.17 -01.78
284.99 -02.01
287.84 -02.24
290.72 -02.46
293.63 -02.67
296.57 -02.88
299.53 -03.10
302.53 -03.31
305.55 -03.53
308.61 -03.75
311.69 -03.96
314.81 -04.18
317.96 -04.37
321.14 -04.56
324.35 -04.72
327.59 -04.86
330.87 -04.98
334.18 -05.08
337.52 -05.14
340.90 -05.20
344.30 -05.23
347.75 -05.24
351.23 -05.23
354.74 -05.21
358.28 -05.18
361.87 -05.14
365.49 -05.10
369.14 -05.05
372.83 -05.01
376.56 -04.97
380.33 -04.92
384.13 -04.88
387.97 -04.84
391.85 -04.82
395.77 -04.80
399.73 -04.78
403.72 -04.75
407.76 -04.73
411.84 -04.70
415.96 -04.67
420.12 -04.62
424.32 -04.58
428.56 -04.51
432.85 -04.43
437.18 -04.36
441.55 -04.27
445.96 -04.18
450.42 -04.09
454.93 -04.00
459.48 -03.91
464.07 -03.81
468.71 -03.72
473.40 -03.60
478.13 -03.48
482.91 -03.36
487.74 -03.22
492.62 -03.07
497.55 -02.92
502.52 -02.76
507.55 -02.59
512.62 -02.43
517.75 -02.28
522.93 -02.11
528.16 -01.97
533.44 -01.82
538.77 -01.69
544.16 -01.57
549.60 -01.45
555.10 -01.35
560.65 -01.25
566.25 -01.16
571.92 -01.07
577.64 -00.99
583.41 -00.90
589.25 -00.82
595.14 -00.74
601.09 -00.65
607.10 -00.58
613.17 -00.51
619.30 -00.44
625.50 -00.37
631.75 -00.30
638.07 -00.24
644.45 -00.19
650.89 -00.16
657.40 -00.13
663.98 -00.10
670.62 -00.08
677.32 -00.06
684.10 -00.03
690.94 00.00
697.85 00.03
704.83 00.05
711.87 00.07
718.99 00.11
726.18 00.13
733.44 00.15
740.78 00.18
748.19 00.21
755.67 00.24
763.23 00.26
770.86 00.29
778.57 00.31
786.35 00.32
794.22 00.34
802.16 00.37
810.18 00.38
818.28 00.40
826.46 00.42
834.73 00.44
843.08 00.46
851.51 00.48
860.02 00.49
868.62 00.51
877.31 00.54
886.08 00.55
894.94 00.56
903.89 00.57
912.93 00.60
922.06 00.61
931.28 00.63
940.59 00.64
950.00 00.65
959.50 00.66
969.09 00.65
978.78 00.65
988.57 00.64
998.46 00.63
1008.44 00.62
1018.53 00.61
1028.71 00.59
1039.00 00.58
1049.39 00.57
1059.88 00.55
1070.48 00.54
1081.19 00.53
1092.00 00.52
1102.92 00.52
1113.95 00.52
1125.09 00.53
1136.34 00.52
1147.70 00.53
1159.18 00.54
1170.77 00.55
1182.48 00.54
1194.30 00.55
1206.25 00.56
1218.31 00.56
1230.49 00.56
1242.80 00.56
1255.22 00.54
1267.78 00.53
1280.45 00.51
1293.26 00.51
1306.19 00.50
1319.25 00.48
1332.45 00.45
1345.77 00.43
1359.23 00.40
1372.82 00.37
1386.55 00.34
1400.41 00.29
1414.42 00.25
1428.56 00.19
1442.85 00.13
1457.28 00.07
1471.85 00.00
1486.57 -00.08
1501.43 -00.16
1516.45 -00.25
1531.61 -00.32
1546.93 -00.42
1562.40 -00.51
1578.02 -00.61
1593.80 -00.71
1609.74 -00.79
1625.84 -00.88
1642.10 -00.97
1658.52 -01.04
1675.10 -01.12
1691.85 -01.19
1708.77 -01.24
1725.86 -01.28
1743.12 -01.31
1760.55 -01.33
1778.15 -01.34
1795.94 -01.33
1813.90 -01.32
1832.03 -01.30
1850.36 -01.27
1868.86 -01.24
1887.55 -01.20
1906.42 -01.15
1925.49 -01.11
1944.74 -01.07
1964.19 -01.02
1983.83 -00.97
2003.67 -00.93
2023.71 -00.89
2043.94 -00.85
2064.38 -00.82
2085.03 -00.79
2105.88 -00.77
2126.94 -00.78
2148.20 -00.81
2169.69 -00.84
2191.38 -00.87
2213.30 -00.91
2235.43 -00.94
2257.78 -00.99
2280.36 -01.04
2303.17 -01.10
2326.20 -01.14
2349.46 -01.20
2372.95 -01.24
2396.68 -01.27
2420.65 -01.30
2444.86 -01.34
2469.31 -01.37
2494.00 -01.42
2518.94 -01.47
2544.13 -01.53
2569.57 -01.58
2595.27 -01.64
2621.22 -01.71
2647.43 -01.78
2673.90 -01.84
2700.64 -01.89
2727.65 -01.95
2754.93 -02.01
2782.48 -02.06
2810.30 -02.09
2838.40 -02.12
2866.79 -02.15
2895.46 -02.16
2924.41 -02.18
2953.65 -02.19
2983.19 -02.20
3013.02 -02.20
3043.15 -02.20
3073.58 -02.19
3104.32 -02.17
3135.36 -02.16
3166.72 -02.12
3198.38 -02.08
3230.37 -02.02
3262.67 -01.96
3295.30 -01.87
3328.25 -01.77
3361.53 -01.64
3395.15 -01.49
3429.10 -01.30
3463.39 -01.09
3498.03 -00.86
3533.01 -00.60
3568.34 -00.31
3604.02 -00.01
3640.06 00.30
3676.46 00.60
3713.22 00.91
3750.36 01.20
3787.86 01.48
3825.74 01.73
3864.00 01.95
3902.64 02.13
3941.66 02.28
3981.08 02.38
4020.89 02.43
4061.10 02.43
4101.71 02.39
4142.73 02.30
4184.15 02.18
4226.00 02.02
4268.26 01.83
4310.94 01.62
4354.05 01.39
4397.59 01.15
4441.56 00.90
4485.98 00.65
4530.84 00.40
4576.15 00.15
4621.91 -00.11
4668.13 -00.36
4714.81 -00.62
4761.96 -00.89
4809.58 -01.17
4857.67 -01.45
4906.25 -01.74
4955.31 -02.03
5004.87 -02.32
5054.91 -02.59
5105.46 -02.85
5156.52 -03.16
5208.08 -03.48
5260.16 -03.75
5312.77 -03.97
5365.89 -04.13
5419.55 -04.21
5473.75 -04.21
5528.49 -04.15
5583.77 -04.02
5639.61 -03.84
5696.00 -03.63
5752.96 -03.40
5810.49 -03.16
5868.60 -02.94
5927.28 -02.73
5986.56 -02.57
6046.42 -02.23
6106.89 -01.85
6167.96 -01.52
6229.64 -01.24
6291.93 -01.01
6354.85 -00.82
6418.40 -00.69
6482.58 -00.59
6547.41 -00.55
6612.88 -00.53
6679.01 -00.54
6745.80 -00.59
6813.26 -00.64
6881.39 -00.72
6950.21 -00.78
7019.71 -00.82
7089.91 -00.82
7160.81 -00.75
7232.41 -00.62
7304.74 -00.57
7377.79 -00.48
7451.56 -00.35
7526.08 -00.19
7601.34 -00.02
7677.35 00.16
7754.13 00.31
7831.67 00.44
7909.98 00.53
7989.08 00.56
8068.98 00.54
8149.67 00.46
8231.16 00.32
8313.47 00.14
8396.61 -00.09
8480.57 -00.36
8565.38 -00.65
8651.03 -00.96
8737.54 -01.27
8824.92 -01.54
8913.17 -01.77
9002.30 -01.90
9092.32 -01.92
9183.25 -01.82
9275.08 -01.60
9367.83 -01.27
9461.51 -00.87
9556.12 -00.43
9651.68 00.03
9748.20 00.47
9845.68 00.88
9944.14 01.23
10043.58 01.51
10144.02 01.71
10245.46 01.83
10347.91 01.94
10451.39 01.97
10555.91 01.92
10661.46 01.74
10768.08 01.47
10875.76 01.08
10984.52 00.60
11094.36 00.01
11205.31 -00.67
11317.36 -01.40
11430.53 -02.13
11544.84 -02.73
11660.29 -03.06
11776.89 -03.02
11894.66 -02.61
12013.60 -01.99
12133.74 -01.31
12255.08 -00.65
12377.63 -00.06
12501.41 00.46
12626.42 00.90
12752.68 01.26
12880.21 01.53
13009.01 01.71
13139.10 01.81
13270.49 01.82
13403.20 01.79
13537.23 01.74
13672.60 01.71
13809.33 01.74
13947.42 01.80
14086.90 01.91
14227.77 02.06
14370.04 02.22
14513.74 02.37
14658.88 02.37
14805.47 02.36
14953.52 02.33
15103.06 02.28
15254.09 02.20
15406.63 02.06
15560.70 01.86
15716.30 01.60
15873.47 01.28
16032.20 00.90
16192.52 00.47
16354.45 -00.02
16517.99 -00.53
16683.17 -01.07
16850.01 -01.61
17018.51 -02.15
17188.69 -02.69
17360.58 -03.19
17534.18 -03.65
17709.53 -04.05
17886.62 -04.38
18065.49 -04.67
18246.14 -04.93
18428.60 -05.22
18612.89 -05.53
18799.02 -05.92
18987.01 -06.38
19176.88 -06.88
19368.65 -07.44
19562.33 -08.03
19757.96 -08.65
19955.54 -09.32
20000.00 -09.48
