20.00 -01.24
20.20 -01.31
20.40 -01.38
20.61 -01.46
20.81 -01.53
21.02 -01.61
21.23 -01.68
21.44 -01.76
21.66 -01.84
21.87 -01.92
22.09 -02.00
22.31 -02.08
22.54 -02.16
22.76 -02.24
22.99 -02.32
23.22 -02.40
23.45 -02.49
23.69 -02.57
23.92 -02.66
24.16 -02.73
24.40 -02.73
24.65 -02.73
24.89 -02.73
25.14 -02.73
25.39 -02.73
25.65 -02.72
25.91 -02.72
26.16 -02.72
26.43 -02.72
26.69 -02.71
26.96 -02.71
27.23 -02.71
27.50 -02.71
27.77 -02.71
28.05 -02.71
28.33 -02.70
28.62 -02.70
28.90 -02.70
29.19 -02.70
29.48 -02.70
29.78 -02.70
30.08 -02.70
30.38 -02.70
30.68 -02.70
30.99 -02.70
31.30 -02.70
31.61 -02.70
31.93 -02.70
32.24 -02.70
32.57 -02.70
32.89 -02.70
33.22 -02.70
33.55 -02.70
33.89 -02.71
34.23 -02.71
34.57 -02.71
34.92 -02.71
35.27 -02.71
35.62 -02.72
35.97 -02.72
36.33 -02.72
36.70 -02.73
37.06 -02.73
37.43 -02.73
37.81 -02.74
38.19 -02.74
38.57 -02.75
38.95 -02.75
39.34 -02.76
39.74 -02.76
40.14 -02.77
40.54 -02.77
40.94 -02.78
41.35 -02.79
41.76 -02.79
42.18 -02.80
42.60 -02.81
43.03 -02.82
43.46 -02.82
43.90 -02.83
44.33 -02.84
44.78 -02.85
45.23 -02.86
45.68 -02.87
46.13 -02.88
46.60 -02.90
47.06 -02.91
47.53 -02.92
48.01 -02.94
48.49 -02.95
48.97 -02.97
49.46 -02.99
49.96 -03.00
50.46 -03.02
50.96 -03.04
51.47 -03.07
51.99 -03.09
52.51 -03.11
53.03 -03.14
53.56 -03.17
54.10 -03.19
54.64 -03.22
55.18 -03.25
55.74 -03.28
56.29 -03.31
56.86 -03.34
57.42 -03.37
58.00 -03.40
58.58 -03.44
59.16 -03.47
59.76 -03.50
60.35 -03.53
60.96 -03.57
61.57 -03.60
62.18 -03.63
62.80 -03.66
63.43 -03.70
64.07 -03.73
64.71 -03.76
65.35 -03.79
66.01 -03.82
66.67 -03.84
67.33 -03.87
68.01 -03.89
68.69 -03.91
69.37 -03.93
70.07 -03.95
70.77 -03.96
71.48 -03.97
72.19 -03.98
72.91 -03.99
73.64 -03.99
74.38 -04.00
75.12 -04.00
75.87 -04.00
76.63 -04.00
77.40 -03.99
78.17 -03.99
78.95 -03.99
79.74 -03.98
80.54 -03.98
81.35 -03.97
82.16 -03.97
82.98 -03.96
83.81 -03.96
84.65 -03.95
85.50 -03.95
86.35 -03.94
87.22 -03.94
88.09 -03.94
88.97 -03.94
89.86 -03.94
90.76 -03.95
91.66 -03.95
92.58 -03.96
93.51 -03.97
94.44 -03.98
95.39 -03.99
96.34 -04.00
97.30 -04.01
98.28 -04.03
99.26 -04.04
100.25 -04.06
101.25 -04.08
102.27 -04.10
103.29 -04.12
104.32 -04.14
105.37 -04.16
106.42 -04.18
107.48 -04.20
108.56 -04.23
109.64 -04.25
110.74 -04.28
111.85 -04.31
112.97 -04.34
114.10 -04.37
115.24 -04.40
116.39 -04.43
117.55 -04.47
118.73 -04.50
119.92 -04.54
121.12 -04.58
122.33 -04.62
123.55 -04.66
124.79 -04.70
126.03 -04.74
127.29 -04.78
128.57 -04.83
129.85 -04.87
131.15 -04.92
132.46 -04.97
133.79 -05.01
135.12 -05.06
136.48 -05.11
137.84 -05.16
139.22 -05.21
140.61 -05.27
142.02 -05.32
143.44 -05.37
144.87 -05.43
146.32 -05.49
147.78 -05.54
149.26 -05.60
150.75 -05.66
152.26 -05.72
153.78 -05.78
155.32 -05.84
156.88 -05.90
158.44 -05.96
160.03 -06.02
161.63 -06.07
163.24 -06.12
164.88 -06.15
166.53 -06.20
168.19 -06.24
169.87 -06.29
171.57 -06.32
173.29 -06.37
175.02 -06.41
176.77 -06.44
178.54 -06.49
180.32 -06.53
182.13 -06.57
183.95 -06.62
185.79 -06.67
187.65 -06.71
189.52 -06.76
191.42 -06.80
193.33 -06.86
195.27 -06.90
197.22 -06.96
199.19 -07.01
201.18 -07.07
203.19 -07.11
205.23 -07.17
207.28 -07.22
209.35 -07.27
211.44 -07.31
213.56 -07.36
215.69 -07.39
217.85 -07.42
220.03 -07.45
222.23 -07.48
224.45 -07.49
226.70 -07.51
228.96 -07.52
231.25 -07.51
233.57 -07.51
235.90 -07.49
238.26 -07.47
240.64 -07.44
243.05 -07.41
245.48 -07.38
247.93 -07.34
250.41 -07.31
252.92 -07.29
255.45 -07.26
258.00 -07.26
260.58 -07.26
263.19 -07.26
265.82 -07.28
268.48 -07.30
271.16 -07.33
273.87 -07.37
276.61 -07.39
279.38 -07.43
282.17 -07.46
284.99 -07.49
287.84 -07.52
290.72 -07.55
293.63 -07.58
296.57 -07.60
299.53 -07.62
302.53 -07.64
305.55 -07.66
308.61 -07.68
311.69 -07.69
314.81 -07.71
317.96 -07.72
321.14 -07.74
324.35 -07.76
327.59 -07.78
330.87 -07.81
334.18 -07.84
337.52 -07.85
340.90 -07.87
344.30 -07.88
347.75 -07.88
351.23 -07.86
354.74 -07.84
358.28 -07.81
361.87 -07.75
365.49 -07.68
369.14 -07.59
372.83 -07.50
376.56 -07.40
380.33 -07.28
384.13 -07.17
387.97 -07.05
391.85 -06.94
395.77 -06.82
399.73 -06.71
403.72 -06.58
407.76 -06.47
411.84 -06.35
415.96 -06.23
420.12 -06.11
424.32 -05.99
428.56 -05.86
432.85 -05.73
437.18 -05.61
441.55 -05.48
445.96 -05.34
450.42 -05.21
454.93 -05.07
459.48 -04.93
464.07 -04.79
468.71 -04.65
473.40 -04.49
478.13 -04.34
482.91 -04.20
487.74 -04.05
492.62 -03.90
497.55 -03.76
502.52 -03.64
507.55 -03.50
512.62 -03.39
517.75 -03.29
522.93 -03.18
528.16 -03.09
533.44 -02.99
538.77 -02.90
544.16 -02.81
549.60 -02.72
555.10 -02.63
560.65 -02.52
566.25 -02.42
571.92 -02.31
577.64 -02.20
583.41 -02.08
589.25 -01.97
595.14 -01.85
601.09 -01.73
607.10 -01.63
613.17 -01.51
619.30 -01.41
625.50 -01.30
631.75 -01.20
638.07 -01.11
644.45 -01.03
650.89 -00.97
657.40 -00.91
663.98 -00.84
670.62 -00.77
677.32 -00.71
684.10 -00.63
690.94 -00.57
697.85 -00.50
704.83 -00.43
711.87 -00.37
718.99 -00.31
726.18 -00.25
733.44 -00.20
740.78 -00.15
748.19 -00.10
755.67 -00.06
763.23 -00.02
770.86 00.02
778.57 00.05
786.35 00.08
794.22 00.11
802.16 00.15
810.18 00.17
818.28 00.19
826.46 00.21
834.73 00.24
843.08 00.25
851.51 00.26
860.02 00.28
868.62 00.29
877.31 00.31
886.08 00.32
894.94 00.34
903.89 00.35
912.93 00.38
922.06 00.40
931.28 00.44
940.59 00.46
950.00 00.49
959.50 00.51
969.09 00.53
978.78 00.55
988.57 00.56
998.46 00.57
1008.44 00.58
1018.53 00.59
1028.71 00.59
1039.00 00.60
1049.39 00.62
1059.88 00.63
1070.48 00.65
1081.19 00.67
1092.00 00.70
1102.92 00.74
1113.95 00.79
1125.09 00.85
1136.34 00.91
1147.70 00.98
1159.18 01.06
1170.77 01.14
1182.48 01.22
1194.30 01.31
1206.25 01.40
1218.31 01.49
1230.49 01.58
1242.80 01.66
1255.22 01.72
1267.78 01.78
1280.45 01.84
1293.26 01.90
1306.19 01.96
1319.25 02.02
1332.45 02.06
1345.77 02.11
1359.23 02.16
1372.82 02.20
1386.55 02.24
1400.41 02.28
1414.42 02.31
1428.56 02.34
1442.85 02.37
1457.28 02.39
1471.85 02.40
1486.57 02.41
1501.43 02.41
1516.45 02.40
1531.61 02.41
1546.93 02.40
1562.40 02.39
1578.02 02.37
1593.80 02.36
1609.74 02.35
1625.84 02.32
1642.10 02.29
1658.52 02.27
1675.10 02.22
1691.85 02.18
1708.77 02.13
1725.86 02.07
1743.12 02.01
1760.55 01.93
1778.15 01.84
1795.94 01.76
1813.90 01.65
1832.03 01.54
1850.36 01.42
1868.86 01.28
1887.55 01.14
1906.42 00.99
1925.49 00.83
1944.74 00.66
1964.19 00.47
1983.83 00.28
2003.67 00.08
2023.71 -00.13
2043.94 -00.34
2064.38 -00.56
2085.03 -00.79
2105.88 -01.02
2126.94 -01.28
2148.20 -01.54
2169.69 -01.81
2191.38 -02.10
2213.30 -02.40
2235.43 -02.70
2257.78 -03.03
2280.36 -03.39
2303.17 -03.76
2326.20 -04.14
2349.46 -04.55
2372.95 -04.97
2396.68 -05.39
2420.65 -05.85
2444.86 -06.33
2469.31 -06.82
2494.00 -07.33
2518.94 -07.85
2544.13 -08.40
2569.57 -08.95
2595.27 -09.49
2621.22 -09.98
2647.43 -10.37
2673.90 -10.58
2700.64 -10.55
2727.65 -10.26
2754.93 -09.72
2782.48 -08.98
2810.30 -08.10
2838.40 -07.15
2866.79 -06.17
2895.46 -05.19
2924.41 -04.25
2953.65 -03.34
2983.19 -02.47
3013.02 -01.65
3043.15 -00.87
3073.58 -00.14
3104.32 00.55
3135.36 01.18
3166.72 01.77
3198.38 02.30
3230.37 02.80
3262.67 03.24
3295.30 03.65
3328.25 04.02
3361.53 04.36
3395.15 04.66
3429.10 04.92
3463.39 05.15
3498.03 05.33
3533.01 05.48
3568.34 05.60
3604.02 05.66
3640.06 05.67
3676.46 05.63
3713.22 05.54
3750.36 05.39
3787.86 05.19
3825.74 04.94
3864.00 04.63
3902.64 04.27
3941.66 03.85
3981.08 03.38
4020.89 02.86
4061.10 02.30
4101.71 01.71
4142.73 01.09
4184.15 00.47
4226.00 -00.17
4268.26 -00.81
4310.94 -01.45
4354.05 -02.07
4397.59 -02.67
4441.56 -03.26
4485.98 -03.82
4530.84 -04.38
4576.15 -04.94
4621.91 -05.51
4668.13 -06.09
4714.81 -06.67
4761.96 -07.24
4809.58 -07.81
4857.67 -08.36
4906.25 -08.89
4955.31 -09.42
5004.87 -09.96
5054.91 -10.51
5105.46 -11.06
5156.52 -11.71
5208.08 -12.41
5260.16 -13.12
5312.77 -13.83
5365.89 -14.54
5419.55 -15.25
5473.75 -15.96
5528.49 -16.68
5583.77 -17.37
5639.61 -18.06
5696.00 -18.71
5752.96 -19.34
5810.49 -19.91
5868.60 -20.44
5927.28 -20.92
5986.56 -21.36
6046.42 -21.50
6106.89 -21.49
6167.96 -21.40
6229.64 -21.22
6291.93 -20.97
6354.85 -20.67
6418.40 -20.33
6482.58 -19.93
6547.41 -19.53
6612.88 -19.08
6679.01 -18.62
6745.80 -18.13
6813.26 -17.62
6881.39 -17.10
6950.21 -16.57
7019.71 -16.03
7089.91 -15.49
7160.81 -14.95
7232.41 -14.41
7304.74 -14.03
7377.79 -13.69
7451.56 -13.36
7526.08 -13.06
7601.34 -12.79
7677.35 -12.56
7754.13 -12.37
7831.67 -12.21
7909.98 -12.10
7989.08 -12.03
8068.98 -12.01
8149.67 -12.05
8231.16 -12.15
8313.47 -12.33
8396.61 -12.58
8480.57 -12.90
8565.38 -13.30
8651.03 -13.78
8737.54 -14.34
8824.92 -14.97
8913.17 -15.69
9002.30 -16.47
9092.32 -17.29
9183.25 -18.11
9275.08 -18.88
9367.83 -19.50
9461.51 -19.93
9556.12 -20.11
9651.68 -20.07
9748.20 -19.87
9845.68 -19.57
9944.14 -19.26
10043.58 -18.97
10144.02 -18.71
10245.46 -18.49
10347.91 -18.23
10451.39 -18.00
10555.91 -17.81
10661.46 -17.68
10768.08 -17.59
10875.76 -17.52
10984.52 -17.45
11094.36 -17.39
11205.31 -17.32
11317.36 -17.24
11430.53 -17.14
11544.84 -17.01
11660.29 -16.85
11776.89 -16.67
11894.66 -16.46
12013.60 -16.25
12133.74 -16.02
12255.08 -15.80
12377.63 -15.57
12501.41 -15.32
12626.42 -15.04
12752.68 -14.74
12880.21 -14.42
13009.01 -14.07
13139.10 -13.71
13270.49 -13.36
13403.20 -13.03
13537.23 -12.71
13672.60 -12.42
13809.33 -12.17
13947.42 -11.97
14086.90 -11.81
14227.77 -11.72
14370.04 -11.70
14513.74 -11.78
14658.88 -12.08
14805.47 -12.45
14953.52 -12.88
15103.06 -13.35
15254.09 -13.86
15406.63 -14.42
15560.70 -15.00
15716.30 -15.61
15873.47 -16.24
16032.20 -16.89
16192.52 -17.54
16354.45 -18.18
16517.99 -18.83
16683.17 -19.48
16850.01 -20.14
17018.51 -20.79
17188.69 -21.44
17360.58 -22.06
17534.18 -22.64
17709.53 -23.18
17886.62 -23.65
18065.49 -24.10
18246.14 -24.53
18428.60 -25.01
18612.89 -25.53
18799.02 -26.11
18987.01 -26.77
19176.88 -27.50
19368.65 -28.33
19562.33 -29.28
19757.96 -30.36
19955.54 -31.61
20000.00 -31.91
