20.00 -01.46
20.20 -01.41
20.40 -01.36
20.61 -01.32
20.81 -01.28
21.02 -01.24
21.23 -01.20
21.44 -01.17
21.66 -01.13
21.87 -01.10
22.09 -01.07
22.31 -01.04
22.54 -01.00
22.76 -00.97
22.99 -00.94
23.22 -00.91
23.45 -00.89
23.69 -00.86
23.92 -00.83
24.16 -00.80
24.40 -00.77
24.65 -00.74
24.89 -00.71
25.14 -00.69
25.39 -00.66
25.65 -00.63
25.91 -00.61
26.16 -00.58
26.43 -00.56
26.69 -00.53
26.96 -00.51
27.23 -00.48
27.50 -00.46
27.77 -00.44
28.05 -00.42
28.33 -00.39
28.62 -00.37
28.90 -00.35
29.19 -00.33
29.48 -00.31
29.78 -00.30
30.08 -00.28
30.38 -00.26
30.68 -00.24
30.99 -00.23
31.30 -00.21
31.61 -00.20
31.93 -00.19
32.24 -00.18
32.57 -00.16
32.89 -00.15
33.22 -00.14
33.55 -00.13
33.89 -00.12
34.23 -00.11
34.57 -00.10
34.92 -00.09
35.27 -00.08
35.62 -00.07
35.97 -00.06
36.33 -00.05
36.70 -00.04
37.06 -00.03
37.43 -00.02
37.81 -00.01
38.19 00.00
38.57 00.00
38.95 00.01
39.34 00.02
39.74 00.03
40.14 00.04
40.54 00.04
40.94 00.05
41.35 00.06
41.76 00.07
42.18 00.07
42.60 00.08
43.03 00.09
43.46 00.10
43.90 00.10
44.33 00.11
44.78 00.12
45.23 00.13
45.68 00.13
46.13 00.14
46.60 00.15
47.06 00.15
47.53 00.16
48.01 00.17
48.49 00.17
48.97 00.18
49.46 00.19
49.96 00.19
50.46 00.20
50.96 00.20
51.47 00.21
51.99 00.21
52.51 00.21
53.03 00.21
53.56 00.22
54.10 00.22
54.64 00.22
55.18 00.22
55.74 00.22
56.29 00.21
56.86 00.21
57.42 00.21
58.00 00.21
58.58 00.20
59.16 00.20
59.76 00.20
60.35 00.20
60.96 00.19
61.57 00.19
62.18 00.19
62.80 00.19
63.43 00.18
64.07 00.18
64.71 00.18
65.35 00.18
66.01 00.18
66.67 00.18
67.33 00.17
68.01 00.17
68.69 00.17
69.37 00.17
70.07 00.17
70.77 00.17
71.48 00.17
72.19 00.17
72.91 00.17
73.64 00.17
74.38 00.17
75.12 00.16
75.87 00.16
76.63 00.16
77.40 00.16
78.17 00.16
78.95 00.16
79.74 00.16
80.54 00.16
81.35 00.15
82.16 00.15
82.98 00.15
83.81 00.15
84.65 00.15
85.50 00.14
86.35 00.14
87.22 00.13
88.09 00.13
88.97 00.12
89.86 00.12
90.76 00.11
91.66 00.11
92.58 00.10
93.51 00.09
94.44 00.09
95.39 00.08
96.34 00.07
97.30 00.06
98.28 00.06
99.26 00.05
100.25 00.04
101.25 00.03
102.27 00.02
103.29 00.02
104.32 00.01
105.37 00.00
106.42 -00.01
107.48 -00.02
108.56 -00.03
109.64 -00.04
110.74 -00.05
111.85 -00.07
112.97 -00.08
114.10 -00.09
115.24 -00.10
116.39 -00.11
117.55 -00.12
118.73 -00.14
119.92 -00.15
121.12 -00.16
122.33 -00.17
123.55 -00.18
124.79 -00.19
126.03 -00.20
127.29 -00.21
128.57 -00.22
129.85 -00.23
131.15 -00.24
132.46 -00.25
133.79 -00.27
135.12 -00.28
136.48 -00.29
137.84 -00.31
139.22 -00.32
140.61 -00.34
142.02 -00.35
143.44 -00.37
144.87 -00.39
146.32 -00.40
147.78 -00.42
149.26 -00.44
150.75 -00.46
152.26 -00.48
153.78 -00.50
155.32 -00.52
156.88 -00.54
158.44 -00.55
160.03 -00.57
161.63 -00.58
163.24 -00.59
164.88 -00.59
166.53 -00.60
168.19 -00.61
169.87 -00.61
171.57 -00.61
173.29 -00.62
175.02 -00.62
176.77 -00.62
178.54 -00.63
180.32 -00.63
182.13 -00.63
183.95 -00.64
185.79 -00.64
187.65 -00.64
189.52 -00.65
191.42 -00.64
193.33 -00.65
195.27 -00.65
197.22 -00.66
199.19 -00.65
201.18 -00.66
203.19 -00.66
205.23 -00.67
207.28 -00.67
209.35 -00.68
211.44 -00.68
213.56 -00.69
215.69 -00.70
217.85 -00.70
220.03 -00.71
222.23 -00.71
224.45 -00.72
226.70 -00.73
228.96 -00.74
231.25 -00.74
233.57 -00.76
235.90 -00.77
238.26 -00.78
240.64 -00.78
243.05 -00.79
245.48 -00.79
247.93 -00.79
250.41 -00.80
252.92 -00.81
255.45 -00.81
258.00 -00.82
260.58 -00.83
263.19 -00.83
265.82 -00.84
268.48 -00.85
271.16 -00.86
273.87 -00.87
276.61 -00.87
279.38 -00.88
282.17 -00.89
284.99 -00.90
287.84 -00.90
290.72 -00.91
293.63 -00.91
296.57 -00.91
299.53 -00.93
302.53 -00.93
305.55 -00.94
308.61 -00.94
311.69 -00.94
314.81 -00.95
317.96 -00.96
321.14 -00.97
324.35 -00.97
327.59 -00.98
330.87 -00.99
334.18 -00.99
337.52 -00.99
340.90 -00.99
344.30 -01.00
347.75 -01.00
351.23 -00.99
354.74 -00.99
358.28 -00.99
361.87 -00.97
365.49 -00.97
369.14 -00.96
372.83 -00.96
376.56 -00.96
380.33 -00.95
384.13 -00.95
387.97 -00.95
391.85 -00.95
395.77 -00.94
399.73 -00.94
403.72 -00.93
407.76 -00.93
411.84 -00.92
415.96 -00.92
420.12 -00.90
424.32 -00.90
428.56 -00.88
432.85 -00.87
437.18 -00.86
441.55 -00.84
445.96 -00.83
450.42 -00.82
454.93 -00.80
459.48 -00.80
464.07 -00.79
468.71 -00.79
473.40 -00.77
478.13 -00.77
482.91 -00.77
487.74 -00.77
492.62 -00.75
497.55 -00.75
502.52 -00.75
507.55 -00.74
512.62 -00.73
517.75 -00.73
522.93 -00.72
528.16 -00.72
533.44 -00.72
538.77 -00.72
544.16 -00.72
549.60 -00.72
555.10 -00.73
560.65 -00.72
566.25 -00.73
571.92 -00.73
577.64 -00.74
583.41 -00.73
589.25 -00.74
595.14 -00.73
601.09 -00.72
607.10 -00.72
613.17 -00.72
619.30 -00.72
625.50 -00.71
631.75 -00.70
638.07 -00.70
644.45 -00.70
650.89 -00.71
657.40 -00.72
663.98 -00.72
670.62 -00.72
677.32 -00.72
684.10 -00.70
690.94 -00.70
697.85 -00.68
704.83 -00.67
711.87 -00.66
718.99 -00.63
726.18 -00.62
733.44 -00.61
740.78 -00.60
748.19 -00.58
755.67 -00.57
763.23 -00.55
770.86 -00.53
778.57 -00.51
786.35 -00.50
794.22 -00.48
802.16 -00.45
810.18 -00.43
818.28 -00.40
826.46 -00.37
834.73 -00.33
843.08 -00.30
851.51 -00.27
860.02 -00.24
868.62 -00.20
877.31 -00.15
886.08 -00.11
894.94 -00.06
903.89 -00.01
912.93 00.05
922.06 00.11
931.28 00.18
940.59 00.23
950.00 00.30
959.50 00.37
969.09 00.43
978.78 00.50
988.57 00.57
998.46 00.63
1008.44 00.69
1018.53 00.75
1028.71 00.78
1039.00 00.83
1049.39 00.86
1059.88 00.89
1070.48 00.92
1081.19 00.94
1092.00 00.94
1102.92 00.95
1113.95 00.95
1125.09 00.94
1136.34 00.93
1147.70 00.93
1159.18 00.94
1170.77 00.96
1182.48 00.96
1194.30 00.97
1206.25 00.97
1218.31 00.97
1230.49 00.96
1242.80 00.96
1255.22 00.95
1267.78 00.96
1280.45 00.95
1293.26 00.93
1306.19 00.91
1319.25 00.87
1332.45 00.82
1345.77 00.78
1359.23 00.74
1372.82 00.69
1386.55 00.65
1400.41 00.58
1414.42 00.51
1428.56 00.44
1442.85 00.37
1457.28 00.30
1471.85 00.23
1486.57 00.16
1501.43 00.09
1516.45 00.01
1531.61 -00.06
1546.93 -00.14
1562.40 -00.22
1578.02 -00.30
1593.80 -00.39
1609.74 -00.48
1625.84 -00.58
1642.10 -00.69
1658.52 -00.80
1675.10 -00.92
1691.85 -01.05
1708.77 -01.18
1725.86 -01.32
1743.12 -01.45
1760.55 -01.59
1778.15 -01.73
1795.94 -01.86
1813.90 -01.98
1832.03 -02.10
1850.36 -02.21
1868.86 -02.33
1887.55 -02.44
1906.42 -02.54
1925.49 -02.64
1944.74 -02.75
1964.19 -02.83
1983.83 -02.92
2003.67 -03.00
2023.71 -03.08
2043.94 -03.17
2064.38 -03.26
2085.03 -03.34
2105.88 -03.40
2126.94 -03.45
2148.20 -03.51
2169.69 -03.57
2191.38 -03.62
2213.30 -03.67
2235.43 -03.69
2257.78 -03.72
2280.36 -03.75
2303.17 -03.77
2326.20 -03.77
2349.46 -03.78
2372.95 -03.79
2396.68 -03.79
2420.65 -03.80
2444.86 -03.79
2469.31 -03.76
2494.00 -03.75
2518.94 -03.72
2544.13 -03.70
2569.57 -03.66
2595.27 -03.61
2621.22 -03.57
2647.43 -03.52
2673.90 -03.46
2700.64 -03.39
2727.65 -03.34
2754.93 -03.28
2782.48 -03.22
2810.30 -03.15
2838.40 -03.08
2866.79 -03.01
2895.46 -02.93
2924.41 -02.85
2953.65 -02.76
2983.19 -02.68
3013.02 -02.60
3043.15 -02.51
3073.58 -02.42
3104.32 -02.33
3135.36 -02.24
3166.72 -02.14
3198.38 -02.05
3230.37 -01.94
3262.67 -01.84
3295.30 -01.73
3328.25 -01.62
3361.53 -01.51
3395.15 -01.41
3429.10 -01.30
3463.39 -01.19
3498.03 -01.10
3533.01 -01.03
3568.34 -00.99
3604.02 -01.00
3640.06 -01.06
3676.46 -01.20
3713.22 -01.39
3750.36 -01.64
3787.86 -01.95
3825.74 -02.30
3864.00 -02.68
3902.64 -03.09
3941.66 -03.52
3981.08 -03.94
4020.89 -04.32
4061.10 -04.62
4101.71 -04.82
4142.73 -04.90
4184.15 -04.89
4226.00 -04.82
4268.26 -04.71
4310.94 -04.60
4354.05 -04.50
4397.59 -04.42
4441.56 -04.34
4485.98 -04.29
4530.84 -04.24
4576.15 -04.21
4621.91 -04.19
4668.13 -04.16
4714.81 -04.14
4761.96 -04.12
4809.58 -04.09
4857.67 -04.06
4906.25 -04.02
4955.31 -03.96
5004.87 -03.90
5054.91 -03.82
5105.46 -03.72
5156.52 -03.67
5208.08 -03.63
5260.16 -03.54
5312.77 -03.40
5365.89 -03.19
5419.55 -02.94
5473.75 -02.65
5528.49 -02.36
5583.77 -02.07
5639.61 -01.83
5696.00 -01.65
5752.96 -01.53
5810.49 -01.48
5868.60 -01.51
5927.28 -01.62
5986.56 -01.83
6046.42 -01.91
6106.89 -02.01
6167.96 -02.20
6229.64 -02.49
6291.93 -02.87
6354.85 -03.32
6418.40 -03.83
6482.58 -04.40
6547.41 -05.02
6612.88 -05.67
6679.01 -06.35
6745.80 -07.07
6813.26 -07.79
6881.39 -08.54
6950.21 -09.27
7019.71 -09.92
7089.91 -10.34
7160.81 -10.37
7232.41 -09.93
7304.74 -09.21
7377.79 -08.26
7451.56 -07.21
7526.08 -06.17
7601.34 -05.18
7677.35 -04.29
7754.13 -03.48
7831.67 -02.77
7909.98 -02.14
7989.08 -01.60
8068.98 -01.12
8149.67 -00.71
8231.16 -00.37
8313.47 -00.09
8396.61 00.12
8480.57 00.28
8565.38 00.37
8651.03 00.41
8737.54 00.39
8824.92 00.31
8913.17 00.18
9002.30 00.00
9092.32 -00.24
9183.25 -00.52
9275.08 -00.83
9367.83 -01.18
9461.51 -01.54
9556.12 -01.91
9651.68 -02.25
9748.20 -02.56
9845.68 -02.82
9944.14 -03.03
10043.58 -03.19
10144.02 -03.28
10245.46 -03.30
10347.91 -03.14
10451.39 -02.87
10555.91 -02.52
10661.46 -02.11
10768.08 -01.69
10875.76 -01.30
10984.52 -00.96
11094.36 -00.70
11205.31 -00.54
11317.36 -00.46
11430.53 -00.46
11544.84 -00.57
11660.29 -00.76
11776.89 -01.10
11894.66 -01.57
12013.60 -02.20
12133.74 -03.00
12255.08 -03.98
12377.63 -05.10
12501.41 -06.30
12626.42 -07.51
12752.68 -08.65
12880.21 -09.67
13009.01 -10.51
13139.10 -11.14
13270.49 -11.54
13403.20 -11.69
13537.23 -11.60
13672.60 -11.28
13809.33 -10.76
13947.42 -10.14
14086.90 -09.46
14227.77 -08.78
14370.04 -08.14
14513.74 -07.59
14658.88 -07.22
14805.47 -06.89
14953.52 -06.57
15103.06 -06.27
15254.09 -06.01
15406.63 -05.84
15560.70 -05.75
15716.30 -05.73
15873.47 -05.77
16032.20 -05.85
16192.52 -05.96
16354.45 -06.08
16517.99 -06.23
16683.17 -06.41
16850.01 -06.65
17018.51 -06.93
17188.69 -07.22
17360.58 -07.48
17534.18 -07.69
17709.53 -07.86
17886.62 -08.01
18065.49 -08.18
18246.14 -08.38
18428.60 -08.62
18612.89 -08.87
18799.02 -09.13
18987.01 -09.36
19176.88 -09.55
19368.65 -09.73
19562.33 -09.91
19757.96 -10.10
19955.54 -10.35
20000.00 -10.42
