20.00 -07.43
20.20 -07.30
20.40 -07.17
20.61 -07.05
20.81 -06.93
21.02 -06.81
21.23 -06.69
21.44 -06.57
21.66 -06.46
21.87 -06.35
22.09 -06.23
22.31 -06.12
22.54 -06.01
22.76 -05.90
22.99 -05.78
23.22 -05.67
23.45 -05.56
23.69 -05.45
23.92 -05.34
24.16 -05.23
24.40 -05.12
24.65 -05.01
24.89 -04.90
25.14 -04.79
25.39 -04.69
25.65 -04.58
25.91 -04.47
26.16 -04.36
26.43 -04.25
26.69 -04.15
26.96 -04.04
27.23 -03.94
27.50 -03.83
27.77 -03.73
28.05 -03.63
28.33 -03.53
28.62 -03.42
28.90 -03.33
29.19 -03.23
29.48 -03.13
29.78 -03.03
30.08 -02.93
30.38 -02.84
30.68 -02.75
30.99 -02.65
31.30 -02.56
31.61 -02.47
31.93 -02.38
32.24 -02.29
32.57 -02.20
32.89 -02.11
33.22 -02.02
33.55 -01.93
33.89 -01.84
34.23 -01.75
34.57 -01.66
34.92 -01.57
35.27 -01.48
35.62 -01.39
35.97 -01.30
36.33 -01.22
36.70 -01.13
37.06 -01.05
37.43 -00.96
37.81 -00.87
38.19 -00.79
38.57 -00.71
38.95 -00.63
39.34 -00.55
39.74 -00.46
40.14 -00.38
40.54 -00.31
40.94 -00.23
41.35 -00.15
41.76 -00.08
42.18 00.00
42.60 00.07
43.03 00.14
43.46 00.22
43.90 00.29
44.33 00.36
44.78 00.43
45.23 00.50
45.68 00.57
46.13 00.63
46.60 00.70
47.06 00.77
47.53 00.83
48.01 00.90
48.49 00.96
48.97 01.02
49.46 01.08
49.96 01.14
50.46 01.20
50.96 01.26
51.47 01.32
51.99 01.37
52.51 01.43
53.03 01.48
53.56 01.53
54.10 01.58
54.64 01.63
55.18 01.67
55.74 01.72
56.29 01.76
56.86 01.81
57.42 01.85
58.00 01.89
58.58 01.93
59.16 01.97
59.76 02.01
60.35 02.05
60.96 02.09
61.57 02.12
62.18 02.16
62.80 02.19
63.43 02.23
64.07 02.26
64.71 02.30
65.35 02.33
66.01 02.36
66.67 02.39
67.33 02.42
68.01 02.45
68.69 02.48
69.37 02.51
70.07 02.54
70.77 02.57
71.48 02.60
72.19 02.62
72.91 02.65
73.64 02.67
74.38 02.70
75.12 02.72
75.87 02.75
76.63 02.77
77.40 02.79
78.17 02.81
78.95 02.83
79.74 02.85
80.54 02.87
81.35 02.88
82.16 02.90
82.98 02.91
83.81 02.91
84.65 02.91
85.50 02.91
86.35 02.89
87.22 02.87
88.09 02.85
88.97 02.82
89.86 02.78
90.76 02.74
91.66 02.70
92.58 02.66
93.51 02.63
94.44 02.60
95.39 02.58
96.34 02.56
97.30 02.56
98.28 02.56
99.26 02.58
100.25 02.60
101.25 02.62
102.27 02.65
103.29 02.69
104.32 02.72
105.37 02.75
106.42 02.77
107.48 02.80
108.56 02.81
109.64 02.83
110.74 02.84
111.85 02.85
112.97 02.85
114.10 02.85
115.24 02.85
116.39 02.84
117.55 02.84
118.73 02.83
119.92 02.83
121.12 02.82
122.33 02.81
123.55 02.80
124.79 02.79
126.03 02.78
127.29 02.77
128.57 02.76
129.85 02.75
131.15 02.74
132.46 02.73
133.79 02.72
135.12 02.71
136.48 02.70
137.84 02.69
139.22 02.67
140.61 02.66
142.02 02.65
143.44 02.63
144.87 02.62
146.32 02.60
147.78 02.59
149.26 02.57
150.75 02.56
152.26 02.55
153.78 02.53
155.32 02.52
156.88 02.51
158.44 02.50
160.03 02.49
161.63 02.50
163.24 02.50
164.88 02.51
166.53 02.51
168.19 02.51
169.87 02.51
171.57 02.51
173.29 02.50
175.02 02.49
176.77 02.49
178.54 02.47
180.32 02.45
182.13 02.44
183.95 02.41
185.79 02.39
187.65 02.38
189.52 02.35
191.42 02.34
193.33 02.32
195.27 02.31
197.22 02.29
199.19 02.28
201.18 02.26
203.19 02.25
205.23 02.23
207.28 02.22
209.35 02.20
211.44 02.20
213.56 02.18
215.69 02.17
217.85 02.16
220.03 02.15
222.23 02.14
224.45 02.13
226.70 02.11
228.96 02.09
231.25 02.08
233.57 02.05
235.90 02.03
238.26 02.00
240.64 01.99
243.05 01.96
245.48 01.93
247.93 01.91
250.41 01.88
252.92 01.84
255.45 01.82
258.00 01.78
260.58 01.74
263.19 01.71
265.82 01.66
268.48 01.63
271.16 01.59
273.87 01.55
276.61 01.54
279.38 01.52
282.17 01.54
284.99 01.56
287.84 01.62
290.72 01.68
293.63 01.77
296.57 01.87
299.53 01.96
302.53 02.07
305.55 02.17
308.61 02.26
311.69 02.35
314.81 02.40
317.96 02.45
321.14 02.48
324.35 02.50
327.59 02.49
330.87 02.47
334.18 02.45
337.52 02.43
340.90 02.39
344.30 02.36
347.75 02.33
351.23 02.31
354.74 02.27
358.28 02.24
361.87 02.22
365.49 02.20
369.14 02.18
372.83 02.15
376.56 02.12
380.33 02.11
384.13 02.08
387.97 02.06
391.85 02.03
395.77 02.02
399.73 01.99
403.72 01.98
407.76 01.95
411.84 01.94
415.96 01.92
420.12 01.91
424.32 01.88
428.56 01.88
432.85 01.87
437.18 01.85
441.55 01.84
445.96 01.83
450.42 01.81
454.93 01.80
459.48 01.78
464.07 01.76
468.71 01.74
473.40 01.73
478.13 01.71
482.91 01.69
487.74 01.67
492.62 01.66
497.55 01.64
502.52 01.62
507.55 01.60
512.62 01.58
517.75 01.55
522.93 01.54
528.16 01.51
533.44 01.49
538.77 01.46
544.16 01.43
549.60 01.41
555.10 01.38
560.65 01.36
566.25 01.33
571.92 01.31
577.64 01.28
583.41 01.27
589.25 01.24
595.14 01.23
601.09 01.21
607.10 01.20
613.17 01.19
619.30 01.18
625.50 01.17
631.75 01.17
638.07 01.17
644.45 01.16
650.89 01.13
657.40 01.11
663.98 01.09
670.62 01.06
677.32 01.03
684.10 01.01
690.94 00.98
697.85 00.96
704.83 00.93
711.87 00.89
718.99 00.87
726.18 00.83
733.44 00.80
740.78 00.76
748.19 00.74
755.67 00.70
763.23 00.65
770.86 00.62
778.57 00.57
786.35 00.52
794.22 00.47
802.16 00.43
810.18 00.37
818.28 00.31
826.46 00.25
834.73 00.20
843.08 00.14
851.51 00.09
860.02 00.03
868.62 -00.02
877.31 -00.05
886.08 -00.09
894.94 -00.13
903.89 -00.17
912.93 -00.19
922.06 -00.21
931.28 -00.23
940.59 -00.25
950.00 -00.27
959.50 -00.29
969.09 -00.32
978.78 -00.34
988.57 -00.36
998.46 -00.40
1008.44 -00.43
1018.53 -00.47
1028.71 -00.52
1039.00 -00.57
1049.39 -00.61
1059.88 -00.67
1070.48 -00.72
1081.19 -00.78
1092.00 -00.85
1102.92 -00.91
1113.95 -00.97
1125.09 -01.03
1136.34 -01.11
1147.70 -01.17
1159.18 -01.23
1170.77 -01.30
1182.48 -01.37
1194.30 -01.43
1206.25 -01.49
1218.31 -01.54
1230.49 -01.59
1242.80 -01.63
1255.22 -01.67
1267.78 -01.70
1280.45 -01.72
1293.26 -01.72
1306.19 -01.72
1319.25 -01.71
1332.45 -01.71
1345.77 -01.70
1359.23 -01.68
1372.82 -01.67
1386.55 -01.65
1400.41 -01.63
1414.42 -01.61
1428.56 -01.58
1442.85 -01.55
1457.28 -01.52
1471.85 -01.47
1486.57 -01.43
1501.43 -01.37
1516.45 -01.31
1531.61 -01.22
1546.93 -01.14
1562.40 -01.05
1578.02 -00.96
1593.80 -00.86
1609.74 -00.76
1625.84 -00.67
1642.10 -00.59
1658.52 -00.50
1675.10 -00.42
1691.85 -00.34
1708.77 -00.26
1725.86 -00.18
1743.12 -00.10
1760.55 -00.02
1778.15 00.06
1795.94 00.16
1813.90 00.28
1832.03 00.42
1850.36 00.59
1868.86 00.80
1887.55 01.05
1906.42 01.34
1925.49 01.65
1944.74 01.99
1964.19 02.36
1983.83 02.73
2003.67 03.12
2023.71 03.50
2043.94 03.87
2064.38 04.23
2085.03 04.55
2105.88 04.84
2126.94 05.09
2148.20 05.29
2169.69 05.44
2191.38 05.55
2213.30 05.62
2235.43 05.65
2257.78 05.63
2280.36 05.57
2303.17 05.47
2326.20 05.36
2349.46 05.20
2372.95 05.02
2396.68 04.82
2420.65 04.60
2444.86 04.36
2469.31 04.13
2494.00 03.88
2518.94 03.63
2544.13 03.35
2569.57 03.06
2595.27 02.76
2621.22 02.44
2647.43 02.12
2673.90 01.80
2700.64 01.50
2727.65 01.20
2754.93 00.90
2782.48 00.60
2810.30 00.33
2838.40 00.05
2866.79 -00.21
2895.46 -00.45
2924.41 -00.70
2953.65 -00.94
2983.19 -01.17
3013.02 -01.40
3043.15 -01.60
3073.58 -01.79
3104.32 -01.96
3135.36 -02.12
3166.72 -02.24
3198.38 -02.36
3230.37 -02.43
3262.67 -02.49
3295.30 -02.50
3328.25 -02.48
3361.53 -02.39
3395.15 -02.24
3429.10 -02.01
3463.39 -01.71
3498.03 -01.34
3533.01 -00.88
3568.34 -00.37
3604.02 00.16
3640.06 00.70
3676.46 01.22
3713.22 01.69
3750.36 02.11
3787.86 02.47
3825.74 02.75
3864.00 02.98
3902.64 03.14
3941.66 03.24
3981.08 03.28
4020.89 03.25
4061.10 03.16
4101.71 03.01
4142.73 02.82
4184.15 02.59
4226.00 02.34
4268.26 02.07
4310.94 01.78
4354.05 01.48
4397.59 01.16
4441.56 00.82
4485.98 00.46
4530.84 00.09
4576.15 -00.29
4621.91 -00.70
4668.13 -01.11
4714.81 -01.53
4761.96 -01.94
4809.58 -02.32
4857.67 -02.68
4906.25 -02.98
4955.31 -03.23
5004.87 -03.41
5054.91 -03.52
5105.46 -03.59
5156.52 -03.69
5208.08 -03.82
5260.16 -03.95
5312.77 -04.10
5365.89 -04.27
5419.55 -04.47
5473.75 -04.69
5528.49 -04.95
5583.77 -05.22
5639.61 -05.52
5696.00 -05.84
5752.96 -06.15
5810.49 -06.47
5868.60 -06.76
5927.28 -07.03
5986.56 -07.29
6046.42 -07.30
6106.89 -07.23
6167.96 -07.13
6229.64 -07.02
6291.93 -06.89
6354.85 -06.74
6418.40 -06.58
6482.58 -06.41
6547.41 -06.25
6612.88 -06.09
6679.01 -05.93
6745.80 -05.78
6813.26 -05.62
6881.39 -05.48
6950.21 -05.30
7019.71 -05.10
7089.91 -04.85
7160.81 -04.56
7232.41 -04.23
7304.74 -03.99
7377.79 -03.73
7451.56 -03.41
7526.08 -03.03
7601.34 -02.60
7677.35 -02.14
7754.13 -01.67
7831.67 -01.22
7909.98 -00.78
7989.08 -00.35
8068.98 00.07
8149.67 00.48
8231.16 00.88
8313.47 01.26
8396.61 01.62
8480.57 01.94
8565.38 02.22
8651.03 02.47
8737.54 02.69
8824.92 02.88
8913.17 03.04
9002.30 03.18
9092.32 03.31
9183.25 03.42
9275.08 03.54
9367.83 03.67
9461.51 03.82
9556.12 04.01
9651.68 04.25
9748.20 04.53
9845.68 04.87
9944.14 05.25
10043.58 05.65
10144.02 06.03
10245.46 06.38
10347.91 06.73
10451.39 07.00
10555.91 07.17
10661.46 07.25
10768.08 07.23
10875.76 07.12
10984.52 06.91
11094.36 06.59
11205.31 06.13
11317.36 05.52
11430.53 04.76
11544.84 03.85
11660.29 02.84
11776.89 01.77
11894.66 00.69
12013.60 -00.40
12133.74 -01.49
12255.08 -02.54
12377.63 -03.48
12501.41 -04.18
12626.42 -04.58
12752.68 -04.65
12880.21 -04.44
13009.01 -04.03
13139.10 -03.49
13270.49 -02.91
13403.20 -02.34
13537.23 -01.83
13672.60 -01.40
13809.33 -01.07
13947.42 -00.84
14086.90 -00.69
14227.77 -00.62
14370.04 -00.60
14513.74 -00.66
14658.88 -00.93
14805.47 -01.28
14953.52 -01.67
15103.06 -02.11
15254.09 -02.56
15406.63 -03.03
15560.70 -03.48
15716.30 -03.92
15873.47 -04.35
16032.20 -04.77
16192.52 -05.17
16354.45 -05.55
16517.99 -05.88
16683.17 -06.17
16850.01 -06.45
17018.51 -06.74
17188.69 -07.09
17360.58 -07.49
17534.18 -07.99
17709.53 -08.60
17886.62 -09.31
18065.49 -10.15
18246.14 -11.11
18428.60 -12.21
18612.89 -13.39
18799.02 -14.56
18987.01 -15.53
19176.88 -16.11
19368.65 -16.31
19562.33 -16.21
19757.96 -15.95
19955.54 -15.67
20000.00 -15.62
