20.00 -04.76
20.20 -04.70
20.40 -04.63
20.61 -04.57
20.81 -04.52
21.02 -04.46
21.23 -04.40
21.44 -04.35
21.66 -04.30
21.87 -04.25
22.09 -04.20
22.31 -04.16
22.54 -04.11
22.76 -04.07
22.99 -04.02
23.22 -03.98
23.45 -03.94
23.69 -03.90
23.92 -03.86
24.16 -03.82
24.40 -03.78
24.65 -03.75
24.89 -03.71
25.14 -03.68
25.39 -03.64
25.65 -03.61
25.91 -03.58
26.16 -03.55
26.43 -03.52
26.69 -03.49
26.96 -03.47
27.23 -03.44
27.50 -03.42
27.77 -03.40
28.05 -03.38
28.33 -03.36
28.62 -03.35
28.90 -03.33
29.19 -03.32
29.48 -03.31
29.78 -03.30
30.08 -03.29
30.38 -03.29
30.68 -03.29
30.99 -03.29
31.30 -03.29
31.61 -03.29
31.93 -03.29
32.24 -03.30
32.57 -03.31
32.89 -03.32
33.22 -03.33
33.55 -03.35
33.89 -03.37
34.23 -03.39
34.57 -03.42
34.92 -03.45
35.27 -03.48
35.62 -03.52
35.97 -03.56
36.33 -03.60
36.70 -03.64
37.06 -03.69
37.43 -03.73
37.81 -03.78
38.19 -03.83
38.57 -03.87
38.95 -03.92
39.34 -03.96
39.74 -04.00
40.14 -04.04
40.54 -04.08
40.94 -04.11
41.35 -04.14
41.76 -04.15
42.18 -04.17
42.60 -04.17
43.03 -04.17
43.46 -04.16
43.90 -04.15
44.33 -04.13
44.78 -04.09
45.23 -04.06
45.68 -04.02
46.13 -03.97
46.60 -03.92
47.06 -03.86
47.53 -03.81
48.01 -03.75
48.49 -03.69
48.97 -03.63
49.46 -03.57
49.96 -03.51
50.46 -03.45
50.96 -03.40
51.47 -03.36
51.99 -03.31
52.51 -03.28
53.03 -03.25
53.56 -03.23
54.10 -03.21
54.64 -03.20
55.18 -03.19
55.74 -03.20
56.29 -03.20
56.86 -03.21
57.42 -03.23
58.00 -03.25
58.58 -03.27
59.16 -03.29
59.76 -03.31
60.35 -03.33
60.96 -03.35
61.57 -03.37
62.18 -03.38
62.80 -03.38
63.43 -03.38
64.07 -03.37
64.71 -03.36
65.35 -03.34
66.01 -03.31
66.67 -03.27
67.33 -03.23
68.01 -03.19
68.69 -03.14
69.37 -03.09
70.07 -03.03
70.77 -02.98
71.48 -02.93
72.19 -02.88
72.91 -02.84
73.64 -02.81
74.38 -02.78
75.12 -02.75
75.87 -02.73
76.63 -02.72
77.40 -02.71
78.17 -02.71
78.95 -02.71
79.74 -02.72
80.54 -02.72
81.35 -02.73
82.16 -02.74
82.98 -02.74
83.81 -02.75
84.65 -02.75
85.50 -02.75
86.35 -02.76
87.22 -02.76
88.09 -02.75
88.97 -02.75
89.86 -02.75
90.76 -02.74
91.66 -02.74
92.58 -02.74
93.51 -02.73
94.44 -02.73
95.39 -02.73
96.34 -02.73
97.30 -02.73
98.28 -02.73
99.26 -02.74
100.25 -02.74
101.25 -02.75
102.27 -02.75
103.29 -02.76
104.32 -02.77
105.37 -02.79
106.42 -02.80
107.48 -02.82
108.56 -02.84
109.64 -02.85
110.74 -02.87
111.85 -02.90
112.97 -02.92
114.10 -02.94
115.24 -02.96
116.39 -02.98
117.55 -03.01
118.73 -03.03
119.92 -03.05
121.12 -03.06
122.33 -03.08
123.55 -03.09
124.79 -03.11
126.03 -03.12
127.29 -03.12
128.57 -03.13
129.85 -03.13
131.15 -03.13
132.46 -03.13
133.79 -03.13
135.12 -03.13
136.48 -03.13
137.84 -03.13
139.22 -03.13
140.61 -03.13
142.02 -03.13
143.44 -03.13
144.87 -03.14
146.32 -03.14
147.78 -03.15
149.26 -03.16
150.75 -03.16
152.26 -03.17
153.78 -03.18
155.32 -03.18
156.88 -03.19
158.44 -03.19
160.03 -03.19
161.63 -03.17
163.24 -03.16
164.88 -03.12
166.53 -03.09
168.19 -03.04
169.87 -02.99
171.57 -02.92
173.29 -02.85
175.02 -02.77
176.77 -02.68
178.54 -02.60
180.32 -02.51
182.13 -02.42
183.95 -02.34
185.79 -02.27
187.65 -02.19
189.52 -02.13
191.42 -02.07
193.33 -02.03
195.27 -01.99
197.22 -01.97
199.19 -01.95
201.18 -01.95
203.19 -01.94
205.23 -01.95
207.28 -01.96
209.35 -01.97
211.44 -01.98
213.56 -01.99
215.69 -01.99
217.85 -01.98
220.03 -01.97
222.23 -01.95
224.45 -01.91
226.70 -01.86
228.96 -01.80
231.25 -01.71
233.57 -01.62
235.90 -01.50
238.26 -01.38
240.64 -01.23
243.05 -01.09
245.48 -00.93
247.93 -00.77
250.41 -00.62
252.92 -00.47
255.45 -00.32
258.00 -00.20
260.58 -00.10
263.19 00.01
265.82 00.09
268.48 00.17
271.16 00.24
273.87 00.30
276.61 00.38
279.38 00.43
282.17 00.49
284.99 00.54
287.84 00.60
290.72 00.63
293.63 00.68
296.57 00.72
299.53 00.74
302.53 00.76
305.55 00.76
308.61 00.77
311.69 00.76
314.81 00.75
317.96 00.74
321.14 00.72
324.35 00.71
327.59 00.69
330.87 00.67
334.18 00.66
337.52 00.66
340.90 00.65
344.30 00.64
347.75 00.64
351.23 00.64
354.74 00.64
358.28 00.64
361.87 00.64
365.49 00.63
369.14 00.62
372.83 00.60
376.56 00.57
380.33 00.55
384.13 00.52
387.97 00.50
391.85 00.47
395.77 00.47
399.73 00.46
403.72 00.48
407.76 00.50
411.84 00.53
415.96 00.57
420.12 00.61
424.32 00.66
428.56 00.70
432.85 00.75
437.18 00.77
441.55 00.80
445.96 00.82
450.42 00.82
454.93 00.83
459.48 00.82
464.07 00.81
468.71 00.81
473.40 00.82
478.13 00.81
482.91 00.81
487.74 00.82
492.62 00.83
497.55 00.83
502.52 00.83
507.55 00.83
512.62 00.82
517.75 00.81
522.93 00.80
528.16 00.77
533.44 00.76
538.77 00.73
544.16 00.70
549.60 00.69
555.10 00.67
560.65 00.66
566.25 00.64
571.92 00.64
577.64 00.63
583.41 00.63
589.25 00.62
595.14 00.62
601.09 00.63
607.10 00.62
613.17 00.62
619.30 00.61
625.50 00.60
631.75 00.60
638.07 00.58
644.45 00.57
650.89 00.54
657.40 00.50
663.98 00.48
670.62 00.45
677.32 00.42
684.10 00.41
690.94 00.38
697.85 00.37
704.83 00.35
711.87 00.33
718.99 00.32
726.18 00.31
733.44 00.29
740.78 00.27
748.19 00.27
755.67 00.25
763.23 00.24
770.86 00.23
778.57 00.22
786.35 00.21
794.22 00.19
802.16 00.20
810.18 00.19
818.28 00.18
826.46 00.18
834.73 00.18
843.08 00.18
851.51 00.17
860.02 00.16
868.62 00.14
877.31 00.12
886.08 00.09
894.94 00.04
903.89 -00.01
912.93 -00.05
922.06 -00.11
931.28 -00.16
940.59 -00.23
950.00 -00.29
959.50 -00.35
969.09 -00.41
978.78 -00.45
988.57 -00.49
998.46 -00.53
1008.44 -00.55
1018.53 -00.56
1028.71 -00.58
1039.00 -00.58
1049.39 -00.58
1059.88 -00.59
1070.48 -00.58
1081.19 -00.58
1092.00 -00.59
1102.92 -00.58
1113.95 -00.58
1125.09 -00.58
1136.34 -00.60
1147.70 -00.60
1159.18 -00.60
1170.77 -00.61
1182.48 -00.62
1194.30 -00.63
1206.25 -00.63
1218.31 -00.64
1230.49 -00.64
1242.80 -00.64
1255.22 -00.65
1267.78 -00.65
1280.45 -00.65
1293.26 -00.63
1306.19 -00.62
1319.25 -00.61
1332.45 -00.60
1345.77 -00.59
1359.23 -00.58
1372.82 -00.57
1386.55 -00.55
1400.41 -00.54
1414.42 -00.53
1428.56 -00.51
1442.85 -00.50
1457.28 -00.48
1471.85 -00.46
1486.57 -00.44
1501.43 -00.41
1516.45 -00.38
1531.61 -00.34
1546.93 -00.31
1562.40 -00.27
1578.02 -00.24
1593.80 -00.20
1609.74 -00.16
1625.84 -00.13
1642.10 -00.11
1658.52 -00.08
1675.10 -00.08
1691.85 -00.08
1708.77 -00.09
1725.86 -00.12
1743.12 -00.16
1760.55 -00.23
1778.15 -00.31
1795.94 -00.40
1813.90 -00.53
1832.03 -00.68
1850.36 -00.85
1868.86 -01.04
1887.55 -01.27
1906.42 -01.52
1925.49 -01.80
1944.74 -02.12
1964.19 -02.45
1983.83 -02.80
2003.67 -03.17
2023.71 -03.54
2043.94 -03.92
2064.38 -04.28
2085.03 -04.62
2105.88 -04.92
2126.94 -05.19
2148.20 -05.40
2169.69 -05.57
2191.38 -05.68
2213.30 -05.75
2235.43 -05.76
2257.78 -05.76
2280.36 -05.72
2303.17 -05.66
2326.20 -05.57
2349.46 -05.49
2372.95 -05.39
2396.68 -05.28
2420.65 -05.17
2444.86 -05.06
2469.31 -04.94
2494.00 -04.83
2518.94 -04.71
2544.13 -04.59
2569.57 -04.48
2595.27 -04.37
2621.22 -04.27
2647.43 -04.17
2673.90 -04.08
2700.64 -03.97
2727.65 -03.89
2754.93 -03.80
2782.48 -03.73
2810.30 -03.65
2838.40 -03.60
2866.79 -03.57
2895.46 -03.55
2924.41 -03.56
2953.65 -03.57
2983.19 -03.62
3013.02 -03.70
3043.15 -03.81
3073.58 -03.99
3104.32 -04.23
3135.36 -04.56
3166.72 -04.95
3198.38 -05.41
3230.37 -05.91
3262.67 -06.46
3295.30 -07.02
3328.25 -07.60
3361.53 -08.17
3395.15 -08.70
3429.10 -09.14
3463.39 -09.44
3498.03 -09.58
3533.01 -09.59
3568.34 -09.52
3604.02 -09.46
3640.06 -09.45
3676.46 -09.53
3713.22 -09.71
3750.36 -09.96
3787.86 -10.26
3825.74 -10.55
3864.00 -10.81
3902.64 -11.01
3941.66 -11.16
3981.08 -11.26
4020.89 -11.32
4061.10 -11.33
4101.71 -11.25
4142.73 -11.06
4184.15 -10.72
4226.00 -10.23
4268.26 -09.64
4310.94 -09.02
4354.05 -08.42
4397.59 -07.86
4441.56 -07.37
4485.98 -06.94
4530.84 -06.55
4576.15 -06.22
4621.91 -05.94
4668.13 -05.71
4714.81 -05.54
4761.96 -05.43
4809.58 -05.36
4857.67 -05.32
4906.25 -05.27
4955.31 -05.21
5004.87 -05.13
5054.91 -05.02
5105.46 -04.89
5156.52 -04.81
5208.08 -04.76
5260.16 -04.68
5312.77 -04.58
5365.89 -04.48
5419.55 -04.37
5473.75 -04.28
5528.49 -04.21
5583.77 -04.15
5639.61 -04.14
5696.00 -04.16
5752.96 -04.22
5810.49 -04.32
5868.60 -04.49
5927.28 -04.71
5986.56 -05.00
6046.42 -05.13
6106.89 -05.25
6167.96 -05.42
6229.64 -05.65
6291.93 -05.94
6354.85 -06.28
6418.40 -06.67
6482.58 -07.10
6547.41 -07.58
6612.88 -08.10
6679.01 -08.64
6745.80 -09.21
6813.26 -09.79
6881.39 -10.40
6950.21 -11.02
7019.71 -11.66
7089.91 -12.26
7160.81 -12.75
7232.41 -12.98
7304.74 -12.97
7377.79 -12.59
7451.56 -11.91
7526.08 -11.05
7601.34 -10.12
7677.35 -09.21
7754.13 -08.36
7831.67 -07.60
7909.98 -06.95
7989.08 -06.39
8068.98 -05.93
8149.67 -05.54
8231.16 -05.22
8313.47 -04.98
8396.61 -04.81
8480.57 -04.71
8565.38 -04.66
8651.03 -04.67
8737.54 -04.71
8824.92 -04.79
8913.17 -04.90
9002.30 -05.04
9092.32 -05.22
9183.25 -05.44
9275.08 -05.71
9367.83 -06.01
9461.51 -06.33
9556.12 -06.65
9651.68 -06.98
9748.20 -07.28
9845.68 -07.53
9944.14 -07.70
10043.58 -07.79
10144.02 -07.80
10245.46 -07.71
10347.91 -07.45
10451.39 -07.10
10555.91 -06.67
10661.46 -06.22
10768.08 -05.75
10875.76 -05.28
10984.52 -04.80
11094.36 -04.32
11205.31 -03.86
11317.36 -03.40
11430.53 -02.93
11544.84 -02.46
11660.29 -02.00
11776.89 -01.59
11894.66 -01.25
12013.60 -01.01
12133.74 -00.85
12255.08 -00.80
12377.63 -00.82
12501.41 -00.93
12626.42 -01.11
12752.68 -01.37
12880.21 -01.74
13009.01 -02.20
13139.10 -02.76
13270.49 -03.39
13403.20 -04.05
13537.23 -04.67
13672.60 -05.22
13809.33 -05.68
13947.42 -06.05
14086.90 -06.31
14227.77 -06.51
14370.04 -06.69
14513.74 -06.92
14658.88 -07.28
14805.47 -07.61
14953.52 -07.79
15103.06 -07.75
15254.09 -07.53
15406.63 -07.29
15560.70 -07.11
15716.30 -07.02
15873.47 -07.00
16032.20 -07.01
16192.52 -07.03
16354.45 -07.05
16517.99 -07.08
16683.17 -07.16
16850.01 -07.29
17018.51 -07.49
17188.69 -07.73
17360.58 -07.93
17534.18 -08.07
17709.53 -08.17
17886.62 -08.30
18065.49 -08.51
18246.14 -08.77
18428.60 -09.12
18612.89 -09.54
18799.02 -10.02
18987.01 -10.54
19176.88 -11.06
19368.65 -11.61
19562.33 -12.22
19757.96 -12.87
19955.54 -13.54
20000.00 -13.69
