20.00 -00.44
20.20 -00.33
20.40 -00.23
20.61 -00.13
20.81 -00.03
21.02 00.06
21.23 00.15
21.44 00.24
21.66 00.33
21.87 00.41
22.09 00.50
22.31 00.58
22.54 00.67
22.76 00.74
22.99 00.82
23.22 00.90
23.45 00.98
23.69 01.06
23.92 01.13
24.16 01.21
24.40 01.28
24.65 01.36
24.89 01.43
25.14 01.50
25.39 01.57
25.65 01.64
25.91 01.70
26.16 01.77
26.43 01.83
26.69 01.90
26.96 01.96
27.23 02.02
27.50 02.08
27.77 02.13
28.05 02.19
28.33 02.24
28.62 02.29
28.90 02.34
29.19 02.39
29.48 02.43
29.78 02.48
30.08 02.52
30.38 02.56
30.68 02.59
30.99 02.63
31.30 02.66
31.61 02.68
31.93 02.70
32.24 02.72
32.57 02.74
32.89 02.76
33.22 02.77
33.55 02.78
33.89 02.79
34.23 02.80
34.57 02.80
34.92 02.81
35.27 02.82
35.62 02.82
35.97 02.83
36.33 02.83
36.70 02.84
37.06 02.84
37.43 02.85
37.81 02.85
38.19 02.85
38.57 02.86
38.95 02.86
39.34 02.86
39.74 02.87
40.14 02.87
40.54 02.87
40.94 02.87
41.35 02.87
41.76 02.87
42.18 02.87
42.60 02.88
43.03 02.88
43.46 02.88
43.90 02.88
44.33 02.88
44.78 02.88
45.23 02.88
45.68 02.88
46.13 02.88
46.60 02.88
47.06 02.88
47.53 02.88
48.01 02.88
48.49 02.88
48.97 02.88
49.46 02.87
49.96 02.87
50.46 02.87
50.96 02.86
51.47 02.86
51.99 02.85
52.51 02.85
53.03 02.84
53.56 02.83
54.10 02.82
54.64 02.81
55.18 02.79
55.74 02.78
56.29 02.76
56.86 02.75
57.42 02.73
58.00 02.71
58.58 02.69
59.16 02.67
59.76 02.65
60.35 02.64
60.96 02.62
61.57 02.60
62.18 02.58
62.80 02.56
63.43 02.54
64.07 02.52
64.71 02.50
65.35 02.49
66.01 02.47
66.67 02.45
67.33 02.44
68.01 02.42
68.69 02.40
69.37 02.39
70.07 02.37
70.77 02.35
71.48 02.34
72.19 02.32
72.91 02.30
73.64 02.28
74.38 02.26
75.12 02.24
75.87 02.21
76.63 02.19
77.40 02.16
78.17 02.13
78.95 02.10
79.74 02.07
80.54 02.04
81.35 02.01
82.16 01.98
82.98 01.95
83.81 01.92
84.65 01.89
85.50 01.85
86.35 01.82
87.22 01.79
88.09 01.76
88.97 01.73
89.86 01.70
90.76 01.67
91.66 01.64
92.58 01.61
93.51 01.58
94.44 01.56
95.39 01.53
96.34 01.51
97.30 01.48
98.28 01.46
99.26 01.44
100.25 01.42
101.25 01.40
102.27 01.38
103.29 01.36
104.32 01.34
105.37 01.32
106.42 01.30
107.48 01.28
108.56 01.27
109.64 01.25
110.74 01.23
111.85 01.21
112.97 01.19
114.10 01.17
115.24 01.15
116.39 01.13
117.55 01.11
118.73 01.09
119.92 01.07
121.12 01.05
122.33 01.03
123.55 01.01
124.79 00.99
126.03 00.97
127.29 00.95
128.57 00.93
129.85 00.91
131.15 00.89
132.46 00.88
133.79 00.86
135.12 00.85
136.48 00.84
137.84 00.83
139.22 00.82
140.61 00.81
142.02 00.80
143.44 00.80
144.87 00.79
146.32 00.79
147.78 00.78
149.26 00.78
150.75 00.77
152.26 00.77
153.78 00.76
155.32 00.75
156.88 00.74
158.44 00.72
160.03 00.71
161.63 00.70
163.24 00.69
164.88 00.68
166.53 00.67
168.19 00.66
169.87 00.64
171.57 00.64
173.29 00.63
175.02 00.61
176.77 00.61
178.54 00.60
180.32 00.58
182.13 00.58
183.95 00.56
185.79 00.54
187.65 00.53
189.52 00.50
191.42 00.48
193.33 00.45
195.27 00.42
197.22 00.39
199.19 00.38
201.18 00.36
203.19 00.35
205.23 00.33
207.28 00.33
209.35 00.32
211.44 00.33
213.56 00.32
215.69 00.32
217.85 00.33
220.03 00.32
222.23 00.31
224.45 00.30
226.70 00.28
228.96 00.26
231.25 00.25
233.57 00.23
235.90 00.21
238.26 00.19
240.64 00.19
243.05 00.18
245.48 00.18
247.93 00.19
250.41 00.19
252.92 00.20
255.45 00.21
258.00 00.22
260.58 00.22
263.19 00.23
265.82 00.23
268.48 00.24
271.16 00.23
273.87 00.22
276.61 00.21
279.38 00.20
282.17 00.19
284.99 00.17
287.84 00.15
290.72 00.13
293.63 00.12
296.57 00.10
299.53 00.08
302.53 00.07
305.55 00.06
308.61 00.06
311.69 00.06
314.81 00.05
317.96 00.06
321.14 00.06
324.35 00.08
327.59 00.09
330.87 00.10
334.18 00.11
337.52 00.13
340.90 00.13
344.30 00.13
347.75 00.13
351.23 00.13
354.74 00.12
358.28 00.10
361.87 00.08
365.49 00.05
369.14 00.03
372.83 -00.01
376.56 -00.06
380.33 -00.10
384.13 -00.15
387.97 -00.20
391.85 -00.26
395.77 -00.33
399.73 -00.41
403.72 -00.50
407.76 -00.60
411.84 -00.71
415.96 -00.83
420.12 -00.94
424.32 -01.07
428.56 -01.18
432.85 -01.27
437.18 -01.37
441.55 -01.43
445.96 -01.48
450.42 -01.51
454.93 -01.51
459.48 -01.51
464.07 -01.50
468.71 -01.48
473.40 -01.44
478.13 -01.41
482.91 -01.39
487.74 -01.36
492.62 -01.33
497.55 -01.32
502.52 -01.31
507.55 -01.28
512.62 -01.27
517.75 -01.26
522.93 -01.23
528.16 -01.21
533.44 -01.18
538.77 -01.16
544.16 -01.14
549.60 -01.11
555.10 -01.09
560.65 -01.06
566.25 -01.05
571.92 -01.03
577.64 -01.02
583.41 -01.00
589.25 -00.99
595.14 -00.97
601.09 -00.95
607.10 -00.92
613.17 -00.87
619.30 -00.82
625.50 -00.75
631.75 -00.66
638.07 -00.56
644.45 -00.45
650.89 -00.35
657.40 -00.24
663.98 -00.12
670.62 -00.02
677.32 00.08
684.10 00.17
690.94 00.23
697.85 00.29
704.83 00.31
711.87 00.32
718.99 00.32
726.18 00.32
733.44 00.31
740.78 00.30
748.19 00.30
755.67 00.29
763.23 00.27
770.86 00.27
778.57 00.25
786.35 00.22
794.22 00.20
802.16 00.19
810.18 00.16
818.28 00.14
826.46 00.11
834.73 00.09
843.08 00.07
851.51 00.06
860.02 00.06
868.62 00.08
877.31 00.12
886.08 00.16
894.94 00.20
903.89 00.24
912.93 00.30
922.06 00.34
931.28 00.38
940.59 00.41
950.00 00.44
959.50 00.48
969.09 00.49
978.78 00.52
988.57 00.54
998.46 00.55
1008.44 00.58
1018.53 00.61
1028.71 00.63
1039.00 00.66
1049.39 00.69
1059.88 00.70
1070.48 00.72
1081.19 00.73
1092.00 00.73
1102.92 00.74
1113.95 00.74
1125.09 00.73
1136.34 00.70
1147.70 00.68
1159.18 00.66
1170.77 00.63
1182.48 00.59
1194.30 00.55
1206.25 00.52
1218.31 00.49
1230.49 00.46
1242.80 00.42
1255.22 00.38
1267.78 00.34
1280.45 00.31
1293.26 00.28
1306.19 00.26
1319.25 00.23
1332.45 00.20
1345.77 00.17
1359.23 00.15
1372.82 00.12
1386.55 00.09
1400.41 00.07
1414.42 00.04
1428.56 00.01
1442.85 -00.01
1457.28 -00.04
1471.85 -00.06
1486.57 -00.08
1501.43 -00.10
1516.45 -00.12
1531.61 -00.12
1546.93 -00.14
1562.40 -00.15
1578.02 -00.17
1593.80 -00.18
1609.74 -00.18
1625.84 -00.20
1642.10 -00.21
1658.52 -00.22
1675.10 -00.24
1691.85 -00.27
1708.77 -00.28
1725.86 -00.30
1743.12 -00.32
1760.55 -00.35
1778.15 -00.38
1795.94 -00.40
1813.90 -00.43
1832.03 -00.45
1850.36 -00.48
1868.86 -00.50
1887.55 -00.52
1906.42 -00.55
1925.49 -00.57
1944.74 -00.61
1964.19 -00.63
1983.83 -00.65
2003.67 -00.68
2023.71 -00.70
2043.94 -00.73
2064.38 -00.76
2085.03 -00.80
2105.88 -00.82
2126.94 -00.86
2148.20 -00.90
2169.69 -00.94
2191.38 -00.99
2213.30 -01.04
2235.43 -01.08
2257.78 -01.13
2280.36 -01.19
2303.17 -01.25
2326.20 -01.31
2349.46 -01.38
2372.95 -01.46
2396.68 -01.54
2420.65 -01.64
2444.86 -01.76
2469.31 -01.88
2494.00 -02.02
2518.94 -02.18
2544.13 -02.37
2569.57 -02.57
2595.27 -02.78
2621.22 -03.01
2647.43 -03.23
2673.90 -03.44
2700.64 -03.64
2727.65 -03.85
2754.93 -04.05
2782.48 -04.21
2810.30 -04.31
2838.40 -04.34
2866.79 -04.32
2895.46 -04.24
2924.41 -04.15
2953.65 -04.03
2983.19 -03.91
3013.02 -03.77
3043.15 -03.60
3073.58 -03.43
3104.32 -03.25
3135.36 -03.10
3166.72 -02.96
3198.38 -02.85
3230.37 -02.76
3262.67 -02.69
3295.30 -02.62
3328.25 -02.56
3361.53 -02.49
3395.15 -02.44
3429.10 -02.37
3463.39 -02.31
3498.03 -02.25
3533.01 -02.18
3568.34 -02.11
3604.02 -02.03
3640.06 -01.94
3676.46 -01.86
3713.22 -01.77
3750.36 -01.67
3787.86 -01.56
3825.74 -01.45
3864.00 -01.32
3902.64 -01.19
3941.66 -01.05
3981.08 -00.90
4020.89 -00.75
4061.10 -00.59
4101.71 -00.45
4142.73 -00.31
4184.15 -00.19
4226.00 -00.08
4268.26 00.00
4310.94 00.07
4354.05 00.11
4397.59 00.14
4441.56 00.16
4485.98 00.15
4530.84 00.12
4576.15 00.07
4621.91 00.00
4668.13 -00.09
4714.81 -00.20
4761.96 -00.32
4809.58 -00.45
4857.67 -00.59
4906.25 -00.75
4955.31 -00.93
5004.87 -01.12
5054.91 -01.32
5105.46 -01.52
5156.52 -01.78
5208.08 -02.07
5260.16 -02.32
5312.77 -02.55
5365.89 -02.72
5419.55 -02.86
5473.75 -02.95
5528.49 -03.01
5583.77 -03.03
5639.61 -03.05
5696.00 -03.06
5752.96 -03.07
5810.49 -03.10
5868.60 -03.15
5927.28 -03.23
5986.56 -03.33
6046.42 -03.24
6106.89 -03.10
6167.96 -02.97
6229.64 -02.86
6291.93 -02.77
6354.85 -02.69
6418.40 -02.61
6482.58 -02.53
6547.41 -02.46
6612.88 -02.38
6679.01 -02.31
6745.80 -02.26
6813.26 -02.23
6881.39 -02.23
6950.21 -02.26
7019.71 -02.31
7089.91 -02.34
7160.81 -02.34
7232.41 -02.26
7304.74 -02.26
7377.79 -02.19
7451.56 -02.05
7526.08 -01.85
7601.34 -01.61
7677.35 -01.34
7754.13 -01.06
7831.67 -00.78
7909.98 -00.53
7989.08 -00.33
8068.98 -00.17
8149.67 -00.08
8231.16 -00.04
8313.47 -00.06
8396.61 -00.11
8480.57 -00.19
8565.38 -00.28
8651.03 -00.37
8737.54 -00.42
8824.92 -00.45
8913.17 -00.43
9002.30 -00.38
9092.32 -00.29
9183.25 -00.15
9275.08 00.01
9367.83 00.21
9461.51 00.43
9556.12 00.66
9651.68 00.92
9748.20 01.18
9845.68 01.44
9944.14 01.72
10043.58 02.01
10144.02 02.30
10245.46 02.62
10347.91 03.01
10451.39 03.39
10555.91 03.74
10661.46 04.01
10768.08 04.21
10875.76 04.32
10984.52 04.36
11094.36 04.31
11205.31 04.16
11317.36 03.91
11430.53 03.56
11544.84 03.08
11660.29 02.48
11776.89 01.73
11894.66 00.85
12013.60 -00.16
12133.74 -01.23
12255.08 -02.33
12377.63 -03.36
12501.41 -04.25
12626.42 -04.92
12752.68 -05.32
12880.21 -05.48
13009.01 -05.42
13139.10 -05.20
13270.49 -04.87
13403.20 -04.49
13537.23 -04.07
13672.60 -03.65
13809.33 -03.23
13947.42 -02.83
14086.90 -02.43
14227.77 -02.03
14370.04 -01.65
14513.74 -01.33
14658.88 -01.19
14805.47 -01.14
14953.52 -01.17
15103.06 -01.30
15254.09 -01.51
15406.63 -01.81
15560.70 -02.18
15716.30 -02.62
15873.47 -03.11
16032.20 -03.64
16192.52 -04.19
16354.45 -04.75
16517.99 -05.28
16683.17 -05.77
16850.01 -06.20
17018.51 -06.59
17188.69 -06.96
17360.58 -07.31
17534.18 -07.72
17709.53 -08.25
17886.62 -08.92
18065.49 -09.80
18246.14 -10.88
18428.60 -12.16
18612.89 -13.44
18799.02 -14.39
18987.01 -14.68
19176.88 -14.32
19368.65 -13.70
19562.33 -13.10
19757.96 -12.66
19955.54 -12.38
20000.00 -12.34
