20.00 00.10
20.20 00.17
20.40 00.23
20.61 00.29
20.81 00.34
21.02 00.39
21.23 00.43
21.44 00.47
21.66 00.51
21.87 00.55
22.09 00.58
22.31 00.61
22.54 00.63
22.76 00.65
22.99 00.67
23.22 00.68
23.45 00.70
23.69 00.71
23.92 00.71
24.16 00.72
24.40 00.72
24.65 00.72
24.89 00.72
25.14 00.71
25.39 00.71
25.65 00.70
25.91 00.69
26.16 00.68
26.43 00.67
26.69 00.66
26.96 00.65
27.23 00.64
27.50 00.62
27.77 00.61
28.05 00.60
28.33 00.60
28.62 00.59
28.90 00.59
29.19 00.58
29.48 00.59
29.78 00.59
30.08 00.60
30.38 00.61
30.68 00.63
30.99 00.66
31.30 00.68
31.61 00.72
31.93 00.75
32.24 00.79
32.57 00.84
32.89 00.89
33.22 00.95
33.55 01.01
33.89 01.08
34.23 01.15
34.57 01.22
34.92 01.30
35.27 01.38
35.62 01.47
35.97 01.56
36.33 01.65
36.70 01.75
37.06 01.85
37.43 01.95
37.81 02.05
38.19 02.15
38.57 02.25
38.95 02.35
39.34 02.45
39.74 02.55
40.14 02.64
40.54 02.73
40.94 02.82
41.35 02.90
41.76 02.97
42.18 03.03
42.60 03.09
43.03 03.14
43.46 03.17
43.90 03.20
44.33 03.22
44.78 03.24
45.23 03.24
45.68 03.24
46.13 03.23
46.60 03.21
47.06 03.19
47.53 03.17
48.01 03.14
48.49 03.11
48.97 03.09
49.46 03.06
49.96 03.04
50.46 03.02
50.96 03.01
51.47 03.00
51.99 03.01
52.51 03.02
53.03 03.05
53.56 03.09
54.10 03.14
54.64 03.20
55.18 03.28
55.74 03.37
56.29 03.47
56.86 03.58
57.42 03.70
58.00 03.82
58.58 03.95
59.16 04.08
59.76 04.22
60.35 04.35
60.96 04.47
61.57 04.59
62.18 04.69
62.80 04.78
63.43 04.85
64.07 04.91
64.71 04.95
65.35 04.98
66.01 04.99
66.67 04.98
67.33 04.96
68.01 04.93
68.69 04.90
69.37 04.85
70.07 04.80
70.77 04.76
71.48 04.71
72.19 04.67
72.91 04.64
73.64 04.61
74.38 04.59
75.12 04.58
75.87 04.57
76.63 04.58
77.40 04.59
78.17 04.60
78.95 04.63
79.74 04.65
80.54 04.68
81.35 04.71
82.16 04.74
82.98 04.76
83.81 04.79
84.65 04.80
85.50 04.82
86.35 04.83
87.22 04.84
88.09 04.84
88.97 04.83
89.86 04.82
90.76 04.81
91.66 04.79
92.58 04.77
93.51 04.75
94.44 04.72
95.39 04.69
96.34 04.65
97.30 04.61
98.28 04.57
99.26 04.52
100.25 04.46
101.25 04.41
102.27 04.34
103.29 04.28
104.32 04.21
105.37 04.13
106.42 04.05
107.48 03.97
108.56 03.88
109.64 03.79
110.74 03.69
111.85 03.60
112.97 03.50
114.10 03.40
115.24 03.29
116.39 03.19
117.55 03.09
118.73 02.99
119.92 02.90
121.12 02.80
122.33 02.71
123.55 02.61
124.79 02.52
126.03 02.43
127.29 02.33
128.57 02.24
129.85 02.15
131.15 02.05
132.46 01.95
133.79 01.86
135.12 01.76
136.48 01.66
137.84 01.56
139.22 01.46
140.61 01.37
142.02 01.27
143.44 01.17
144.87 01.06
146.32 00.96
147.78 00.85
149.26 00.74
150.75 00.62
152.26 00.50
153.78 00.37
155.32 00.24
156.88 00.10
158.44 -00.04
160.03 -00.18
161.63 -00.32
163.24 -00.45
164.88 -00.58
166.53 -00.71
168.19 -00.84
169.87 -00.96
171.57 -01.07
173.29 -01.18
175.02 -01.29
176.77 -01.38
178.54 -01.49
180.32 -01.58
182.13 -01.67
183.95 -01.77
185.79 -01.87
187.65 -01.96
189.52 -02.07
191.42 -02.18
193.33 -02.30
195.27 -02.42
197.22 -02.55
199.19 -02.68
201.18 -02.82
203.19 -02.95
205.23 -03.10
207.28 -03.24
209.35 -03.39
211.44 -03.52
213.56 -03.65
215.69 -03.77
217.85 -03.87
220.03 -03.97
222.23 -04.04
224.45 -04.09
226.70 -04.15
228.96 -04.19
231.25 -04.20
233.57 -04.22
235.90 -04.22
238.26 -04.20
240.64 -04.15
243.05 -04.08
245.48 -04.00
247.93 -03.88
250.41 -03.76
252.92 -03.62
255.45 -03.46
258.00 -03.31
260.58 -03.17
263.19 -03.02
265.82 -02.89
268.48 -02.77
271.16 -02.66
273.87 -02.57
276.61 -02.49
279.38 -02.42
282.17 -02.36
284.99 -02.32
287.84 -02.27
290.72 -02.23
293.63 -02.18
296.57 -02.13
299.53 -02.09
302.53 -02.04
305.55 -02.00
308.61 -01.96
311.69 -01.91
314.81 -01.87
317.96 -01.81
321.14 -01.77
324.35 -01.71
327.59 -01.66
330.87 -01.62
334.18 -01.58
337.52 -01.54
340.90 -01.51
344.30 -01.50
347.75 -01.48
351.23 -01.47
354.74 -01.46
358.28 -01.46
361.87 -01.45
365.49 -01.45
369.14 -01.44
372.83 -01.43
376.56 -01.41
380.33 -01.37
384.13 -01.34
387.97 -01.29
391.85 -01.24
395.77 -01.18
399.73 -01.13
403.72 -01.08
407.76 -01.04
411.84 -00.99
415.96 -00.97
420.12 -00.94
424.32 -00.94
428.56 -00.94
432.85 -00.95
437.18 -00.97
441.55 -00.99
445.96 -01.02
450.42 -01.06
454.93 -01.10
459.48 -01.15
464.07 -01.20
468.71 -01.25
473.40 -01.28
478.13 -01.32
482.91 -01.36
487.74 -01.39
492.62 -01.40
497.55 -01.42
502.52 -01.43
507.55 -01.43
512.62 -01.43
517.75 -01.43
522.93 -01.41
528.16 -01.39
533.44 -01.35
538.77 -01.32
544.16 -01.27
549.60 -01.21
555.10 -01.15
560.65 -01.06
566.25 -00.97
571.92 -00.86
577.64 -00.76
583.41 -00.63
589.25 -00.52
595.14 -00.39
601.09 -00.26
607.10 -00.14
613.17 -00.02
619.30 00.08
625.50 00.18
631.75 00.26
638.07 00.33
644.45 00.38
650.89 00.40
657.40 00.41
663.98 00.41
670.62 00.40
677.32 00.38
684.10 00.36
690.94 00.33
697.85 00.31
704.83 00.29
711.87 00.26
718.99 00.24
726.18 00.22
733.44 00.19
740.78 00.17
748.19 00.17
755.67 00.15
763.23 00.14
770.86 00.13
778.57 00.12
786.35 00.11
794.22 00.09
802.16 00.09
810.18 00.08
818.28 00.06
826.46 00.05
834.73 00.05
843.08 00.03
851.51 00.02
860.02 00.01
868.62 -00.01
877.31 -00.01
886.08 -00.02
894.94 -00.04
903.89 -00.05
912.93 -00.03
922.06 -00.03
931.28 -00.01
940.59 00.00
950.00 00.02
959.50 00.05
969.09 00.07
978.78 00.10
988.57 00.14
998.46 00.17
1008.44 00.22
1018.53 00.26
1028.71 00.29
1039.00 00.33
1049.39 00.36
1059.88 00.38
1070.48 00.40
1081.19 00.41
1092.00 00.42
1102.92 00.42
1113.95 00.42
1125.09 00.42
1136.34 00.41
1147.70 00.41
1159.18 00.40
1170.77 00.40
1182.48 00.37
1194.30 00.36
1206.25 00.34
1218.31 00.32
1230.49 00.31
1242.80 00.29
1255.22 00.26
1267.78 00.25
1280.45 00.23
1293.26 00.24
1306.19 00.24
1319.25 00.25
1332.45 00.26
1345.77 00.27
1359.23 00.29
1372.82 00.30
1386.55 00.32
1400.41 00.33
1414.42 00.34
1428.56 00.35
1442.85 00.37
1457.28 00.39
1471.85 00.42
1486.57 00.46
1501.43 00.52
1516.45 00.58
1531.61 00.67
1546.93 00.75
1562.40 00.85
1578.02 00.96
1593.80 01.07
1609.74 01.20
1625.84 01.33
1642.10 01.45
1658.52 01.59
1675.10 01.72
1691.85 01.85
1708.77 01.98
1725.86 02.10
1743.12 02.22
1760.55 02.33
1778.15 02.42
1795.94 02.51
1813.90 02.58
1832.03 02.62
1850.36 02.64
1868.86 02.63
1887.55 02.59
1906.42 02.51
1925.49 02.40
1944.74 02.25
1964.19 02.07
1983.83 01.84
2003.67 01.59
2023.71 01.30
2043.94 00.99
2064.38 00.66
2085.03 00.32
2105.88 -00.01
2126.94 -00.33
2148.20 -00.63
2169.69 -00.89
2191.38 -01.11
2213.30 -01.28
2235.43 -01.39
2257.78 -01.45
2280.36 -01.48
2303.17 -01.47
2326.20 -01.43
2349.46 -01.37
2372.95 -01.31
2396.68 -01.23
2420.65 -01.15
2444.86 -01.08
2469.31 -01.00
2494.00 -00.93
2518.94 -00.86
2544.13 -00.81
2569.57 -00.77
2595.27 -00.73
2621.22 -00.71
2647.43 -00.69
2673.90 -00.68
2700.64 -00.66
2727.65 -00.66
2754.93 -00.66
2782.48 -00.67
2810.30 -00.67
2838.40 -00.70
2866.79 -00.74
2895.46 -00.79
2924.41 -00.87
2953.65 -00.95
2983.19 -01.07
3013.02 -01.21
3043.15 -01.37
3073.58 -01.58
3104.32 -01.84
3135.36 -02.17
3166.72 -02.54
3198.38 -02.97
3230.37 -03.38
3262.67 -03.77
3295.30 -04.07
3328.25 -04.29
3361.53 -04.45
3395.15 -04.58
3429.10 -04.66
3463.39 -04.70
3498.03 -04.69
3533.01 -04.63
3568.34 -04.56
3604.02 -04.54
3640.06 -04.60
3676.46 -04.77
3713.22 -05.05
3750.36 -05.39
3787.86 -05.75
3825.74 -06.08
3864.00 -06.34
3902.64 -06.53
3941.66 -06.67
3981.08 -06.76
4020.89 -06.82
4061.10 -06.85
4101.71 -06.80
4142.73 -06.63
4184.15 -06.33
4226.00 -05.92
4268.26 -05.47
4310.94 -05.03
4354.05 -04.62
4397.59 -04.27
4441.56 -03.98
4485.98 -03.73
4530.84 -03.52
4576.15 -03.37
4621.91 -03.28
4668.13 -03.26
4714.81 -03.31
4761.96 -03.43
4809.58 -03.60
4857.67 -03.79
4906.25 -03.97
4955.31 -04.13
5004.87 -04.25
5054.91 -04.35
5105.46 -04.41
5156.52 -04.54
5208.08 -04.68
5260.16 -04.80
5312.77 -04.89
5365.89 -04.94
5419.55 -04.95
5473.75 -04.94
5528.49 -04.89
5583.77 -04.79
5639.61 -04.66
5696.00 -04.48
5752.96 -04.25
5810.49 -03.99
5868.60 -03.71
5927.28 -03.42
5986.56 -03.14
6046.42 -02.67
6106.89 -02.16
6167.96 -01.71
6229.64 -01.31
6291.93 -01.00
6354.85 -00.77
6418.40 -00.64
6482.58 -00.60
6547.41 -00.66
6612.88 -00.81
6679.01 -01.06
6745.80 -01.40
6813.26 -01.84
6881.39 -02.38
6950.21 -03.01
7019.71 -03.72
7089.91 -04.46
7160.81 -05.17
7232.41 -05.76
7304.74 -06.31
7377.79 -06.64
7451.56 -06.73
7526.08 -06.61
7601.34 -06.34
7677.35 -05.97
7754.13 -05.53
7831.67 -05.05
7909.98 -04.58
7989.08 -04.14
8068.98 -03.72
8149.67 -03.34
8231.16 -02.98
8313.47 -02.63
8396.61 -02.29
8480.57 -01.97
8565.38 -01.68
8651.03 -01.42
8737.54 -01.22
8824.92 -01.07
8913.17 -00.98
9002.30 -00.95
9092.32 -00.97
9183.25 -01.05
9275.08 -01.21
9367.83 -01.45
9461.51 -01.77
9556.12 -02.18
9651.68 -02.67
9748.20 -03.23
9845.68 -03.82
9944.14 -04.40
10043.58 -04.96
10144.02 -05.45
10245.46 -05.86
10347.91 -06.07
10451.39 -06.16
10555.91 -06.13
10661.46 -06.01
10768.08 -05.83
10875.76 -05.60
10984.52 -05.35
11094.36 -05.10
11205.31 -04.84
11317.36 -04.57
11430.53 -04.31
11544.84 -04.04
11660.29 -03.74
11776.89 -03.44
11894.66 -03.10
12013.60 -02.74
12133.74 -02.36
12255.08 -02.00
12377.63 -01.69
12501.41 -01.45
12626.42 -01.28
12752.68 -01.16
12880.21 -01.10
13009.01 -01.07
13139.10 -01.07
13270.49 -01.12
13403.20 -01.23
13537.23 -01.41
13672.60 -01.65
13809.33 -01.94
13947.42 -02.25
14086.90 -02.54
14227.77 -02.81
14370.04 -03.07
14513.74 -03.41
14658.88 -03.97
14805.47 -04.63
14953.52 -05.40
15103.06 -06.23
15254.09 -07.02
15406.63 -07.74
15560.70 -08.38
15716.30 -08.96
15873.47 -09.53
16032.20 -10.15
16192.52 -10.83
16354.45 -11.57
16517.99 -12.33
16683.17 -13.00
16850.01 -13.42
17018.51 -13.42
17188.69 -12.92
17360.58 -12.03
17534.18 -10.98
17709.53 -10.01
17886.62 -09.23
18065.49 -08.66
18246.14 -08.28
18428.60 -08.06
18612.89 -07.96
18799.02 -07.99
18987.01 -08.13
19176.88 -08.38
19368.65 -08.80
19562.33 -09.39
19757.96 -10.17
19955.54 -11.11
20000.00 -11.35
