20.00 -05.37
20.20 -05.31
20.40 -05.26
20.61 -05.20
20.81 -05.14
21.02 -05.09
21.23 -05.04
21.44 -04.99
21.66 -04.94
21.87 -04.89
22.09 -04.84
22.31 -04.80
22.54 -04.75
22.76 -04.70
22.99 -04.66
23.22 -04.61
23.45 -04.57
23.69 -04.52
23.92 -04.48
24.16 -04.44
24.40 -04.39
24.65 -04.35
24.89 -04.31
25.14 -04.26
25.39 -04.22
25.65 -04.18
25.91 -04.14
26.16 -04.10
26.43 -04.05
26.69 -04.02
26.96 -03.98
27.23 -03.94
27.50 -03.90
27.77 -03.86
28.05 -03.82
28.33 -03.79
28.62 -03.75
28.90 -03.72
29.19 -03.68
29.48 -03.65
29.78 -03.62
30.08 -03.58
30.38 -03.55
30.68 -03.52
30.99 -03.49
31.30 -03.47
31.61 -03.44
31.93 -03.41
32.24 -03.39
32.57 -03.36
32.89 -03.33
33.22 -03.31
33.55 -03.29
33.89 -03.26
34.23 -03.24
34.57 -03.21
34.92 -03.19
35.27 -03.17
35.62 -03.14
35.97 -03.12
36.33 -03.10
36.70 -03.08
37.06 -03.05
37.43 -03.03
37.81 -03.01
38.19 -02.99
38.57 -02.97
38.95 -02.95
39.34 -02.93
39.74 -02.91
40.14 -02.89
40.54 -02.87
40.94 -02.85
41.35 -02.83
41.76 -02.82
42.18 -02.80
42.60 -02.78
43.03 -02.76
43.46 -02.75
43.90 -02.73
44.33 -02.72
44.78 -02.70
45.23 -02.69
45.68 -02.67
46.13 -02.66
46.60 -02.64
47.06 -02.63
47.53 -02.62
48.01 -02.60
48.49 -02.59
48.97 -02.57
49.46 -02.56
49.96 -02.54
50.46 -02.53
50.96 -02.51
51.47 -02.50
51.99 -02.48
52.51 -02.46
53.03 -02.44
53.56 -02.42
54.10 -02.40
54.64 -02.38
55.18 -02.36
55.74 -02.33
56.29 -02.31
56.86 -02.28
57.42 -02.26
58.00 -02.23
58.58 -02.20
59.16 -02.17
59.76 -02.14
60.35 -02.11
60.96 -02.09
61.57 -02.06
62.18 -02.03
62.80 -02.01
63.43 -01.98
64.07 -01.96
64.71 -01.94
65.35 -01.92
66.01 -01.90
66.67 -01.88
67.33 -01.86
68.01 -01.85
68.69 -01.83
69.37 -01.82
70.07 -01.81
70.77 -01.80
71.48 -01.79
72.19 -01.78
72.91 -01.77
73.64 -01.76
74.38 -01.76
75.12 -01.75
75.87 -01.75
76.63 -01.75
77.40 -01.74
78.17 -01.74
78.95 -01.75
79.74 -01.75
80.54 -01.75
81.35 -01.75
82.16 -01.75
82.98 -01.75
83.81 -01.75
84.65 -01.75
85.50 -01.75
86.35 -01.74
87.22 -01.73
88.09 -01.72
88.97 -01.71
89.86 -01.70
90.76 -01.69
91.66 -01.67
92.58 -01.66
93.51 -01.65
94.44 -01.63
95.39 -01.62
96.34 -01.61
97.30 -01.60
98.28 -01.59
99.26 -01.58
100.25 -01.57
101.25 -01.56
102.27 -01.55
103.29 -01.55
104.32 -01.54
105.37 -01.54
106.42 -01.54
107.48 -01.54
108.56 -01.54
109.64 -01.54
110.74 -01.55
111.85 -01.55
112.97 -01.56
114.10 -01.57
115.24 -01.58
116.39 -01.59
117.55 -01.60
118.73 -01.61
119.92 -01.63
121.12 -01.64
122.33 -01.65
123.55 -01.67
124.79 -01.68
126.03 -01.70
127.29 -01.71
128.57 -01.72
129.85 -01.74
131.15 -01.75
132.46 -01.76
133.79 -01.78
135.12 -01.79
136.48 -01.80
137.84 -01.81
139.22 -01.82
140.61 -01.84
142.02 -01.85
143.44 -01.86
144.87 -01.87
146.32 -01.88
147.78 -01.89
149.26 -01.90
150.75 -01.91
152.26 -01.92
153.78 -01.93
155.32 -01.94
156.88 -01.94
158.44 -01.95
160.03 -01.96
161.63 -01.96
163.24 -01.96
164.88 -01.95
166.53 -01.95
168.19 -01.94
169.87 -01.94
171.57 -01.93
173.29 -01.93
175.02 -01.93
176.77 -01.92
178.54 -01.92
180.32 -01.92
182.13 -01.90
183.95 -01.90
185.79 -01.90
187.65 -01.89
189.52 -01.89
191.42 -01.88
193.33 -01.88
195.27 -01.87
197.22 -01.87
199.19 -01.86
201.18 -01.85
203.19 -01.84
205.23 -01.84
207.28 -01.83
209.35 -01.82
211.44 -01.81
213.56 -01.81
215.69 -01.79
217.85 -01.78
220.03 -01.77
222.23 -01.76
224.45 -01.75
226.70 -01.74
228.96 -01.74
231.25 -01.73
233.57 -01.73
235.90 -01.73
238.26 -01.73
240.64 -01.72
243.05 -01.73
245.48 -01.73
247.93 -01.72
250.41 -01.72
252.92 -01.72
255.45 -01.72
258.00 -01.72
260.58 -01.72
263.19 -01.71
265.82 -01.71
268.48 -01.70
271.16 -01.70
273.87 -01.70
276.61 -01.69
279.38 -01.69
282.17 -01.68
284.99 -01.68
287.84 -01.66
290.72 -01.66
293.63 -01.65
296.57 -01.63
299.53 -01.63
302.53 -01.61
305.55 -01.61
308.61 -01.60
311.69 -01.59
314.81 -01.58
317.96 -01.57
321.14 -01.57
324.35 -01.56
327.59 -01.56
330.87 -01.57
334.18 -01.57
337.52 -01.56
340.90 -01.56
344.30 -01.57
347.75 -01.57
351.23 -01.56
354.74 -01.55
358.28 -01.55
361.87 -01.53
365.49 -01.52
369.14 -01.49
372.83 -01.48
376.56 -01.45
380.33 -01.42
384.13 -01.39
387.97 -01.36
391.85 -01.33
395.77 -01.29
399.73 -01.27
403.72 -01.23
407.76 -01.21
411.84 -01.18
415.96 -01.17
420.12 -01.15
424.32 -01.14
428.56 -01.13
432.85 -01.12
437.18 -01.12
441.55 -01.12
445.96 -01.12
450.42 -01.12
454.93 -01.12
459.48 -01.13
464.07 -01.14
468.71 -01.14
473.40 -01.13
478.13 -01.13
482.91 -01.12
487.74 -01.11
492.62 -01.09
497.55 -01.07
502.52 -01.05
507.55 -01.02
512.62 -01.00
517.75 -00.98
522.93 -00.96
528.16 -00.94
533.44 -00.91
538.77 -00.90
544.16 -00.89
549.60 -00.87
555.10 -00.86
560.65 -00.85
566.25 -00.86
571.92 -00.85
577.64 -00.86
583.41 -00.87
589.25 -00.88
595.14 -00.89
601.09 -00.90
607.10 -00.93
613.17 -00.94
619.30 -00.97
625.50 -00.98
631.75 -01.00
638.07 -01.01
644.45 -01.02
650.89 -01.04
657.40 -01.06
663.98 -01.05
670.62 -01.04
677.32 -01.01
684.10 -00.97
690.94 -00.94
697.85 -00.88
704.83 -00.83
711.87 -00.78
718.99 -00.71
726.18 -00.66
733.44 -00.61
740.78 -00.57
748.19 -00.51
755.67 -00.48
763.23 -00.44
770.86 -00.40
778.57 -00.36
786.35 -00.33
794.22 -00.30
802.16 -00.26
810.18 -00.22
818.28 -00.19
826.46 -00.16
834.73 -00.11
843.08 -00.08
851.51 -00.05
860.02 -00.02
868.62 00.00
877.31 00.03
886.08 00.05
894.94 00.07
903.89 00.08
912.93 00.11
922.06 00.13
931.28 00.15
940.59 00.17
950.00 00.19
959.50 00.22
969.09 00.24
978.78 00.27
988.57 00.31
998.46 00.34
1008.44 00.39
1018.53 00.43
1028.71 00.47
1039.00 00.53
1049.39 00.59
1059.88 00.64
1070.48 00.70
1081.19 00.76
1092.00 00.81
1102.92 00.86
1113.95 00.92
1125.09 00.98
1136.34 01.02
1147.70 01.07
1159.18 01.12
1170.77 01.16
1182.48 01.19
1194.30 01.21
1206.25 01.22
1218.31 01.22
1230.49 01.20
1242.80 01.19
1255.22 01.16
1267.78 01.13
1280.45 01.11
1293.26 01.08
1306.19 01.04
1319.25 00.99
1332.45 00.93
1345.77 00.89
1359.23 00.86
1372.82 00.86
1386.55 00.86
1400.41 00.88
1414.42 00.91
1428.56 00.95
1442.85 01.01
1457.28 01.09
1471.85 01.17
1486.57 01.27
1501.43 01.35
1516.45 01.43
1531.61 01.50
1546.93 01.55
1562.40 01.60
1578.02 01.64
1593.80 01.67
1609.74 01.71
1625.84 01.74
1642.10 01.75
1658.52 01.78
1675.10 01.79
1691.85 01.80
1708.77 01.80
1725.86 01.77
1743.12 01.72
1760.55 01.65
1778.15 01.55
1795.94 01.45
1813.90 01.32
1832.03 01.18
1850.36 01.03
1868.86 00.87
1887.55 00.71
1906.42 00.55
1925.49 00.40
1944.74 00.23
1964.19 00.08
1983.83 -00.08
2003.67 -00.25
2023.71 -00.43
2043.94 -00.62
2064.38 -00.85
2085.03 -01.10
2105.88 -01.35
2126.94 -01.61
2148.20 -01.85
2169.69 -02.07
2191.38 -02.26
2213.30 -02.42
2235.43 -02.54
2257.78 -02.64
2280.36 -02.71
2303.17 -02.75
2326.20 -02.74
2349.46 -02.71
2372.95 -02.69
2396.68 -02.66
2420.65 -02.66
2444.86 -02.67
2469.31 -02.69
2494.00 -02.72
2518.94 -02.74
2544.13 -02.77
2569.57 -02.80
2595.27 -02.83
2621.22 -02.88
2647.43 -02.92
2673.90 -02.97
2700.64 -03.00
2727.65 -03.04
2754.93 -03.08
2782.48 -03.13
2810.30 -03.18
2838.40 -03.27
2866.79 -03.37
2895.46 -03.47
2924.41 -03.57
2953.65 -03.65
2983.19 -03.73
3013.02 -03.80
3043.15 -03.84
3073.58 -03.88
3104.32 -03.90
3135.36 -03.90
3166.72 -03.87
3198.38 -03.83
3230.37 -03.79
3262.67 -03.78
3295.30 -03.80
3328.25 -03.87
3361.53 -03.95
3395.15 -04.07
3429.10 -04.19
3463.39 -04.33
3498.03 -04.49
3533.01 -04.67
3568.34 -04.89
3604.02 -05.14
3640.06 -05.42
3676.46 -05.72
3713.22 -06.01
3750.36 -06.30
3787.86 -06.60
3825.74 -06.93
3864.00 -07.29
3902.64 -07.67
3941.66 -08.06
3981.08 -08.42
4020.89 -08.69
4061.10 -08.84
4101.71 -08.82
4142.73 -08.69
4184.15 -08.47
4226.00 -08.19
4268.26 -07.87
4310.94 -07.52
4354.05 -07.18
4397.59 -06.87
4441.56 -06.61
4485.98 -06.39
4530.84 -06.22
4576.15 -06.10
4621.91 -06.05
4668.13 -06.06
4714.81 -06.10
4761.96 -06.18
4809.58 -06.28
4857.67 -06.41
4906.25 -06.59
4955.31 -06.81
5004.87 -07.07
5054.91 -07.37
5105.46 -07.69
5156.52 -08.13
5208.08 -08.61
5260.16 -09.11
5312.77 -09.60
5365.89 -10.07
5419.55 -10.49
5473.75 -10.82
5528.49 -11.07
5583.77 -11.23
5639.61 -11.37
5696.00 -11.54
5752.96 -11.74
5810.49 -11.96
5868.60 -12.17
5927.28 -12.40
5986.56 -12.65
6046.42 -12.65
6106.89 -12.56
6167.96 -12.42
6229.64 -12.26
6291.93 -12.06
6354.85 -11.82
6418.40 -11.55
6482.58 -11.26
6547.41 -10.98
6612.88 -10.72
6679.01 -10.48
6745.80 -10.26
6813.26 -10.05
6881.39 -09.85
6950.21 -09.64
7019.71 -09.42
7089.91 -09.19
7160.81 -08.97
7232.41 -08.74
7304.74 -08.68
7377.79 -08.64
7451.56 -08.61
7526.08 -08.58
7601.34 -08.55
7677.35 -08.53
7754.13 -08.51
7831.67 -08.51
7909.98 -08.51
7989.08 -08.53
8068.98 -08.54
8149.67 -08.55
8231.16 -08.57
8313.47 -08.59
8396.61 -08.62
8480.57 -08.67
8565.38 -08.72
8651.03 -08.76
8737.54 -08.78
8824.92 -08.76
8913.17 -08.71
9002.30 -08.60
9092.32 -08.45
9183.25 -08.25
9275.08 -08.02
9367.83 -07.77
9461.51 -07.51
9556.12 -07.24
9651.68 -06.98
9748.20 -06.75
9845.68 -06.55
9944.14 -06.38
10043.58 -06.27
10144.02 -06.19
10245.46 -06.14
10347.91 -06.01
10451.39 -05.88
10555.91 -05.74
10661.46 -05.61
10768.08 -05.48
10875.76 -05.33
10984.52 -05.15
11094.36 -04.95
11205.31 -04.74
11317.36 -04.50
11430.53 -04.28
11544.84 -04.06
11660.29 -03.86
11776.89 -03.70
11894.66 -03.55
12013.60 -03.44
12133.74 -03.36
12255.08 -03.30
12377.63 -03.28
12501.41 -03.28
12626.42 -03.31
12752.68 -03.34
12880.21 -03.38
13009.01 -03.41
13139.10 -03.44
13270.49 -03.45
13403.20 -03.46
13537.23 -03.46
13672.60 -03.46
13809.33 -03.45
13947.42 -03.45
14086.90 -03.43
14227.77 -03.43
14370.04 -03.43
14513.74 -03.49
14658.88 -03.71
14805.47 -03.95
14953.52 -04.20
15103.06 -04.45
15254.09 -04.69
15406.63 -04.93
15560.70 -05.17
15716.30 -05.40
15873.47 -05.62
16032.20 -05.83
16192.52 -06.03
16354.45 -06.20
16517.99 -06.37
16683.17 -06.53
16850.01 -06.70
17018.51 -06.87
17188.69 -07.05
17360.58 -07.22
17534.18 -07.38
17709.53 -07.53
17886.62 -07.68
18065.49 -07.84
18246.14 -08.00
18428.60 -08.18
18612.89 -08.36
18799.02 -08.57
18987.01 -08.81
19176.88 -09.08
19368.65 -09.41
19562.33 -09.81
19757.96 -10.28
19955.54 -10.84
20000.00 -10.98
