20.00 -01.87
20.20 -01.83
20.40 -01.79
20.61 -01.75
20.81 -01.71
21.02 -01.66
21.23 -01.62
21.44 -01.58
21.66 -01.53
21.87 -01.49
22.09 -01.44
22.31 -01.39
22.54 -01.34
22.76 -01.29
22.99 -01.24
23.22 -01.18
23.45 -01.13
23.69 -01.07
23.92 -01.01
24.16 -00.95
24.40 -00.89
24.65 -00.82
24.89 -00.76
25.14 -00.69
25.39 -00.62
25.65 -00.55
25.91 -00.48
26.16 -00.41
26.43 -00.33
26.69 -00.26
26.96 -00.19
27.23 -00.11
27.50 -00.04
27.77 00.04
28.05 00.12
28.33 00.19
28.62 00.27
28.90 00.35
29.19 00.42
29.48 00.50
29.78 00.57
30.08 00.65
30.38 00.72
30.68 00.79
30.99 00.85
31.30 00.91
31.61 00.96
31.93 01.01
32.24 01.05
32.57 01.08
32.89 01.10
33.22 01.12
33.55 01.13
33.89 01.14
34.23 01.14
34.57 01.14
34.92 01.14
35.27 01.14
35.62 01.13
35.97 01.13
36.33 01.13
36.70 01.13
37.06 01.12
37.43 01.12
37.81 01.12
38.19 01.11
38.57 01.11
38.95 01.11
39.34 01.10
39.74 01.10
40.14 01.10
40.54 01.10
40.94 01.09
41.35 01.09
41.76 01.09
42.18 01.09
42.60 01.09
43.03 01.09
43.46 01.09
43.90 01.09
44.33 01.09
44.78 01.09
45.23 01.09
45.68 01.09
46.13 01.09
46.60 01.09
47.06 01.09
47.53 01.09
48.01 01.09
48.49 01.09
48.97 01.09
49.46 01.09
49.96 01.09
50.46 01.09
50.96 01.09
51.47 01.09
51.99 01.10
52.51 01.10
53.03 01.10
53.56 01.10
54.10 01.10
54.64 01.10
55.18 01.10
55.74 01.10
56.29 01.10
56.86 01.10
57.42 01.10
58.00 01.10
58.58 01.10
59.16 01.10
59.76 01.11
60.35 01.11
60.96 01.11
61.57 01.11
62.18 01.11
62.80 01.11
63.43 01.11
64.07 01.11
64.71 01.12
65.35 01.12
66.01 01.12
66.67 01.12
67.33 01.12
68.01 01.13
68.69 01.13
69.37 01.13
70.07 01.14
70.77 01.14
71.48 01.14
72.19 01.15
72.91 01.15
73.64 01.15
74.38 01.15
75.12 01.15
75.87 01.16
76.63 01.16
77.40 01.16
78.17 01.16
78.95 01.16
79.74 01.16
80.54 01.16
81.35 01.16
82.16 01.16
82.98 01.15
83.81 01.15
84.65 01.15
85.50 01.15
86.35 01.14
87.22 01.14
88.09 01.14
88.97 01.13
89.86 01.13
90.76 01.12
91.66 01.11
92.58 01.11
93.51 01.10
94.44 01.10
95.39 01.09
96.34 01.08
97.30 01.08
98.28 01.07
99.26 01.06
100.25 01.05
101.25 01.04
102.27 01.03
103.29 01.03
104.32 01.02
105.37 01.01
106.42 01.00
107.48 00.99
108.56 00.99
109.64 00.98
110.74 00.98
111.85 00.97
112.97 00.97
114.10 00.96
115.24 00.95
116.39 00.95
117.55 00.94
118.73 00.92
119.92 00.91
121.12 00.89
122.33 00.88
123.55 00.85
124.79 00.83
126.03 00.80
127.29 00.76
128.57 00.73
129.85 00.69
131.15 00.64
132.46 00.60
133.79 00.55
135.12 00.51
136.48 00.46
137.84 00.42
139.22 00.39
140.61 00.36
142.02 00.33
143.44 00.31
144.87 00.28
146.32 00.25
147.78 00.22
149.26 00.18
150.75 00.13
152.26 00.08
153.78 00.01
155.32 -00.06
156.88 -00.14
158.44 -00.23
160.03 -00.32
161.63 -00.41
163.24 -00.49
164.88 -00.56
166.53 -00.63
168.19 -00.69
169.87 -00.74
171.57 -00.78
173.29 -00.81
175.02 -00.84
176.77 -00.84
178.54 -00.85
180.32 -00.85
182.13 -00.83
183.95 -00.82
185.79 -00.81
187.65 -00.78
189.52 -00.75
191.42 -00.71
193.33 -00.68
195.27 -00.63
197.22 -00.58
199.19 -00.53
201.18 -00.48
203.19 -00.41
205.23 -00.37
207.28 -00.31
209.35 -00.27
211.44 -00.23
213.56 -00.21
215.69 -00.18
217.85 -00.15
220.03 -00.13
222.23 -00.09
224.45 -00.05
226.70 -00.02
228.96 00.02
231.25 00.07
233.57 00.11
235.90 00.16
238.26 00.21
240.64 00.27
243.05 00.32
245.48 00.36
247.93 00.41
250.41 00.44
252.92 00.47
255.45 00.50
258.00 00.52
260.58 00.54
263.19 00.56
265.82 00.57
268.48 00.57
271.16 00.57
273.87 00.55
276.61 00.53
279.38 00.50
282.17 00.47
284.99 00.43
287.84 00.39
290.72 00.34
293.63 00.29
296.57 00.25
299.53 00.20
302.53 00.16
305.55 00.11
308.61 00.09
311.69 00.07
314.81 00.06
317.96 00.07
321.14 00.08
324.35 00.11
327.59 00.15
330.87 00.20
334.18 00.26
337.52 00.34
340.90 00.41
344.30 00.48
347.75 00.56
351.23 00.64
354.74 00.71
358.28 00.77
361.87 00.84
365.49 00.88
369.14 00.93
372.83 00.96
376.56 00.98
380.33 01.00
384.13 01.00
387.97 01.00
391.85 00.97
395.77 00.95
399.73 00.91
403.72 00.87
407.76 00.82
411.84 00.77
415.96 00.72
420.12 00.67
424.32 00.61
428.56 00.57
432.85 00.52
437.18 00.47
441.55 00.44
445.96 00.41
450.42 00.37
454.93 00.35
459.48 00.33
464.07 00.31
468.71 00.30
473.40 00.30
478.13 00.30
482.91 00.31
487.74 00.33
492.62 00.36
497.55 00.39
502.52 00.42
507.55 00.46
512.62 00.49
517.75 00.51
522.93 00.55
528.16 00.56
533.44 00.58
538.77 00.58
544.16 00.58
549.60 00.57
555.10 00.56
560.65 00.54
566.25 00.51
571.92 00.49
577.64 00.46
583.41 00.43
589.25 00.40
595.14 00.39
601.09 00.37
607.10 00.36
613.17 00.35
619.30 00.35
625.50 00.36
631.75 00.39
638.07 00.41
644.45 00.44
650.89 00.46
657.40 00.48
663.98 00.53
670.62 00.57
677.32 00.62
684.10 00.69
690.94 00.75
697.85 00.82
704.83 00.88
711.87 00.95
718.99 01.02
726.18 01.07
733.44 01.13
740.78 01.19
748.19 01.24
755.67 01.29
763.23 01.32
770.86 01.37
778.57 01.39
786.35 01.41
794.22 01.42
802.16 01.44
810.18 01.44
818.28 01.44
826.46 01.44
834.73 01.43
843.08 01.41
851.51 01.38
860.02 01.34
868.62 01.29
877.31 01.24
886.08 01.17
894.94 01.08
903.89 00.97
912.93 00.87
922.06 00.74
931.28 00.60
940.59 00.44
950.00 00.27
959.50 00.09
969.09 -00.11
978.78 -00.31
988.57 -00.50
998.46 -00.69
1008.44 -00.87
1018.53 -01.03
1028.71 -01.19
1039.00 -01.32
1049.39 -01.44
1059.88 -01.54
1070.48 -01.61
1081.19 -01.66
1092.00 -01.69
1102.92 -01.71
1113.95 -01.73
1125.09 -01.73
1136.34 -01.73
1147.70 -01.71
1159.18 -01.67
1170.77 -01.61
1182.48 -01.56
1194.30 -01.48
1206.25 -01.40
1218.31 -01.32
1230.49 -01.25
1242.80 -01.17
1255.22 -01.11
1267.78 -01.05
1280.45 -00.99
1293.26 -00.94
1306.19 -00.90
1319.25 -00.87
1332.45 -00.87
1345.77 -00.87
1359.23 -00.88
1372.82 -00.90
1386.55 -00.93
1400.41 -00.98
1414.42 -01.03
1428.56 -01.10
1442.85 -01.18
1457.28 -01.26
1471.85 -01.34
1486.57 -01.42
1501.43 -01.51
1516.45 -01.60
1531.61 -01.68
1546.93 -01.76
1562.40 -01.84
1578.02 -01.91
1593.80 -01.97
1609.74 -02.02
1625.84 -02.08
1642.10 -02.14
1658.52 -02.20
1675.10 -02.26
1691.85 -02.32
1708.77 -02.37
1725.86 -02.42
1743.12 -02.47
1760.55 -02.55
1778.15 -02.64
1795.94 -02.73
1813.90 -02.85
1832.03 -02.98
1850.36 -03.11
1868.86 -03.25
1887.55 -03.39
1906.42 -03.52
1925.49 -03.66
1944.74 -03.79
1964.19 -03.90
1983.83 -03.99
2003.67 -04.05
2023.71 -04.09
2043.94 -04.13
2064.38 -04.15
2085.03 -04.18
2105.88 -04.20
2126.94 -04.24
2148.20 -04.30
2169.69 -04.35
2191.38 -04.41
2213.30 -04.48
2235.43 -04.56
2257.78 -04.67
2280.36 -04.79
2303.17 -04.91
2326.20 -05.03
2349.46 -05.16
2372.95 -05.28
2396.68 -05.39
2420.65 -05.50
2444.86 -05.62
2469.31 -05.72
2494.00 -05.82
2518.94 -05.90
2544.13 -05.97
2569.57 -06.04
2595.27 -06.11
2621.22 -06.20
2647.43 -06.33
2673.90 -06.48
2700.64 -06.67
2727.65 -06.90
2754.93 -07.15
2782.48 -07.41
2810.30 -07.67
2838.40 -07.96
2866.79 -08.26
2895.46 -08.58
2924.41 -08.93
2953.65 -09.30
2983.19 -09.66
3013.02 -10.00
3043.15 -10.29
3073.58 -10.53
3104.32 -10.66
3135.36 -10.71
3166.72 -10.65
3198.38 -10.55
3230.37 -10.41
3262.67 -10.25
3295.30 -10.05
3328.25 -09.82
3361.53 -09.55
3395.15 -09.27
3429.10 -09.01
3463.39 -08.79
3498.03 -08.65
3533.01 -08.55
3568.34 -08.48
3604.02 -08.44
3640.06 -08.40
3676.46 -08.38
3713.22 -08.36
3750.36 -08.37
3787.86 -08.40
3825.74 -08.45
3864.00 -08.52
3902.64 -08.60
3941.66 -08.68
3981.08 -08.76
4020.89 -08.84
4061.10 -08.91
4101.71 -08.94
4142.73 -08.96
4184.15 -08.96
4226.00 -08.94
4268.26 -08.89
4310.94 -08.80
4354.05 -08.68
4397.59 -08.54
4441.56 -08.37
4485.98 -08.20
4530.84 -08.01
4576.15 -07.83
4621.91 -07.65
4668.13 -07.48
4714.81 -07.32
4761.96 -07.16
4809.58 -07.01
4857.67 -06.85
4906.25 -06.68
4955.31 -06.50
5004.87 -06.30
5054.91 -06.08
5105.46 -05.86
5156.52 -05.71
5208.08 -05.61
5260.16 -05.53
5312.77 -05.47
5365.89 -05.43
5419.55 -05.41
5473.75 -05.43
5528.49 -05.49
5583.77 -05.57
5639.61 -05.69
5696.00 -05.83
5752.96 -05.99
5810.49 -06.15
5868.60 -06.31
5927.28 -06.45
5986.56 -06.60
6046.42 -06.50
6106.89 -06.31
6167.96 -06.10
6229.64 -05.86
6291.93 -05.60
6354.85 -05.32
6418.40 -05.03
6482.58 -04.72
6547.41 -04.42
6612.88 -04.11
6679.01 -03.80
6745.80 -03.48
6813.26 -03.17
6881.39 -02.87
6950.21 -02.57
7019.71 -02.28
7089.91 -02.00
7160.81 -01.72
7232.41 -01.45
7304.74 -01.32
7377.79 -01.20
7451.56 -01.07
7526.08 -00.92
7601.34 -00.77
7677.35 -00.60
7754.13 -00.42
7831.67 -00.24
7909.98 -00.07
7989.08 00.07
8068.98 00.18
8149.67 00.24
8231.16 00.25
8313.47 00.20
8396.61 00.09
8480.57 -00.09
8565.38 -00.33
8651.03 -00.64
8737.54 -01.00
8824.92 -01.40
8913.17 -01.83
9002.30 -02.26
9092.32 -02.65
9183.25 -02.98
9275.08 -03.21
9367.83 -03.33
9461.51 -03.33
9556.12 -03.23
9651.68 -03.05
9748.20 -02.82
9845.68 -02.57
9944.14 -02.33
10043.58 -02.12
10144.02 -01.96
10245.46 -01.86
10347.91 -01.73
10451.39 -01.68
10555.91 -01.71
10661.46 -01.83
10768.08 -02.06
10875.76 -02.38
10984.52 -02.80
11094.36 -03.34
11205.31 -03.99
11317.36 -04.72
11430.53 -05.51
11544.84 -06.28
11660.29 -06.93
11776.89 -07.33
11894.66 -07.32
12013.60 -06.88
12133.74 -06.10
12255.08 -05.18
12377.63 -04.23
12501.41 -03.33
12626.42 -02.48
12752.68 -01.71
12880.21 -01.01
13009.01 -00.37
13139.10 00.20
13270.49 00.71
13403.20 01.16
13537.23 01.55
13672.60 01.86
13809.33 02.12
13947.42 02.31
14086.90 02.44
14227.77 02.50
14370.04 02.51
14513.74 02.43
14658.88 02.16
14805.47 01.85
14953.52 01.53
15103.06 01.23
15254.09 01.01
15406.63 00.86
15560.70 00.82
15716.30 00.88
15873.47 01.00
16032.20 01.16
16192.52 01.32
16354.45 01.46
16517.99 01.55
16683.17 01.59
16850.01 01.55
17018.51 01.44
17188.69 01.22
17360.58 00.92
17534.18 00.53
17709.53 00.05
17886.62 -00.46
18065.49 -01.02
18246.14 -01.58
18428.60 -02.15
18612.89 -02.69
18799.02 -03.21
18987.01 -03.70
19176.88 -04.14
19368.65 -04.54
19562.33 -04.92
19757.96 -05.30
19955.54 -05.71
20000.00 -05.82
