20.00 -03.05
20.20 -02.99
20.40 -02.93
20.61 -02.87
20.81 -02.82
21.02 -02.76
21.23 -02.71
21.44 -02.66
21.66 -02.61
21.87 -02.57
22.09 -02.52
22.31 -02.47
22.54 -02.43
22.76 -02.38
22.99 -02.34
23.22 -02.29
23.45 -02.25
23.69 -02.21
23.92 -02.17
24.16 -02.12
24.40 -02.08
24.65 -02.04
24.89 -02.00
25.14 -01.96
25.39 -01.92
25.65 -01.88
25.91 -01.84
26.16 -01.80
26.43 -01.77
26.69 -01.73
26.96 -01.69
27.23 -01.66
27.50 -01.62
27.77 -01.59
28.05 -01.56
28.33 -01.53
28.62 -01.49
28.90 -01.46
29.19 -01.43
29.48 -01.41
29.78 -01.38
30.08 -01.35
30.38 -01.33
30.68 -01.30
30.99 -01.28
31.30 -01.26
31.61 -01.24
31.93 -01.22
32.24 -01.20
32.57 -01.19
32.89 -01.17
33.22 -01.16
33.55 -01.15
33.89 -01.13
34.23 -01.12
34.57 -01.11
34.92 -01.10
35.27 -01.10
35.62 -01.09
35.97 -01.08
36.33 -01.07
36.70 -01.06
37.06 -01.06
37.43 -01.05
37.81 -01.04
38.19 -01.04
38.57 -01.03
38.95 -01.02
39.34 -01.01
39.74 -01.00
40.14 -00.99
40.54 -00.98
40.94 -00.97
41.35 -00.96
41.76 -00.95
42.18 -00.93
42.60 -00.92
43.03 -00.90
43.46 -00.88
43.90 -00.86
44.33 -00.84
44.78 -00.82
45.23 -00.79
45.68 -00.77
46.13 -00.74
46.60 -00.72
47.06 -00.69
47.53 -00.66
48.01 -00.63
48.49 -00.60
48.97 -00.57
49.46 -00.55
49.96 -00.52
50.46 -00.49
50.96 -00.46
51.47 -00.43
51.99 -00.41
52.51 -00.39
53.03 -00.37
53.56 -00.36
54.10 -00.34
54.64 -00.34
55.18 -00.33
55.74 -00.33
56.29 -00.33
56.86 -00.33
57.42 -00.33
58.00 -00.34
58.58 -00.34
59.16 -00.35
59.76 -00.36
60.35 -00.36
60.96 -00.37
61.57 -00.37
62.18 -00.38
62.80 -00.38
63.43 -00.38
64.07 -00.38
64.71 -00.38
65.35 -00.38
66.01 -00.38
66.67 -00.37
67.33 -00.37
68.01 -00.36
68.69 -00.35
69.37 -00.34
70.07 -00.33
70.77 -00.32
71.48 -00.30
72.19 -00.28
72.91 -00.26
73.64 -00.24
74.38 -00.21
75.12 -00.17
75.87 -00.13
76.63 -00.09
77.40 -00.04
78.17 00.02
78.95 00.07
79.74 00.14
80.54 00.20
81.35 00.26
82.16 00.33
82.98 00.39
83.81 00.45
84.65 00.51
85.50 00.56
86.35 00.61
87.22 00.65
88.09 00.69
88.97 00.73
89.86 00.76
90.76 00.79
91.66 00.81
92.58 00.83
93.51 00.85
94.44 00.86
95.39 00.87
96.34 00.88
97.30 00.88
98.28 00.88
99.26 00.87
100.25 00.86
101.25 00.85
102.27 00.84
103.29 00.83
104.32 00.81
105.37 00.80
106.42 00.78
107.48 00.76
108.56 00.74
109.64 00.72
110.74 00.70
111.85 00.68
112.97 00.67
114.10 00.65
115.24 00.63
116.39 00.62
117.55 00.62
118.73 00.61
119.92 00.62
121.12 00.62
122.33 00.63
123.55 00.63
124.79 00.64
126.03 00.65
127.29 00.65
128.57 00.65
129.85 00.64
131.15 00.63
132.46 00.61
133.79 00.59
135.12 00.56
136.48 00.53
137.84 00.50
139.22 00.47
140.61 00.44
142.02 00.41
143.44 00.39
144.87 00.36
146.32 00.33
147.78 00.30
149.26 00.27
150.75 00.24
152.26 00.20
153.78 00.17
155.32 00.12
156.88 00.07
158.44 00.01
160.03 -00.05
161.63 -00.11
163.24 -00.18
164.88 -00.24
166.53 -00.31
168.19 -00.39
169.87 -00.48
171.57 -00.55
173.29 -00.63
175.02 -00.71
176.77 -00.76
178.54 -00.81
180.32 -00.85
182.13 -00.86
183.95 -00.87
185.79 -00.87
187.65 -00.87
189.52 -00.89
191.42 -00.90
193.33 -00.93
195.27 -00.97
197.22 -01.03
199.19 -01.11
201.18 -01.22
203.19 -01.34
205.23 -01.49
207.28 -01.65
209.35 -01.83
211.44 -02.00
213.56 -02.19
215.69 -02.38
217.85 -02.56
220.03 -02.76
222.23 -02.94
224.45 -03.13
226.70 -03.32
228.96 -03.51
231.25 -03.69
233.57 -03.87
235.90 -04.06
238.26 -04.24
240.64 -04.41
243.05 -04.59
245.48 -04.77
247.93 -04.93
250.41 -05.09
252.92 -05.24
255.45 -05.38
258.00 -05.52
260.58 -05.67
263.19 -05.81
265.82 -05.96
268.48 -06.11
271.16 -06.28
273.87 -06.45
276.61 -06.63
279.38 -06.83
282.17 -07.02
284.99 -07.24
287.84 -07.44
290.72 -07.64
293.63 -07.81
296.57 -07.97
299.53 -08.10
302.53 -08.20
305.55 -08.27
308.61 -08.30
311.69 -08.30
314.81 -08.27
317.96 -08.20
321.14 -08.10
324.35 -07.97
327.59 -07.81
330.87 -07.62
334.18 -07.42
337.52 -07.18
340.90 -06.93
344.30 -06.68
347.75 -06.43
351.23 -06.17
354.74 -05.93
358.28 -05.69
361.87 -05.46
365.49 -05.25
369.14 -05.04
372.83 -04.85
376.56 -04.66
380.33 -04.48
384.13 -04.30
387.97 -04.12
391.85 -03.93
395.77 -03.74
399.73 -03.54
403.72 -03.33
407.76 -03.13
411.84 -02.92
415.96 -02.73
420.12 -02.54
424.32 -02.37
428.56 -02.20
432.85 -02.04
437.18 -01.91
441.55 -01.78
445.96 -01.66
450.42 -01.57
454.93 -01.47
459.48 -01.38
464.07 -01.30
468.71 -01.23
473.40 -01.14
478.13 -01.07
482.91 -01.01
487.74 -00.94
492.62 -00.87
497.55 -00.80
502.52 -00.75
507.55 -00.68
512.62 -00.63
517.75 -00.57
522.93 -00.51
528.16 -00.45
533.44 -00.39
538.77 -00.33
544.16 -00.27
549.60 -00.20
555.10 -00.15
560.65 -00.08
566.25 -00.03
571.92 00.03
577.64 00.08
583.41 00.13
589.25 00.17
595.14 00.22
601.09 00.27
607.10 00.31
613.17 00.35
619.30 00.39
625.50 00.44
631.75 00.48
638.07 00.52
644.45 00.56
650.89 00.59
657.40 00.61
663.98 00.65
670.62 00.67
677.32 00.70
684.10 00.74
690.94 00.76
697.85 00.80
704.83 00.81
711.87 00.83
718.99 00.84
726.18 00.83
733.44 00.81
740.78 00.76
748.19 00.70
755.67 00.60
763.23 00.49
770.86 00.38
778.57 00.26
786.35 00.14
794.22 00.03
802.16 -00.05
810.18 -00.14
818.28 -00.20
826.46 -00.23
834.73 -00.22
843.08 -00.20
851.51 -00.16
860.02 -00.11
868.62 -00.06
877.31 -00.01
886.08 00.03
894.94 00.05
903.89 00.07
912.93 00.10
922.06 00.12
931.28 00.13
940.59 00.13
950.00 00.14
959.50 00.14
969.09 00.12
978.78 00.11
988.57 00.10
998.46 00.07
1008.44 00.06
1018.53 00.04
1028.71 00.01
1039.00 -00.02
1049.39 -00.04
1059.88 -00.07
1070.48 -00.09
1081.19 -00.10
1092.00 -00.13
1102.92 -00.15
1113.95 -00.17
1125.09 -00.18
1136.34 -00.21
1147.70 -00.23
1159.18 -00.24
1170.77 -00.26
1182.48 -00.29
1194.30 -00.31
1206.25 -00.34
1218.31 -00.36
1230.49 -00.38
1242.80 -00.40
1255.22 -00.44
1267.78 -00.46
1280.45 -00.48
1293.26 -00.49
1306.19 -00.49
1319.25 -00.49
1332.45 -00.49
1345.77 -00.48
1359.23 -00.47
1372.82 -00.46
1386.55 -00.45
1400.41 -00.44
1414.42 -00.43
1428.56 -00.42
1442.85 -00.42
1457.28 -00.42
1471.85 -00.42
1486.57 -00.44
1501.43 -00.45
1516.45 -00.47
1531.61 -00.48
1546.93 -00.50
1562.40 -00.52
1578.02 -00.54
1593.80 -00.56
1609.74 -00.56
1625.84 -00.57
1642.10 -00.57
1658.52 -00.56
1675.10 -00.55
1691.85 -00.54
1708.77 -00.51
1725.86 -00.48
1743.12 -00.45
1760.55 -00.42
1778.15 -00.38
1795.94 -00.34
1813.90 -00.31
1832.03 -00.28
1850.36 -00.25
1868.86 -00.23
1887.55 -00.21
1906.42 -00.19
1925.49 -00.18
1944.74 -00.19
1964.19 -00.19
1983.83 -00.19
2003.67 -00.20
2023.71 -00.21
2043.94 -00.22
2064.38 -00.24
2085.03 -00.25
2105.88 -00.25
2126.94 -00.25
2148.20 -00.25
2169.69 -00.25
2191.38 -00.23
2213.30 -00.22
2235.43 -00.19
2257.78 -00.17
2280.36 -00.14
2303.17 -00.12
2326.20 -00.09
2349.46 -00.07
2372.95 -00.05
2396.68 -00.02
2420.65 00.00
2444.86 00.01
2469.31 00.04
2494.00 00.05
2518.94 00.08
2544.13 00.10
2569.57 00.13
2595.27 00.16
2621.22 00.18
2647.43 00.20
2673.90 00.23
2700.64 00.27
2727.65 00.30
2754.93 00.34
2782.48 00.38
2810.30 00.43
2838.40 00.48
2866.79 00.52
2895.46 00.56
2924.41 00.58
2953.65 00.60
2983.19 00.59
3013.02 00.55
3043.15 00.50
3073.58 00.40
3104.32 00.28
3135.36 00.11
3166.72 -00.07
3198.38 -00.29
3230.37 -00.52
3262.67 -00.75
3295.30 -00.96
3328.25 -01.15
3361.53 -01.29
3395.15 -01.38
3429.10 -01.41
3463.39 -01.39
3498.03 -01.31
3533.01 -01.18
3568.34 -01.00
3604.02 -00.80
3640.06 -00.60
3676.46 -00.42
3713.22 -00.26
3750.36 -00.13
3787.86 -00.02
3825.74 00.06
3864.00 00.12
3902.64 00.15
3941.66 00.14
3981.08 00.09
4020.89 00.01
4061.10 -00.10
4101.71 -00.23
4142.73 -00.38
4184.15 -00.52
4226.00 -00.65
4268.26 -00.77
4310.94 -00.87
4354.05 -00.96
4397.59 -01.02
4441.56 -01.07
4485.98 -01.11
4530.84 -01.13
4576.15 -01.15
4621.91 -01.17
4668.13 -01.20
4714.81 -01.23
4761.96 -01.28
4809.58 -01.35
4857.67 -01.42
4906.25 -01.50
4955.31 -01.59
5004.87 -01.68
5054.91 -01.78
5105.46 -01.88
5156.52 -02.06
5208.08 -02.27
5260.16 -02.47
5312.77 -02.67
5365.89 -02.85
5419.55 -03.03
5473.75 -03.18
5528.49 -03.34
5583.77 -03.46
5639.61 -03.58
5696.00 -03.68
5752.96 -03.78
5810.49 -03.87
5868.60 -03.95
5927.28 -04.04
5986.56 -04.15
6046.42 -04.05
6106.89 -03.92
6167.96 -03.81
6229.64 -03.75
6291.93 -03.72
6354.85 -03.73
6418.40 -03.79
6482.58 -03.86
6547.41 -03.99
6612.88 -04.15
6679.01 -04.34
6745.80 -04.58
6813.26 -04.83
6881.39 -05.12
6950.21 -05.40
7019.71 -05.69
7089.91 -05.96
7160.81 -06.21
7232.41 -06.46
7304.74 -06.84
7377.79 -07.25
7451.56 -07.67
7526.08 -08.10
7601.34 -08.55
7677.35 -09.04
7754.13 -09.56
7831.67 -10.11
7909.98 -10.65
7989.08 -11.14
8068.98 -11.51
8149.67 -11.67
8231.16 -11.56
8313.47 -11.19
8396.61 -10.60
8480.57 -09.90
8565.38 -09.19
8651.03 -08.53
8737.54 -07.94
8824.92 -07.44
8913.17 -07.05
9002.30 -06.74
9092.32 -06.52
9183.25 -06.37
9275.08 -06.27
9367.83 -06.22
9461.51 -06.20
9556.12 -06.21
9651.68 -06.24
9748.20 -06.30
9845.68 -06.39
9944.14 -06.51
10043.58 -06.66
10144.02 -06.87
10245.46 -07.12
10347.91 -07.35
10451.39 -07.64
10555.91 -08.00
10661.46 -08.43
10768.08 -08.91
10875.76 -09.39
10984.52 -09.82
11094.36 -10.15
11205.31 -10.30
11317.36 -10.20
11430.53 -09.84
11544.84 -09.25
11660.29 -08.48
11776.89 -07.64
11894.66 -06.76
12013.60 -05.92
12133.74 -05.10
12255.08 -04.32
12377.63 -03.60
12501.41 -02.93
12626.42 -02.33
12752.68 -01.78
12880.21 -01.33
13009.01 -00.97
13139.10 -00.71
13270.49 -00.56
13403.20 -00.51
13537.23 -00.58
13672.60 -00.75
13809.33 -01.02
13947.42 -01.41
14086.90 -01.93
14227.77 -02.59
14370.04 -03.40
14513.74 -04.43
14658.88 -05.74
14805.47 -07.14
14953.52 -08.47
15103.06 -09.55
15254.09 -10.24
15406.63 -10.50
15560.70 -10.43
15716.30 -10.13
15873.47 -09.70
16032.20 -09.22
16192.52 -08.71
16354.45 -08.24
16517.99 -07.82
16683.17 -07.49
16850.01 -07.24
17018.51 -07.05
17188.69 -06.92
17360.58 -06.82
17534.18 -06.77
17709.53 -06.79
17886.62 -06.86
18065.49 -07.01
18246.14 -07.23
18428.60 -07.51
18612.89 -07.83
18799.02 -08.20
18987.01 -08.63
19176.88 -09.14
19368.65 -09.76
19562.33 -10.49
19757.96 -11.33
19955.54 -12.25
20000.00 -12.47
